0.005 4.142002031004298e-11
0.01 3.717303396165526e-09
0.015 1.8902947181919447e-08
0.02 3.162826515799903e-08
0.025 4.2358769253542496e-08
0.03 5.265398627457354e-08
0.035 6.189505507449049e-08
0.04 7.033416866442368e-08
0.045 7.811432653423098e-08
0.05 8.525775249077742e-08
0.055 9.178150113919677e-08
0.06 9.823464308045297e-08
0.065 1.0467646792857205e-07
0.07 1.1162395234660243e-07
0.075 1.128579295048153e-07
0.08 1.1177114876464504e-07
0.085 1.1072007643233247e-07
0.09 1.1039608144268818e-07
0.095 1.109014431911702e-07
0.1 1.1209464938714686e-07
0.105 1.1361144925947282e-07
0.11 1.1559125778775742e-07
0.115 1.1779669517385066e-07
0.12 1.2034578828200862e-07
0.125 1.2335407379678325e-07
0.13 1.2640751302716004e-07
0.135 1.2971640924968562e-07
0.14 1.3273788499161775e-07
0.145 1.35671527751351e-07
0.15 1.3826427009050828e-07
0.155 1.4085611028296083e-07
0.16 1.4277747670388093e-07
0.165 1.447677854368905e-07
0.17 1.4669560619663198e-07
0.17500000000000002 1.487898110360851e-07
0.18 1.5086577156633768e-07
0.185 1.528301754355546e-07
0.19 1.5509205687755333e-07
0.195 1.574941256667343e-07
0.2 1.598800021528988e-07
0.20500000000000002 1.622526022476877e-07
0.21 1.647351003562542e-07
0.215 1.6714974576936512e-07
0.22 1.697041665154177e-07
0.225 1.7233640771026593e-07
0.23 1.749430556740854e-07
0.23500000000000001 1.7769240120217345e-07
0.24 1.8011371595156604e-07
0.245 1.8278770057058877e-07
0.25 1.8579256942215714e-07
0.255 1.8925215680442723e-07
0.26 1.9217329708106473e-07
0.265 1.957104519439697e-07
0.27 1.9902482406322767e-07
0.275 2.0312200687272693e-07
0.28 2.069301080657644e-07
0.28500000000000003 2.1107958740203523e-07
0.29 2.1546014321616857e-07
0.295 2.2029007538771208e-07
0.3 2.2578129050399328e-07
0.305 2.3053387001238063e-07
0.31 2.360993321514001e-07
0.315 2.4233397172938116e-07
0.32 2.482695570926543e-07
0.325 2.5504414067238997e-07
0.33 2.6185808030405006e-07
0.335 2.6878360351928863e-07
0.34 2.764204561880249e-07
0.34500000000000003 2.8438836538123176e-07
0.35000000000000003 2.9227805633973444e-07
0.355 3.019557144015086e-07
0.36 3.1091413369665763e-07
0.365 3.209908795695358e-07
0.37 3.3104495839554985e-07
0.375 3.4124264748289494e-07
0.38 3.5292598533560887e-07
0.385 3.6493077689878463e-07
0.39 3.7701281349462674e-07
0.395 3.8961195526097784e-07
0.4 4.031906300288255e-07
0.405 4.174605151619594e-07
0.41000000000000003 4.3262112514012315e-07
0.41500000000000004 4.481276977706299e-07
0.42 4.6459147054714357e-07
0.425 4.808706046506087e-07
0.43 4.986174351500455e-07
0.435 5.153985258736203e-07
0.44 5.327501921410837e-07
0.445 5.490148122530851e-07
0.45 5.667148396776049e-07
0.455 5.829110717718714e-07
0.46 5.981635437652108e-07
0.465 6.138721750906302e-07
0.47000000000000003 6.297596010555726e-07
0.47500000000000003 6.441193391130741e-07
0.48 6.580445068285914e-07
0.485 6.72277310702522e-07
0.49 6.853920077057695e-07
0.495 6.990640079090052e-07
0.5 7.108585293943167e-07
0.505 7.208473319798183e-07
0.51 7.322679005681611e-07
0.515 7.443449333292422e-07
0.52 7.529724897006861e-07
0.525 7.641779351259166e-07
0.53 7.73214553338428e-07
0.535 7.82209824818282e-07
0.54 7.913164120404637e-07
0.545 8.001675004422823e-07
0.55 8.090642290371458e-07
0.555 8.140055154214343e-07
0.56 8.234816654969534e-07
0.5650000000000001 8.321066608280271e-07
0.5700000000000001 8.378755749260111e-07
0.5750000000000001 8.442797200570039e-07
0.58 8.500608551539268e-07
0.585 8.568911974326999e-07
0.59 8.628571262240885e-07
0.595 8.676083154416339e-07
0.6 8.709626388040805e-07
0.605 8.750769393937159e-07
0.61 8.794788350775358e-07
0.615 8.814488541560245e-07
0.62 8.849267522069892e-07
0.625 8.874106735885312e-07
0.63 8.883119694354319e-07
0.635 8.885868479689069e-07
0.64 8.890999172409326e-07
0.645 8.873789407807175e-07
0.65 8.883015203499743e-07
0.655 8.869188682151718e-07
0.66 8.828966434899051e-07
0.665 8.80412948658228e-07
0.67 8.773015891097471e-07
0.675 8.722701107391459e-07
0.68 8.688962810827005e-07
0.685 8.619839591973334e-07
0.6900000000000001 8.561815011645892e-07
0.6950000000000001 8.5067815508506e-07
0.7000000000000001 8.443923062086911e-07
0.705 8.365959386136704e-07
0.71 8.286356598197086e-07
0.715 8.188413348613531e-07
0.72 8.116817623353548e-07
0.725 8.012830626852288e-07
0.73 7.901260255236031e-07
0.735 7.798428858041958e-07
0.74 7.702577268921781e-07
0.745 7.585363136319351e-07
0.75 7.44574510423465e-07
0.755 7.340739417753364e-07
0.76 7.208619853297876e-07
0.765 7.069853775258501e-07
0.77 6.94580322145361e-07
0.775 6.806538379184403e-07
0.78 6.658972570240137e-07
0.785 6.532616393396606e-07
0.79 6.392868506082102e-07
0.795 6.243570671032907e-07
0.8 6.112820136222242e-07
0.805 5.966034320823876e-07
0.81 5.818920071553451e-07
0.8150000000000001 5.678484724198328e-07
0.8200000000000001 5.554510235811844e-07
0.8250000000000001 5.414282010013734e-07
0.8300000000000001 5.254319339285233e-07
0.835 5.119803941381089e-07
0.84 4.984980519006277e-07
0.845 4.8589895526865e-07
0.85 4.718566297295578e-07
0.855 4.6123675801946906e-07
0.86 4.4887526024202414e-07
0.865 4.361858174673765e-07
0.87 4.2487819137436276e-07
0.875 4.1377534458783514e-07
0.88 4.015156213202309e-07
0.885 3.9401662729983693e-07
0.89 3.8181605551763406e-07
0.895 3.7159402342699983e-07
0.9 3.6357303247506627e-07
0.905 3.5335073052257303e-07
0.91 3.447538890259079e-07
0.915 3.370087706151721e-07
0.92 3.272123979220091e-07
0.925 3.19312228822864e-07
0.93 3.101124634093628e-07
0.935 3.0338132677745607e-07
0.9400000000000001 2.9602540665102047e-07
0.9450000000000001 2.8863085957642826e-07
0.9500000000000001 2.807204859867244e-07
0.9550000000000001 2.7405401891432825e-07
0.96 2.6792261152216545e-07
0.965 2.616476758471249e-07
0.97 2.5462569629003075e-07
0.975 2.4864787854107615e-07
0.98 2.435864544882798e-07
0.985 2.3870614340107924e-07
0.99 2.3276093083128765e-07
0.995 2.2740180912749242e-07
1.0 2.213416340747679e-07
1.0050000000000001 2.1624706376699774e-07
1.01 2.115264007275795e-07
1.0150000000000001 2.0666954755818477e-07
1.02 2.0235372655574046e-07
1.025 1.9844477811545836e-07
1.03 1.935968936924664e-07
1.035 1.8933058026491808e-07
1.04 1.8519676091331268e-07
1.045 1.8142375044327904e-07
1.05 1.767599647293747e-07
1.055 1.7414654054367972e-07
1.06 1.696690747757378e-07
1.065 1.6564398677619053e-07
1.07 1.616366511798371e-07
1.075 1.587290094394025e-07
1.08 1.562535470654644e-07
1.085 1.527305209501532e-07
1.09 1.4882038812417395e-07
1.095 1.4615023022870634e-07
1.1 1.4375238746554543e-07
1.105 1.4002750832920592e-07
1.11 1.3747788199990416e-07
1.115 1.3451782224059156e-07
1.12 1.3184791074395967e-07
1.125 1.2931636863333128e-07
1.1300000000000001 1.2669384698581983e-07
1.135 1.249309095500909e-07
1.1400000000000001 1.2247973183133745e-07
1.145 1.1973625980050076e-07
1.1500000000000001 1.1739476237434335e-07
1.155 1.1431173720714832e-07
1.16 1.1291889497091017e-07
1.165 1.1037237580603792e-07
1.17 1.0882971897827885e-07
1.175 1.060320964867848e-07
1.18 1.0375762366580995e-07
1.185 1.02738992131713e-07
1.19 9.991076890079698e-08
1.195 9.85144587141288e-08
1.2 9.694066331239982e-08
1.205 9.449672545386624e-08
1.21 9.304857307016902e-08
1.215 9.141529169265205e-08
1.22 8.968342865298985e-08
1.225 8.775619557405476e-08
1.23 8.67037720393105e-08
1.235 8.40500607934926e-08
1.24 8.326713502168655e-08
1.245 8.150683751978789e-08
1.25 7.979390727301938e-08
1.2550000000000001 7.792923472908087e-08
1.26 7.616278849028479e-08
1.2650000000000001 7.504749767782724e-08
1.27 7.317002706474403e-08
1.2750000000000001 7.189830902583467e-08
1.28 7.14070524712493e-08
1.285 6.983818295559245e-08
1.29 6.895540151593743e-08
1.295 6.739600695581572e-08
1.3 6.561811507683717e-08
1.305 6.459181775155141e-08
1.31 6.260445940041051e-08
1.315 6.220513598887803e-08
1.32 6.043515630966096e-08
1.325 5.952454210753846e-08
1.33 5.858710333730393e-08
1.335 5.744317349484534e-08
1.34 5.61454415704732e-08
1.345 5.508449828060865e-08
1.35 5.402813765687774e-08
1.355 5.360448471815714e-08
1.36 5.2066219620126226e-08
1.365 5.123254396107732e-08
1.37 4.997354793171262e-08
1.375 4.910335126155853e-08
1.3800000000000001 4.826776482219717e-08
1.385 4.734772381178911e-08
1.3900000000000001 4.6359250144629875e-08
1.395 4.541744385510851e-08
1.4000000000000001 4.5023609651115257e-08
1.405 4.378206562298928e-08
1.41 4.347647162677073e-08
1.415 4.221527623149626e-08
1.42 4.2321626885210224e-08
1.425 4.163504296685722e-08
1.43 3.999782513053162e-08
1.435 4.0099231064573886e-08
1.44 3.8927888783991634e-08
1.445 3.8341133660068614e-08
1.45 3.831405206996162e-08
1.455 3.7583490017979754e-08
1.46 3.7198939804744786e-08
1.465 3.67886402574566e-08
1.47 3.5780296754382957e-08
1.475 3.5447883960281993e-08
1.48 3.5162504317638245e-08
1.485 3.445138749839767e-08
1.49 3.4061460339411056e-08
1.495 3.343456719715834e-08
1.5 3.343603890575065e-08
1.5050000000000001 3.2558792990530586e-08
1.51 3.218257102805303e-08
1.5150000000000001 3.1961224050310855e-08
1.52 3.1281840293488125e-08
1.5250000000000001 3.0688957545912735e-08
1.53 3.0208618344948636e-08
1.5350000000000001 3.05601579057878e-08
1.54 3.009428676658913e-08
1.545 2.9629655792686354e-08
1.55 2.9599129498542672e-08
1.555 2.8460278087491096e-08
1.56 2.843266601808982e-08
1.565 2.8251330438439485e-08
1.57 2.7808594037204874e-08
1.575 2.7819034276164733e-08
1.58 2.7337031738034063e-08
1.585 2.7196356550696706e-08
1.59 2.6686972139821086e-08
1.595 2.650468793679247e-08
1.6 2.615842774895196e-08
1.605 2.6076047902155532e-08
1.61 2.562749124297253e-08
1.615 2.5108519155636093e-08
1.62 2.5025791601438088e-08
1.625 2.4763771990302895e-08
1.6300000000000001 2.458379104659543e-08
1.635 2.4276996236220087e-08
1.6400000000000001 2.3747890043316683e-08
1.645 2.382018193661664e-08
1.6500000000000001 2.399275467238821e-08
1.655 2.3461885726006985e-08
1.6600000000000001 2.326449897347232e-08
1.665 2.3280254288034092e-08
1.67 2.2744507797431477e-08
1.675 2.256740689309296e-08
1.68 2.2658672746537867e-08
1.685 2.1996908853855135e-08
1.69 2.2337619484646255e-08
1.695 2.1362417837775814e-08
1.7 2.1701071787382816e-08
1.705 2.156060208644969e-08
1.71 2.104509127699097e-08
1.715 2.1273704191675923e-08
1.72 2.100500295514629e-08
1.725 2.061051090358503e-08
1.73 2.0492824114378575e-08
1.735 2.0172162411022237e-08
1.74 2.0385643557937257e-08
1.745 1.975629274986894e-08
1.75 2.0087066411425268e-08
1.7550000000000001 1.973220814293203e-08
1.76 1.9652844729673085e-08
1.7650000000000001 1.9714570023770332e-08
1.77 1.9564810704222963e-08
1.7750000000000001 1.9717930195226985e-08
1.78 1.9010122268842542e-08
1.7850000000000001 1.9238254791208607e-08
1.79 1.924928758723175e-08
1.795 1.8722805344445682e-08
1.8 1.874405525147392e-08
1.805 1.8155209130198063e-08
1.81 1.8259549934018643e-08
1.815 1.795169776666117e-08
1.82 1.789871921316839e-08
1.825 1.7646124754253598e-08
1.83 1.761724973641676e-08
1.835 1.8101595946098032e-08
1.84 1.7649739546252916e-08
1.845 1.733483678148347e-08
1.85 1.7602228901571795e-08
1.855 1.7110837435055284e-08
1.86 1.720690323727975e-08
1.865 1.6887757007224752e-08
1.87 1.6872359503043933e-08
1.875 1.7091085174437788e-08
1.8800000000000001 1.626810629337166e-08
1.885 1.649445333527217e-08
1.8900000000000001 1.6383125643202163e-08
1.895 1.6370174051671805e-08
1.9000000000000001 1.6341151284091554e-08
1.905 1.602233556760548e-08
1.9100000000000001 1.5674037292336538e-08
1.915 1.611327632116569e-08
1.92 1.5858301466357615e-08
1.925 1.5662086298482224e-08
1.93 1.5559053987795077e-08
1.935 1.552939032573623e-08
1.94 1.5281795191784186e-08
1.945 1.54183087717068e-08
1.95 1.54442627058453e-08
1.955 1.5311119620227166e-08
1.96 1.532895436847299e-08
1.965 1.5139624050330424e-08
1.97 1.4904234977575886e-08
1.975 1.4808734560160664e-08
1.98 1.463123489308443e-08
1.985 1.4542798609719346e-08
1.99 1.4696248575756752e-08
1.995 1.4443178409644401e-08
2.0 1.4573404818844727e-08
2.005 1.4153328184366859e-08
2.0100000000000002 1.4236134608200415e-08
2.015 1.433854260913333e-08
2.02 1.406162898757681e-08
2.025 1.423355637736762e-08
2.0300000000000002 1.3861490875063782e-08
2.035 1.3799074852528158e-08
2.04 1.372075975900255e-08
2.045 1.3821820324730244e-08
2.05 1.3446085740988332e-08
2.055 1.359389115162754e-08
2.06 1.3672412578172546e-08
2.065 1.295681709591814e-08
2.07 1.3140668821097316e-08
2.075 1.3454549316799233e-08
2.08 1.3426314970296816e-08
2.085 1.3091492422570807e-08
2.09 1.3064065936740492e-08
2.095 1.3128597344238033e-08
2.1 1.2942565707024452e-08
2.105 1.2759906018371486e-08
2.11 1.2774180756923862e-08
2.115 1.2627895297348322e-08
2.12 1.2814999803822922e-08
2.125 1.295599599193233e-08
2.13 1.2498395164681946e-08
2.1350000000000002 1.2270934235741528e-08
2.14 1.2580144533015977e-08
2.145 1.240934665852888e-08
2.15 1.223352938126083e-08
2.1550000000000002 1.2064970396658954e-08
2.16 1.2405894277970881e-08
2.165 1.2225871318926556e-08
2.17 1.1880150555976152e-08
2.1750000000000003 1.2096226818618955e-08
2.18 1.2031077459840957e-08
2.185 1.2261206579672307e-08
2.19 1.2092896364203654e-08
2.195 1.1772614887943469e-08
2.2 1.1820500317423319e-08
2.205 1.182601679173261e-08
2.21 1.1823635017862945e-08
2.215 1.1734426292071672e-08
2.22 1.187131126614048e-08
2.225 1.1313748214166145e-08
2.23 1.16547459478193e-08
2.235 1.1241948034850582e-08
2.24 1.145745309531945e-08
2.245 1.1871256172410643e-08
2.25 1.1369742906708722e-08
2.255 1.1115745725690817e-08
2.2600000000000002 1.1070761103971779e-08
2.265 1.1393793743367623e-08
2.27 1.112245846727246e-08
2.275 1.1457473003091323e-08
2.2800000000000002 1.1188914789319802e-08
2.285 1.1326075570603274e-08
2.29 1.1164254278843805e-08
2.295 1.0965840729756032e-08
2.3000000000000003 1.108386439517341e-08
2.305 1.0913842823560975e-08
2.31 1.0935976811145477e-08
2.315 1.0957277834948789e-08
2.32 1.105873707967041e-08
2.325 1.0877013905727304e-08
2.33 1.0962239535631704e-08
2.335 1.0833405574906502e-08
2.34 1.08815332292442e-08
2.345 1.0656103848706798e-08
2.35 1.0506041229897182e-08
2.355 1.0477268173618694e-08
2.36 1.0445883970074446e-08
2.365 1.0548682219791749e-08
2.37 1.0589792008541696e-08
2.375 1.0636510316401862e-08
2.38 1.0377567658029597e-08
2.3850000000000002 1.047893029200565e-08
2.39 1.0339629517284456e-08
2.395 1.0353242498141252e-08
2.4 1.0387247041047753e-08
2.4050000000000002 1.0616821820080533e-08
2.41 1.0029589845334836e-08
2.415 1.0349908265528713e-08
2.42 9.882038590097675e-09
2.4250000000000003 1.014804232445245e-08
2.43 1.0197107873667089e-08
2.435 1.0296727121583662e-08
2.44 1.0138054018508107e-08
2.445 1.0061059473505118e-08
2.45 1.0061105493025055e-08
2.455 1.0041453913350046e-08
2.46 1.012949947887427e-08
2.465 9.605226369578863e-09
2.47 9.905324223274895e-09
2.475 1.0201617595336377e-08
2.48 9.815997346582867e-09
2.485 1.0020353888536058e-08
2.49 9.805382835463627e-09
2.495 9.860251294790922e-09
2.5 9.991463009403133e-09
2.505 9.765525691125757e-09
2.5100000000000002 9.749908991053109e-09
2.515 9.760824175273167e-09
2.52 9.770456696054169e-09
2.525 9.537221953419015e-09
2.5300000000000002 9.41058039837612e-09
2.535 9.777802664856783e-09
2.54 9.569754990749666e-09
2.545 9.578263871400602e-09
2.5500000000000003 9.561393843806599e-09
2.555 9.606149465492063e-09
2.56 9.594600025828783e-09
2.565 9.453917176778018e-09
2.57 9.515965109365171e-09
2.575 9.298376217635038e-09
2.58 9.657613798276803e-09
2.585 9.337085873140003e-09
2.59 9.340244021017655e-09
2.595 9.313227475623168e-09
2.6 9.475108292259282e-09
2.605 9.374270182275928e-09
2.61 9.162334761557715e-09
2.615 9.125644660207445e-09
2.62 9.368741717144036e-09
2.625 9.211095726092244e-09
2.63 9.331571653052816e-09
2.6350000000000002 9.304817971758947e-09
2.64 9.054574465252277e-09
2.645 9.43658849218479e-09
2.65 9.395425943200208e-09
2.6550000000000002 9.157799516645442e-09
2.66 9.269291740924085e-09
2.665 9.152635955014433e-09
2.67 9.307125618409833e-09
2.6750000000000003 9.226661429794053e-09
2.68 9.200077851736292e-09
2.685 8.905556464042225e-09
2.69 9.146994599121341e-09
2.695 9.034934741466627e-09
2.7 8.969221839970708e-09
2.705 9.243673140108577e-09
2.71 9.03205518759575e-09
2.715 9.194979699761726e-09
2.72 8.971629681257019e-09
2.725 9.16077339478913e-09
2.73 9.040819443063582e-09
2.735 8.91208816748365e-09
2.74 8.715033965780215e-09
2.745 8.992698663348193e-09
2.75 8.649699942574243e-09
2.755 8.625283447447755e-09
2.7600000000000002 8.815180394197235e-09
2.765 9.119192329822269e-09
2.77 8.719827783818227e-09
2.775 8.879470601959443e-09
2.7800000000000002 9.115324928288618e-09
2.785 8.846403695614786e-09
2.79 8.731483677180397e-09
2.795 8.685209156927741e-09
2.8000000000000003 8.72398216276797e-09
2.805 8.709176308156587e-09
2.81 8.9423173377621e-09
2.815 8.597377241745693e-09
2.82 8.626535254601108e-09
2.825 8.783497764571267e-09
2.83 8.346216888636153e-09
2.835 8.519474081157706e-09
2.84 8.560001900072272e-09
2.845 8.492861435064655e-09
2.85 8.56885697490431e-09
2.855 8.578070387137308e-09
2.86 8.624809005680537e-09
2.865 8.587377910127247e-09
2.87 8.536879932589447e-09
2.875 8.356864547017887e-09
2.88 8.501073012566602e-09
2.8850000000000002 8.39603168282985e-09
2.89 8.582015196341849e-09
2.895 8.48297714679836e-09
2.9 8.712142389494927e-09
2.9050000000000002 8.80532974730709e-09
2.91 8.573288856072538e-09
2.915 8.605021856057155e-09
2.92 8.353444557823273e-09
2.9250000000000003 8.36674368360617e-09
2.93 8.384015409532457e-09
2.935 8.605390845859329e-09
2.94 8.564603875120209e-09
2.945 8.353388781843174e-09
2.95 8.399443013530521e-09
2.955 8.555636916551799e-09
2.96 8.299792275525749e-09
2.965 8.365473304064492e-09
2.97 8.676021376348113e-09
2.975 8.307348794161895e-09
2.98 8.36647181900572e-09
2.985 8.497956911949797e-09
2.99 8.5503841295258e-09
2.995 8.465472885655755e-09
3.0 8.36839569577798e-09
3.005 8.155876369063679e-09
3.0100000000000002 8.150841154197086e-09
3.015 8.370667651289457e-09
3.02 8.307982923975215e-09
3.025 8.343836193361369e-09
3.0300000000000002 8.341610845153658e-09
3.035 8.563026222775552e-09
3.04 8.405299434300119e-09
3.045 8.397760303096817e-09
3.0500000000000003 8.391841537708566e-09
3.055 8.464255253392792e-09
3.06 8.346647452625539e-09
3.065 8.428656992768534e-09
3.0700000000000003 8.229598976274746e-09
3.075 8.329021451823934e-09
3.08 8.220065628509431e-09
3.085 8.36197648837639e-09
3.09 8.030931087394464e-09
3.095 8.122953813782594e-09
3.1 8.429971515139927e-09
3.105 8.289398535761344e-09
3.11 8.230450127611546e-09
3.115 8.160578359541743e-09
3.12 8.382118035271681e-09
3.125 8.199784347889552e-09
3.13 8.209374709197815e-09
3.1350000000000002 8.248068394753497e-09
3.14 8.189674555916928e-09
3.145 8.129446036820965e-09
3.15 8.315181699062785e-09
3.1550000000000002 8.429601407728312e-09
3.16 8.23770432352889e-09
3.165 8.261878217483598e-09
3.17 8.365297987941331e-09
3.1750000000000003 8.143771374765277e-09
3.18 8.145073209998228e-09
3.185 8.28027428377027e-09
3.19 8.505202318135635e-09
3.1950000000000003 8.182950180636165e-09
3.2 8.221747156260605e-09
3.205 8.138605852952079e-09
3.21 8.18530139988867e-09
3.215 8.172105504921816e-09
3.22 8.122743152626802e-09
3.225 8.093071994032633e-09
3.23 8.079231682119515e-09
3.235 8.340270194848217e-09
3.24 8.151973043050506e-09
3.245 8.233067679891211e-09
3.25 8.46405888216453e-09
3.255 8.028058345436033e-09
3.2600000000000002 8.275313320775184e-09
3.265 8.128747047128721e-09
3.27 8.209605832992379e-09
3.275 8.063927357601242e-09
3.2800000000000002 8.174133143903389e-09
3.285 8.35326315287695e-09
3.29 8.15051231691218e-09
3.295 8.393958816547615e-09
3.3000000000000003 8.335038729801045e-09
3.305 8.34769596814265e-09
3.31 8.204890528627258e-09
3.315 8.218299098622065e-09
3.3200000000000003 8.239311944954886e-09
3.325 8.111810019873802e-09
3.33 8.108895136416262e-09
3.335 8.17166322360902e-09
3.34 8.058122699674001e-09
3.345 8.06512869456597e-09
3.35 8.089380026339736e-09
3.355 8.188992401686751e-09
3.36 8.292336333252335e-09
3.365 8.101387647042296e-09
3.37 8.1213222926371e-09
3.375 8.068234975302786e-09
3.38 8.181299253903223e-09
3.3850000000000002 8.338225890354623e-09
3.39 8.292410068545404e-09
3.395 8.142939238518899e-09
3.4 8.143937161868686e-09
3.4050000000000002 8.290881457484781e-09
3.41 8.100894562663619e-09
3.415 8.308891228992347e-09
3.42 8.060690824929127e-09
3.4250000000000003 8.301789872556051e-09
3.43 8.083966636514827e-09
3.435 8.086939029998159e-09
3.44 8.081466147984942e-09
3.4450000000000003 8.080167072367316e-09
3.45 8.261835001155002e-09
3.455 8.057983272764936e-09
3.46 8.166178198616824e-09
3.465 8.112814152006264e-09
3.47 8.260559156109678e-09
3.475 8.19147511129325e-09
3.48 8.19041615252941e-09
3.485 8.095043453204884e-09
3.49 8.208891880934616e-09
3.495 8.135387990024049e-09
3.5 8.257962060235294e-09
3.505 8.18182602600837e-09
3.5100000000000002 8.249903698801563e-09
3.515 8.41333922863757e-09
3.52 8.248621387754967e-09
3.525 8.203126705387487e-09
3.5300000000000002 8.38380452419722e-09
3.535 8.420505710202746e-09
3.54 8.20103195954982e-09
3.545 8.387312804024986e-09
3.5500000000000003 8.15709904632851e-09
3.555 8.328915528833811e-09
3.56 8.198844099319577e-09
3.565 8.303814561667808e-09
3.5700000000000003 8.276251640353753e-09
3.575 8.29781200685101e-09
3.58 8.339835476702883e-09
3.585 8.325413412995617e-09
3.59 8.290308973657139e-09
3.595 8.343741093264025e-09
3.6 8.297183528588886e-09
3.605 8.316287090260241e-09
3.61 8.47415946928034e-09
3.615 8.523178689471793e-09
3.62 8.340258015232354e-09
3.625 8.31745059494466e-09
3.63 8.549678902266032e-09
3.6350000000000002 8.521053280580128e-09
3.64 8.52768546512926e-09
3.645 8.373786487583861e-09
3.65 8.462906163502408e-09
3.6550000000000002 8.294513277431449e-09
3.66 8.308481128782034e-09
3.665 8.47141362267612e-09
3.67 8.429568366465458e-09
3.6750000000000003 8.497224809251433e-09
3.68 8.55035235358066e-09
3.685 8.573826878165015e-09
3.69 8.683826999484023e-09
3.6950000000000003 8.49152498308267e-09
3.7 8.623847856110661e-09
3.705 8.457945275665003e-09
3.71 8.524997307379228e-09
3.715 8.5573217604329e-09
3.72 8.415146156710687e-09
3.725 8.595899767049663e-09
3.73 8.763027351440572e-09
3.735 8.602545171873751e-09
3.74 8.464228519100011e-09
3.745 8.594741927540599e-09
3.75 8.638614272644265e-09
3.755 8.650385948329383e-09
3.7600000000000002 8.623732964470322e-09
3.765 8.56297278599464e-09
3.77 8.682875653296315e-09
3.775 8.595427183475156e-09
3.7800000000000002 8.518174070026009e-09
3.785 8.697175799878669e-09
3.79 8.62839511820716e-09
3.795 8.904413869884349e-09
3.8000000000000003 8.698192437047643e-09
3.805 8.83743905308013e-09
3.81 8.66084416986695e-09
3.815 8.697610338600712e-09
3.8200000000000003 8.712947687944703e-09
3.825 8.70285857231876e-09
3.83 8.858608787049827e-09
3.835 8.864701077326949e-09
3.84 8.809939771921736e-09
3.845 8.842686095251682e-09
3.85 8.749545555982713e-09
3.855 8.692404906230871e-09
3.86 8.839566935582735e-09
3.865 8.941166538481566e-09
3.87 8.737766381501932e-09
3.875 8.989477381685257e-09
3.88 8.886411670675794e-09
3.8850000000000002 8.917286213084608e-09
3.89 8.970432317969593e-09
3.895 8.997929707308441e-09
3.9 9.108329137133377e-09
3.9050000000000002 8.863698392494202e-09
3.91 8.8405484792638e-09
3.915 8.980520884172014e-09
3.92 9.048405923979264e-09
3.9250000000000003 9.034446868726427e-09
3.93 8.891205340318081e-09
3.935 8.843622914104485e-09
3.94 9.006811036140974e-09
3.9450000000000003 9.161974124997408e-09
3.95 8.924389379700006e-09
3.955 9.140529349672012e-09
3.96 9.155050633432297e-09
3.9650000000000003 9.09357801898763e-09
3.97 8.960821479807746e-09
3.975 9.231771421885645e-09
3.98 9.089852544943634e-09
3.985 9.206979937773606e-09
3.99 9.049348605380774e-09
3.995 9.203195150532668e-09
4.0 9.048194320068856e-09
4.005 9.316188599678317e-09
4.01 9.198141878961068e-09
4.015 9.286330051043839e-09
4.0200000000000005 9.26504469602577e-09
4.025 9.209002176657323e-09
4.03 9.233092042940254e-09
4.035 9.233076644452364e-09
4.04 9.247007639713829e-09
4.045 9.332985738995288e-09
4.05 9.266544351239943e-09
4.055 9.278194677199464e-09
4.0600000000000005 9.361667478962495e-09
4.065 9.290469384874374e-09
4.07 9.351574239386375e-09
4.075 9.329046229522362e-09
4.08 9.525521512104303e-09
4.085 9.34178056500816e-09
4.09 9.51923838894499e-09
4.095 9.595370891346554e-09
4.1 9.34256925123629e-09
4.105 9.51240618796952e-09
4.11 9.488061949919212e-09
4.115 9.511369413275033e-09
4.12 9.502939187636973e-09
4.125 9.644461778232706e-09
4.13 9.525463700712373e-09
4.135 9.487872012159071e-09
4.14 9.56862916335894e-09
4.1450000000000005 9.750653302480901e-09
4.15 9.505753611729727e-09
4.155 9.652369052775152e-09
4.16 9.627472474243964e-09
4.165 9.7309691481667e-09
4.17 9.844494686996521e-09
4.175 9.648916085286147e-09
4.18 9.837181186059483e-09
4.1850000000000005 9.653092757391273e-09
4.19 9.726795781859341e-09
4.195 9.65955874103956e-09
4.2 9.661357277508335e-09
4.205 9.770359640772556e-09
4.21 9.912431914098119e-09
4.215 9.728426217474852e-09
4.22 9.83590708118649e-09
4.225 9.761987894586048e-09
4.23 9.970514150720938e-09
4.235 9.82844253346676e-09
4.24 9.90073407444167e-09
4.245 9.9185193612464e-09
4.25 9.873854648717775e-09
4.255 9.997522112657114e-09
4.26 9.838150327209231e-09
4.265 9.99953298121044e-09
4.2700000000000005 9.923424129393139e-09
4.275 1.0017978800173996e-08
4.28 1.0031892935596683e-08
4.285 9.958519322401388e-09
4.29 9.922238635047349e-09
4.295 1.0029274950555406e-08
4.3 1.0095184237614213e-08
4.305 1.018697954218914e-08
4.3100000000000005 1.0051987000878868e-08
4.315 1.0162212899760935e-08
4.32 1.010344513942223e-08
4.325 1.0207903731617889e-08
4.33 1.0145101804487526e-08
4.335 1.0117864754549516e-08
4.34 1.0093846073192631e-08
4.345 1.0295922911526408e-08
4.3500000000000005 1.0193404332608185e-08
4.355 1.0134341084565026e-08
4.36 1.0170268883346519e-08
4.365 1.0140954130309919e-08
4.37 1.0290811575525973e-08
4.375 1.0293265396815045e-08
4.38 1.026380599504571e-08
4.385 1.0432011444041954e-08
4.39 1.0300584350308986e-08
4.3950000000000005 1.0330875211995877e-08
4.4 1.0384013859458065e-08
4.405 1.0309495316071677e-08
4.41 1.0234722729041006e-08
4.415 1.0396176404277507e-08
4.42 1.0301175620393912e-08
4.425 1.0424474299461289e-08
4.43 1.0299080543345635e-08
4.4350000000000005 1.0497522624136284e-08
4.44 1.0541277985356388e-08
4.445 1.0400282657393837e-08
4.45 1.0398928396185077e-08
4.455 1.046192913390198e-08
4.46 1.0476038572373613e-08
4.465 1.056515479684566e-08
4.47 1.050081975352521e-08
4.4750000000000005 1.0446618693856758e-08
4.48 1.0647715941771096e-08
4.485 1.0464501883977505e-08
4.49 1.0593146208164118e-08
4.495 1.0734871122150504e-08
4.5 1.059283030303578e-08
4.505 1.0653247500228208e-08
4.51 1.0614582297813032e-08
4.515 1.0589208077980361e-08
4.5200000000000005 1.0563290460730204e-08
4.525 1.0682978666128623e-08
4.53 1.065886200580024e-08
4.535 1.0732474118063084e-08
4.54 1.063995270103379e-08
4.545 1.0756576647019074e-08
4.55 1.0691203085501324e-08
4.555 1.0541799717245915e-08
4.5600000000000005 1.0723276622529617e-08
4.565 1.0718209560166961e-08
4.57 1.069528974949183e-08
4.575 1.0825812389841116e-08
4.58 1.0724497125774265e-08
4.585 1.0864909488135612e-08
4.59 1.076127990095915e-08
4.595 1.0809435194925941e-08
4.6000000000000005 1.0930649889433398e-08
4.605 1.0733912420231326e-08
4.61 1.0894271741719594e-08
4.615 1.0804737382564997e-08
4.62 1.091451812261914e-08
4.625 1.0911358128030963e-08
4.63 1.0896726631993674e-08
4.635 1.0829072061861986e-08
4.64 1.0940119984405646e-08
4.6450000000000005 1.1051818975518808e-08
4.65 1.0909771448047002e-08
4.655 1.1025837416418167e-08
4.66 1.0982187412634579e-08
4.665 1.0978615411458965e-08
4.67 1.0947049858490813e-08
4.675 1.1029579951158605e-08
4.68 1.0924091942128064e-08
4.6850000000000005 1.0995644852643168e-08
4.69 1.0924626943516776e-08
4.695 1.1001844484062149e-08
4.7 1.1061216451916673e-08
4.705 1.1043145976099877e-08
4.71 1.0960967831682939e-08
4.715 1.1093712025378822e-08
4.72 1.0994035814256933e-08
4.7250000000000005 1.1116040732433356e-08
4.73 1.1099458826139585e-08
4.735 1.1017992052435069e-08
4.74 1.1166956647566567e-08
4.745 1.1154701827057322e-08
4.75 1.1078911574808957e-08
4.755 1.1215491836285513e-08
4.76 1.1075816203150974e-08
4.765 1.1126594075587449e-08
4.7700000000000005 1.098954463080839e-08
4.775 1.1106032707138275e-08
4.78 1.104048853829748e-08
4.785 1.1282079422736168e-08
4.79 1.1136892290849878e-08
4.795 1.121079893589232e-08
4.8 1.1188272298690313e-08
4.805 1.1174244897177797e-08
4.8100000000000005 1.1124575065002108e-08
4.815 1.1192519067697843e-08
4.82 1.1224166551133943e-08
4.825 1.1137536979533568e-08
4.83 1.1222934191410488e-08
4.835 1.1218369053787203e-08
4.84 1.1126834666626405e-08
4.845 1.1213946578336037e-08
4.8500000000000005 1.113260787994891e-08
4.855 1.1280276470440993e-08
4.86 1.1227480540984607e-08
4.865 1.1187427323844335e-08
4.87 1.1333073568160678e-08
4.875 1.1251669154417265e-08
4.88 1.1207997430266497e-08
4.885 1.1391499448122999e-08
4.89 1.1187872408512881e-08
4.8950000000000005 1.1212244103032897e-08
4.9 1.1107993902433581e-08
4.905 1.1285269901951463e-08
4.91 1.13376051815756e-08
4.915 1.1222194585826987e-08
4.92 1.1223080195865693e-08
4.925 1.1337669175144133e-08
4.93 1.1214763584337006e-08
4.9350000000000005 1.1291242160100582e-08
4.94 1.1118531404387399e-08
4.945 1.1178489913951142e-08
4.95 1.1334405860817647e-08
4.955 1.1261564063098499e-08
4.96 1.1304136206465176e-08
4.965 1.1348202597808183e-08
4.97 1.1406425156068925e-08
4.9750000000000005 1.1231290107833132e-08
4.98 1.1225534288208591e-08
4.985 1.1287045437230427e-08
4.99 1.1218267017340294e-08
4.995 1.126440595254199e-08
5.0 1.127814129851519e-08
5.005 1.1268006095953412e-08
5.01 1.136177977192683e-08
5.015 1.1233493498974166e-08
5.0200000000000005 1.1240209702858841e-08
5.025 1.1155927346379454e-08
5.03 1.1110642065611201e-08
5.035 1.1228613366193183e-08
5.04 1.1293088139337332e-08
5.045 1.1299022997122073e-08
5.05 1.1136075962619254e-08
5.055 1.1122848079906743e-08
5.0600000000000005 1.1202669968712016e-08
5.065 1.1112622225466023e-08
5.07 1.1105633256017914e-08
5.075 1.1137504539547422e-08
5.08 1.124786583826889e-08
5.085 1.1219479621910703e-08
5.09 1.1149586569814975e-08
5.095 1.1205326130567291e-08
5.1000000000000005 1.1235729117708973e-08
5.105 1.1172526175992408e-08
5.11 1.1142068148981267e-08
5.115 1.1091343985682258e-08
5.12 1.1081671035297387e-08
5.125 1.1096249649900303e-08
5.13 1.1102081064328349e-08
5.135 1.113001330874603e-08
5.14 1.1014280403367312e-08
5.1450000000000005 1.1216460974648076e-08
5.15 1.115800214661025e-08
5.155 1.1064225383513552e-08
5.16 1.0982954665701434e-08
5.165 1.1154151928642603e-08
5.17 1.0968606202594623e-08
5.175 1.0966347024494578e-08
5.18 1.0997633535219062e-08
5.1850000000000005 1.097766756663123e-08
5.19 1.0897204097607602e-08
5.195 1.0900042977504271e-08
5.2 1.0932304532942274e-08
5.205 1.094253460402227e-08
5.21 1.0834531981730901e-08
5.215 1.077028328145428e-08
5.22 1.086030892263073e-08
5.2250000000000005 1.080589508961739e-08
5.23 1.0847551734215186e-08
5.235 1.085898825908982e-08
5.24 1.0739532797722268e-08
5.245 1.0849151527012414e-08
5.25 1.0799942321199445e-08
5.255 1.0807014047303792e-08
5.26 1.0774043009943773e-08
5.265 1.0710286479570942e-08
5.2700000000000005 1.0564510213279165e-08
5.275 1.0600604702622498e-08
5.28 1.0747715613823376e-08
5.285 1.068773560350597e-08
5.29 1.055962973913997e-08
5.295 1.0575441676232602e-08
5.3 1.0503684692066317e-08
5.305 1.0594332641579756e-08
5.3100000000000005 1.0594253675310843e-08
5.315 1.0564197186710893e-08
5.32 1.0495968743615005e-08
5.325 1.0491810737419718e-08
5.33 1.0457735559283006e-08
5.335 1.0351394629407614e-08
5.34 1.0402587636368319e-08
5.345 1.0495080626743547e-08
5.3500000000000005 1.0468533364107513e-08
5.355 1.033138218723635e-08
5.36 1.0322482055006443e-08
5.365 1.0407670153142452e-08
5.37 1.0415833222054726e-08
5.375 1.0278398467238925e-08
5.38 1.0328021878725512e-08
5.385 1.0172183883243537e-08
5.39 1.0206797592085255e-08
5.3950000000000005 1.0230814223703899e-08
5.4 1.0160019288040114e-08
5.405 1.015192650771175e-08
5.41 1.0129588024958486e-08
5.415 1.0166611477634998e-08
5.42 1.0183358536264977e-08
5.425 9.992092878267956e-09
5.43 9.992266187224405e-09
5.4350000000000005 1.0002750374157033e-08
5.44 1.0014023645594063e-08
5.445 1.002706133232948e-08
5.45 9.974683548611097e-09
5.455 9.915089968467255e-09
5.46 9.90930083040278e-09
5.465 9.831459269523243e-09
5.47 9.850429336451123e-09
5.4750000000000005 9.84606749969826e-09
5.48 9.761434045801689e-09
5.485 9.810252614516481e-09
5.49 9.679144029567005e-09
5.495 9.752080653781016e-09
5.5 9.604579779323422e-09
5.505 9.49493063778898e-09
5.51 9.575716989695187e-09
5.515 9.634569004951498e-09
5.5200000000000005 9.555180541383063e-09
5.525 9.459416032027741e-09
5.53 9.50504175905776e-09
5.535 9.430551038218356e-09
5.54 9.456718149329364e-09
5.545 9.417307859665194e-09
5.55 9.399095356374788e-09
5.555 9.414216525379505e-09
5.5600000000000005 9.370743627731592e-09
5.565 9.241929521710821e-09
5.57 9.298775946920613e-09
5.575 9.212431864379264e-09
5.58 9.235530976888025e-09
5.585 9.154643838288593e-09
5.59 9.202835334786302e-09
5.595 9.130719572056205e-09
5.6000000000000005 9.116530002916648e-09
5.605 9.079538578461437e-09
5.61 8.974010480257803e-09
5.615 9.026793816152572e-09
5.62 8.986390034320076e-09
5.625 8.943569989717956e-09
5.63 8.88899684770272e-09
5.635 8.893832342051349e-09
5.64 8.910845524091443e-09
5.6450000000000005 8.81177520723861e-09
5.65 8.806846812112035e-09
5.655 8.749585578511705e-09
5.66 8.723277936884689e-09
5.665 8.69902867289721e-09
5.67 8.588641034949175e-09
5.675 8.585457994549334e-09
5.68 8.552523734375084e-09
5.6850000000000005 8.528113238346012e-09
5.69 8.562586843103261e-09
5.695 8.518158321784605e-09
5.7 8.596350590368627e-09
5.705 8.469338664261976e-09
5.71 8.472858642106862e-09
5.715 8.333942263103574e-09
5.72 8.308591585209178e-09
5.7250000000000005 8.259291123088014e-09
5.73 8.204436700201005e-09
5.735 8.275384922408774e-09
5.74 8.172580918165338e-09
5.745 8.108639093042039e-09
5.75 8.128803501191029e-09
5.755 8.171994257050903e-09
5.76 8.14601200973158e-09
5.765 8.065485653023396e-09
5.7700000000000005 8.01821121903193e-09
5.775 8.061711896777249e-09
5.78 7.967350437122253e-09
5.785 7.88072524103317e-09
5.79 7.81115826936705e-09
5.795 7.866657122108554e-09
5.8 7.883111179935928e-09
5.805 7.81323156140314e-09
5.8100000000000005 7.69916727913849e-09
5.815 7.631978131692546e-09
5.82 7.64175062659835e-09
5.825 7.601460318808182e-09
5.83 7.632783058574972e-09
5.835 7.600366846343966e-09
5.84 7.653860791962032e-09
5.845 7.617717591577518e-09
5.8500000000000005 7.503087955462382e-09
5.855 7.464464634806504e-09
5.86 7.50903754514059e-09
5.865 7.41292689442429e-09
5.87 7.400713089602031e-09
5.875 7.365621440732863e-09
5.88 7.371552688608326e-09
5.885 7.265247185098182e-09
5.89 7.269513925701971e-09
5.8950000000000005 7.282840742730781e-09
5.9 7.2410475266325294e-09
5.905 7.216239706870728e-09
5.91 7.133087760205899e-09
5.915 7.125118489354912e-09
5.92 7.101408017574139e-09
5.925 7.00922691166099e-09
5.93 7.000220980106705e-09
5.9350000000000005 6.975517759474101e-09
5.94 6.847017914639441e-09
5.945 6.9198136231836e-09
5.95 6.855405229552949e-09
5.955 6.8603426107918176e-09
5.96 6.782125779316798e-09
5.965 6.787782996706648e-09
5.97 6.772627605318809e-09
5.9750000000000005 6.799657727363035e-09
5.98 6.817532778696877e-09
5.985 6.775013052045059e-09
5.99 6.723145438489714e-09
5.995 6.614509077539858e-09
6.0 6.6322450415771124e-09
6.005 6.507907765269239e-09
6.01 6.557746332697555e-09
6.015000000000001 6.52337140925333e-09
6.0200000000000005 6.588673913825433e-09
6.025 6.499123864396035e-09
6.03 6.461946909394911e-09
6.035 6.500068999446658e-09
6.04 6.3790968644583386e-09
6.045 6.352596859109476e-09
6.05 6.353178496558678e-09
6.055 6.29475954135352e-09
6.0600000000000005 6.274298177071293e-09
6.065 6.254115767200587e-09
6.07 6.271710775464089e-09
6.075 6.1783683797918345e-09
6.08 6.208345349336738e-09
6.085 6.111620891585457e-09
6.09 6.127423151486415e-09
6.095 6.097307371767482e-09
6.1000000000000005 6.067741202337921e-09
6.105 6.059615440393626e-09
6.11 6.000451433953757e-09
6.115 6.117412714397278e-09
6.12 5.975876036254265e-09
6.125 5.902138908749565e-09
6.13 6.031339363608789e-09
6.135 5.912710351448943e-09
6.140000000000001 5.914715154599579e-09
6.1450000000000005 5.875029650042608e-09
6.15 5.910416649596089e-09
6.155 5.855095722029542e-09
6.16 5.751946491773803e-09
6.165 5.79590106832952e-09
6.17 5.79660800124824e-09
6.175 5.7009940715434755e-09
6.18 5.8080535750942456e-09
6.1850000000000005 5.707801274911862e-09
6.19 5.673546220125715e-09
6.195 5.631084163412473e-09
6.2 5.641634760865731e-09
6.205 5.640488912200547e-09
6.21 5.5985001194773105e-09
6.215 5.530157190681223e-09
6.22 5.566632952905785e-09
6.2250000000000005 5.5363502777652055e-09
6.23 5.531793521906991e-09
6.235 5.537432634134768e-09
6.24 5.4965594401692865e-09
6.245 5.428180515407023e-09
6.25 5.514494114874615e-09
6.255 5.517896107338689e-09
6.26 5.382642907326047e-09
6.265000000000001 5.389449699169191e-09
6.2700000000000005 5.334270376623948e-09
6.275 5.3151314081990875e-09
6.28 5.335117759468623e-09
6.285 5.365062669355986e-09
6.29 5.232822159328267e-09
6.295 5.245804473494783e-09
6.3 5.296540704085223e-09
6.305 5.246632238875388e-09
6.3100000000000005 5.149524143796655e-09
6.315 5.181348763182677e-09
6.32 5.168096253448687e-09
6.325 5.1678953555092504e-09
6.33 5.145453797131865e-09
6.335 5.163907529386517e-09
6.34 5.1073981665634325e-09
6.345 5.022087620632217e-09
6.3500000000000005 5.125898050509471e-09
6.355 5.007098469209512e-09
6.36 5.03290526926377e-09
6.365 5.039491705863573e-09
6.37 5.0121046535788556e-09
6.375 4.93453387033675e-09
6.38 4.966668378261115e-09
6.385 4.855763517159923e-09
6.390000000000001 4.9883771004050695e-09
6.3950000000000005 4.952995698388944e-09
6.4 4.892689298950055e-09
6.405 4.884140557369372e-09
6.41 4.907643658166346e-09
6.415 4.919238616806568e-09
6.42 4.840174582875201e-09
6.425 4.831767493900205e-09
6.43 4.792441093029765e-09
6.4350000000000005 4.806687767999559e-09
6.44 4.721789661058389e-09
6.445 4.731998435823429e-09
6.45 4.760981122060433e-09
6.455 4.702430485040196e-09
6.46 4.752127035645335e-09
6.465 4.724364597877076e-09
6.47 4.715555586823489e-09
6.4750000000000005 4.662065553905896e-09
6.48 4.70123950924663e-09
6.485 4.665820710410042e-09
6.49 4.653399093351638e-09
6.495 4.508078068476331e-09
6.5 4.6786745030656055e-09
6.505 4.701984945850067e-09
6.51 4.563517800581249e-09
6.515000000000001 4.6256696406101204e-09
6.5200000000000005 4.500576334783789e-09
6.525 4.571789155134095e-09
6.53 4.482724424987641e-09
6.535 4.4944124926946e-09
6.54 4.471657820260778e-09
6.545 4.485344501915629e-09
6.55 4.41997964135961e-09
6.555 4.397371101706926e-09
6.5600000000000005 4.440329356522143e-09
6.565 4.4483535824994214e-09
6.57 4.445072009484561e-09
6.575 4.347881219716962e-09
6.58 4.39546774422689e-09
6.585 4.372569790157139e-09
6.59 4.276661804157974e-09
6.595 4.328620064123665e-09
6.6000000000000005 4.345715684590064e-09
6.605 4.269159717451715e-09
6.61 4.308845256389094e-09
6.615 4.249378173503742e-09
6.62 4.356487640087456e-09
6.625 4.236468696720339e-09
6.63 4.2897747690367545e-09
6.635 4.262070448330614e-09
6.640000000000001 4.232420801284301e-09
6.6450000000000005 4.163746081724241e-09
6.65 4.202979204307687e-09
6.655 4.242260831901163e-09
6.66 4.129766650510835e-09
6.665 4.1821912985604605e-09
6.67 4.10465152596524e-09
6.675 4.081460145381545e-09
6.68 4.094892720992248e-09
6.6850000000000005 4.124105410885065e-09
6.69 4.1036354205339575e-09
6.695 4.097005554309682e-09
6.7 4.113289721710693e-09
6.705 4.092156658357187e-09
6.71 3.9525426414599596e-09
6.715 4.0670554019426275e-09
6.72 4.0091358541897864e-09
6.7250000000000005 4.015339450977763e-09
6.73 4.017322204110397e-09
6.735 3.980244145416688e-09
6.74 3.969547288468295e-09
6.745 3.976422670322477e-09
6.75 3.923850787174088e-09
6.755 3.988847471378818e-09
6.76 3.986903677029879e-09
6.765000000000001 3.8927455764080575e-09
6.7700000000000005 3.9056829070517646e-09
6.775 3.904326423538825e-09
6.78 3.93445406417468e-09
6.785 3.88302220559841e-09
6.79 3.8558611111697245e-09
6.795 3.8640424593065696e-09
6.8 3.902441452169403e-09
6.805 3.893420296113435e-09
6.8100000000000005 3.836652571772104e-09
6.815 3.841912930191455e-09
6.82 3.8467711760348095e-09
6.825 3.76111785101121e-09
6.83 3.798237513811018e-09
6.835 3.79819577820831e-09
6.84 3.764259640634578e-09
6.845 3.804176804520257e-09
6.8500000000000005 3.739657478404114e-09
6.855 3.705388510103367e-09
6.86 3.702873706505025e-09
6.865 3.675144790483502e-09
6.87 3.7033539723031597e-09
6.875 3.727029905574887e-09
6.88 3.6459572190050044e-09
6.885 3.716170414578733e-09
6.890000000000001 3.6714852526716646e-09
6.8950000000000005 3.6617526074850764e-09
6.9 3.658626827844521e-09
6.905 3.747491514052621e-09
6.91 3.639347810682032e-09
6.915 3.551695866767656e-09
6.92 3.637757086594206e-09
6.925 3.624282762569434e-09
6.93 3.577219302270341e-09
6.9350000000000005 3.5392198100309666e-09
6.94 3.5459777920653836e-09
6.945 3.4829291616095058e-09
6.95 3.5361890662961716e-09
6.955 3.5770202273435216e-09
6.96 3.5536572456764943e-09
6.965 3.591357011415575e-09
6.97 3.545771117797004e-09
6.9750000000000005 3.4689121202902892e-09
6.98 3.517262515562242e-09
6.985 3.4220041356142423e-09
6.99 3.4422080433762103e-09
6.995 3.3866607743386404e-09
7.0 3.4080221676611885e-09
7.005 3.4244376517084513e-09
7.01 3.34938349390705e-09
7.015000000000001 3.4236162959456907e-09
7.0200000000000005 3.3336417408399717e-09
7.025 3.3775744613029306e-09
7.03 3.428887737176198e-09
7.035 3.335448169501462e-09
7.04 3.4252181219128343e-09
7.045 3.349856385069749e-09
7.05 3.3530182496678323e-09
7.055 3.350914999328034e-09
7.0600000000000005 3.3244944259490505e-09
7.065 3.2963070825234414e-09
7.07 3.310157697313645e-09
7.075 3.2815577817876416e-09
7.08 3.319920815990869e-09
7.085 3.2927743537325224e-09
7.09 3.261514484338308e-09
7.095 3.2433796256787856e-09
7.1000000000000005 3.2962754217262143e-09
7.105 3.2808966573704405e-09
7.11 3.250697906282906e-09
7.115 3.2577826037620686e-09
7.12 3.2069726147615548e-09
7.125 3.1859472094705998e-09
7.13 3.225070764324646e-09
7.135 3.2148302266517922e-09
7.140000000000001 3.165754420935057e-09
7.1450000000000005 3.1679318688090403e-09
7.15 3.179110166039488e-09
7.155 3.1899069233595516e-09
7.16 3.1245849475632205e-09
7.165 3.087171550754592e-09
7.17 3.179485833186765e-09
7.175 3.1138248242831725e-09
7.18 3.1275935021615104e-09
7.1850000000000005 3.1127021976508584e-09
7.19 3.119351156500138e-09
7.195 3.081183192540991e-09
7.2 3.04534859616828e-09
7.205 3.0637122049242097e-09
7.21 3.057177490948673e-09
7.215 3.0627130415597764e-09
7.22 3.0458084461253514e-09
7.2250000000000005 3.0052572645374904e-09
7.23 3.0045204623749078e-09
7.235 3.0552755172805152e-09
7.24 3.004517603910043e-09
7.245 3.0126642337228945e-09
7.25 2.9959589217983235e-09
7.255 2.979789324842164e-09
7.26 3.0169976434666863e-09
7.265000000000001 3.0163940788374693e-09
7.2700000000000005 2.976039976850396e-09
7.275 3.014660388016542e-09
7.28 2.911359724210058e-09
7.285 2.9595647469032835e-09
7.29 2.86158356307639e-09
7.295 2.9407025584301905e-09
7.3 2.907206313927269e-09
7.305 2.8598341296703367e-09
7.3100000000000005 2.9527045470716915e-09
7.315 2.8999716372516553e-09
7.32 2.900747469326976e-09
7.325 2.8905531913931836e-09
7.33 2.898042296082795e-09
7.335 2.8596272401956755e-09
7.34 2.8397001142086746e-09
7.345 2.8772736183263216e-09
7.3500000000000005 2.8388281065605585e-09
7.355 2.889994595361823e-09
7.36 2.8735398735091363e-09
7.365 2.878140900458111e-09
7.37 2.8453082136534707e-09
7.375 2.789836411585838e-09
7.38 2.8073237066274895e-09
7.385 2.8032726988425436e-09
7.390000000000001 2.7908267359220735e-09
7.3950000000000005 2.7479033220519914e-09
7.4 2.8098259241655852e-09
7.405 2.7365457177224086e-09
7.41 2.7699070534202354e-09
7.415 2.7713005319902617e-09
7.42 2.738879688964018e-09
7.425 2.7346201771482313e-09
7.43 2.7350573421637502e-09
7.4350000000000005 2.7414434182498702e-09
7.44 2.7152460075564567e-09
7.445 2.65157239263052e-09
7.45 2.6829129743977946e-09
7.455 2.6539262430173766e-09
7.46 2.7098847263354322e-09
7.465 2.709968830483577e-09
7.47 2.702033799990165e-09
7.4750000000000005 2.659473229597307e-09
7.48 2.660252808940965e-09
7.485 2.672372996981339e-09
7.49 2.625083395641435e-09
7.495 2.6135320929074317e-09
7.5 2.578437155442218e-09
7.505 2.6504471391072804e-09
7.51 2.5590693937316304e-09
7.515000000000001 2.5964870120585412e-09
7.5200000000000005 2.5910720700889316e-09
7.525 2.6065607736058235e-09
7.53 2.548771819168316e-09
7.535 2.5665173785822156e-09
7.54 2.6336273993591006e-09
7.545 2.541804096507748e-09
7.55 2.552338903106701e-09
7.555 2.5560254781500913e-09
7.5600000000000005 2.5598889451914664e-09
7.565 2.53553722545085e-09
7.57 2.5875376504940407e-09
7.575 2.52293849948323e-09
7.58 2.509056451475718e-09
7.585 2.5407856811509574e-09
7.59 2.494955462822506e-09
7.595 2.4798902238533398e-09
7.6000000000000005 2.496458796906196e-09
7.605 2.4806040344541036e-09
7.61 2.4500217990099226e-09
7.615 2.496534409167099e-09
7.62 2.468375299123963e-09
7.625 2.445301779210186e-09
7.63 2.459332477490288e-09
7.635 2.471945521967082e-09
7.640000000000001 2.4396331180325687e-09
7.6450000000000005 2.3890546179755834e-09
7.65 2.4038074678580037e-09
7.655 2.3744306075185153e-09
7.66 2.395513963675665e-09
7.665 2.3566674733757377e-09
7.67 2.3327664369661243e-09
7.675 2.4052947983778405e-09
7.68 2.3690599638426877e-09
7.6850000000000005 2.3643074667000893e-09
7.69 2.341160424782155e-09
7.695 2.360473683564321e-09
7.7 2.327757612807796e-09
7.705 2.3113644482890203e-09
7.71 2.336753503949439e-09
7.715 2.343002715478061e-09
7.72 2.3148387605943682e-09
7.7250000000000005 2.3803365678731585e-09
7.73 2.2831947349094506e-09
7.735 2.3716676182268996e-09
7.74 2.287932267356693e-09
7.745 2.2797892344666265e-09
7.75 2.292169329306727e-09
7.755 2.305510080680442e-09
7.76 2.2720956852417557e-09
7.765000000000001 2.279903274832652e-09
7.7700000000000005 2.2734516350348477e-09
7.775 2.2615571313480546e-09
7.78 2.261653118017114e-09
7.785 2.2675161798911405e-09
7.79 2.260791632829719e-09
7.795 2.207507604748024e-09
7.8 2.216782978868383e-09
7.805000000000001 2.222605858480388e-09
7.8100000000000005 2.2005057561723793e-09
7.815 2.185202671921282e-09
7.82 2.1947431693287095e-09
7.825 2.203977582775698e-09
7.83 2.2213759487866385e-09
7.835 2.1806071489009407e-09
7.84 2.1551664125467225e-09
7.845 2.148947185032247e-09
7.8500000000000005 2.1957182507847154e-09
7.855 2.2174325707027126e-09
7.86 2.1666836973423156e-09
7.865 2.1410876102786614e-09
7.87 2.1631439437241117e-09
7.875 2.1290908083343803e-09
7.88 2.168054279448191e-09
7.885 2.126496061619597e-09
7.890000000000001 2.1636351888492884e-09
7.8950000000000005 2.1196482290481e-09
7.9 2.0889497540291143e-09
7.905 2.13465153479033e-09
7.91 2.096194108816752e-09
7.915 2.0382495735766202e-09
7.92 2.065167658402064e-09
7.925 2.0415619917424346e-09
7.930000000000001 2.079173497873732e-09
7.9350000000000005 2.0696561429065475e-09
7.94 2.101059195515814e-09
7.945 2.0208227245533184e-09
7.95 2.056120428475947e-09
7.955 2.065625385079679e-09
7.96 2.093095783628573e-09
7.965 2.0373862335108e-09
7.97 2.024114251868603e-09
7.9750000000000005 2.0418784985143314e-09
7.98 2.000432460594905e-09
7.985 1.9948614660551633e-09
7.99 2.0151535871694277e-09
7.995 2.00343627340126e-09
8.0 2.0505847395072834e-09
8.25 9.34659556603495e-08
8.5 8.124437468955307e-08
8.75 7.116730707851849e-08
9.0 6.187696125512149e-08
9.25 5.409854442928215e-08
9.5 4.6683773829582765e-08
9.75 4.0994435554019144e-08
10.0 3.571935029389592e-08
10.25 3.1217943423293314e-08
10.5 2.743809663463905e-08
10.75 2.4159096337927767e-08
11.0 2.140548471761679e-08
11.25 1.8811964464040722e-08
11.5 1.6864123926016117e-08
11.75 1.4874608095754337e-08
12.0 1.3418022769803314e-08
12.25 1.1893401143232677e-08
12.5 1.0705254945693904e-08
12.75 9.639398955829185e-09
13.0 8.556011975240113e-09
13.25 7.821577441538615e-09
13.5 6.96243116602214e-09
13.75 6.307918913626701e-09
14.0 5.739617147579346e-09
14.25 5.122875272652739e-09
14.5 4.7222652807425134e-09
14.75 4.2408542233838e-09
15.0 3.8474243690052696e-09
15.25 3.4863853393884934e-09
15.5 3.161938128137214e-09
15.75 2.9274218062971022e-09
16.0 2.655644206114525e-09
16.25 2.415924710984154e-09
16.5 2.2711946392642877e-09
16.75 1.952919510415472e-09
17.0 1.8830280228855403e-09
17.25 1.6621276574883776e-09
17.5 1.4631702945753507e-09
17.75 1.4132281829759397e-09
18.0 1.2792913220349484e-09
18.25 1.20023976037794e-09
18.5 1.0856991349516152e-09
18.75 1.0077817963811652e-09
19.0 8.977844967897131e-10
19.25 8.888305541854975e-10
19.5 7.311623646154789e-10
19.75 7.004413226043985e-10
