0.005 2.128427373466427e-11
0.01 1.2335838962530025e-10
0.015 2.5990730951514736e-10
0.02 3.978246627203329e-10
0.025 5.245627076027576e-10
0.03 6.376220777796919e-10
0.035 7.523782475760453e-10
0.04 8.56018130717906e-10
0.045 9.293912838724325e-10
0.05 1.0023905104468673e-09
0.055 1.0498757442806991e-09
0.06 1.087960953790777e-09
0.065 1.1098257771261583e-09
0.07 1.1239205565707145e-09
0.075 1.110636894604916e-09
0.08 1.1033342127474553e-09
0.085 1.0823454324748007e-09
0.09 1.0547408788118324e-09
0.095 1.0247424748040108e-09
0.1 9.891947733334532e-10
0.105 9.481275314961008e-10
0.11 9.241102405922403e-10
0.115 8.946471213592436e-10
0.12 8.713916539005818e-10
0.125 8.417438349978609e-10
0.13 8.325841456996495e-10
0.135 8.142047931830252e-10
0.14 8.053103273023679e-10
0.145 8.015796747403341e-10
0.15 7.983938773127002e-10
0.155 8.16935862356928e-10
0.16 7.845938953637762e-10
0.165 7.947354505352206e-10
0.17 7.989410116805027e-10
0.17500000000000002 8.142804373543889e-10
0.18 8.075414510154127e-10
0.185 8.102598893201904e-10
0.19 8.18715693781037e-10
0.195 8.218409048695006e-10
0.2 8.428718520912911e-10
0.20500000000000002 8.443960230881985e-10
0.21 8.628441561303403e-10
0.215 8.418833303014871e-10
0.22 8.6462599311831e-10
0.225 8.553224580142938e-10
0.23 8.747495985324573e-10
0.23500000000000001 8.811196309198534e-10
0.24 8.858425241504396e-10
0.245 8.982991882900437e-10
0.25 8.739299711789306e-10
0.255 9.02833499635143e-10
0.26 9.079964937499307e-10
0.265 9.009526536636737e-10
0.27 8.840641664881077e-10
0.275 8.9108361192774e-10
0.28 9.242477419492264e-10
0.28500000000000003 9.188185162647377e-10
0.29 9.42304914217508e-10
0.295 8.970505583952678e-10
0.3 9.222957598337475e-10
0.305 9.209715515996339e-10
0.31 9.099166862708089e-10
0.315 9.123536476220775e-10
0.32 9.084335669794525e-10
0.325 9.084391088505926e-10
0.33 9.149847674653784e-10
0.335 9.134998286018915e-10
0.34 9.061190460179589e-10
0.34500000000000003 9.277762851161603e-10
0.35000000000000003 9.004856609070199e-10
0.355 9.171894531770536e-10
0.36 8.961223570227876e-10
0.365 8.928589865647693e-10
0.37 8.843105633166884e-10
0.375 8.712370271064106e-10
0.38 9.06038538956825e-10
0.385 9.157336468325734e-10
0.39 9.041507021257413e-10
0.395 8.87516976005855e-10
0.4 8.616748206837365e-10
0.405 8.882506057376932e-10
0.41000000000000003 9.027573634443182e-10
0.41500000000000004 8.724285165622821e-10
0.42 8.835372342702321e-10
0.425 8.710506042094422e-10
0.43 8.875237422422727e-10
0.435 8.874885786750287e-10
0.44 8.919600259639366e-10
0.445 8.641646837092538e-10
0.45 8.590296754827819e-10
0.455 8.656191134912843e-10
0.46 8.599652442100489e-10
0.465 8.519261215907214e-10
0.47000000000000003 8.508759379298806e-10
0.47500000000000003 8.633139016855834e-10
0.48 9.035859931905859e-10
0.485 8.680517123895605e-10
0.49 8.663410194016854e-10
0.495 8.596011726806005e-10
0.5 8.532751451118448e-10
0.505 8.613639445047302e-10
0.51 8.512094793132938e-10
0.515 8.637299693976927e-10
0.52 8.479103160115917e-10
0.525 8.466547792004021e-10
0.53 8.366192690709166e-10
0.535 8.345982232335342e-10
0.54 8.13838152587213e-10
0.545 8.413305353527665e-10
0.55 8.11919982963654e-10
0.555 8.469281988055331e-10
0.56 8.355402322701826e-10
0.5650000000000001 8.303119897976584e-10
0.5700000000000001 8.177035680188694e-10
0.5750000000000001 8.187778524426541e-10
0.58 8.199042666078996e-10
0.585 8.183235093289475e-10
0.59 8.12625027337859e-10
0.595 8.201270577447927e-10
0.6 7.824992103396677e-10
0.605 7.992658930254499e-10
0.61 7.763317287783364e-10
0.615 8.301375620721081e-10
0.62 8.09984899135466e-10
0.625 7.820372709938533e-10
0.63 7.940791541243181e-10
0.635 7.74961903369727e-10
0.64 7.872243708151583e-10
0.645 7.995329847523816e-10
0.65 7.97040123504772e-10
0.655 7.698550495553395e-10
0.66 7.796169416545263e-10
0.665 7.754406770951482e-10
0.67 8.120547977318269e-10
0.675 7.653962000020437e-10
0.68 7.644295420780544e-10
0.685 8.096316756032714e-10
0.6900000000000001 8.022747416403798e-10
0.6950000000000001 7.890992274611082e-10
0.7000000000000001 8.011578267057883e-10
0.705 7.664117986229921e-10
0.71 7.769143028538309e-10
0.715 7.84996806061838e-10
0.72 7.469446957422707e-10
0.725 7.607910586545186e-10
0.73 8.249501115933561e-10
0.735 7.65650276965042e-10
0.74 7.932190873416756e-10
0.745 7.727179492155546e-10
0.75 7.479191920157134e-10
0.755 7.440568341952853e-10
0.76 7.756480352804827e-10
0.765 7.984506317658736e-10
0.77 8.007974848943438e-10
0.775 7.540544040648861e-10
0.78 7.547170223047888e-10
0.785 7.451599016578661e-10
0.79 7.584944635617536e-10
0.795 7.582403026213965e-10
0.8 7.526641870335296e-10
0.805 7.618227971999502e-10
0.81 7.67335654541719e-10
0.8150000000000001 7.49430501603981e-10
0.8200000000000001 7.685140915426015e-10
0.8250000000000001 7.525227023241117e-10
0.8300000000000001 7.304960457752567e-10
0.835 7.640057078912893e-10
0.84 7.391607128942515e-10
0.845 7.912400581652345e-10
0.85 7.284169710649756e-10
0.855 7.427017103771233e-10
0.86 7.143864290918886e-10
0.865 7.396912464749289e-10
0.87 7.539685195362957e-10
0.875 7.368111059306902e-10
0.88 7.507006735132817e-10
0.885 7.525483550516315e-10
0.89 7.208089042710542e-10
0.895 7.104794475549488e-10
0.9 7.125915030445009e-10
0.905 7.213561098466105e-10
0.91 7.435935543852305e-10
0.915 7.274486262240325e-10
0.92 7.687564531507504e-10
0.925 7.178228952768237e-10
0.93 7.196888279658791e-10
0.935 6.898651865341112e-10
0.9400000000000001 7.606028855981538e-10
0.9450000000000001 7.378471887729023e-10
0.9500000000000001 7.510158246385149e-10
0.9550000000000001 7.283935798833538e-10
0.96 7.078955505375499e-10
0.965 7.071355381464687e-10
0.97 7.271109074173346e-10
0.975 7.033127116859659e-10
0.98 7.236561187643528e-10
0.985 7.263807164742323e-10
0.99 7.023111522858975e-10
0.995 7.071727955946072e-10
1.0 7.219635309462523e-10
1.0050000000000001 6.969983605012654e-10
1.01 7.237479217356654e-10
1.0150000000000001 7.03479157786815e-10
1.02 7.267625000581266e-10
1.025 7.24895930705567e-10
1.03 7.225770870180566e-10
1.035 7.09233001946873e-10
1.04 7.288805476651178e-10
1.045 6.904961204403667e-10
1.05 7.130667172227019e-10
1.055 6.853202443113497e-10
1.06 7.157036578058748e-10
1.065 6.987842657997901e-10
1.07 7.284126990509556e-10
1.075 7.4030229424118e-10
1.08 7.130235611047583e-10
1.085 6.800081632002004e-10
1.09 7.127855737953684e-10
1.095 7.319094961471309e-10
1.1 6.943944854687609e-10
1.105 6.831367634669598e-10
1.11 7.271115638123244e-10
1.115 6.826377256442336e-10
1.12 6.88985779609363e-10
1.125 7.127730230812783e-10
1.1300000000000001 6.982693345826671e-10
1.135 6.986089854133467e-10
1.1400000000000001 7.031839033833489e-10
1.145 6.824760772305663e-10
1.1500000000000001 6.817366039873134e-10
1.155 6.949711500407508e-10
1.16 7.137539541876967e-10
1.165 6.87261639864944e-10
1.17 6.920181159739561e-10
1.175 7.170173286688302e-10
1.18 6.897106312292932e-10
1.185 6.932871591822713e-10
1.19 6.880568477566942e-10
1.195 7.181631710893339e-10
1.2 7.10734058983573e-10
1.205 7.004310258639337e-10
1.21 6.984900362965911e-10
1.215 7.101970290882315e-10
1.22 6.938417642687654e-10
1.225 7.051612375374255e-10
1.23 7.002957318312148e-10
1.235 6.984985461439238e-10
1.24 6.910911250929845e-10
1.245 7.073992559071822e-10
1.25 6.970971181786335e-10
1.2550000000000001 6.82577111739193e-10
1.26 6.937711421927786e-10
1.2650000000000001 6.958423799432644e-10
1.27 7.01612053713883e-10
1.2750000000000001 6.983291540866965e-10
1.28 6.67356497393427e-10
1.285 6.853810002308962e-10
1.29 6.766478835085071e-10
1.295 6.865392306265726e-10
1.3 6.898158519313985e-10
1.305 6.843863726045095e-10
1.31 6.779501737867181e-10
1.315 7.195063984536037e-10
1.32 7.25531315639971e-10
1.325 6.850780052173685e-10
1.33 6.988895712154324e-10
1.335 6.973423687246895e-10
1.34 6.951037540461156e-10
1.345 7.091683252301649e-10
1.35 7.002785240736102e-10
1.355 6.83367389691846e-10
1.36 6.948968470865287e-10
1.365 6.743134603361938e-10
1.37 6.875767982055668e-10
1.375 7.087794153762679e-10
1.3800000000000001 7.112341512645204e-10
1.385 6.833535466112992e-10
1.3900000000000001 6.76313887130361e-10
1.395 6.792542807440054e-10
1.4000000000000001 6.980452504443918e-10
1.405 6.982652615730675e-10
1.41 6.96119854257071e-10
1.415 6.627713447490591e-10
1.42 7.010816367258289e-10
1.425 6.798791487131391e-10
1.43 6.809694211132086e-10
1.435 6.847233477271636e-10
1.44 6.780190390001672e-10
1.445 6.648320488168283e-10
1.45 6.697963275804817e-10
1.455 6.721169578992119e-10
1.46 6.871937781430887e-10
1.465 6.806124807793072e-10
1.47 6.924641178981922e-10
1.475 6.755005052664426e-10
1.48 6.732950651312729e-10
1.485 6.819283508433496e-10
1.49 6.742899558582566e-10
1.495 6.801487959432657e-10
1.5 6.894185931421396e-10
1.5050000000000001 6.649147226815658e-10
1.51 6.711067173673202e-10
1.5150000000000001 6.760201695617441e-10
1.52 6.768823196364925e-10
1.5250000000000001 6.892233509991802e-10
1.53 6.788685382883845e-10
1.5350000000000001 6.789345869426878e-10
1.54 6.608482225422486e-10
1.545 6.459546999488286e-10
1.55 6.657323828887834e-10
1.555 6.844969349378709e-10
1.56 7.15550047431799e-10
1.565 6.784712944887773e-10
1.57 6.814806818621014e-10
1.575 6.705837985205036e-10
1.58 6.994470310970786e-10
1.585 6.978876789875168e-10
1.59 6.868084779026319e-10
1.595 6.969671733396169e-10
1.6 6.830786605237068e-10
1.605 6.701993535390304e-10
1.61 6.967927680602992e-10
1.615 6.855159565431359e-10
1.62 6.797322013895011e-10
1.625 6.555342512985707e-10
1.6300000000000001 7.170090518610904e-10
1.635 6.729011539054588e-10
1.6400000000000001 6.732980877902211e-10
1.645 6.566923984229068e-10
1.6500000000000001 6.572844093715822e-10
1.655 6.766211292813379e-10
1.6600000000000001 6.628696258306816e-10
1.665 6.843123490447361e-10
1.67 6.676950769883507e-10
1.675 6.522340521142151e-10
1.68 6.78798841046119e-10
1.685 6.825559092325538e-10
1.69 6.752487414769709e-10
1.695 6.779569168510033e-10
1.7 6.724911047911003e-10
1.705 6.9275023861142e-10
1.71 6.420821259460534e-10
1.715 6.756170606144394e-10
1.72 6.642120377144968e-10
1.725 6.765105019697046e-10
1.73 6.523926960002785e-10
1.735 6.616126864720983e-10
1.74 6.780448305817906e-10
1.745 6.750471545259576e-10
1.75 6.610603119780231e-10
1.7550000000000001 6.549351967014456e-10
1.76 6.699444343678227e-10
1.7650000000000001 6.534354461923625e-10
1.77 6.643009242001262e-10
1.7750000000000001 6.513565609266538e-10
1.78 6.54776061574474e-10
1.7850000000000001 6.52233339768406e-10
1.79 6.904433732833448e-10
1.795 6.656450800580672e-10
1.8 6.687424422695373e-10
1.805 6.758542743714634e-10
1.81 6.709898988588764e-10
1.815 6.637291417943954e-10
1.82 6.676168679779896e-10
1.825 6.517203777107769e-10
1.83 6.750405860690962e-10
1.835 6.491405989265036e-10
1.84 6.657370219420042e-10
1.845 6.577801572274552e-10
1.85 6.607117540244838e-10
1.855 6.515707925239906e-10
1.86 6.673332684421289e-10
1.865 6.640968109945244e-10
1.87 6.838592959777637e-10
1.875 6.701635098739177e-10
1.8800000000000001 6.466948393338238e-10
1.885 6.562871710886583e-10
1.8900000000000001 6.570582242053497e-10
1.895 6.393267105840043e-10
1.9000000000000001 6.489685531564828e-10
1.905 6.354107581638338e-10
1.9100000000000001 6.516802164770015e-10
1.915 6.401135912043386e-10
1.92 6.486241237657896e-10
1.925 6.535049213598281e-10
1.93 6.369516386804262e-10
1.935 6.291999153161551e-10
1.94 6.367797330995926e-10
1.945 6.535267390842102e-10
1.95 6.476973088344203e-10
1.955 6.761942710194282e-10
1.96 6.533363262647455e-10
1.965 6.453122219086457e-10
1.97 6.418015273623106e-10
1.975 6.275861033096173e-10
1.98 6.431940298693463e-10
1.985 6.229817852113889e-10
1.99 6.489789850033652e-10
1.995 6.256864889985524e-10
2.0 6.590752027808765e-10
2.005 6.325234428209623e-10
2.0100000000000002 6.392192847484126e-10
2.015 6.270619024553133e-10
2.02 6.634698438760871e-10
2.025 6.362379153840591e-10
2.0300000000000002 6.503467523261187e-10
2.035 6.356961960773053e-10
2.04 6.251589726668911e-10
2.045 6.214184757462478e-10
2.05 6.395609172875448e-10
2.055 6.52506375427992e-10
2.06 6.319615111554713e-10
2.065 6.422438657212195e-10
2.07 6.510588403455309e-10
2.075 6.331130522129747e-10
2.08 6.347382889296144e-10
2.085 6.535762882343283e-10
2.09 6.340746274803968e-10
2.095 6.413518851226525e-10
2.1 6.385462771560756e-10
2.105 6.250584831394444e-10
2.11 6.248723031996933e-10
2.115 6.218622141228937e-10
2.12 6.45839716240978e-10
2.125 6.389134411495317e-10
2.13 6.533849273128442e-10
2.1350000000000002 6.303737156671574e-10
2.14 6.404191541257114e-10
2.145 6.328032146541118e-10
2.15 6.666398222451906e-10
2.1550000000000002 6.142410844794871e-10
2.16 6.417113609057402e-10
2.165 6.246390202197386e-10
2.17 6.117380865232198e-10
2.1750000000000003 6.263579528920392e-10
2.18 6.380242656189902e-10
2.185 6.214776762968544e-10
2.19 6.306718560790284e-10
2.195 6.19098254892232e-10
2.2 6.193434212233658e-10
2.205 6.177011915070678e-10
2.21 6.191092013212527e-10
2.215 6.186086270582781e-10
2.22 6.121208113874316e-10
2.225 6.323072451224034e-10
2.23 5.855484073575834e-10
2.235 6.093852900473652e-10
2.24 6.156565175536092e-10
2.245 6.056747522472087e-10
2.25 6.163473785556814e-10
2.255 6.211579883941611e-10
2.2600000000000002 6.203513526851464e-10
2.265 6.011782263015504e-10
2.27 6.359203629809158e-10
2.275 6.211633949807165e-10
2.2800000000000002 6.123074780038663e-10
2.285 5.998281938757977e-10
2.29 6.356378733709495e-10
2.295 5.989399943029146e-10
2.3000000000000003 6.262363541422207e-10
2.305 6.373473973945252e-10
2.31 6.201724550280775e-10
2.315 6.220066302551202e-10
2.32 6.277566405716076e-10
2.325 6.227417917678615e-10
2.33 6.164213992858585e-10
2.335 6.184678301061525e-10
2.34 6.017580108817006e-10
2.345 6.088891854686868e-10
2.35 5.922703201688503e-10
2.355 6.088816248943367e-10
2.36 5.920051575345381e-10
2.365 5.938179455575982e-10
2.37 5.728059512507013e-10
2.375 6.224853192985591e-10
2.38 6.203382480059432e-10
2.3850000000000002 5.929435080559182e-10
2.39 6.106384848995163e-10
2.395 5.869686192054959e-10
2.4 6.176584171447443e-10
2.4050000000000002 6.031322712111559e-10
2.41 5.960715379510385e-10
2.415 5.849824351091771e-10
2.42 6.167950160212065e-10
2.4250000000000003 6.031693470838616e-10
2.43 5.76910591510071e-10
2.435 5.90361901778534e-10
2.44 5.898893870236356e-10
2.445 6.166715108551351e-10
2.45 6.077137207908786e-10
2.455 5.784440275138426e-10
2.46 5.773911692432231e-10
2.465 5.8506448392089e-10
2.47 5.690203725617341e-10
2.475 5.898256928495373e-10
2.48 5.753541459175473e-10
2.485 5.846779392885922e-10
2.49 5.793003769483768e-10
2.495 5.795755371782512e-10
2.5 5.648028711429615e-10
2.505 5.895007057806935e-10
2.5100000000000002 5.945288130568864e-10
2.515 6.110367353458608e-10
2.52 5.932932622055928e-10
2.525 5.636926698103079e-10
2.5300000000000002 5.824084965257009e-10
2.535 5.713812213244755e-10
2.54 5.934134446815978e-10
2.545 5.655845823930911e-10
2.5500000000000003 5.75270735936695e-10
2.555 5.508704640621779e-10
2.56 5.720895101363138e-10
2.565 5.816241043393427e-10
2.57 5.889293378603056e-10
2.575 5.794446067222707e-10
2.58 5.665315627307079e-10
2.585 5.85804930022979e-10
2.59 5.830252451088637e-10
2.595 5.89651251966297e-10
2.6 5.791396592932681e-10
2.605 5.700418598332864e-10
2.61 5.708495209423592e-10
2.615 5.567432678292937e-10
2.62 5.679002212921474e-10
2.625 5.735078175134713e-10
2.63 5.485566325832736e-10
2.6350000000000002 5.732785987320852e-10
2.64 5.749863905500055e-10
2.645 5.671691293210037e-10
2.65 5.503775913578621e-10
2.6550000000000002 5.564541965070738e-10
2.66 5.604310750545843e-10
2.665 5.510716923512986e-10
2.67 5.752672566682234e-10
2.6750000000000003 5.522497487791277e-10
2.68 5.516224683799095e-10
2.685 5.805246033450154e-10
2.69 5.482895279634649e-10
2.695 5.471096212754788e-10
2.7 5.579423690605392e-10
2.705 5.732915709267691e-10
2.71 5.493146049832439e-10
2.715 5.407750824884347e-10
2.72 5.36833042827658e-10
2.725 5.575270165814996e-10
2.73 5.445231647427019e-10
2.735 5.361695698287511e-10
2.74 5.418514605267715e-10
2.745 5.537991699045541e-10
2.75 5.539793167453369e-10
2.755 5.472811982617557e-10
2.7600000000000002 5.485738653190559e-10
2.765 5.470899029880226e-10
2.77 5.359020932828929e-10
2.775 5.367459609823746e-10
2.7800000000000002 5.373342976655235e-10
2.785 5.36084150336604e-10
2.79 5.355774967026814e-10
2.795 5.382037233289525e-10
2.8000000000000003 5.46619250832285e-10
2.805 5.264999456695937e-10
2.81 5.319167430097125e-10
2.815 5.17802082976091e-10
2.82 5.401998830508162e-10
2.825 5.308663862774147e-10
2.83 5.223643080465069e-10
2.835 5.370190227163526e-10
2.84 5.208591741573793e-10
2.845 5.557854400868779e-10
2.85 5.238258759197177e-10
2.855 5.200419554900179e-10
2.86 5.189111864806776e-10
2.865 5.235776169102439e-10
2.87 5.268051535896821e-10
2.875 5.307375964424202e-10
2.88 5.284643868089036e-10
2.8850000000000002 5.184821617673309e-10
2.89 5.129294805371079e-10
2.895 5.272672628911265e-10
2.9 4.960925699701066e-10
2.9050000000000002 5.315193394774415e-10
2.91 5.187877428218997e-10
2.915 5.156072813422474e-10
2.92 4.90419015110244e-10
2.9250000000000003 4.876017514217316e-10
2.93 4.99593016418513e-10
2.935 5.281480050515602e-10
2.94 5.015076849227706e-10
2.945 5.202375988037756e-10
2.95 5.114180229177685e-10
2.955 5.212765558227887e-10
2.96 5.219911212119306e-10
2.965 4.949810425733399e-10
2.97 4.91253283128088e-10
2.975 5.103201215020217e-10
2.98 5.219674633383049e-10
2.985 4.938580991875554e-10
2.99 5.022520906971861e-10
2.995 4.956073348758122e-10
3.0 4.904735379532799e-10
3.005 4.88871444669993e-10
3.0100000000000002 4.979473560251374e-10
3.015 4.962828386787582e-10
3.02 4.946853071064958e-10
3.025 4.899886222144878e-10
3.0300000000000002 5.046605223428287e-10
3.035 5.011690399427639e-10
3.04 4.712776385667773e-10
3.045 5.019676426063937e-10
3.0500000000000003 5.126151365815684e-10
3.055 4.888033224180784e-10
3.06 4.930562556771804e-10
3.065 4.865668803398835e-10
3.0700000000000003 4.879960342510448e-10
3.075 5.054831808993395e-10
3.08 4.822004009221512e-10
3.085 4.679981838163939e-10
3.09 4.910006123955212e-10
3.095 4.677503019836221e-10
3.1 4.965772792560477e-10
3.105 5.043496035316986e-10
3.11 4.838952464513174e-10
3.115 4.857267346779161e-10
3.12 4.780600323263473e-10
3.125 4.726006849541594e-10
3.13 4.720672726269342e-10
3.1350000000000002 4.771545471944079e-10
3.14 4.995781188456157e-10
3.145 4.664918807005758e-10
3.15 4.814085939906771e-10
3.1550000000000002 4.717608796479699e-10
3.16 4.687769138567941e-10
3.165 4.696657917189818e-10
3.17 4.816183125732302e-10
3.1750000000000003 4.566315525968385e-10
3.18 4.6056774649047904e-10
3.185 4.449646686050305e-10
3.19 4.56844375224173e-10
3.1950000000000003 4.927027597900517e-10
3.2 4.6361685195211117e-10
3.205 4.68723211033615e-10
3.21 4.5799731018945283e-10
3.215 4.687665409688452e-10
3.22 4.719973331011039e-10
3.225 4.4855401913379847e-10
3.23 4.501377465527298e-10
3.235 4.5965103808769293e-10
3.24 4.68117868274505e-10
3.245 4.4427433616507245e-10
3.25 4.5924332325453686e-10
3.255 4.4374356256742464e-10
3.2600000000000002 4.496496717307331e-10
3.265 4.5381571437343315e-10
3.27 4.492756067973687e-10
3.275 4.571975646670379e-10
3.2800000000000002 4.614638052822664e-10
3.285 4.47516107684738e-10
3.29 4.459572464476703e-10
3.295 4.407404743069849e-10
3.3000000000000003 4.4708752872599355e-10
3.305 4.492286100445466e-10
3.31 4.706544648790357e-10
3.315 4.4255896021217306e-10
3.3200000000000003 4.3030093955979237e-10
3.325 4.3134012515744765e-10
3.33 4.3242572328956333e-10
3.335 4.37094793985491e-10
3.34 4.412094551572677e-10
3.345 4.1838816849097147e-10
3.35 4.4013121546371445e-10
3.355 4.6256205200400523e-10
3.36 4.4802105479238037e-10
3.365 4.3578005806651725e-10
3.37 4.319273708780836e-10
3.375 4.285566135364689e-10
3.38 4.2982063858248646e-10
3.3850000000000002 4.1992114021257006e-10
3.39 4.2255373989877415e-10
3.395 4.4599169613717025e-10
3.4 4.1890661904671807e-10
3.4050000000000002 4.423905099939293e-10
3.41 4.412550148824048e-10
3.415 4.241102733320456e-10
3.42 4.4219750463557786e-10
3.4250000000000003 4.2793998020871353e-10
3.43 4.2896060404278793e-10
3.435 4.3169475816293913e-10
3.44 4.2574346996212916e-10
3.4450000000000003 4.2064338422908834e-10
3.45 4.2940476613465385e-10
3.455 4.1746342494885566e-10
3.46 4.131071678772641e-10
3.465 4.114294703073931e-10
3.47 4.010323182801657e-10
3.475 4.077384102687047e-10
3.48 4.102075630167379e-10
3.485 4.032031993666095e-10
3.49 4.2352708753325787e-10
3.495 4.2809243609260044e-10
3.5 4.2430263511645227e-10
3.505 4.18336623955397e-10
3.5100000000000002 4.061787273130952e-10
3.515 4.090229811306331e-10
3.52 4.0440921879466895e-10
3.525 4.179509288880202e-10
3.5300000000000002 4.0582289453915206e-10
3.535 4.2725293770564403e-10
3.54 4.1462157339888806e-10
3.545 4.0655115583514355e-10
3.5500000000000003 3.968388563949265e-10
3.555 4.068553834616568e-10
3.56 3.970471759524717e-10
3.565 4.2269445201606827e-10
3.5700000000000003 3.9684887706545715e-10
3.575 4.007688938714264e-10
3.58 3.861657695916218e-10
3.585 4.0050185821920456e-10
3.59 3.9277647933574874e-10
3.595 3.8259984509815065e-10
3.6 3.8846402325252705e-10
3.605 3.817474636875692e-10
3.61 3.965077860683003e-10
3.615 3.9336142245407437e-10
3.62 4.0131406591907e-10
3.625 3.893268483732963e-10
3.63 4.072554562765332e-10
3.6350000000000002 3.88231278767443e-10
3.64 3.8329678105572574e-10
3.645 3.7723445842717124e-10
3.65 3.9928945000534664e-10
3.6550000000000002 3.749633454580781e-10
3.66 4.0839067197881347e-10
3.665 3.814015973558753e-10
3.67 3.8724669506375463e-10
3.6750000000000003 3.675399054585272e-10
3.68 3.7845039884304026e-10
3.685 3.8728402179670014e-10
3.69 3.8182270560067895e-10
3.6950000000000003 3.73482569047565e-10
3.7 3.6133611283683453e-10
3.705 3.7590577756574603e-10
3.71 3.466155817220528e-10
3.715 3.577826986741881e-10
3.72 3.8444640507128365e-10
3.725 3.6622062802967524e-10
3.73 3.7446916589625873e-10
3.735 3.699473590783192e-10
3.74 3.772524516186618e-10
3.745 3.6199651314451366e-10
3.75 3.473127117188958e-10
3.755 3.606319261639715e-10
3.7600000000000002 3.555344051222368e-10
3.765 3.7392838397746995e-10
3.77 3.647030361793867e-10
3.775 3.6181672737866186e-10
3.7800000000000002 3.70277497260977e-10
3.785 3.4602184399627134e-10
3.79 3.4568415750764155e-10
3.795 3.5486736015244506e-10
3.8000000000000003 3.4257776249169364e-10
3.805 3.5180046589925696e-10
3.81 3.6091111628978613e-10
3.815 3.4688267628749506e-10
3.8200000000000003 3.6452507980723904e-10
3.825 3.4904278172660174e-10
3.83 3.497084874081268e-10
3.835 3.415794364838808e-10
3.84 3.447626996351023e-10
3.845 3.4727140880607946e-10
3.85 3.536880412868183e-10
3.855 3.650535360691581e-10
3.86 3.451396226019781e-10
3.865 3.40915320329505e-10
3.87 3.46976044182098e-10
3.875 3.3902575832556987e-10
3.88 3.2509187149315827e-10
3.8850000000000002 3.6179718470153995e-10
3.89 3.5116863361704625e-10
3.895 3.4427538310655565e-10
3.9 3.394477863239185e-10
3.9050000000000002 3.303102396793654e-10
3.91 3.427236788446657e-10
3.915 3.2973348097972756e-10
3.92 3.49785593572231e-10
3.9250000000000003 3.413847168027556e-10
3.93 3.2738360713097007e-10
3.935 3.2331757062189807e-10
3.94 3.3499540884525623e-10
3.9450000000000003 3.262249980711118e-10
3.95 3.5281049846358635e-10
3.955 3.4058573682957967e-10
3.96 3.2827199280916623e-10
3.9650000000000003 3.5248387136522555e-10
3.97 3.468304430060578e-10
3.975 3.1853744913054537e-10
3.98 3.326183157870074e-10
3.985 3.223026222420767e-10
3.99 3.2230779618650823e-10
3.995 3.1762142264896733e-10
4.0 3.2737191350036976e-10
4.005 3.3884383135410143e-10
4.01 3.330909164788203e-10
4.015 3.165210788818412e-10
4.0200000000000005 3.258441405071984e-10
4.025 3.158577893758253e-10
4.03 3.118790649165983e-10
4.035 3.169312192861308e-10
4.04 3.18927207579851e-10
4.045 3.0376221623995453e-10
4.05 3.195115722925149e-10
4.055 3.261060325400089e-10
4.0600000000000005 3.1159136201247885e-10
4.065 3.224037360559555e-10
4.07 3.292694038272456e-10
4.075 3.1415202890211413e-10
4.08 3.103989931845864e-10
4.085 3.111073129414559e-10
4.09 3.152583765281648e-10
4.095 3.1313899707730786e-10
4.1 3.182105428415268e-10
4.105 3.098385263292173e-10
4.11 2.962591253296083e-10
4.115 3.022117053145719e-10
4.12 3.1916147140902565e-10
4.125 2.991311212025224e-10
4.13 3.156018847836468e-10
4.135 3.088352908116088e-10
4.14 2.8879578791088726e-10
4.1450000000000005 2.9420760553543757e-10
4.15 2.9864133221225567e-10
4.155 3.201459218083438e-10
4.16 3.1115047636487216e-10
4.165 2.978718062308751e-10
4.17 2.950649492730129e-10
4.175 3.0451352371607533e-10
4.18 3.1259190154371474e-10
4.1850000000000005 2.9714888138287685e-10
4.19 2.956704910640512e-10
4.195 2.9424193081619826e-10
4.2 2.895654599553702e-10
4.205 2.9749342428143516e-10
4.21 3.008757066892125e-10
4.215 2.9970819851981126e-10
4.22 3.0078707974714135e-10
4.225 3.140047218078499e-10
4.23 2.824437227324554e-10
4.235 3.137190746849316e-10
4.24 2.8947932726898497e-10
4.245 3.0168023291995085e-10
4.25 3.0126700257531125e-10
4.255 2.8263359285854316e-10
4.26 2.903144870950439e-10
4.265 2.829640922979053e-10
4.2700000000000005 3.021158189188678e-10
4.275 3.008991230574304e-10
4.28 2.867925882472637e-10
4.285 2.914661051255889e-10
4.29 2.887139509430229e-10
4.295 2.9021351402869854e-10
4.3 2.9863389214082505e-10
4.305 2.871740204764152e-10
4.3100000000000005 2.811347087102399e-10
4.315 2.81110359035119e-10
4.32 2.912124652434726e-10
4.325 2.8476657377466875e-10
4.33 2.76545306154768e-10
4.335 2.734072964651771e-10
4.34 2.7884373893853294e-10
4.345 2.71738958956871e-10
4.3500000000000005 2.7985334532060624e-10
4.355 2.658661844726379e-10
4.36 2.7726499287081694e-10
4.365 2.6788791002313923e-10
4.37 2.6030525824272575e-10
4.375 2.625956739819472e-10
4.38 2.6365190530122994e-10
4.385 2.5132456176061843e-10
4.39 2.599934116189118e-10
4.3950000000000005 2.8141685848456833e-10
4.4 2.534889957819716e-10
4.405 2.706828236686626e-10
4.41 2.768724362312901e-10
4.415 2.8647118774400454e-10
4.42 2.760033013872628e-10
4.425 2.7496776867737323e-10
4.43 2.6945218795492613e-10
4.4350000000000005 2.6101900621032375e-10
4.44 2.670129183393243e-10
4.445 2.6274208222563483e-10
4.45 2.625989293775592e-10
4.455 2.6716873935073466e-10
4.46 2.642492948830615e-10
4.465 2.576606611024541e-10
4.47 2.652316660499097e-10
4.4750000000000005 2.64079790842986e-10
4.48 2.6471466255969643e-10
4.485 2.724941550338543e-10
4.49 2.6638478793623685e-10
4.495 2.594225524510515e-10
4.5 2.5394977301535255e-10
4.505 2.6998593445321227e-10
4.51 2.4946591155663526e-10
4.515 2.4956772596343364e-10
4.5200000000000005 2.601424155548929e-10
4.525 2.5742408227974467e-10
4.53 2.5452587964731624e-10
4.535 2.5788501577853536e-10
4.54 2.5711048236548723e-10
4.545 2.5968220864158233e-10
4.55 2.421859948181303e-10
4.555 2.646646400483752e-10
4.5600000000000005 2.568491964432834e-10
4.565 2.420700444936649e-10
4.57 2.450224393354984e-10
4.575 2.485835527862063e-10
4.58 2.6021226666591816e-10
4.585 2.5352465011909793e-10
4.59 2.4636311337252456e-10
4.595 2.4514083046222426e-10
4.6000000000000005 2.409915892741222e-10
4.605 2.3683486431815917e-10
4.61 2.455147943088475e-10
4.615 2.492933850456281e-10
4.62 2.425148491722369e-10
4.625 2.488799039308297e-10
4.63 2.4706290945801494e-10
4.635 2.438143993593866e-10
4.64 2.375101129812898e-10
4.6450000000000005 2.3726940564757234e-10
4.65 2.481203972493416e-10
4.655 2.337655229941874e-10
4.66 2.2527238253899436e-10
4.665 2.5086096051988114e-10
4.67 2.418576631477488e-10
4.675 2.4205041737082045e-10
4.68 2.323849888064354e-10
4.6850000000000005 2.244232624810405e-10
4.69 2.3223847493860378e-10
4.695 2.3358607495361234e-10
4.7 2.335891435065742e-10
4.705 2.4160117174795486e-10
4.71 2.4364544402325697e-10
4.715 2.3224610232560645e-10
4.72 2.4527337571678644e-10
4.7250000000000005 2.537284381956582e-10
4.73 2.3170169012336853e-10
4.735 2.301315788301883e-10
4.74 2.332610262376861e-10
4.745 2.3788041891466016e-10
4.75 2.1995603746963687e-10
4.755 2.2117292476017343e-10
4.76 2.2790805350597387e-10
4.765 2.346014215884767e-10
4.7700000000000005 2.2543339904069694e-10
4.775 2.1809274046812705e-10
4.78 2.3066409401078502e-10
4.785 2.2693808798966045e-10
4.79 2.2474638272886928e-10
4.795 2.431825070409538e-10
4.8 2.239947014412183e-10
4.805 2.214518685091188e-10
4.8100000000000005 2.1834529536714934e-10
4.815 2.2052398891389624e-10
4.82 2.371360179963328e-10
4.825 2.1146044815595838e-10
4.83 2.2142319709911588e-10
4.835 2.4418851144120453e-10
4.84 2.2770910864520756e-10
4.845 2.2639497615394424e-10
4.8500000000000005 2.3114399985127264e-10
4.855 2.154199395828388e-10
4.86 2.2814289503936273e-10
4.865 2.1833849146119572e-10
4.87 2.190466311665076e-10
4.875 2.2171054526033868e-10
4.88 2.0996497266270378e-10
4.885 2.1135616964574052e-10
4.89 2.0419027437772105e-10
4.8950000000000005 2.252342433268823e-10
4.9 2.1378960662122273e-10
4.905 2.040951853232322e-10
4.91 2.1922020456332782e-10
4.915 2.048640152472086e-10
4.92 2.0816981144298212e-10
4.925 2.1417757750017383e-10
4.93 1.989128044724329e-10
4.9350000000000005 2.172798331350786e-10
4.94 2.157116112438442e-10
4.945 2.0413000296943504e-10
4.95 2.109654755661599e-10
4.955 2.0213945659781215e-10
4.96 2.0162579101045878e-10
4.965 2.041953669787672e-10
4.97 1.9827255798892787e-10
4.9750000000000005 2.1634128423736024e-10
4.98 2.277783757915926e-10
4.985 2.0680661580969673e-10
4.99 2.0723566900663637e-10
4.995 2.0473126718552414e-10
5.0 2.0436615414152112e-10
5.005 2.081372737602965e-10
5.01 1.9941553915139642e-10
5.015 2.0185666039736144e-10
5.0200000000000005 1.945823684251606e-10
5.025 1.9945817140369357e-10
5.03 1.904923784109416e-10
5.035 1.898708875566471e-10
5.04 2.0103482097651868e-10
5.045 2.0784633468760937e-10
5.05 1.9610340290692445e-10
5.055 2.0595181459694807e-10
5.0600000000000005 1.984830768880013e-10
5.065 1.9694591860855167e-10
5.07 1.9590748727524844e-10
5.075 1.9506144304377482e-10
5.08 1.8956899141352474e-10
5.085 2.0348556202867835e-10
5.09 1.83695746323911e-10
5.095 1.8860954161563664e-10
5.1000000000000005 2.016914494252001e-10
5.105 1.8649430073306855e-10
5.11 1.8918560298175293e-10
5.115 1.9353866260596843e-10
5.12 1.9361866496325576e-10
5.125 1.933679251905396e-10
5.13 1.8485705274721564e-10
5.135 1.7640323728386637e-10
5.14 1.829120173156146e-10
5.1450000000000005 1.946629849501731e-10
5.15 1.991559559176487e-10
5.155 1.919791724751871e-10
5.16 1.8442525092746868e-10
5.165 1.7386833968983443e-10
5.17 1.9435438846349931e-10
5.175 1.6781430087178647e-10
5.18 1.800633137352941e-10
5.1850000000000005 1.8239321249188778e-10
5.19 1.8222752218086178e-10
5.195 1.8249092270707653e-10
5.2 1.8258761791873862e-10
5.205 1.827968776985828e-10
5.21 1.909846549663703e-10
5.215 1.7047295439684659e-10
5.22 1.9870380481579454e-10
5.2250000000000005 1.8369014793889092e-10
5.23 1.88648764392381e-10
5.235 1.855005803831916e-10
5.24 1.7311308945264753e-10
5.245 1.767452431863449e-10
5.25 1.701408385475344e-10
5.255 1.869822562261678e-10
5.26 1.6641735343929877e-10
5.265 1.8424195380144375e-10
5.2700000000000005 1.893950541374064e-10
5.275 1.6856423710429853e-10
5.28 1.6963136607129202e-10
5.285 1.7835909463514544e-10
5.29 1.7370488962416532e-10
5.295 1.803429593626557e-10
5.3 1.675681844460079e-10
5.305 1.6978478907195574e-10
5.3100000000000005 1.841183860562117e-10
5.315 1.8633314559111111e-10
5.32 1.606756416623097e-10
5.325 1.7738592013345465e-10
5.33 1.702826990260045e-10
5.335 1.8688593552354324e-10
5.34 1.604620034119339e-10
5.345 1.8730660932187345e-10
5.3500000000000005 1.8424618523862475e-10
5.355 1.6521861879185448e-10
5.36 1.7076220852487453e-10
5.365 1.6540544299927486e-10
5.37 1.6918469798930734e-10
5.375 1.7349326345088865e-10
5.38 1.6520624929424628e-10
5.385 1.760256946409406e-10
5.39 1.675237328266248e-10
5.3950000000000005 1.693152352391089e-10
5.4 1.635526189361459e-10
5.405 1.6201394442812417e-10
5.41 1.6610939548999814e-10
5.415 1.6647612976226065e-10
5.42 1.681909278604559e-10
5.425 1.7514545851144385e-10
5.43 1.5826815275025742e-10
5.4350000000000005 1.6752843433915825e-10
5.44 1.7707556909041057e-10
5.445 1.5385292198235845e-10
5.45 1.6584191171422992e-10
5.455 1.7215757309017346e-10
5.46 1.5005171855734355e-10
5.465 1.698422515165637e-10
5.47 1.5531660288607874e-10
5.4750000000000005 1.6525843965519249e-10
5.48 1.5591690796534156e-10
5.485 1.5469520331807708e-10
5.49 1.6488344618554299e-10
5.495 1.5381159810876364e-10
5.5 1.518983472234931e-10
5.505 1.6171511003251489e-10
5.51 1.781956853879753e-10
5.515 1.6434954818942416e-10
5.5200000000000005 1.7423957932877406e-10
5.525 1.4889718422157532e-10
5.53 1.61789639483966e-10
5.535 1.5478979346185549e-10
5.54 1.5526495071843044e-10
5.545 1.551282879222882e-10
5.55 1.6311947896626508e-10
5.555 1.4992137333353194e-10
5.5600000000000005 1.4599209143316812e-10
5.565 1.5787218081741938e-10
5.57 1.4982978998832536e-10
5.575 1.5571041681757276e-10
5.58 1.6042556269130016e-10
5.585 1.4895378104645657e-10
5.59 1.6117125338359497e-10
5.595 1.5723202681235857e-10
5.6000000000000005 1.4706037852937125e-10
5.605 1.4660957284912066e-10
5.61 1.4533623845070337e-10
5.615 1.518135319806269e-10
5.62 1.5623336193887125e-10
5.625 1.3941076815062263e-10
5.63 1.4895673988600965e-10
5.635 1.706594661671645e-10
5.64 1.5237156092341755e-10
5.6450000000000005 1.436823637785093e-10
5.65 1.5853584570268807e-10
5.655 1.5991534655257308e-10
5.66 1.513796709716076e-10
5.665 1.5204903455055258e-10
5.67 1.37084425333054e-10
5.675 1.574994182893681e-10
5.68 1.3697029396221834e-10
5.6850000000000005 1.4818446472495923e-10
5.69 1.4610635123260367e-10
5.695 1.4342419212342814e-10
5.7 1.2521434885994935e-10
5.705 1.398251930158351e-10
5.71 1.423791568429179e-10
5.715 1.4914652551021514e-10
5.72 1.398306740789893e-10
5.7250000000000005 1.517332273575099e-10
5.73 1.5112620933245622e-10
5.735 1.485332071258068e-10
5.74 1.398861822962722e-10
5.745 1.315591230134602e-10
5.75 1.3192300910989616e-10
5.755 1.4515399069334284e-10
5.76 1.4396059843504694e-10
5.765 1.3927406359396322e-10
5.7700000000000005 1.3933628127629774e-10
5.775 1.4305902001689123e-10
5.78 1.463028370721809e-10
5.785 1.3336078895117264e-10
5.79 1.5109814639347625e-10
5.795 1.4438148094817033e-10
5.8 1.4190219046279078e-10
5.805 1.3261483249518598e-10
5.8100000000000005 1.3720460251173814e-10
5.815 1.3818679195742574e-10
5.82 1.3391428809400334e-10
5.825 1.4734763882518748e-10
5.83 1.4555258808242888e-10
5.835 1.365397036577997e-10
5.84 1.4260125099953043e-10
5.845 1.2700596260819514e-10
5.8500000000000005 1.2427864436223612e-10
5.855 1.3968397390380749e-10
5.86 1.5092054184657766e-10
5.865 1.4203004572133207e-10
5.87 1.3685822477985158e-10
5.875 1.3430989728718794e-10
5.88 1.2285202943475248e-10
5.885 1.354134944182097e-10
5.89 1.2417677393528903e-10
5.8950000000000005 1.5354776229203722e-10
5.9 1.3302307082812163e-10
5.905 1.3691454055226877e-10
5.91 1.339565128091491e-10
5.915 1.3469802439595113e-10
5.92 1.3645261548960758e-10
5.925 1.3653549216422628e-10
5.93 1.2658407690489166e-10
5.9350000000000005 1.2513000049663126e-10
5.94 1.3517095483117797e-10
5.945 1.2619212451521512e-10
5.95 1.2347093790795995e-10
5.955 1.2083842681928045e-10
5.96 1.2600079431568018e-10
5.965 1.293623310723286e-10
5.97 1.2423561037399786e-10
5.9750000000000005 1.2234238708923346e-10
5.98 1.2651189898116556e-10
5.985 1.2709871271541963e-10
5.99 1.2115363702964532e-10
5.995 1.2424276847985815e-10
6.0 1.170991563439218e-10
6.005 1.2752842541635264e-10
6.01 1.2268682682186495e-10
6.015000000000001 1.2443572560286478e-10
6.0200000000000005 1.2014593450945137e-10
6.025 1.233240059243658e-10
6.03 1.2953501905114755e-10
6.035 1.2704966186471726e-10
6.04 1.3141791827979146e-10
6.045 1.188643836845642e-10
6.05 1.1937337108951473e-10
6.055 1.2154665577732036e-10
6.0600000000000005 1.2103655070976942e-10
6.065 1.212044110408522e-10
6.07 1.191607277352845e-10
6.075 1.291934830781811e-10
6.08 1.2243962116073096e-10
6.085 1.2320736736453686e-10
6.09 1.1959886953454088e-10
6.095 1.1954147270593615e-10
6.1000000000000005 1.208758996795775e-10
6.105 1.2125270635118787e-10
6.11 1.333646854233377e-10
6.115 1.1752027005304884e-10
6.12 1.1648586557162824e-10
6.125 1.0856185682085491e-10
6.13 1.1110718193640403e-10
6.135 1.210695957340336e-10
6.140000000000001 1.217309891231581e-10
6.1450000000000005 1.105738834952442e-10
6.15 1.1593899742473388e-10
6.155 1.2183181850316744e-10
6.16 1.1442773329829246e-10
6.165 1.0923100262255871e-10
6.17 1.1479894684573622e-10
6.175 1.1293181967127143e-10
6.18 1.2537417065977277e-10
6.1850000000000005 1.0968504464895365e-10
6.19 1.119316002838361e-10
6.195 1.0869925909990508e-10
6.2 1.174752879053159e-10
6.205 1.0986894245297667e-10
6.21 1.1720910904246766e-10
6.215 1.2383015215428685e-10
6.22 1.1175598803268566e-10
6.2250000000000005 1.132213643541404e-10
6.23 1.1441994435729613e-10
6.235 1.1913578374285952e-10
6.24 1.0855442036638054e-10
6.245 1.1983704762537525e-10
6.25 1.0957438373892006e-10
6.255 1.0601612815450643e-10
6.26 1.0529281302567074e-10
6.265000000000001 9.606936412421942e-11
6.2700000000000005 1.0872979502875001e-10
6.275 1.1632332973087327e-10
6.28 1.1915060576613407e-10
6.285 1.0682438304574681e-10
6.29 1.0026123319983774e-10
6.295 9.760380477792238e-11
6.3 1.0646661334108309e-10
6.305 1.127979979187938e-10
6.3100000000000005 1.0599498523121721e-10
6.315 1.0326194938257248e-10
6.32 1.1207998881844245e-10
6.325 1.2091675177260026e-10
6.33 9.788892755055021e-11
6.335 1.0974429277910311e-10
6.34 1.176103363410256e-10
6.345 1.0943724177281467e-10
6.3500000000000005 1.0892781181414267e-10
6.355 1.0547890807677696e-10
6.36 1.0138232737844905e-10
6.365 1.0860676757212681e-10
6.37 1.0421805761829749e-10
6.375 1.0856027340542241e-10
6.38 1.0866175091073661e-10
6.385 9.73893206447376e-11
6.390000000000001 1.0319113696088944e-10
6.3950000000000005 1.0110842791853108e-10
6.4 1.1305902615474793e-10
6.405 9.57462055911595e-11
6.41 1.0220289709762677e-10
6.415 1.00027039542476e-10
6.42 1.0406902873658635e-10
6.425 1.0251834481721614e-10
6.43 1.1421840423710484e-10
6.4350000000000005 1.1356488949473573e-10
6.44 1.08652889842209e-10
6.445 1.027870346094115e-10
6.45 9.871778136186632e-11
6.455 1.0629019319059503e-10
6.46 9.763488152733476e-11
6.465 1.0082228276981479e-10
6.47 9.974094669170703e-11
6.4750000000000005 1.0451106860200998e-10
6.48 1.0035357793067351e-10
6.485 1.029693826280897e-10
6.49 1.0590674885162085e-10
6.495 9.826715922638624e-11
6.5 1.0545642707774874e-10
6.505 1.0205333410443114e-10
6.51 1.0531190055854579e-10
6.515000000000001 1.0309229721943921e-10
6.5200000000000005 9.470237109713268e-11
6.525 9.468275159448793e-11
6.53 9.002862386895128e-11
6.535 9.62962008032592e-11
6.54 9.850263183328604e-11
6.545 9.078092815118843e-11
6.55 9.489464283922903e-11
6.555 9.133313421154292e-11
6.5600000000000005 9.847063158076191e-11
6.565 9.221991248450062e-11
6.57 9.220361233927505e-11
6.575 9.948109488426287e-11
6.58 9.7848557963238e-11
6.585 9.479135381299258e-11
6.59 8.394925433954724e-11
6.595 9.913312829397222e-11
6.6000000000000005 9.953981348330565e-11
6.605 9.57096114541679e-11
6.61 1.0034915995243006e-10
6.615 9.789356023568902e-11
6.62 9.205105338240728e-11
6.625 9.902610394953476e-11
6.63 9.4226608403041e-11
6.635 9.757533154539632e-11
6.640000000000001 9.453169697458133e-11
6.6450000000000005 8.906595357942892e-11
6.65 8.219279462643944e-11
6.655 9.120183778664293e-11
6.66 8.819659616333571e-11
6.665 9.512348641666287e-11
6.67 8.699195417443876e-11
6.675 8.101725527976952e-11
6.68 9.252604415139426e-11
6.6850000000000005 8.946186606093852e-11
6.69 9.186424047064268e-11
6.695 8.544927571597948e-11
6.7 8.395616314147067e-11
6.705 8.262495191698539e-11
6.71 9.108023415968824e-11
6.715 9.048374128371979e-11
6.72 8.285174502175186e-11
6.7250000000000005 9.788652181795438e-11
6.73 8.542473626287651e-11
6.735 8.795484619379465e-11
6.74 8.045700264773951e-11
6.745 8.054316934537504e-11
6.75 8.450067852529562e-11
6.755 9.457326719546527e-11
6.76 9.16830582524334e-11
6.765000000000001 8.823482108559852e-11
6.7700000000000005 7.78174851021792e-11
6.775 8.251096595412019e-11
6.78 8.778134680822304e-11
6.785 8.86621765692281e-11
6.79 8.869106729001968e-11
6.795 8.568975367193847e-11
6.8 8.496986877616694e-11
6.805 9.293089831980859e-11
6.8100000000000005 8.418350574496367e-11
6.815 9.175520979831883e-11
6.82 8.493521479048384e-11
6.825 8.165272938538338e-11
6.83 8.742780096558609e-11
6.835 8.472936265115788e-11
6.84 8.813035243172688e-11
6.845 9.02172161577301e-11
6.8500000000000005 8.379425357151286e-11
6.855 8.077328011405289e-11
6.86 8.701218657313247e-11
6.865 7.539019067577923e-11
6.87 7.998702032908612e-11
6.875 7.919249973209938e-11
6.88 9.478288291118118e-11
6.885 8.909879910171251e-11
6.890000000000001 7.794820629009375e-11
6.8950000000000005 8.131007011157771e-11
6.9 8.584294387619742e-11
6.905 7.645600761371239e-11
6.91 7.443336773393573e-11
6.915 9.154492988493395e-11
6.92 7.785861535731071e-11
6.925 8.383507187569311e-11
6.93 1.0746688271066446e-10
6.9350000000000005 8.24602156989271e-11
6.94 7.966630691011349e-11
6.945 9.035347447626506e-11
6.95 8.442645691795991e-11
6.955 8.093381262368835e-11
6.96 8.216243643983123e-11
6.965 7.584260026543415e-11
6.97 8.030125889355114e-11
6.9750000000000005 7.397767328425483e-11
6.98 8.489041763479681e-11
6.985 7.747524502664473e-11
6.99 7.464793475132039e-11
6.995 8.178246987230011e-11
7.0 7.887177283529502e-11
7.005 7.765304325319805e-11
7.01 8.514458156828796e-11
7.015000000000001 7.454699341893147e-11
7.0200000000000005 7.949526612836143e-11
7.025 7.399626736185317e-11
7.03 7.209360403302435e-11
7.035 7.884971815739132e-11
7.04 7.380296631863425e-11
7.045 7.710917439317276e-11
7.05 8.321201501659155e-11
7.055 7.366199120383045e-11
7.0600000000000005 7.008740932415857e-11
7.065 6.893958115250674e-11
7.07 6.902887339591153e-11
7.075 8.68145464108637e-11
7.08 7.497179924678453e-11
7.085 7.776903566611888e-11
7.09 6.966466128856354e-11
7.095 6.637682815129677e-11
7.1000000000000005 7.606616331762558e-11
7.105 9.090216165280729e-11
7.11 7.545674181360141e-11
7.115 6.667413283297872e-11
7.12 6.617833111220817e-11
7.125 7.85452602867527e-11
7.13 7.273471620231809e-11
7.135 7.80107845613571e-11
7.140000000000001 7.741349492507783e-11
7.1450000000000005 7.869768739008801e-11
7.15 6.762646341330008e-11
7.155 6.651467614005095e-11
7.16 7.790642078310098e-11
7.165 6.657711601670065e-11
7.17 7.160782345217921e-11
7.175 7.558902980679881e-11
7.18 7.775687471376016e-11
7.1850000000000005 6.602663588912842e-11
7.19 7.500767016644581e-11
7.195 6.408504564804312e-11
7.2 6.947360966514764e-11
7.205 7.007868180100902e-11
7.21 8.228084207269805e-11
7.215 6.580187317186954e-11
7.22 7.533618642358897e-11
7.2250000000000005 7.011620389298314e-11
7.23 7.301820203246566e-11
7.235 5.45321309709657e-11
7.24 6.527707584440452e-11
7.245 6.379420123397699e-11
7.25 6.351975288472346e-11
7.255 7.846277849328182e-11
7.26 7.424003678613702e-11
7.265000000000001 6.630750873856423e-11
7.2700000000000005 6.20908826949668e-11
7.275 7.630692844614058e-11
7.28 6.128125825439627e-11
7.285 6.770848400500848e-11
7.29 7.200342258464992e-11
7.295 6.934078292955241e-11
7.3 7.460164732361847e-11
7.305 7.513871250422353e-11
7.3100000000000005 6.225682229825821e-11
7.315 7.369686155259122e-11
7.32 6.81205239732453e-11
7.325 7.084707268771837e-11
7.33 6.326243334260293e-11
7.335 6.572792927640968e-11
7.34 6.180752438629767e-11
7.345 7.347008849593167e-11
7.3500000000000005 6.27991598207149e-11
7.355 6.25350092038476e-11
7.36 6.608616801975086e-11
7.365 7.002000199546724e-11
7.37 6.622275237469738e-11
7.375 6.286165197912391e-11
7.38 6.026158849467025e-11
7.385 6.600031838470738e-11
7.390000000000001 7.43111986424608e-11
7.3950000000000005 6.502922061912769e-11
7.4 6.152317870395938e-11
7.405 5.526727001429863e-11
7.41 6.240123228421701e-11
7.415 6.797701461549836e-11
7.42 6.122057285863598e-11
7.425 6.031562387810597e-11
7.43 6.06424580442988e-11
7.4350000000000005 6.986675217192706e-11
7.44 7.027042650031618e-11
7.445 8.210859056249134e-11
7.45 6.638758367647112e-11
7.455 6.425513144959321e-11
7.46 7.614625684715819e-11
7.465 5.5915766089463904e-11
7.47 5.804138305148048e-11
7.4750000000000005 5.5435751785222904e-11
7.48 7.633384109826352e-11
7.485 5.5031915387961605e-11
7.49 6.570485426431408e-11
7.495 6.853114436237053e-11
7.5 6.082720536655221e-11
7.505 6.966657572292947e-11
7.51 6.381227854819991e-11
7.515000000000001 5.334986574333878e-11
7.5200000000000005 5.839633538008349e-11
7.525 5.405552309723764e-11
7.53 5.980043213724134e-11
7.535 5.609593694750288e-11
7.54 4.946661184327639e-11
7.545 5.780534848539606e-11
7.55 5.512602213723493e-11
7.555 6.336112973291577e-11
7.5600000000000005 7.868324108016163e-11
7.565 5.622836630255832e-11
7.57 5.888919660183085e-11
7.575 5.884256237758953e-11
7.58 5.659599928868048e-11
7.585 5.468435186672348e-11
7.59 5.672201958507164e-11
7.595 5.4216272006541274e-11
7.6000000000000005 6.062611926887458e-11
7.605 5.7644032910842237e-11
7.61 5.639910355727741e-11
7.615 5.675325363449974e-11
7.62 5.1388412461259094e-11
7.625 6.123832992726251e-11
7.63 6.051954748851256e-11
7.635 5.2734139383385573e-11
7.640000000000001 5.5669640487102964e-11
7.6450000000000005 5.988044538303658e-11
7.65 5.139599914511833e-11
7.655 5.4382688499492e-11
7.66 5.750478574414499e-11
7.665 5.16244576313181e-11
7.67 5.409222620990499e-11
7.675 5.545959851658304e-11
7.68 6.232112347570632e-11
7.6850000000000005 6.456243858898544e-11
7.69 5.578096971740228e-11
7.695 6.032011060736998e-11
7.7 5.310495100874768e-11
7.705 6.07917865427355e-11
7.71 5.1118115109726114e-11
7.715 5.97987935930679e-11
7.72 4.7216798371319134e-11
7.7250000000000005 6.195494531699432e-11
7.73 5.8087787396252244e-11
7.735 6.115133527137168e-11
7.74 5.581053265519825e-11
7.745 5.083288292883689e-11
7.75 6.209267841742807e-11
7.755 6.193274085447853e-11
7.76 5.720973155305647e-11
7.765000000000001 5.1566329647242175e-11
7.7700000000000005 4.951544628262779e-11
7.775 4.9004743189815116e-11
7.78 6.377605337059637e-11
7.785 5.210711538162645e-11
7.79 5.11402700456662e-11
7.795 5.0029541971649504e-11
7.8 5.447917473389557e-11
7.805000000000001 5.301934911399696e-11
7.8100000000000005 5.138050633105414e-11
7.815 5.8070869728546585e-11
7.82 4.7050523617804346e-11
7.825 5.121715624409868e-11
7.83 5.6012676431297945e-11
7.835 5.1298005538262766e-11
7.84 5.0303504761648815e-11
7.845 5.296999578229216e-11
7.8500000000000005 4.612165272216032e-11
7.855 4.244998746976121e-11
7.86 5.054508136453054e-11
7.865 5.616222331998965e-11
7.87 6.303038713464004e-11
7.875 5.001618085629126e-11
7.88 5.2631455087070624e-11
7.885 5.075887122573447e-11
7.890000000000001 4.7821625781147666e-11
7.8950000000000005 5.613924528542991e-11
7.9 4.7622811764431473e-11
7.905 4.515124409185974e-11
7.91 4.754838630647259e-11
7.915 4.849575037848946e-11
7.92 4.5877661435760816e-11
7.925 5.32310321588183e-11
7.930000000000001 4.742907398531906e-11
7.9350000000000005 4.4857703005438e-11
7.94 4.949426184750456e-11
7.945 4.5299548604734716e-11
7.95 5.233974237331026e-11
7.955 5.766412808008548e-11
7.96 5.225753477214802e-11
7.965 4.587956389479696e-11
7.97 5.133872105375813e-11
7.9750000000000005 4.965210672659494e-11
7.98 4.772469120856357e-11
7.985 5.120365743963387e-11
7.99 5.1578785747651023e-11
7.995 5.0816196160863074e-11
8.0 5.732055396035615e-11
8.25 2.2910600043713134e-09
8.5 2.0195969121985088e-09
8.75 1.785750887281937e-09
9.0 1.6537573431308522e-09
9.25 1.4547056924127058e-09
9.5 1.2704017234558445e-09
9.75 1.1836305503866965e-09
10.0 1.0415176932180612e-09
10.25 9.044407715402429e-10
10.5 8.114578085102107e-10
10.75 7.416571725041281e-10
11.0 6.8669704996912e-10
11.25 6.25288947546556e-10
11.5 5.573305720962396e-10
11.75 4.991452534259369e-10
12.0 4.259277094387308e-10
12.25 3.8625628790290455e-10
12.5 3.55750064643286e-10
12.75 3.205810393268517e-10
13.0 2.918884153562736e-10
13.25 2.8018971958985685e-10
13.5 2.3213398339574464e-10
13.75 2.1206983949796455e-10
14.0 1.892167427410436e-10
14.25 2.0471136575655416e-10
14.5 1.5816020565235403e-10
14.75 1.4507121017089938e-10
15.0 1.2472687714895837e-10
15.25 1.211980807142328e-10
15.5 9.718174851747496e-11
15.75 9.695282733264743e-11
16.0 9.215074750929677e-11
16.25 9.22695827067378e-11
16.5 8.390094942259255e-11
16.75 6.004468294176613e-11
17.0 6.767260603049947e-11
17.25 6.363958132488544e-11
17.5 5.6499173784038006e-11
17.75 4.686191521323546e-11
18.0 3.8214196741830936e-11
18.25 4.0983910423212774e-11
18.5 3.127586268435617e-11
18.75 3.275664598722476e-11
19.0 3.192847649848944e-11
19.25 2.6662736308591037e-11
19.5 1.8215692952060552e-11
19.75 2.1357335865835746e-11
