0.005 4.409514046671067e-11
0.01 4.549325438676079e-09
0.015 2.224375243076958e-08
0.02 3.7453577822389146e-08
0.025 5.157736160718766e-08
0.03 6.576916643936854e-08
0.035 8.011497410263677e-08
0.04 9.449067633705791e-08
0.045 1.0859384125394013e-07
0.05 1.2110421679914664e-07
0.055 1.3013362411594558e-07
0.06 1.3612831966702225e-07
0.065 1.3923989437332435e-07
0.07 1.3787913594465635e-07
0.075 1.2953649969950714e-07
0.08 1.1865864468947331e-07
0.085 1.0792772435284338e-07
0.09 9.905397776963148e-08
0.095 9.186191041477755e-08
0.1 8.588256526249884e-08
0.105 8.061250570552136e-08
0.11 7.62203467294422e-08
0.115 7.26530169343532e-08
0.12 6.963206377281764e-08
0.125 6.709174693331626e-08
0.13 6.51390731222881e-08
0.135 6.349679821464764e-08
0.14 6.227977979906611e-08
0.145 6.104116899074704e-08
0.15 6.030165311631273e-08
0.155 5.950982504346914e-08
0.16 5.902940539802256e-08
0.165 5.8365527789896544e-08
0.17 5.7963651678494024e-08
0.17500000000000002 5.7582667829753234e-08
0.18 5.7005914361646964e-08
0.185 5.662355571910007e-08
0.19 5.623501742462639e-08
0.195 5.5759608390246997e-08
0.2 5.555045413957959e-08
0.20500000000000002 5.5182930478824684e-08
0.21 5.491118441941133e-08
0.215 5.469847891122739e-08
0.22 5.446510981231275e-08
0.225 5.435846078394816e-08
0.23 5.407188616550303e-08
0.23500000000000001 5.4085889610725505e-08
0.24 5.362264674920928e-08
0.245 5.348761285837135e-08
0.25 5.3488650135906315e-08
0.255 5.3068009156974973e-08
0.26 5.294172437036007e-08
0.265 5.2581779015639616e-08
0.27 5.263743820915616e-08
0.275 5.251232033960695e-08
0.28 5.211343956402418e-08
0.28500000000000003 5.2192498209465486e-08
0.29 5.196739290577481e-08
0.295 5.1717616490537006e-08
0.3 5.1811622061592067e-08
0.305 5.1520109530630387e-08
0.31 5.1577170313520306e-08
0.315 5.119816583038383e-08
0.32 5.136580707142181e-08
0.325 5.1065249043205315e-08
0.33 5.117510839074245e-08
0.335 5.119340858379598e-08
0.34 5.1016304006595206e-08
0.34500000000000003 5.1122718859842074e-08
0.35000000000000003 5.105122123173044e-08
0.355 5.0708220403660225e-08
0.36 5.118284372602328e-08
0.365 5.089116152662712e-08
0.37 5.06650311555201e-08
0.375 5.099365142253177e-08
0.38 5.087092452018673e-08
0.385 5.08421902743081e-08
0.39 5.071525061374774e-08
0.395 5.08852224700676e-08
0.4 5.065447572997861e-08
0.405 5.035564692388509e-08
0.41000000000000003 5.0716568242419775e-08
0.41500000000000004 5.0950765924688926e-08
0.42 5.0772252928270634e-08
0.425 5.087829962054056e-08
0.43 5.0710551980454926e-08
0.435 5.08756257418665e-08
0.44 5.07867262714953e-08
0.445 5.050088688297651e-08
0.45 5.0591671345349254e-08
0.455 5.074329214966691e-08
0.46 5.049080800904124e-08
0.465 5.050300231474679e-08
0.47000000000000003 5.0566216520178676e-08
0.47500000000000003 5.058011518394436e-08
0.48 5.051484282497223e-08
0.485 5.077387550164186e-08
0.49 5.029658910942984e-08
0.495 5.045605864154343e-08
0.5 5.018733316825883e-08
0.505 5.03174289764624e-08
0.51 5.027544974292021e-08
0.515 5.045560847211745e-08
0.52 5.0040865859153305e-08
0.525 4.9869839929007685e-08
0.53 5.005649886423953e-08
0.535 5.057310620479004e-08
0.54 4.987327707777531e-08
0.545 4.973731717302518e-08
0.55 4.957928195171248e-08
0.555 4.9507707151868354e-08
0.56 4.983821049946592e-08
0.5650000000000001 4.9823269932619186e-08
0.5700000000000001 4.926995427833686e-08
0.5750000000000001 4.917010942328987e-08
0.58 4.911045738820722e-08
0.585 4.9088302217732724e-08
0.59 4.9010253712947425e-08
0.595 4.844009748697734e-08
0.6 4.819752754481072e-08
0.605 4.871493649424379e-08
0.61 4.863332898798438e-08
0.615 4.8440290704848497e-08
0.62 4.838188816430376e-08
0.625 4.805737089007185e-08
0.63 4.745315881595283e-08
0.635 4.810711681074752e-08
0.64 4.7365655055528523e-08
0.645 4.6876747100903335e-08
0.65 4.70809023481832e-08
0.655 4.6736220271237704e-08
0.66 4.6690476036585156e-08
0.665 4.655022793346835e-08
0.67 4.6458777828546914e-08
0.675 4.641518534578121e-08
0.68 4.598267750418952e-08
0.685 4.5412269346469106e-08
0.6900000000000001 4.519308920997624e-08
0.6950000000000001 4.513132478644386e-08
0.7000000000000001 4.4788285331411016e-08
0.705 4.4698775794585514e-08
0.71 4.402663440516446e-08
0.715 4.361711193447145e-08
0.72 4.361445530629709e-08
0.725 4.32155096201572e-08
0.73 4.260744039678672e-08
0.735 4.210119151164954e-08
0.74 4.245362234107079e-08
0.745 4.167928398447103e-08
0.75 4.200266349436076e-08
0.755 4.141228038982503e-08
0.76 4.1043179215059845e-08
0.765 4.069027222026516e-08
0.77 4.053178516789828e-08
0.775 3.967387852742926e-08
0.78 3.960629247476713e-08
0.785 3.956073928627253e-08
0.79 3.9028944765708805e-08
0.795 3.8503310423612384e-08
0.8 3.822048517355832e-08
0.805 3.781387129485509e-08
0.81 3.799396811650306e-08
0.8150000000000001 3.6993215101037695e-08
0.8200000000000001 3.718695102035644e-08
0.8250000000000001 3.7028720537545786e-08
0.8300000000000001 3.588845450467302e-08
0.835 3.585525399928689e-08
0.84 3.574073616361418e-08
0.845 3.573487689220595e-08
0.85 3.557768144411158e-08
0.855 3.511274400891603e-08
0.86 3.486304433510982e-08
0.865 3.441172846974616e-08
0.87 3.410586593522271e-08
0.875 3.3960574097934206e-08
0.88 3.35981743938628e-08
0.885 3.284482837413542e-08
0.89 3.259821076722779e-08
0.895 3.288122295911651e-08
0.9 3.2487818159285374e-08
0.905 3.19356048438543e-08
0.91 3.179413135478789e-08
0.915 3.15898563423853e-08
0.92 3.153788870416572e-08
0.925 3.122484410044111e-08
0.93 3.1100760000674163e-08
0.935 3.070302015750347e-08
0.9400000000000001 3.067362385668121e-08
0.9450000000000001 2.995745514228703e-08
0.9500000000000001 3.01869151026173e-08
0.9550000000000001 3.006024279150278e-08
0.96 2.9458024728411544e-08
0.965 2.9286955968031427e-08
0.97 2.8871377640527796e-08
0.975 2.8803934669708565e-08
0.98 2.860105800219665e-08
0.985 2.8368868088883262e-08
0.99 2.8238366548364328e-08
0.995 2.8095091358365194e-08
1.0 2.776027242118545e-08
1.0050000000000001 2.7526484302987417e-08
1.01 2.765263782880551e-08
1.0150000000000001 2.7357689255756433e-08
1.02 2.7229107282573983e-08
1.025 2.692500536574454e-08
1.03 2.679170556468192e-08
1.035 2.6864687729653592e-08
1.04 2.6259769007220725e-08
1.045 2.6093246650261033e-08
1.05 2.6078361617189696e-08
1.055 2.5840399356524744e-08
1.06 2.61874855306264e-08
1.065 2.5426692056770846e-08
1.07 2.5812158151554054e-08
1.075 2.5613837707144574e-08
1.08 2.5067398836706603e-08
1.085 2.5174507780858942e-08
1.09 2.49841962140981e-08
1.095 2.4784753654213703e-08
1.1 2.45172604180623e-08
1.105 2.4653943421188425e-08
1.11 2.4250902379054366e-08
1.115 2.3761024269559988e-08
1.12 2.3911532438228803e-08
1.125 2.3874559166573875e-08
1.1300000000000001 2.3926296150060695e-08
1.135 2.3791165190765343e-08
1.1400000000000001 2.3474442204165057e-08
1.145 2.3497098861347e-08
1.1500000000000001 2.3542194163036987e-08
1.155 2.3051214603704857e-08
1.16 2.2910071668282874e-08
1.165 2.2934890996702363e-08
1.17 2.2404593686098253e-08
1.175 2.2493648437432328e-08
1.18 2.2471261728059365e-08
1.185 2.247706399964742e-08
1.19 2.219420820360946e-08
1.195 2.2325076368288305e-08
1.2 2.2056999669606302e-08
1.205 2.1632912188868734e-08
1.21 2.1664966292127173e-08
1.215 2.1624311050845878e-08
1.22 2.1427134973312014e-08
1.225 2.1424942245368438e-08
1.23 2.1111707228946577e-08
1.235 2.116740158855367e-08
1.24 2.0966122490018873e-08
1.245 2.0977780228593113e-08
1.25 2.06382521818958e-08
1.2550000000000001 2.0400969384802577e-08
1.26 2.0649785655179936e-08
1.2650000000000001 2.0315615734544174e-08
1.27 2.03051312411533e-08
1.2750000000000001 1.9883883447772655e-08
1.28 1.9819391392013253e-08
1.285 1.969910326740696e-08
1.29 1.9661634814286948e-08
1.295 1.9362480123642662e-08
1.3 1.962065048022712e-08
1.305 1.9346866245703898e-08
1.31 1.9333524825230644e-08
1.315 1.8961074062004457e-08
1.32 1.915467398214656e-08
1.325 1.8982203130324932e-08
1.33 1.8835858176233197e-08
1.335 1.825896264879147e-08
1.34 1.8482733561000487e-08
1.345 1.860245528929836e-08
1.35 1.8429051454811475e-08
1.355 1.8107724340003016e-08
1.36 1.8029570296723677e-08
1.365 1.806016319661469e-08
1.37 1.810597718603264e-08
1.375 1.7595507297484105e-08
1.3800000000000001 1.7779376619545657e-08
1.385 1.7789519975222567e-08
1.3900000000000001 1.7443513195460788e-08
1.395 1.7187663708691155e-08
1.4000000000000001 1.7285457213435543e-08
1.405 1.719349394300197e-08
1.41 1.701165286046392e-08
1.415 1.6897838027817573e-08
1.42 1.654367597764634e-08
1.425 1.7002178214909576e-08
1.43 1.6924841749400436e-08
1.435 1.6290390710428623e-08
1.44 1.626000791832723e-08
1.445 1.6054726978128947e-08
1.45 1.619748265992241e-08
1.455 1.5996280771210478e-08
1.46 1.599099199084606e-08
1.465 1.6164106280392158e-08
1.47 1.5830217114916602e-08
1.475 1.567174614506315e-08
1.48 1.539596025840461e-08
1.485 1.550527138445721e-08
1.49 1.5666033210343804e-08
1.495 1.5443242177137303e-08
1.5 1.5498351947626948e-08
1.5050000000000001 1.5177886528527865e-08
1.51 1.525768978725352e-08
1.5150000000000001 1.5098229791709014e-08
1.52 1.4570727661042307e-08
1.5250000000000001 1.4978427709325197e-08
1.53 1.468770451666469e-08
1.5350000000000001 1.504148789089712e-08
1.54 1.4517409463821959e-08
1.545 1.4863915067040187e-08
1.55 1.4599979200006758e-08
1.555 1.4424433152777288e-08
1.56 1.4056819047803022e-08
1.565 1.4367813354158192e-08
1.57 1.411428831582513e-08
1.575 1.3946092491464199e-08
1.58 1.4042526996303932e-08
1.585 1.3767363408238395e-08
1.59 1.4103660816066552e-08
1.595 1.3589890379399783e-08
1.6 1.379793039929658e-08
1.605 1.3561462069180989e-08
1.61 1.3542590771593494e-08
1.615 1.3410928952719313e-08
1.62 1.3287593940811385e-08
1.625 1.3618590366045339e-08
1.6300000000000001 1.3261471698952427e-08
1.635 1.3261588648279554e-08
1.6400000000000001 1.2890725619010575e-08
1.645 1.2875934294452144e-08
1.6500000000000001 1.3013397745910696e-08
1.655 1.2778254332885035e-08
1.6600000000000001 1.2623948531098596e-08
1.665 1.28418219611582e-08
1.67 1.2600481133803434e-08
1.675 1.2608569698276679e-08
1.68 1.2616379308962567e-08
1.685 1.2373179936702161e-08
1.69 1.2415927252154504e-08
1.695 1.2277544842881501e-08
1.7 1.1912847973089305e-08
1.705 1.2200244209716143e-08
1.71 1.2111001508616392e-08
1.715 1.2131623195468271e-08
1.72 1.1834679024429684e-08
1.725 1.194223426924294e-08
1.73 1.1692198001238673e-08
1.735 1.1660337973440409e-08
1.74 1.145412417628484e-08
1.745 1.1814080938963658e-08
1.75 1.1765676097831728e-08
1.7550000000000001 1.1497988808431495e-08
1.76 1.1447617497813768e-08
1.7650000000000001 1.1298460044542542e-08
1.77 1.1169496543075389e-08
1.7750000000000001 1.1125584625590437e-08
1.78 1.1050229379783757e-08
1.7850000000000001 1.0968894620813212e-08
1.79 1.1251713728678041e-08
1.795 1.1094371666734127e-08
1.8 1.1007023279202714e-08
1.805 1.1061803124881987e-08
1.81 1.0498321863566404e-08
1.815 1.0555880840101988e-08
1.82 1.054331105504215e-08
1.825 1.0979679018420601e-08
1.83 1.0270885828518122e-08
1.835 1.0429902445264357e-08
1.84 1.0636478789732146e-08
1.845 1.0222584344574879e-08
1.85 1.037138768713788e-08
1.855 1.0286681353474943e-08
1.86 1.0049995343267863e-08
1.865 1.0215010164592545e-08
1.87 9.89733176709779e-09
1.875 9.95442075891281e-09
1.8800000000000001 1.0060407333026458e-08
1.885 1.0117562490560868e-08
1.8900000000000001 9.915721969326897e-09
1.895 9.89920191057727e-09
1.9000000000000001 1.006835009524886e-08
1.905 9.416479645555538e-09
1.9100000000000001 9.719119197142937e-09
1.915 9.7445593308875e-09
1.92 9.582908088239187e-09
1.925 9.392695824966902e-09
1.93 9.522027178271776e-09
1.935 9.572927429267027e-09
1.94 9.246452670101619e-09
1.945 9.182228323151118e-09
1.95 9.23954197924551e-09
1.955 9.15815444894904e-09
1.96 9.120225155721234e-09
1.965 8.932464183907515e-09
1.97 8.92990344156158e-09
1.975 8.871955843077888e-09
1.98 9.094858598727637e-09
1.985 8.688615093416693e-09
1.99 8.959219816794155e-09
1.995 8.425592345823666e-09
2.0 8.60066206063581e-09
2.005 8.800294997495271e-09
2.0100000000000002 8.786926531197268e-09
2.015 8.782876818539035e-09
2.02 8.289789166663168e-09
2.025 8.299252367475859e-09
2.0300000000000002 8.475677439222238e-09
2.035 8.453746066867664e-09
2.04 8.361948652308453e-09
2.045 8.227263039754199e-09
2.05 8.338239966324523e-09
2.055 8.469465944884302e-09
2.06 8.096215627460531e-09
2.065 8.103068877361471e-09
2.07 8.222976136154577e-09
2.075 8.27285600276768e-09
2.08 8.04226563885474e-09
2.085 8.061964879757584e-09
2.09 8.027144427148719e-09
2.095 7.932545861257184e-09
2.1 8.012185685906565e-09
2.105 7.964359612498765e-09
2.11 7.646440497652977e-09
2.115 7.985757137037806e-09
2.12 7.791988067691782e-09
2.125 8.124018302110219e-09
2.13 7.814657738218448e-09
2.1350000000000002 7.877772447261571e-09
2.14 7.614964184506152e-09
2.145 7.798433901516335e-09
2.15 7.516554531633745e-09
2.1550000000000002 7.530424233084433e-09
2.16 7.314245134685686e-09
2.165 7.722858732994655e-09
2.17 7.459876640718243e-09
2.1750000000000003 7.414027177295789e-09
2.18 7.313661479730643e-09
2.185 7.58570818033358e-09
2.19 7.3820681363909315e-09
2.195 7.209646078979716e-09
2.2 7.404698638199313e-09
2.205 7.242501715873091e-09
2.21 7.400871208112335e-09
2.215 7.1988312418026075e-09
2.22 7.264716974634622e-09
2.225 7.251967026826687e-09
2.23 6.943773615498331e-09
2.235 7.170281917936512e-09
2.24 6.915434910178751e-09
2.245 7.03756231899276e-09
2.25 7.041989698138137e-09
2.255 7.091255070550451e-09
2.2600000000000002 7.2302884137304365e-09
2.265 6.902989614206211e-09
2.27 6.972229711352576e-09
2.275 6.932279735478835e-09
2.2800000000000002 7.009028993381721e-09
2.285 6.976355555278511e-09
2.29 7.0397410471916844e-09
2.295 6.91440539517614e-09
2.3000000000000003 6.553383376640059e-09
2.305 6.707208555178498e-09
2.31 6.786591118758135e-09
2.315 6.7488129765708574e-09
2.32 6.86075701980698e-09
2.325 6.738994885731157e-09
2.33 6.598491941136964e-09
2.335 6.622575694675874e-09
2.34 6.722025275400739e-09
2.345 6.737072230347874e-09
2.35 6.664466852651818e-09
2.355 6.648000782528263e-09
2.36 6.494199254092866e-09
2.365 6.504781706427413e-09
2.37 6.738384171406137e-09
2.375 6.462741084467844e-09
2.38 6.453962070484115e-09
2.3850000000000002 6.568596923281047e-09
2.39 6.694624686839723e-09
2.395 6.300394390687574e-09
2.4 6.51150274784413e-09
2.4050000000000002 6.1924024715579e-09
2.41 6.419348350276296e-09
2.415 6.515907074315342e-09
2.42 6.565922899086444e-09
2.4250000000000003 6.369753315642809e-09
2.43 6.541580921579579e-09
2.435 6.278039458481766e-09
2.44 6.315138664449228e-09
2.445 6.465369814563585e-09
2.45 6.211318021877399e-09
2.455 6.09858220861951e-09
2.46 6.1247663264172605e-09
2.465 6.301285621780599e-09
2.47 6.274008062102479e-09
2.475 6.008793631362859e-09
2.48 6.010194221637919e-09
2.485 6.0853698124484495e-09
2.49 6.252197700445106e-09
2.495 6.162269515044047e-09
2.5 6.1094855552452974e-09
2.505 6.0497897690048075e-09
2.5100000000000002 6.1489119549197405e-09
2.515 6.019640775775908e-09
2.52 6.253742062708631e-09
2.525 6.115706562716054e-09
2.5300000000000002 6.089162005819304e-09
2.535 5.924918449521015e-09
2.54 5.800103963417632e-09
2.545 6.087896409433378e-09
2.5500000000000003 6.042542963020065e-09
2.555 5.77705018037923e-09
2.56 5.853149952359779e-09
2.565 6.046479010744454e-09
2.57 5.664489301630047e-09
2.575 5.9048024541246895e-09
2.58 5.796552115345227e-09
2.585 5.618320001693238e-09
2.59 5.972806475987412e-09
2.595 5.896254787074441e-09
2.6 5.8073685281293036e-09
2.605 5.6595917877527e-09
2.61 5.724124163345224e-09
2.615 5.788866140804662e-09
2.62 5.9351679361501e-09
2.625 5.791329960103119e-09
2.63 5.725582122226619e-09
2.6350000000000002 5.531414762775282e-09
2.64 5.6124824923698205e-09
2.645 5.429361837632347e-09
2.65 5.668693767877656e-09
2.6550000000000002 5.598039088170644e-09
2.66 5.685663099343784e-09
2.665 5.6402183267356235e-09
2.67 5.6079117142471434e-09
2.6750000000000003 5.6371221003167675e-09
2.68 5.577283195106457e-09
2.685 5.627097982647722e-09
2.69 5.6680757849766035e-09
2.695 5.591354520180852e-09
2.7 5.614290711303752e-09
2.705 5.542515708426698e-09
2.71 5.4467659020406105e-09
2.715 5.304466768905588e-09
2.72 5.430764255221787e-09
2.725 5.296092025754262e-09
2.73 5.253170238200161e-09
2.735 5.288459797959412e-09
2.74 5.380107874316486e-09
2.745 5.137105225495658e-09
2.75 5.310569786069584e-09
2.755 5.283698828774152e-09
2.7600000000000002 5.353632182896492e-09
2.765 5.152144092875735e-09
2.77 5.286594184464019e-09
2.775 5.0555174697391854e-09
2.7800000000000002 4.967475325189594e-09
2.785 5.21920790780645e-09
2.79 5.21052986143908e-09
2.795 5.1342063164500964e-09
2.8000000000000003 5.20664521857543e-09
2.805 5.10591529531669e-09
2.81 5.262524600336184e-09
2.815 4.998530116051205e-09
2.82 5.2718044816364636e-09
2.825 5.182357502447566e-09
2.83 5.220847804827278e-09
2.835 5.00914754901855e-09
2.84 4.881769639767509e-09
2.845 5.0037146180800586e-09
2.85 4.999318587068591e-09
2.855 4.86610515950447e-09
2.86 4.699196119755073e-09
2.865 4.6547032687757995e-09
2.87 4.985242849283579e-09
2.875 4.9399029237006365e-09
2.88 5.0747346050955274e-09
2.8850000000000002 4.667245946602862e-09
2.89 4.845716713318077e-09
2.895 4.8788475445379035e-09
2.9 4.756122743958576e-09
2.9050000000000002 4.719282756482849e-09
2.91 4.666216847712008e-09
2.915 4.5696721686139695e-09
2.92 4.5181918222333065e-09
2.9250000000000003 4.610521603542089e-09
2.93 4.470655323334904e-09
2.935 4.726563529715079e-09
2.94 4.609050094527963e-09
2.945 4.56838832000782e-09
2.95 4.704549344525416e-09
2.955 4.458972228891823e-09
2.96 4.78701014607251e-09
2.965 4.585485803604505e-09
2.97 4.784354900352626e-09
2.975 4.491320101871932e-09
2.98 4.522491158169449e-09
2.985 4.502825420595449e-09
2.99 4.669531595926559e-09
2.995 4.663603038745281e-09
3.0 4.474312334528503e-09
3.005 4.435989811885492e-09
3.0100000000000002 4.4957161033801485e-09
3.015 4.447736606636782e-09
3.02 4.315380171659683e-09
3.025 4.339022031594428e-09
3.0300000000000002 4.360920302364754e-09
3.035 4.215718901736963e-09
3.04 4.2644560822085825e-09
3.045 4.316895969398914e-09
3.0500000000000003 4.264200607497516e-09
3.055 4.369968461096139e-09
3.06 4.399126502849478e-09
3.065 4.066848947851697e-09
3.0700000000000003 4.468271845026058e-09
3.075 4.216946509858568e-09
3.08 4.158072374627254e-09
3.085 4.2346489601679904e-09
3.09 4.199429098248003e-09
3.095 4.183114897767124e-09
3.1 4.247133899013798e-09
3.105 4.113943154453415e-09
3.11 4.0765285681890905e-09
3.115 4.28195316666204e-09
3.12 4.174896605253957e-09
3.125 4.194164376910034e-09
3.13 4.0225117384245525e-09
3.1350000000000002 4.197544182243769e-09
3.14 4.111374344806878e-09
3.145 3.988034554211749e-09
3.15 3.951786619317021e-09
3.1550000000000002 4.021156757178749e-09
3.16 3.9255931621755494e-09
3.165 3.9619808644596406e-09
3.17 4.0498524415083474e-09
3.1750000000000003 4.063427519430586e-09
3.18 3.919937886737582e-09
3.185 3.957462381769954e-09
3.19 3.9412800961019026e-09
3.1950000000000003 4.100625981626482e-09
3.2 3.862939432875923e-09
3.205 3.959684949361601e-09
3.21 3.925496826978789e-09
3.215 4.055373935341506e-09
3.22 3.757968899110357e-09
3.225 3.982912540860507e-09
3.23 3.883275979752161e-09
3.235 3.8931855690349505e-09
3.24 3.776204210899435e-09
3.245 3.782057709334383e-09
3.25 3.967455844381012e-09
3.255 4.015778537437358e-09
3.2600000000000002 3.9204066613024034e-09
3.265 3.7552586445026736e-09
3.27 3.870591793505565e-09
3.275 3.883019820364464e-09
3.2800000000000002 3.918562115298749e-09
3.285 3.753389630279494e-09
3.29 3.7395616733758974e-09
3.295 3.5204132491163987e-09
3.3000000000000003 3.8674896165319975e-09
3.305 3.6939401126494827e-09
3.31 3.888119759595668e-09
3.315 3.956743663163454e-09
3.3200000000000003 3.841629400713499e-09
3.325 3.691488086678617e-09
3.33 3.8148537782033255e-09
3.335 3.8566367318772464e-09
3.34 3.789668337776202e-09
3.345 3.8704357551717474e-09
3.35 3.772578735779381e-09
3.355 3.5440392409494247e-09
3.36 3.733939842559349e-09
3.365 3.80993698071209e-09
3.37 3.6444500474146526e-09
3.375 3.858672957179348e-09
3.38 3.8638749308235295e-09
3.3850000000000002 3.6672937448875734e-09
3.39 3.653346191635504e-09
3.395 3.7141325257251457e-09
3.4 3.573082021528331e-09
3.4050000000000002 3.775590205927361e-09
3.41 3.577114223769944e-09
3.415 3.457635098695916e-09
3.42 3.6809670286404705e-09
3.4250000000000003 3.6783758362149836e-09
3.43 3.4716312316682118e-09
3.435 3.7098090350867183e-09
3.44 3.688293793576465e-09
3.4450000000000003 3.6368541860048866e-09
3.45 3.6393532412827386e-09
3.455 3.568568295886961e-09
3.46 3.645349869978415e-09
3.465 3.5615298224678092e-09
3.47 3.6230168085454093e-09
3.475 3.463498210177679e-09
3.48 3.6829884227793024e-09
3.485 3.539641963124697e-09
3.49 3.665945599957832e-09
3.495 3.480744254865647e-09
3.5 3.5217352647943168e-09
3.505 3.387035534548461e-09
3.5100000000000002 3.4449352240131405e-09
3.515 3.4876256411580784e-09
3.52 3.4206335157741737e-09
3.525 3.6831983411149203e-09
3.5300000000000002 3.507879336322423e-09
3.535 3.663045266251746e-09
3.54 3.4482963612857126e-09
3.545 3.4629756098693353e-09
3.5500000000000003 3.568258860264836e-09
3.555 3.501287892341735e-09
3.56 3.4210861207002513e-09
3.565 3.6044600660591985e-09
3.5700000000000003 3.456670349797219e-09
3.575 3.397332880383915e-09
3.58 3.403485823798749e-09
3.585 3.412203545834009e-09
3.59 3.486019590953415e-09
3.595 3.4541716078140518e-09
3.6 3.391445355056453e-09
3.605 3.461041145699416e-09
3.61 3.4038803278253443e-09
3.615 3.4741673964705128e-09
3.62 3.425645474337497e-09
3.625 3.3514560355946227e-09
3.63 3.3788154947823882e-09
3.6350000000000002 3.2570409732067225e-09
3.64 3.5909495009292763e-09
3.645 3.463218545846399e-09
3.65 3.341408366010871e-09
3.6550000000000002 3.351453566597503e-09
3.66 3.6432862966002622e-09
3.665 3.291571933320631e-09
3.67 3.3666774282786352e-09
3.6750000000000003 3.4660813928967835e-09
3.68 3.4244917347921332e-09
3.685 3.320106051718846e-09
3.69 3.5232677117650445e-09
3.6950000000000003 3.332030291838044e-09
3.7 3.375898291341807e-09
3.705 3.3802311259952285e-09
3.71 3.438767551118264e-09
3.715 3.4321444122379157e-09
3.72 3.3250401427459875e-09
3.725 3.3934354933991695e-09
3.73 3.1481946817111383e-09
3.735 3.3109986006560115e-09
3.74 3.2778505824121396e-09
3.745 3.3885399394728594e-09
3.75 3.326586639744741e-09
3.755 3.2441674565415866e-09
3.7600000000000002 3.245542682643472e-09
3.765 3.2969829608249665e-09
3.77 3.23892011388203e-09
3.775 3.2568969538746117e-09
3.7800000000000002 3.2014546750996783e-09
3.785 3.229173931799975e-09
3.79 3.4518602577560985e-09
3.795 3.423258490450491e-09
3.8000000000000003 3.2448499269616435e-09
3.805 3.3645217301174687e-09
3.81 3.409273883915899e-09
3.815 3.3276129653753734e-09
3.8200000000000003 3.2834863170372863e-09
3.825 3.1668574793389982e-09
3.83 3.1035301879747688e-09
3.835 3.2548803939390603e-09
3.84 3.3166269449492015e-09
3.845 3.317473142662865e-09
3.85 3.0399049721439023e-09
3.855 3.255263075990047e-09
3.86 3.261796822259917e-09
3.865 3.222492248971297e-09
3.87 3.366221474365046e-09
3.875 3.213427103604636e-09
3.88 3.233032047816503e-09
3.8850000000000002 3.0830304077327437e-09
3.89 3.1587723186513203e-09
3.895 3.1788675420964595e-09
3.9 3.1729973694426446e-09
3.9050000000000002 3.1643917017037276e-09
3.91 3.0528912370157916e-09
3.915 3.1520160537928775e-09
3.92 3.023759881756267e-09
3.9250000000000003 3.2544039480223756e-09
3.93 3.1355389644122087e-09
3.935 3.169338380217468e-09
3.94 3.2093087786065844e-09
3.9450000000000003 3.072708056319709e-09
3.95 3.1320339536891805e-09
3.955 3.2162270573247146e-09
3.96 3.045239305528355e-09
3.9650000000000003 3.0632280451234177e-09
3.97 3.2171052494945186e-09
3.975 2.991660950372296e-09
3.98 3.02131331862758e-09
3.985 3.155948082462489e-09
3.99 3.0172788757227493e-09
3.995 3.0134730183151768e-09
4.0 3.0893186515719635e-09
4.005 3.0292338441142057e-09
4.01 2.8883954597124978e-09
4.015 3.0670052847180432e-09
4.0200000000000005 3.115433664162386e-09
4.025 3.1778936366847537e-09
4.03 2.966421114483748e-09
4.035 2.995096895558667e-09
4.04 2.8225557998903172e-09
4.045 2.9177393715758723e-09
4.05 2.9752329063759466e-09
4.055 3.0967017532211687e-09
4.0600000000000005 3.0392267446723024e-09
4.065 3.2437673595230333e-09
4.07 2.8452932135245643e-09
4.075 2.91357084031529e-09
4.08 2.897094775718784e-09
4.085 2.929965290789985e-09
4.09 2.9694894449521866e-09
4.095 2.8461122620683266e-09
4.1 2.8870656453917262e-09
4.105 2.9299449093868462e-09
4.11 2.9068855320144704e-09
4.115 2.836420207330195e-09
4.12 2.8213445736112476e-09
4.125 2.9048035487201043e-09
4.13 3.023176893295127e-09
4.135 2.866400066713615e-09
4.14 2.825414293947931e-09
4.1450000000000005 2.883114399791278e-09
4.15 2.674182893271382e-09
4.155 2.8631149293543048e-09
4.16 2.8099977329515658e-09
4.165 2.9560731577514838e-09
4.17 2.956152595724368e-09
4.175 2.7404551538831423e-09
4.18 2.821001159409465e-09
4.1850000000000005 2.8548143987884353e-09
4.19 2.827171985510001e-09
4.195 2.7400396817894628e-09
4.2 2.8794191387636134e-09
4.205 2.7174215711688336e-09
4.21 2.650177945503817e-09
4.215 2.7348232492604973e-09
4.22 2.98266099966064e-09
4.225 2.7677735470029854e-09
4.23 2.8446226250318453e-09
4.235 2.779655666420158e-09
4.24 2.919330911739558e-09
4.245 2.719309011622092e-09
4.25 2.84211959456294e-09
4.255 2.7995171309095514e-09
4.26 2.785906673562029e-09
4.265 2.6853556633536673e-09
4.2700000000000005 2.631729184153136e-09
4.275 2.7267810696153804e-09
4.28 2.7589851789296066e-09
4.285 2.7637882686482603e-09
4.29 2.631366398057629e-09
4.295 2.6352108915776047e-09
4.3 2.6747174445599975e-09
4.305 2.737481882644057e-09
4.3100000000000005 2.648219650971294e-09
4.315 2.637892271311403e-09
4.32 2.7160828608968345e-09
4.325 2.6002043404328724e-09
4.33 2.607178350997401e-09
4.335 2.6581297535311266e-09
4.34 2.6335831357404374e-09
4.345 2.7043023115179757e-09
4.3500000000000005 2.642009320426259e-09
4.355 2.5088060259186835e-09
4.36 2.602275635103674e-09
4.365 2.6590864561404933e-09
4.37 2.5634831889541015e-09
4.375 2.6681295997982306e-09
4.38 2.6180356149400375e-09
4.385 2.5626816271942246e-09
4.39 2.5377126749995504e-09
4.3950000000000005 2.6181310115971763e-09
4.4 2.592724245190924e-09
4.405 2.5694735484025357e-09
4.41 2.5629089574664704e-09
4.415 2.571178662756926e-09
4.42 2.6191622983817032e-09
4.425 2.656047101067436e-09
4.43 2.507671321540691e-09
4.4350000000000005 2.4664394482444736e-09
4.44 2.515711540967621e-09
4.445 2.466597783661824e-09
4.45 2.677444145268406e-09
4.455 2.4330400771441474e-09
4.46 2.5634463185980393e-09
4.465 2.528349922658953e-09
4.47 2.5653119262241904e-09
4.4750000000000005 2.623126269929538e-09
4.48 2.5492155482033458e-09
4.485 2.4994546137175364e-09
4.49 2.4232610789363094e-09
4.495 2.3141884156617225e-09
4.5 2.4942193548874904e-09
4.505 2.4727701503564528e-09
4.51 2.4475413775048514e-09
4.515 2.4562968595618167e-09
4.5200000000000005 2.243507159728657e-09
4.525 2.448918715457522e-09
4.53 2.3777571087555126e-09
4.535 2.343221560292293e-09
4.54 2.4361793634749583e-09
4.545 2.2563125509997078e-09
4.55 2.4406547077275015e-09
4.555 2.3085297347749922e-09
4.5600000000000005 2.457717203442993e-09
4.565 2.286000922164818e-09
4.57 2.345270915394503e-09
4.575 2.1236552097373892e-09
4.58 2.289255392419656e-09
4.585 2.3341943215643656e-09
4.59 2.4236307392025956e-09
4.595 2.4234920626402554e-09
4.6000000000000005 2.2970491248390867e-09
4.605 2.271496332018928e-09
4.61 2.2847147343876086e-09
4.615 2.2607980951031736e-09
4.62 2.3359191793473173e-09
4.625 2.4066879568059385e-09
4.63 2.3435852998196444e-09
4.635 2.330963071747564e-09
4.64 2.248880544962846e-09
4.6450000000000005 2.2912087132059405e-09
4.65 2.2745045126524824e-09
4.655 2.302846974392003e-09
4.66 2.2830529689727543e-09
4.665 2.3004018717011076e-09
4.67 2.423938250100208e-09
4.675 2.3373302470003407e-09
4.68 2.2248667565374683e-09
4.6850000000000005 2.337019567793703e-09
4.69 2.2653242661671002e-09
4.695 2.287994261628076e-09
4.7 2.2608509595102444e-09
4.705 2.176975132135993e-09
4.71 2.2905883764113686e-09
4.715 2.2371272686963875e-09
4.72 2.132018770683564e-09
4.7250000000000005 2.244872672522804e-09
4.73 2.2777759263495145e-09
4.735 2.2797070684538337e-09
4.74 2.15192815609793e-09
4.745 2.2522332352724636e-09
4.75 2.1549075607357e-09
4.755 2.219159710952717e-09
4.76 2.182610312480489e-09
4.765 2.2650040939017172e-09
4.7700000000000005 2.2255172283714376e-09
4.775 2.135667750822163e-09
4.78 2.2423277128484316e-09
4.785 2.173702841313587e-09
4.79 2.1128452523581545e-09
4.795 2.1390947470464463e-09
4.8 2.0352864192397694e-09
4.805 2.1573586782961126e-09
4.8100000000000005 2.0629091481801774e-09
4.815 2.102728003370865e-09
4.82 2.184568462974146e-09
4.825 2.1159051119228784e-09
4.83 2.0466165720665825e-09
4.835 2.0905965367496232e-09
4.84 2.0016557629507915e-09
4.845 2.1473007326211323e-09
4.8500000000000005 2.2700560379082257e-09
4.855 2.1842571629760857e-09
4.86 2.093144489605981e-09
4.865 2.1415551434842407e-09
4.87 2.076766842068574e-09
4.875 2.0710241011957113e-09
4.88 2.128209853695402e-09
4.885 2.0575958800861197e-09
4.89 2.1270546267158446e-09
4.8950000000000005 2.124790128293779e-09
4.9 2.093189550398433e-09
4.905 2.105380997932475e-09
4.91 1.9845635618341673e-09
4.915 1.969614518097073e-09
4.92 1.968457672466093e-09
4.925 2.035686071410124e-09
4.93 2.022775121318176e-09
4.9350000000000005 1.9444922573270985e-09
4.94 1.9220970001070017e-09
4.945 2.062254291356487e-09
4.95 2.1015028760819125e-09
4.955 1.9745108362361918e-09
4.96 1.988849691283241e-09
4.965 2.1097648404030707e-09
4.97 1.9287643461611094e-09
4.9750000000000005 1.964856026866362e-09
4.98 2.0671466354452083e-09
4.985 2.132756959647983e-09
4.99 2.086820677807676e-09
4.995 1.9988160850072595e-09
5.0 1.9972339301721546e-09
5.005 1.955910265012256e-09
5.01 2.017178691008433e-09
5.015 1.9378821876037483e-09
5.0200000000000005 1.9530796699226417e-09
5.025 2.136728138900501e-09
5.03 1.910282572658327e-09
5.035 1.9923957473141273e-09
5.04 1.9099955310776244e-09
5.045 1.9119003542430367e-09
5.05 1.9795562854092956e-09
5.055 1.9261632501403296e-09
5.0600000000000005 1.913261718371039e-09
5.065 1.8674329807934867e-09
5.07 1.8531286933665822e-09
5.075 1.874357137125693e-09
5.08 2.0261581164861366e-09
5.085 1.933261417226373e-09
5.09 1.996133508436558e-09
5.095 1.8059986066925973e-09
5.1000000000000005 1.9535290023999343e-09
5.105 1.9074761615929286e-09
5.11 1.7835440309746258e-09
5.115 1.923325508574896e-09
5.12 1.8156647113970797e-09
5.125 1.9719021533147737e-09
5.13 1.94700837238537e-09
5.135 1.9121215540533805e-09
5.14 1.8070542539645524e-09
5.1450000000000005 1.8917012214785486e-09
5.15 1.9108656446758308e-09
5.155 1.981162361663253e-09
5.16 1.863935564509819e-09
5.165 1.860458355081969e-09
5.17 1.7749023367480236e-09
5.175 1.9102619691979333e-09
5.18 1.7775391258764588e-09
5.1850000000000005 1.8409911633096612e-09
5.19 1.8900627241922685e-09
5.195 1.8612799757750045e-09
5.2 1.8732989328905695e-09
5.205 1.896055609882233e-09
5.21 1.7655250112633477e-09
5.215 1.854035568099435e-09
5.22 1.8056661107219993e-09
5.2250000000000005 1.876533015407543e-09
5.23 1.8927302954083556e-09
5.235 1.8856463607334055e-09
5.24 1.723357698013837e-09
5.245 1.8352450764077362e-09
5.25 1.8692516037430163e-09
5.255 1.7182540155796498e-09
5.26 1.7732767920393055e-09
5.265 1.8152273255181208e-09
5.2700000000000005 1.946130783389267e-09
5.275 1.8098212649322297e-09
5.28 1.8000493946309971e-09
5.285 1.823272205588876e-09
5.29 1.745146138675937e-09
5.295 1.814123028252095e-09
5.3 1.8034593253288766e-09
5.305 1.7209073480933081e-09
5.3100000000000005 1.9334220504938537e-09
5.315 1.7421657453416773e-09
5.32 1.7646357446147878e-09
5.325 1.758265552749926e-09
5.33 1.7297459511380484e-09
5.335 1.6114949150165635e-09
5.34 1.7998010796202352e-09
5.345 1.7615899514120628e-09
5.3500000000000005 1.7245381832109663e-09
5.355 1.718392014547002e-09
5.36 1.7951257120635124e-09
5.365 1.7951281329916386e-09
5.37 1.6585237926696015e-09
5.375 1.8167285564171766e-09
5.38 1.7540313735618704e-09
5.385 1.747287200903142e-09
5.39 1.7296049667830259e-09
5.3950000000000005 1.664703153226753e-09
5.4 1.7201698185664128e-09
5.405 1.7164366420313373e-09
5.41 1.8033043998831044e-09
5.415 1.7220780746237986e-09
5.42 1.760275459944423e-09
5.425 1.6599300412998244e-09
5.43 1.617244203914924e-09
5.4350000000000005 1.8611496993951273e-09
5.44 1.7651418114007656e-09
5.445 1.5983077925070104e-09
5.45 1.6217868488554875e-09
5.455 1.6462435919955364e-09
5.46 1.64195606738402e-09
5.465 1.6171714832772988e-09
5.47 1.6044075540557673e-09
5.4750000000000005 1.5816891809264783e-09
5.48 1.6762720263701369e-09
5.485 1.7289059727018285e-09
5.49 1.701103801312947e-09
5.495 1.6571690760867932e-09
5.5 1.6077219872506428e-09
5.505 1.6269541772354043e-09
5.51 1.60485960041636e-09
5.515 1.5868573942428383e-09
5.5200000000000005 1.6879222552145075e-09
5.525 1.5792187279910177e-09
5.53 1.6403470689829237e-09
5.535 1.5250585618666196e-09
5.54 1.6659245278601922e-09
5.545 1.6433391119177847e-09
5.55 1.5758598825623901e-09
5.555 1.5474865284190352e-09
5.5600000000000005 1.6258951204735368e-09
5.565 1.5331383770502969e-09
5.57 1.5631570662839184e-09
5.575 1.6509069342499245e-09
5.58 1.5653787309032853e-09
5.585 1.6167773213685988e-09
5.59 1.618716633294765e-09
5.595 1.5244240305754544e-09
5.6000000000000005 1.4964343273498864e-09
5.605 1.5907000457886991e-09
5.61 1.5007207762203046e-09
5.615 1.5626861694816005e-09
5.62 1.5912573395246727e-09
5.625 1.587641578194521e-09
5.63 1.6253230775081155e-09
5.635 1.547969548683322e-09
5.64 1.5207382002297923e-09
5.6450000000000005 1.4213829302265845e-09
5.65 1.5233543964061549e-09
5.655 1.567733984745918e-09
5.66 1.6153278528681017e-09
5.665 1.6379722481552023e-09
5.67 1.6992169785726805e-09
5.675 1.5387485446934722e-09
5.68 1.4871705682967032e-09
5.6850000000000005 1.4953602755625994e-09
5.69 1.440301293270193e-09
5.695 1.492209012014401e-09
5.7 1.4491213519407786e-09
5.705 1.576144109260454e-09
5.71 1.4867660639924102e-09
5.715 1.4523427073713764e-09
5.72 1.471881088469833e-09
5.7250000000000005 1.4714183999629632e-09
5.73 1.4883856059104937e-09
5.735 1.4653554109220694e-09
5.74 1.4688681393531995e-09
5.745 1.5664847590305361e-09
5.75 1.5119259030044737e-09
5.755 1.478282416261248e-09
5.76 1.3934385003841049e-09
5.765 1.4844693412745287e-09
5.7700000000000005 1.477128152220833e-09
5.775 1.4874681871401434e-09
5.78 1.427058152274386e-09
5.785 1.442500787106309e-09
5.79 1.528788648666485e-09
5.795 1.4797316488516993e-09
5.8 1.3653371515535878e-09
5.805 1.4391941287553685e-09
5.8100000000000005 1.4914695530535853e-09
5.815 1.3719861212990047e-09
5.82 1.3930255504786687e-09
5.825 1.4616566710005508e-09
5.83 1.3719894055908705e-09
5.835 1.4808527142450365e-09
5.84 1.4610916619106267e-09
5.845 1.38173390617382e-09
5.8500000000000005 1.482831691221635e-09
5.855 1.3496013413723337e-09
5.86 1.4747970268210636e-09
5.865 1.418638860040697e-09
5.87 1.3979249381632694e-09
5.875 1.3396779697728406e-09
5.88 1.4032467225285587e-09
5.885 1.4098540664062522e-09
5.89 1.2702573609385877e-09
5.8950000000000005 1.4321540084943288e-09
5.9 1.4339667661190843e-09
5.905 1.3715418147261117e-09
5.91 1.3389161903948102e-09
5.915 1.4716054940322706e-09
5.92 1.465796172074718e-09
5.925 1.3484643006343076e-09
5.93 1.3877612767889273e-09
5.9350000000000005 1.4359492307295806e-09
5.94 1.4303943565239048e-09
5.945 1.3264195816188566e-09
5.95 1.3492498524742608e-09
5.955 1.3760044319834373e-09
5.96 1.3179780442904448e-09
5.965 1.339107598645912e-09
5.97 1.3533766459185096e-09
5.9750000000000005 1.367624907539197e-09
5.98 1.3342871887823122e-09
5.985 1.3526266302254894e-09
5.99 1.3440167739118134e-09
5.995 1.2792378059988713e-09
6.0 1.4194576838374846e-09
6.005 1.2600591257130773e-09
6.01 1.3074565072560166e-09
6.015000000000001 1.379603976205333e-09
6.0200000000000005 1.415446887453075e-09
6.025 1.2674557801481076e-09
6.03 1.3409176377837319e-09
6.035 1.330621670593351e-09
6.04 1.265490372156374e-09
6.045 1.279401865245343e-09
6.05 1.2055847249949765e-09
6.055 1.383355857661133e-09
6.0600000000000005 1.3195970413675243e-09
6.065 1.3505947118547162e-09
6.07 1.2527775030092706e-09
6.075 1.2781145778118403e-09
6.08 1.2661594983552665e-09
6.085 1.3709807378848497e-09
6.09 1.2502948371865981e-09
6.095 1.303451029014558e-09
6.1000000000000005 1.3429394303767238e-09
6.105 1.3103281734936369e-09
6.11 1.284136301294376e-09
6.115 1.2687384648728053e-09
6.12 1.2805820852281234e-09
6.125 1.231821067008022e-09
6.13 1.2933557538843765e-09
6.135 1.2784721873344242e-09
6.140000000000001 1.3567446060141252e-09
6.1450000000000005 1.2136689047438964e-09
6.15 1.29023592136076e-09
6.155 1.3063884535239416e-09
6.16 1.2227521269556582e-09
6.165 1.2793919417849052e-09
6.17 1.197517571909793e-09
6.175 1.2390735011283821e-09
6.18 1.2221980149448334e-09
6.1850000000000005 1.2508075531550273e-09
6.19 1.2626470872178095e-09
6.195 1.2725965868696825e-09
6.2 1.1875313208956925e-09
6.205 1.2167066359454466e-09
6.21 1.296248939056084e-09
6.215 1.281350646475022e-09
6.22 1.2082509892575354e-09
6.2250000000000005 1.1770498686500057e-09
6.23 1.2173443727648128e-09
6.235 1.2935127709224804e-09
6.24 1.3215162613726176e-09
6.245 1.238250610126949e-09
6.25 1.19960247919249e-09
6.255 1.147614988615958e-09
6.26 1.1769663036820946e-09
6.265000000000001 1.1818754882763155e-09
6.2700000000000005 1.2944515005238804e-09
6.275 1.3860169272357406e-09
6.28 1.1583030183028825e-09
6.285 1.2011795966440152e-09
6.29 1.2133952453042006e-09
6.295 1.2053779294540967e-09
6.3 1.1660078030892856e-09
6.305 1.1996812843263641e-09
6.3100000000000005 1.1965870667810195e-09
6.315 1.1724269668919964e-09
6.32 1.2154484956939239e-09
6.325 1.246069330577832e-09
6.33 1.199449470014434e-09
6.335 1.1830150161392795e-09
6.34 1.1164256600498481e-09
6.345 1.2202697201175467e-09
6.3500000000000005 1.2193178695060401e-09
6.355 1.2772879286551966e-09
6.36 1.1813549240754602e-09
6.365 1.1505909656418205e-09
6.37 1.1530226265206113e-09
6.375 1.200318179595402e-09
6.38 1.1778779683168536e-09
6.385 1.251231509977717e-09
6.390000000000001 1.0840985039786022e-09
6.3950000000000005 1.2173759049115482e-09
6.4 1.1359552044424614e-09
6.405 1.1693521565516608e-09
6.41 1.159396318144421e-09
6.415 1.122631241420896e-09
6.42 1.145906015075218e-09
6.425 1.0968908259690441e-09
6.43 1.0906128530016694e-09
6.4350000000000005 1.1236538471943474e-09
6.44 1.2316613320284197e-09
6.445 1.070027542994211e-09
6.45 1.1236363076209183e-09
6.455 1.1258150097604494e-09
6.46 1.16246987852481e-09
6.465 1.1793675208376407e-09
6.47 1.1870824706133592e-09
6.4750000000000005 1.1881939597168727e-09
6.48 1.086226667664796e-09
6.485 1.0440600199250393e-09
6.49 1.0796832230983872e-09
6.495 1.138936136982727e-09
6.5 1.1847380674071718e-09
6.505 1.0613387091895413e-09
6.51 1.0642295484894394e-09
6.515000000000001 1.1316370610198036e-09
6.5200000000000005 1.1180105318804597e-09
6.525 1.0763282773638448e-09
6.53 9.879254304288895e-10
6.535 1.1577880791111784e-09
6.54 1.1008422377536342e-09
6.545 1.0920713542954792e-09
6.55 1.1720084881324241e-09
6.555 1.0371035392884583e-09
6.5600000000000005 1.0711790834296784e-09
6.565 1.0657559784480815e-09
6.57 1.0489001680317317e-09
6.575 1.0632639571733187e-09
6.58 9.986526674116466e-10
6.585 1.035165517095334e-09
6.59 1.087337848522667e-09
6.595 1.056537867205335e-09
6.6000000000000005 1.0513137496518237e-09
6.605 1.0201961352405453e-09
6.61 1.060858736136003e-09
6.615 1.0705186644747435e-09
6.62 1.1580014568814284e-09
6.625 1.0866013856592179e-09
6.63 1.039043617004837e-09
6.635 1.0486557782723522e-09
6.640000000000001 1.0600944072970403e-09
6.6450000000000005 1.0762293433766634e-09
6.65 1.1594964087146344e-09
6.655 1.129690335035946e-09
6.66 9.954422243653286e-10
6.665 1.0478472640801844e-09
6.67 1.0896041237613594e-09
6.675 1.0195952497831064e-09
6.68 1.0924400525109423e-09
6.6850000000000005 1.0637103653186477e-09
6.69 9.88177413291211e-10
6.695 1.1023693726223661e-09
6.7 1.0271171229792432e-09
6.705 1.061772406268618e-09
6.71 1.0861053003504392e-09
6.715 9.943093673769302e-10
6.72 9.732018523398695e-10
6.7250000000000005 1.0741982949772164e-09
6.73 9.868430766810411e-10
6.735 1.087885509200994e-09
6.74 1.0687651358888347e-09
6.745 1.0536680411747651e-09
6.75 1.0828055302490048e-09
6.755 9.973809168204762e-10
6.76 1.0373108702194735e-09
6.765000000000001 1.0622203288995585e-09
6.7700000000000005 1.0539266729480853e-09
6.775 9.624324868483073e-10
6.78 9.923349803660056e-10
6.785 9.501567392696919e-10
6.79 9.629884141693395e-10
6.795 1.0151744528546974e-09
6.8 1.0349753958106595e-09
6.805 9.380059160288347e-10
6.8100000000000005 9.42100421735824e-10
6.815 1.0415036961122579e-09
6.82 1.0357972427651525e-09
6.825 1.0078933086298204e-09
6.83 9.961756037423303e-10
6.835 9.7518909365906e-10
6.84 9.370161640879735e-10
6.845 1.0074922238539105e-09
6.8500000000000005 9.234960272992432e-10
6.855 9.588228555737527e-10
6.86 9.850275929361546e-10
6.865 1.0120556902401962e-09
6.87 9.890496940299558e-10
6.875 9.708482984043186e-10
6.88 9.74495262841665e-10
6.885 1.0369583569844194e-09
6.890000000000001 1.013947964405848e-09
6.8950000000000005 9.920752466882843e-10
6.9 9.366052470637126e-10
6.905 9.620636664459338e-10
6.91 9.075459542349996e-10
6.915 1.069800865064829e-09
6.92 9.570214220920438e-10
6.925 9.683179697563116e-10
6.93 8.788927363817669e-10
6.9350000000000005 9.000750521679783e-10
6.94 1.0613819218438166e-09
6.945 9.762920510972226e-10
6.95 8.995798463776454e-10
6.955 9.514676038710137e-10
6.96 9.240676168640061e-10
6.965 8.817615330556578e-10
6.97 8.954210014899208e-10
6.9750000000000005 9.252328429574999e-10
6.98 9.017406997374683e-10
6.985 8.839141179294152e-10
6.99 9.315309560009498e-10
6.995 9.671628637089188e-10
7.0 9.730956364515864e-10
7.005 9.46527285333884e-10
7.01 8.9341696716101e-10
7.015000000000001 9.130065514753531e-10
7.0200000000000005 8.971296577578487e-10
7.025 8.704929263137483e-10
7.03 9.088042899300363e-10
7.035 9.363543581951977e-10
7.04 9.21357288173218e-10
7.045 9.463403208644164e-10
7.05 9.500467901476412e-10
7.055 8.764099508367871e-10
7.0600000000000005 8.510361198821831e-10
7.065 9.561486764557442e-10
7.07 8.498580763594039e-10
7.075 8.563497872522016e-10
7.08 9.298963316634118e-10
7.085 8.968719263579269e-10
7.09 8.375713377572137e-10
7.095 9.57406094109371e-10
7.1000000000000005 8.890712199207628e-10
7.105 8.749163785595622e-10
7.11 9.863497928359686e-10
7.115 9.350193670644109e-10
7.12 9.279780335711284e-10
7.125 8.934477697871022e-10
7.13 8.399315856721588e-10
7.135 8.797845411467035e-10
7.140000000000001 8.768920490764442e-10
7.1450000000000005 8.450503927511926e-10
7.15 9.130185105913074e-10
7.155 8.431944209496992e-10
7.16 8.1163509753708e-10
7.165 8.361797552754891e-10
7.17 8.437199941096881e-10
7.175 8.388916512099894e-10
7.18 8.424471107502677e-10
7.1850000000000005 9.926491060214768e-10
7.19 8.20682835478942e-10
7.195 8.852298648732107e-10
7.2 8.706102269392278e-10
7.205 8.798732176804328e-10
7.21 8.04674116328094e-10
7.215 8.533216553345741e-10
7.22 8.502757147971454e-10
7.2250000000000005 9.580515808877884e-10
7.23 8.410304620995425e-10
7.235 9.09819836769194e-10
7.24 8.087251223917439e-10
7.245 8.804326479589896e-10
7.25 8.856122314061995e-10
7.255 8.118168437171486e-10
7.26 8.647859926123179e-10
7.265000000000001 8.473697675190895e-10
7.2700000000000005 8.158338779023536e-10
7.275 8.910422342301422e-10
7.28 8.075761458750152e-10
7.285 8.596574891499809e-10
7.29 8.599208773879286e-10
7.295 8.113919915810593e-10
7.3 8.026213947667659e-10
7.305 7.954921195546066e-10
7.3100000000000005 8.424304319136541e-10
7.315 8.251470445570368e-10
7.32 8.081662774863598e-10
7.325 8.076289367644714e-10
7.33 8.07239683873609e-10
7.335 8.28573526443666e-10
7.34 7.583857308594126e-10
7.345 7.810258176646888e-10
7.3500000000000005 7.647827641881953e-10
7.355 7.721702883215799e-10
7.36 8.526224006218627e-10
7.365 8.198225874684473e-10
7.37 9.124887968306129e-10
7.375 8.087038250781271e-10
7.38 8.223778621148287e-10
7.385 7.833676295836748e-10
7.390000000000001 8.452265731772452e-10
7.3950000000000005 7.642803501158771e-10
7.4 7.127408283182634e-10
7.405 7.221745710655095e-10
7.41 7.411620384798849e-10
7.415 7.90413241938205e-10
7.42 8.128121979967722e-10
7.425 7.607174202184047e-10
7.43 8.264650909916563e-10
7.4350000000000005 7.258214458947088e-10
7.44 8.693262778966374e-10
7.445 8.023777870339971e-10
7.45 7.700280079119851e-10
7.455 8.747611514393386e-10
7.46 7.679498112265356e-10
7.465 7.622830426059376e-10
7.47 8.32209463010885e-10
7.4750000000000005 7.964045045275723e-10
7.48 7.642163831340528e-10
7.485 7.187508659490024e-10
7.49 7.909774405366039e-10
7.495 7.713366661084537e-10
7.5 8.459103149364488e-10
7.505 7.583100727295195e-10
7.51 7.115155732154034e-10
7.515000000000001 7.537001554215208e-10
7.5200000000000005 7.805176361713245e-10
7.525 6.943346614201241e-10
7.53 7.619651190278131e-10
7.535 7.91673661581043e-10
7.54 7.513376340448964e-10
7.545 7.938607329319946e-10
7.55 7.418942085853106e-10
7.555 7.43043027179594e-10
7.5600000000000005 8.225820581153664e-10
7.565 7.219277174608393e-10
7.57 7.733229387301598e-10
7.575 7.998733503283154e-10
7.58 7.572259092972568e-10
7.585 7.830092563073206e-10
7.59 7.629820461210685e-10
7.595 8.004083733424226e-10
7.6000000000000005 6.751239124947393e-10
7.605 8.32521320006332e-10
7.61 8.384112388355301e-10
7.615 7.513524673343039e-10
7.62 7.127205399271549e-10
7.625 7.391519792696831e-10
7.63 7.378817674801549e-10
7.635 7.684818790647385e-10
7.640000000000001 7.164727410149064e-10
7.6450000000000005 7.764867247062366e-10
7.65 6.725841638385447e-10
7.655 6.99859124058294e-10
7.66 7.790237606249778e-10
7.665 7.770009083860635e-10
7.67 7.100395167630461e-10
7.675 7.214853209941404e-10
7.68 7.031421074769796e-10
7.6850000000000005 7.151654519743281e-10
7.69 6.889641295022137e-10
7.695 7.366741156770669e-10
7.7 7.42632405740688e-10
7.705 7.099126433122169e-10
7.71 7.138127624825985e-10
7.715 7.498775123960163e-10
7.72 7.372915107805358e-10
7.7250000000000005 7.741565212140775e-10
7.73 7.641860592909818e-10
7.735 7.075454067339402e-10
7.74 7.249788230699717e-10
7.745 6.929964362663221e-10
7.75 7.05955047113734e-10
7.755 7.325103631094886e-10
7.76 7.280312935076158e-10
7.765000000000001 7.020643851368089e-10
7.7700000000000005 7.759268694276934e-10
7.775 6.80968913762572e-10
7.78 6.903172831370957e-10
7.785 6.578108304341232e-10
7.79 7.7655997131891e-10
7.795 6.768871006968124e-10
7.8 7.432502660098271e-10
7.805000000000001 6.50937877438584e-10
7.8100000000000005 6.945850300644895e-10
7.815 7.477501461731209e-10
7.82 6.658414852213288e-10
7.825 6.731303314269172e-10
7.83 7.066079686507161e-10
7.835 6.732521986778305e-10
7.84 7.276327119032675e-10
7.845 6.995175174969657e-10
7.8500000000000005 6.750396549549292e-10
7.855 7.076926612009839e-10
7.86 7.034171039570912e-10
7.865 6.761653634968174e-10
7.87 6.902038480760016e-10
7.875 6.357579622398961e-10
7.88 6.63949740938947e-10
7.885 6.861586339745462e-10
7.890000000000001 6.958282704812929e-10
7.8950000000000005 7.712075659829341e-10
7.9 6.610770177853476e-10
7.905 7.045692138043532e-10
7.91 7.161781991083962e-10
7.915 6.409966029128896e-10
7.92 6.65568569528733e-10
7.925 6.492021759597001e-10
7.930000000000001 6.271452774218977e-10
7.9350000000000005 6.906051887849223e-10
7.94 7.245346718237957e-10
7.945 7.053664503005902e-10
7.95 7.027042251154954e-10
7.955 6.679621723507481e-10
7.96 6.951362067183882e-10
7.965 6.754136246593429e-10
7.97 6.513348152392183e-10
7.9750000000000005 6.147206889282404e-10
7.98 6.779286729520901e-10
7.985 6.978980618100953e-10
7.99 6.514586063616921e-10
7.995 6.986286653601862e-10
8.0 6.375758543734185e-10
8.25 3.151728389431712e-08
8.5 2.9287885204356764e-08
8.75 2.7164596934392265e-08
9.0 2.508935564385282e-08
9.25 2.3047773994917633e-08
9.5 2.1223176240065152e-08
9.75 1.9503082202120966e-08
10.0 1.765479636915885e-08
10.25 1.612352087917795e-08
10.5 1.4801311100953463e-08
10.75 1.3483203763232023e-08
11.0 1.2041158571114283e-08
11.25 1.1009516729613892e-08
11.5 1.0201975220916373e-08
11.75 9.291763123645135e-09
12.0 8.703089078402657e-09
12.25 7.851153101112511e-09
12.5 7.364792745301981e-09
12.75 6.562577960525153e-09
13.0 6.35629302111378e-09
13.25 5.952678406597919e-09
13.5 5.447020538843426e-09
13.75 5.048861068762495e-09
14.0 4.805065881386246e-09
14.25 4.593702950199538e-09
14.5 4.126951102195993e-09
14.75 3.766292021336816e-09
15.0 3.5542167061178153e-09
15.25 3.301971712116479e-09
15.5 3.086071470401747e-09
15.75 2.838362728250396e-09
16.0 2.7458487454511775e-09
16.25 2.6167810065468736e-09
16.5 2.4084929156312592e-09
16.75 2.3107990687592797e-09
17.0 2.2188234481457087e-09
17.25 2.0823788352865902e-09
17.5 1.9683451059140393e-09
17.75 1.902983059280509e-09
18.0 1.7504235624368863e-09
18.25 1.665237141987315e-09
18.5 1.580243538356524e-09
18.75 1.4263660184504363e-09
19.0 1.3994286771564203e-09
19.25 1.338689431510173e-09
19.5 1.2030081390807978e-09
19.75 1.158786254668565e-09
