0.005 1.8420810592238463e-11
0.01 1.1307895128255789e-10
0.015 2.4561490991181923e-10
0.02 3.7987338542023896e-10
0.025 5.195323343515111e-10
0.03 6.64064605531991e-10
0.035 8.049784187634963e-10
0.04 9.57519515309491e-10
0.045 1.085745151344798e-09
0.05 1.232868537096043e-09
0.055 1.3524534938750104e-09
0.06 1.4710722531251583e-09
0.065 1.5825444664267452e-09
0.07 1.7066334865129653e-09
0.075 1.805080535555405e-09
0.08 1.882782691090335e-09
0.085 2.0116918395603626e-09
0.09 2.0833186004719675e-09
0.095 2.1174032123100753e-09
0.1 2.2159166566327818e-09
0.105 2.309044408145528e-09
0.11 2.358550082510101e-09
0.115 2.3966030320138153e-09
0.12 2.485886872059317e-09
0.125 2.5512663634027794e-09
0.13 2.592618298038673e-09
0.135 2.6101196498346784e-09
0.14 2.706891979130334e-09
0.145 2.7998168455165663e-09
0.15 2.8918357146642874e-09
0.155 2.889734787120818e-09
0.16 2.990773319050864e-09
0.165 3.0448250515651703e-09
0.17 3.0901966823582142e-09
0.17500000000000002 3.167432006611216e-09
0.18 3.3540943614737487e-09
0.185 3.32944166273703e-09
0.19 3.402938773959631e-09
0.195 3.5019037570033483e-09
0.2 3.51375241726684e-09
0.20500000000000002 3.5805663751063947e-09
0.21 3.6935967196911804e-09
0.215 3.683803861233439e-09
0.22 3.810913140557276e-09
0.225 3.810772058977369e-09
0.23 3.933880177111269e-09
0.23500000000000001 3.9685807394991905e-09
0.24 4.045188269515873e-09
0.245 4.113239538803956e-09
0.25 4.13610413067501e-09
0.255 4.2459131585267995e-09
0.26 4.231505833927574e-09
0.265 4.3051890192901466e-09
0.27 4.356645950118024e-09
0.275 4.458305777917717e-09
0.28 4.556522850410856e-09
0.28500000000000003 4.625609192342158e-09
0.29 4.5839741038059026e-09
0.295 4.698871334799642e-09
0.3 4.701116718536221e-09
0.305 4.7609540936221e-09
0.31 4.779967425051995e-09
0.315 4.8444064385150694e-09
0.32 4.96639055838275e-09
0.325 5.0209616431856176e-09
0.33 5.059747351314729e-09
0.335 5.063575827490034e-09
0.34 5.173436776212403e-09
0.34500000000000003 5.116157049488599e-09
0.35000000000000003 5.112791254701398e-09
0.355 5.266333449011038e-09
0.36 5.20082436864619e-09
0.365 5.403720012866172e-09
0.37 5.327539231598327e-09
0.375 5.287439427471294e-09
0.38 5.3869149861135416e-09
0.385 5.521443436652776e-09
0.39 5.5402920792801364e-09
0.395 5.504337054502583e-09
0.4 5.596099854317161e-09
0.405 5.616292450837827e-09
0.41000000000000003 5.581732045862521e-09
0.41500000000000004 5.699720073966944e-09
0.42 5.637198841215756e-09
0.425 5.6837392813607185e-09
0.43 5.7612313397586524e-09
0.435 5.870893436589004e-09
0.44 5.7723329051265095e-09
0.445 5.818700541718586e-09
0.45 5.7585696220471275e-09
0.455 6.000708128920325e-09
0.46 5.849362533893311e-09
0.465 5.931479266181769e-09
0.47000000000000003 5.9382142016300475e-09
0.47500000000000003 5.939025637929683e-09
0.48 5.941677982227468e-09
0.485 5.9542894304986185e-09
0.49 5.8470699607827345e-09
0.495 6.08210810753967e-09
0.5 5.908046593550119e-09
0.505 6.053333784838758e-09
0.51 6.0135498223166204e-09
0.515 6.020405427483178e-09
0.52 6.087172763709496e-09
0.525 6.000448602334302e-09
0.53 5.934792474048478e-09
0.535 5.9936371175857414e-09
0.54 5.974898688308894e-09
0.545 6.161747623621946e-09
0.55 6.150386354225268e-09
0.555 5.9357449518710875e-09
0.56 6.106642732570492e-09
0.5650000000000001 6.025691625748543e-09
0.5700000000000001 6.103452667661537e-09
0.5750000000000001 6.191223649086797e-09
0.58 5.9118991201103575e-09
0.585 6.012997340125801e-09
0.59 5.9702749312954245e-09
0.595 6.062499176532518e-09
0.6 6.044633171971714e-09
0.605 5.9704981208757836e-09
0.61 6.017987649612347e-09
0.615 6.116251531039162e-09
0.62 5.899591871099572e-09
0.625 5.991361922582357e-09
0.63 5.909659550899704e-09
0.635 5.9872955448498304e-09
0.64 5.938510328885702e-09
0.645 5.816560144153043e-09
0.65 5.8907832972844595e-09
0.655 5.860089157597936e-09
0.66 5.812921128238652e-09
0.665 5.719441006406083e-09
0.67 5.844131041200785e-09
0.675 5.694146403743557e-09
0.68 5.765388732841292e-09
0.685 5.678235154542262e-09
0.6900000000000001 5.7138328987820316e-09
0.6950000000000001 5.583016343389417e-09
0.7000000000000001 5.544763601092334e-09
0.705 5.603108186474006e-09
0.71 5.5655044490540545e-09
0.715 5.666775591516818e-09
0.72 5.561605329727285e-09
0.725 5.430960310995648e-09
0.73 5.438935629709454e-09
0.735 5.3438925519985885e-09
0.74 5.27500085674639e-09
0.745 5.409892915856505e-09
0.75 5.384816079159745e-09
0.755 5.197707769374872e-09
0.76 5.4380556212700106e-09
0.765 5.291200374218755e-09
0.77 5.124798023277224e-09
0.775 5.150419831439446e-09
0.78 5.234898500632135e-09
0.785 5.1507610077755234e-09
0.79 5.018002386040735e-09
0.795 5.102434282830858e-09
0.8 5.001660620476087e-09
0.805 4.942318483020031e-09
0.81 4.847673313179459e-09
0.8150000000000001 4.921195200307596e-09
0.8200000000000001 4.915085240568993e-09
0.8250000000000001 4.661721204985131e-09
0.8300000000000001 4.85268219896524e-09
0.835 4.720161111082201e-09
0.84 4.58970057365045e-09
0.845 4.677846819024435e-09
0.85 4.5187103759977e-09
0.855 4.538378516536273e-09
0.86 4.403402566910149e-09
0.865 4.567411308533723e-09
0.87 4.3927111110862896e-09
0.875 4.232804211556842e-09
0.88 4.380797367391383e-09
0.885 4.242700560235566e-09
0.89 4.266217328811792e-09
0.895 4.2307370348878475e-09
0.9 4.189839616428272e-09
0.905 4.164124515274675e-09
0.91 4.1610942478459144e-09
0.915 4.139558665188937e-09
0.92 3.944800620020589e-09
0.925 3.937761726956637e-09
0.93 3.964206912473158e-09
0.935 4.057514320155564e-09
0.9400000000000001 3.9143592676847764e-09
0.9450000000000001 3.963087519550434e-09
0.9500000000000001 3.798605792791993e-09
0.9550000000000001 3.816628345002515e-09
0.96 3.725370717323177e-09
0.965 3.7218907968592483e-09
0.97 3.762401741089395e-09
0.975 3.5280809364499324e-09
0.98 3.6066382077967974e-09
0.985 3.5385869240026643e-09
0.99 3.65634619907334e-09
0.995 3.484389110572455e-09
1.0 3.582063656376032e-09
1.0050000000000001 3.5309857300613295e-09
1.01 3.4224713882993103e-09
1.0150000000000001 3.4274811614617833e-09
1.02 3.306733345738915e-09
1.025 3.32845709991025e-09
1.03 3.2005180432736926e-09
1.035 3.2777505912572555e-09
1.04 3.146144993994156e-09
1.045 3.2617225094250966e-09
1.05 3.1797170725738132e-09
1.055 3.169528159451386e-09
1.06 3.1010525039120532e-09
1.065 3.104470610051213e-09
1.07 3.1284397716814597e-09
1.075 3.0571520205495704e-09
1.08 3.0549988729733127e-09
1.085 2.9712656694971207e-09
1.09 2.999765443463769e-09
1.095 2.8168682996700785e-09
1.1 2.9451635895791994e-09
1.105 2.777361729420522e-09
1.11 2.8048422937084824e-09
1.115 2.8373187152973103e-09
1.12 2.80082206680964e-09
1.125 2.7531573189425357e-09
1.1300000000000001 2.7593259578916457e-09
1.135 2.854993393079272e-09
1.1400000000000001 2.7146694449444362e-09
1.145 2.710453679480613e-09
1.1500000000000001 2.707278726662848e-09
1.155 2.685870079565796e-09
1.16 2.7048206885679747e-09
1.165 2.7111735715036318e-09
1.17 2.6626492759200154e-09
1.175 2.6063115071134335e-09
1.18 2.6292468580128056e-09
1.185 2.537646689213957e-09
1.19 2.4293389881862295e-09
1.195 2.516359650359073e-09
1.2 2.41112277580483e-09
1.205 2.5111477129794432e-09
1.21 2.408224790176815e-09
1.215 2.570195462949159e-09
1.22 2.4402792440807517e-09
1.225 2.3423707470994356e-09
1.23 2.472630896904877e-09
1.235 2.35067339874061e-09
1.24 2.3008849459280628e-09
1.245 2.363264210475931e-09
1.25 2.279862303510791e-09
1.2550000000000001 2.274465938672037e-09
1.26 2.271569750125286e-09
1.2650000000000001 2.2377218520442646e-09
1.27 2.1601940301375115e-09
1.2750000000000001 2.230140186598449e-09
1.28 2.1492330812165495e-09
1.285 2.187731468126093e-09
1.29 2.2173007986678273e-09
1.295 2.1144283164883346e-09
1.3 2.2037046440448604e-09
1.305 2.192443699812244e-09
1.31 2.1140431716461532e-09
1.315 2.180846020590363e-09
1.32 2.114459606798458e-09
1.325 2.024737771745871e-09
1.33 2.0528992426000972e-09
1.335 2.013919075256376e-09
1.34 2.0052945571899507e-09
1.345 2.055700310749862e-09
1.35 1.8982073878321085e-09
1.355 2.0115746347413017e-09
1.36 1.98666446196668e-09
1.365 1.9938849231071792e-09
1.37 1.9120617074825e-09
1.375 1.9574258681439026e-09
1.3800000000000001 1.9851112772518437e-09
1.385 1.978964133727822e-09
1.3900000000000001 1.9277648355722317e-09
1.395 1.8711968237410792e-09
1.4000000000000001 1.9094449666664836e-09
1.405 1.901197147003921e-09
1.41 1.9489554732074844e-09
1.415 1.8786092536351033e-09
1.42 1.8975487347361784e-09
1.425 1.8899161842709465e-09
1.43 1.8600712863207417e-09
1.435 1.841732920588733e-09
1.44 1.802030662920405e-09
1.445 1.845922108720479e-09
1.45 1.9169317976641913e-09
1.455 1.8137606559660922e-09
1.46 1.7799338410330218e-09
1.465 1.889715780471641e-09
1.47 1.8416474953471088e-09
1.475 1.7558087034630249e-09
1.48 1.7324523716917801e-09
1.485 1.7553580494632938e-09
1.49 1.7663637897741406e-09
1.495 1.7224799585094791e-09
1.5 1.6845822694370413e-09
1.5050000000000001 1.7607176448134195e-09
1.51 1.7342255184568028e-09
1.5150000000000001 1.7641532757386228e-09
1.52 1.702781123444441e-09
1.5250000000000001 1.840409680134036e-09
1.53 1.7031221631741153e-09
1.5350000000000001 1.6948680947890998e-09
1.54 1.6394086074545209e-09
1.545 1.7553231622457188e-09
1.55 1.721687869967216e-09
1.555 1.6908313000701164e-09
1.56 1.7022560759439374e-09
1.565 1.7160197102815952e-09
1.57 1.6867421992441414e-09
1.575 1.6993979136590694e-09
1.58 1.6481616137489512e-09
1.585 1.6477919265829716e-09
1.59 1.6838767168706602e-09
1.595 1.6201054014325857e-09
1.6 1.6947062992573747e-09
1.605 1.6973836802660306e-09
1.61 1.7201239674536818e-09
1.615 1.6714861321603301e-09
1.62 1.7010467804527174e-09
1.625 1.6401903918847717e-09
1.6300000000000001 1.6231280740343152e-09
1.635 1.6215313306547474e-09
1.6400000000000001 1.6460045207090075e-09
1.645 1.6263364447474076e-09
1.6500000000000001 1.6070644382876786e-09
1.655 1.6690366630843256e-09
1.6600000000000001 1.6100958824321913e-09
1.665 1.6317095099018331e-09
1.67 1.5815072168808867e-09
1.675 1.6063437581420815e-09
1.68 1.5998685896474359e-09
1.685 1.6519039575581983e-09
1.69 1.6312528742983403e-09
1.695 1.6347685401706203e-09
1.7 1.599178394876251e-09
1.705 1.6258309672517054e-09
1.71 1.59887400681029e-09
1.715 1.622807651101393e-09
1.72 1.5923820302586097e-09
1.725 1.5716922502132274e-09
1.73 1.6042002218428271e-09
1.735 1.5630695181997628e-09
1.74 1.6121127838014951e-09
1.745 1.5894537328090462e-09
1.75 1.5587100566657507e-09
1.7550000000000001 1.59660506121419e-09
1.76 1.5515455984220315e-09
1.7650000000000001 1.5837051846364443e-09
1.77 1.5819249751939366e-09
1.7750000000000001 1.5788290150060736e-09
1.78 1.5889134661659525e-09
1.7850000000000001 1.5462881907654972e-09
1.79 1.5427703027324763e-09
1.795 1.525843595609849e-09
1.8 1.5439582606470964e-09
1.805 1.5872276773437515e-09
1.81 1.5563330071481033e-09
1.815 1.5531591158568914e-09
1.82 1.5654282828004469e-09
1.825 1.5300812297025362e-09
1.83 1.549028962458063e-09
1.835 1.545836617341587e-09
1.84 1.5309485830513711e-09
1.845 1.54751846046319e-09
1.85 1.5283081823442735e-09
1.855 1.5234742372891145e-09
1.86 1.513777276363643e-09
1.865 1.5571995802552815e-09
1.87 1.5478477389078735e-09
1.875 1.5553495483883966e-09
1.8800000000000001 1.554273511620154e-09
1.885 1.5213899239338362e-09
1.8900000000000001 1.5573557776495612e-09
1.895 1.5161630655197531e-09
1.9000000000000001 1.537513139255804e-09
1.905 1.5541095379808589e-09
1.9100000000000001 1.4998688198308962e-09
1.915 1.5542761411309216e-09
1.92 1.528173885058184e-09
1.925 1.583198000291621e-09
1.93 1.5442716290142684e-09
1.935 1.5599333739236393e-09
1.94 1.4989023066120256e-09
1.945 1.5093338785622434e-09
1.95 1.5183379704738998e-09
1.955 1.5233995111839097e-09
1.96 1.5111754747180863e-09
1.965 1.5356350463156645e-09
1.97 1.5438661109776793e-09
1.975 1.5437405359891075e-09
1.98 1.5052542590129557e-09
1.985 1.5167695215213128e-09
1.99 1.5173059468794588e-09
1.995 1.5442031498012536e-09
2.0 1.5069446735799e-09
2.005 1.5408378191916638e-09
2.0100000000000002 1.5299343192436202e-09
2.015 1.5056006374375295e-09
2.02 1.4696100276247004e-09
2.025 1.4658648443681235e-09
2.0300000000000002 1.5200768242867925e-09
2.035 1.4612781025087775e-09
2.04 1.5325918905247546e-09
2.045 1.4679953567609176e-09
2.05 1.510173146205377e-09
2.055 1.5052644851771104e-09
2.06 1.4920342390307732e-09
2.065 1.4745156223440707e-09
2.07 1.54220843604363e-09
2.075 1.5270582184682297e-09
2.08 1.5037120772811445e-09
2.085 1.4877843803834022e-09
2.09 1.5071075299664846e-09
2.095 1.5075443576223427e-09
2.1 1.464378472822019e-09
2.105 1.4768333744611032e-09
2.11 1.487348109460552e-09
2.115 1.479178609857749e-09
2.12 1.4936907231320476e-09
2.125 1.4805617481308692e-09
2.13 1.5220246304923102e-09
2.1350000000000002 1.4974707114481328e-09
2.14 1.4633508414961438e-09
2.145 1.5266371837723198e-09
2.15 1.4782566607752198e-09
2.1550000000000002 1.4805054556133586e-09
2.16 1.4650486278505057e-09
2.165 1.4947571745106977e-09
2.17 1.5103981274891932e-09
2.1750000000000003 1.4843069974362963e-09
2.18 1.4713079748757779e-09
2.185 1.4564800125906446e-09
2.19 1.470162544166339e-09
2.195 1.5040566299568588e-09
2.2 1.4859013650534201e-09
2.205 1.4705913103931412e-09
2.21 1.5324187284106424e-09
2.215 1.5198441494440086e-09
2.22 1.4570578995330132e-09
2.225 1.4502153718309056e-09
2.23 1.4920882802904398e-09
2.235 1.5235815199825233e-09
2.24 1.475769732068308e-09
2.245 1.4430643302502927e-09
2.25 1.477987853048156e-09
2.255 1.4403224312494258e-09
2.2600000000000002 1.4682781419160258e-09
2.265 1.4218045232826283e-09
2.27 1.443991149790649e-09
2.275 1.4882666499871117e-09
2.2800000000000002 1.4600163401720303e-09
2.285 1.4795368312103977e-09
2.29 1.4433458966667433e-09
2.295 1.4473467191924046e-09
2.3000000000000003 1.4448555024332081e-09
2.305 1.4568028756166378e-09
2.31 1.4326715603378277e-09
2.315 1.426430395704415e-09
2.32 1.4358470794101908e-09
2.325 1.4774607194278525e-09
2.33 1.4558597155509391e-09
2.335 1.4872720209908938e-09
2.34 1.46935070097957e-09
2.345 1.442715218293845e-09
2.35 1.427504085667258e-09
2.355 1.4609756134008755e-09
2.36 1.4761980972959e-09
2.365 1.4312262155418281e-09
2.37 1.408724462665187e-09
2.375 1.4317246937620066e-09
2.38 1.4130907345917516e-09
2.3850000000000002 1.4264701779905836e-09
2.39 1.4482338368544023e-09
2.395 1.4870106309159242e-09
2.4 1.4227303982706038e-09
2.4050000000000002 1.470124119675463e-09
2.41 1.4186831821658535e-09
2.415 1.4348243702181768e-09
2.42 1.4166382555487053e-09
2.4250000000000003 1.4731357417848572e-09
2.43 1.4135719834146335e-09
2.435 1.464074534895274e-09
2.44 1.4117887481865833e-09
2.445 1.473397943973836e-09
2.45 1.4074485146443206e-09
2.455 1.4414666994692625e-09
2.46 1.4263415485670392e-09
2.465 1.4188266095257707e-09
2.47 1.4043199739998426e-09
2.475 1.4142490351086774e-09
2.48 1.3953920224879154e-09
2.485 1.4261506540215072e-09
2.49 1.4294305943119348e-09
2.495 1.392811214177021e-09
2.5 1.4008502667418042e-09
2.505 1.4514360928301843e-09
2.5100000000000002 1.4156508517200278e-09
2.515 1.4070191717139221e-09
2.52 1.3869257941457415e-09
2.525 1.400032501227603e-09
2.5300000000000002 1.3977173058883549e-09
2.535 1.397436117018836e-09
2.54 1.3878381034037035e-09
2.545 1.3970539199488225e-09
2.5500000000000003 1.3739517560021658e-09
2.555 1.3885330171670462e-09
2.56 1.4285167297244738e-09
2.565 1.4281601512271094e-09
2.57 1.4069394497050995e-09
2.575 1.3829335974429732e-09
2.58 1.3795075483428373e-09
2.585 1.3844720966248152e-09
2.59 1.3751662439051672e-09
2.595 1.410827577748243e-09
2.6 1.411142226949056e-09
2.605 1.3687064555460366e-09
2.61 1.386640523197404e-09
2.615 1.3964910632233861e-09
2.62 1.366319917307508e-09
2.625 1.4029093980629015e-09
2.63 1.371866272121182e-09
2.6350000000000002 1.3642908227683818e-09
2.64 1.380142989091404e-09
2.645 1.4022772291526233e-09
2.65 1.3725702886572447e-09
2.6550000000000002 1.3883020479369963e-09
2.66 1.3678311693329804e-09
2.665 1.3485220414528232e-09
2.67 1.3555889675098077e-09
2.6750000000000003 1.379675918537652e-09
2.68 1.3784884003136983e-09
2.685 1.342813479368039e-09
2.69 1.34740924291372e-09
2.695 1.3584033604316847e-09
2.7 1.3944805627228814e-09
2.705 1.3641110008327935e-09
2.71 1.3905070059379591e-09
2.715 1.3392766934326991e-09
2.72 1.3802689668105109e-09
2.725 1.3416169138343197e-09
2.73 1.3240410257692813e-09
2.735 1.330295893936261e-09
2.74 1.3597412357283426e-09
2.745 1.3461732551018574e-09
2.75 1.3361706185403021e-09
2.755 1.302086287798817e-09
2.7600000000000002 1.308571913626948e-09
2.765 1.3711730931330328e-09
2.77 1.330936384321493e-09
2.775 1.3572748214191826e-09
2.7800000000000002 1.3328321704454444e-09
2.785 1.3368881979540318e-09
2.79 1.3106828189133322e-09
2.795 1.2986058541708418e-09
2.8000000000000003 1.3139536621244998e-09
2.805 1.3172943872748425e-09
2.81 1.2862899026375066e-09
2.815 1.3491956542280695e-09
2.82 1.3074766534071115e-09
2.825 1.321328664107239e-09
2.83 1.2896408196370096e-09
2.835 1.34357473764836e-09
2.84 1.2676739223589391e-09
2.845 1.2970635131912775e-09
2.85 1.294928974022405e-09
2.855 1.3046785987009718e-09
2.86 1.2867730830360156e-09
2.865 1.2870830531337719e-09
2.87 1.3055112036237117e-09
2.875 1.3147770258767541e-09
2.88 1.3033401306032392e-09
2.8850000000000002 1.2808023132629063e-09
2.89 1.2834246562351002e-09
2.895 1.2825897042385677e-09
2.9 1.3202467119127285e-09
2.9050000000000002 1.265334680192849e-09
2.91 1.2790636962476522e-09
2.915 1.2974709780488492e-09
2.92 1.2594872044740416e-09
2.9250000000000003 1.3097802800742316e-09
2.93 1.254955009781791e-09
2.935 1.2359063013638907e-09
2.94 1.2838811150686256e-09
2.945 1.3214486164768033e-09
2.95 1.270494424093772e-09
2.955 1.2804795449738103e-09
2.96 1.2548808023700126e-09
2.965 1.2866978800698783e-09
2.97 1.261801195774383e-09
2.975 1.2687866336222355e-09
2.98 1.2782120965782133e-09
2.985 1.2574430693538985e-09
2.99 1.2440631636746262e-09
2.995 1.258312901603922e-09
3.0 1.2304638199543e-09
3.005 1.2804180098260014e-09
3.0100000000000002 1.2447978271706969e-09
3.015 1.2353235967119611e-09
3.02 1.1966450564092777e-09
3.025 1.231013319471894e-09
3.0300000000000002 1.237100043542355e-09
3.035 1.23133056555301e-09
3.04 1.2253461705944066e-09
3.045 1.2276084443685984e-09
3.0500000000000003 1.2247102248874744e-09
3.055 1.257224809142426e-09
3.06 1.2184054319112116e-09
3.065 1.2283894211719615e-09
3.0700000000000003 1.192932121079153e-09
3.075 1.2050675926665071e-09
3.08 1.1911235591463503e-09
3.085 1.2241684628188106e-09
3.09 1.2057928517485613e-09
3.095 1.19739902729759e-09
3.1 1.2167693308956125e-09
3.105 1.232560501705756e-09
3.11 1.2012472167170548e-09
3.115 1.1999379299582582e-09
3.12 1.184173709656356e-09
3.125 1.1773109537552792e-09
3.13 1.2108404344321282e-09
3.1350000000000002 1.185087091798761e-09
3.14 1.1870917819122196e-09
3.145 1.1701464562527092e-09
3.15 1.2018950674347904e-09
3.1550000000000002 1.220471366386162e-09
3.16 1.1770265173120485e-09
3.165 1.171576816308858e-09
3.17 1.200094278547763e-09
3.1750000000000003 1.152586973500892e-09
3.18 1.179615187065698e-09
3.185 1.1422466141785327e-09
3.19 1.1488378439361452e-09
3.1950000000000003 1.1693975812947803e-09
3.2 1.1733562661107733e-09
3.205 1.145267900115678e-09
3.21 1.1395369657557207e-09
3.215 1.1458652128404936e-09
3.22 1.1618820469153632e-09
3.225 1.1580290904214854e-09
3.23 1.1245016941195128e-09
3.235 1.143002376354553e-09
3.24 1.1507095837999375e-09
3.245 1.122517629503203e-09
3.25 1.1149197940560938e-09
3.255 1.1419448214677493e-09
3.2600000000000002 1.1284831289196166e-09
3.265 1.1282465407046317e-09
3.27 1.143623086096996e-09
3.275 1.114225563982956e-09
3.2800000000000002 1.1146192868024415e-09
3.285 1.122664459527118e-09
3.29 1.132336888392258e-09
3.295 1.0740032365397841e-09
3.3000000000000003 1.1000331232378478e-09
3.305 1.1239378900446116e-09
3.31 1.129674284039374e-09
3.315 1.1090175475254758e-09
3.3200000000000003 1.1123121121571129e-09
3.325 1.0891450089086874e-09
3.33 1.1026044788669272e-09
3.335 1.0985010445811923e-09
3.34 1.0857108959239642e-09
3.345 1.064283221784556e-09
3.35 1.0749036947418116e-09
3.355 1.079373702298312e-09
3.36 1.1050168388445608e-09
3.365 1.1019382779241049e-09
3.37 1.0824100722730817e-09
3.375 1.1017638086392492e-09
3.38 1.0754740396117167e-09
3.3850000000000002 1.079552183595726e-09
3.39 1.0737748767966392e-09
3.395 1.0603022462644768e-09
3.4 1.0715948919010146e-09
3.4050000000000002 1.0561329958030434e-09
3.41 1.0849705716976404e-09
3.415 1.0592280752614444e-09
3.42 1.0649644515665508e-09
3.4250000000000003 1.0791991319722043e-09
3.43 1.0656185999923972e-09
3.435 1.0635032088248408e-09
3.44 1.0541764567431293e-09
3.4450000000000003 1.0438653346513618e-09
3.45 1.038388082891706e-09
3.455 1.0656088414892903e-09
3.46 1.0394594402363568e-09
3.465 1.0688660965544208e-09
3.47 1.0579697785490142e-09
3.475 1.0473965295147545e-09
3.48 1.0547365782059673e-09
3.485 1.036216239410928e-09
3.49 1.0198585703284588e-09
3.495 1.0085655526225854e-09
3.5 1.0380793194067614e-09
3.505 1.0150044073919505e-09
3.5100000000000002 1.0418959946057239e-09
3.515 9.93260349087541e-10
3.52 1.0268499500037453e-09
3.525 1.0173325114719473e-09
3.5300000000000002 1.000916351554058e-09
3.535 1.0093648702290609e-09
3.54 9.899625076573244e-10
3.545 1.00669863529618e-09
3.5500000000000003 1.0094202911553646e-09
3.555 9.91241175535858e-10
3.56 9.753313173334138e-10
3.565 9.94777319476408e-10
3.5700000000000003 9.859208550322975e-10
3.575 1.0112028393521691e-09
3.58 9.883116100268391e-10
3.585 9.624768006169204e-10
3.59 9.658999113026208e-10
3.595 9.93126591982361e-10
3.6 1.0055725645490762e-09
3.605 9.657579763465944e-10
3.61 9.557552298339965e-10
3.615 9.663697603380582e-10
3.62 9.728053112515959e-10
3.625 9.801804604729308e-10
3.63 9.261366760015374e-10
3.6350000000000002 9.829368906491649e-10
3.64 9.606873506637216e-10
3.645 9.622136108968229e-10
3.65 9.440374534503961e-10
3.6550000000000002 9.266350683496901e-10
3.66 9.331110185588807e-10
3.665 9.481824053310633e-10
3.67 9.85718962567641e-10
3.6750000000000003 9.086260628037177e-10
3.68 9.4395555959258e-10
3.685 9.444554257408437e-10
3.69 9.322422277674742e-10
3.6950000000000003 9.404716748212288e-10
3.7 9.279532253025061e-10
3.705 9.060007951350366e-10
3.71 9.162169517721318e-10
3.715 9.296629916314401e-10
3.72 9.139056959493116e-10
3.725 9.289437466915516e-10
3.73 8.98527163955589e-10
3.735 9.136813108990146e-10
3.74 8.99429742303729e-10
3.745 8.994048167883883e-10
3.75 9.030383968467125e-10
3.755 8.941970213775627e-10
3.7600000000000002 8.836940331135635e-10
3.765 8.826770535830346e-10
3.77 8.898801077500998e-10
3.775 8.895165415158935e-10
3.7800000000000002 9.019348449718892e-10
3.785 8.812707536889487e-10
3.79 8.833636023095025e-10
3.795 8.85627869397145e-10
3.8000000000000003 8.551651119033785e-10
3.805 8.469906611456788e-10
3.81 8.394249907180385e-10
3.815 8.550024829623973e-10
3.8200000000000003 8.512549087309437e-10
3.825 8.87501182219037e-10
3.83 8.65531661318072e-10
3.835 8.319174828185283e-10
3.84 8.805582155979372e-10
3.845 8.537589771540468e-10
3.85 8.395937805522254e-10
3.855 8.454933889010851e-10
3.86 8.484442561032319e-10
3.865 8.40771123335956e-10
3.87 8.42776254931005e-10
3.875 8.360511429829553e-10
3.88 8.815380194903069e-10
3.8850000000000002 8.271637994414702e-10
3.89 8.247474199607277e-10
3.895 8.377931360073627e-10
3.9 7.985512468666827e-10
3.9050000000000002 8.131621809827951e-10
3.91 7.977867799465955e-10
3.915 8.186302424251739e-10
3.92 8.378438926256772e-10
3.9250000000000003 7.90331181349225e-10
3.93 8.134734913509513e-10
3.935 8.364238650387435e-10
3.94 7.851746539937345e-10
3.9450000000000003 7.944350531490358e-10
3.95 8.144064405375966e-10
3.955 7.701018284397166e-10
3.96 7.730137475368633e-10
3.9650000000000003 7.876189722018739e-10
3.97 7.911777407437975e-10
3.975 7.867269759710257e-10
3.98 7.671159167913972e-10
3.985 7.938906228930704e-10
3.99 7.681678006078472e-10
3.995 7.583960865121382e-10
4.0 7.582419336387531e-10
4.005 7.64855647061352e-10
4.01 7.478620610541145e-10
4.015 7.65544339151632e-10
4.0200000000000005 7.816806495819491e-10
4.025 7.619911668462686e-10
4.03 7.517831579145971e-10
4.035 7.843792090951149e-10
4.04 7.524682532025434e-10
4.045 7.644246087693818e-10
4.05 7.36767633321428e-10
4.055 7.53825461308062e-10
4.0600000000000005 7.506543022107741e-10
4.065 7.441761266042643e-10
4.07 7.46019102747725e-10
4.075 7.076120122104809e-10
4.08 7.553890162947193e-10
4.085 7.347452336965663e-10
4.09 7.324010437015216e-10
4.095 7.265392991823461e-10
4.1 7.293348939877001e-10
4.105 7.355090822087196e-10
4.11 7.226853816916358e-10
4.115 7.077900223761924e-10
4.12 7.272251235626751e-10
4.125 7.294767529814289e-10
4.13 7.208658422243324e-10
4.135 7.059906088379607e-10
4.14 6.888219019105186e-10
4.1450000000000005 7.214278305784099e-10
4.15 7.045694337658684e-10
4.155 7.130730110260066e-10
4.16 6.984987510438096e-10
4.165 7.221242868777591e-10
4.17 6.938511894104989e-10
4.175 7.209275287191224e-10
4.18 6.605626785855867e-10
4.1850000000000005 7.156521643032829e-10
4.19 6.735127134884316e-10
4.195 6.838776014244965e-10
4.2 6.778682366869193e-10
4.205 6.76369653118096e-10
4.21 6.911517344049786e-10
4.215 6.634413429466333e-10
4.22 6.739461679469302e-10
4.225 7.121113186101018e-10
4.23 6.827380919925451e-10
4.235 6.692882514267559e-10
4.24 6.719211366897875e-10
4.245 6.718668556585712e-10
4.25 6.489163462800744e-10
4.255 6.698636859539022e-10
4.26 6.585715163704672e-10
4.265 6.584570019236068e-10
4.2700000000000005 6.533069508902403e-10
4.275 6.455415159053125e-10
4.28 6.597256959946953e-10
4.285 6.506494117660276e-10
4.29 6.375758133407e-10
4.295 6.640324959158642e-10
4.3 6.343358821160144e-10
4.305 6.725357084759682e-10
4.3100000000000005 6.421116463235709e-10
4.315 6.25210117081209e-10
4.32 6.383736442565673e-10
4.325 6.217483350608839e-10
4.33 6.359131755491133e-10
4.335 6.434599407909313e-10
4.34 6.298153318111567e-10
4.345 6.221511108773993e-10
4.3500000000000005 5.994161999932142e-10
4.355 6.334692301164119e-10
4.36 6.157384959096068e-10
4.365 6.151006161433676e-10
4.37 6.268020097415374e-10
4.375 5.921395588369429e-10
4.38 6.065686338833452e-10
4.385 6.154553725949003e-10
4.39 6.381347093041983e-10
4.3950000000000005 6.105909223238523e-10
4.4 5.95146182043625e-10
4.405 5.765355329716691e-10
4.41 5.956401333704327e-10
4.415 6.068106936017622e-10
4.42 5.868849924405665e-10
4.425 5.741713755419001e-10
4.43 5.900120609185996e-10
4.4350000000000005 5.690550173738085e-10
4.44 5.771098461759829e-10
4.445 5.480540036151149e-10
4.45 5.781468400655677e-10
4.455 5.724519789682029e-10
4.46 5.805400465764445e-10
4.465 5.694188847817367e-10
4.47 5.555640489429642e-10
4.4750000000000005 5.768398386379849e-10
4.48 5.631129957156301e-10
4.485 5.65044704109424e-10
4.49 5.704910870974432e-10
4.495 5.545358911743403e-10
4.5 5.483839679833599e-10
4.505 5.694988226655558e-10
4.51 5.638884173754167e-10
4.515 5.405863897417398e-10
4.5200000000000005 5.516745339040983e-10
4.525 5.383278901049715e-10
4.53 5.518485792069177e-10
4.535 5.446380295470044e-10
4.54 5.348812948878114e-10
4.545 5.417498021073129e-10
4.55 5.404564422858045e-10
4.555 5.481976207321857e-10
4.5600000000000005 5.383307630440693e-10
4.565 5.382438194020378e-10
4.57 5.377756973156816e-10
4.575 5.335842128592181e-10
4.58 5.101353373501791e-10
4.585 5.307880851927695e-10
4.59 5.163991074120523e-10
4.595 5.173368482208467e-10
4.6000000000000005 5.353276124863503e-10
4.605 5.092373390875431e-10
4.61 5.054710288296245e-10
4.615 5.142180121317936e-10
4.62 5.135735049199439e-10
4.625 4.903089939179413e-10
4.63 4.978325974774999e-10
4.635 4.954565437741507e-10
4.64 4.898266504053317e-10
4.6450000000000005 5.115937005648828e-10
4.65 4.921209661878487e-10
4.655 4.973193319441586e-10
4.66 4.902008687714041e-10
4.665 4.96715536186483e-10
4.67 4.7147391734191e-10
4.675 4.771604611040763e-10
4.68 4.804444100155933e-10
4.6850000000000005 4.987529599089848e-10
4.69 4.867175507605656e-10
4.695 4.841921365965617e-10
4.7 4.796134170292293e-10
4.705 4.6127926244933923e-10
4.71 4.576808643974303e-10
4.715 4.683685962234035e-10
4.72 4.801032288579528e-10
4.7250000000000005 4.963971995143031e-10
4.73 4.579480711057261e-10
4.735 4.615651336451029e-10
4.74 4.849116335081568e-10
4.745 4.785921932487816e-10
4.75 4.819506143212776e-10
4.755 4.509306058845535e-10
4.76 4.502200898912684e-10
4.765 4.509773451549046e-10
4.7700000000000005 4.5866536441389085e-10
4.775 4.6238342468517973e-10
4.78 4.399806627898547e-10
4.785 4.650845078912548e-10
4.79 4.4223710361792476e-10
4.795 4.450792591531718e-10
4.8 4.406045373304392e-10
4.805 4.245741218886353e-10
4.8100000000000005 4.3972057268494293e-10
4.815 4.5411305632729464e-10
4.82 4.4236316429359e-10
4.825 4.368043658284671e-10
4.83 4.344725832267793e-10
4.835 4.470676505942222e-10
4.84 4.2733655886313256e-10
4.845 4.210694967055509e-10
4.8500000000000005 4.220030577622248e-10
4.855 4.335728523829988e-10
4.86 4.332771209422627e-10
4.865 4.3988852212232107e-10
4.87 4.097744121519689e-10
4.875 4.161943317994128e-10
4.88 4.304217258106887e-10
4.885 4.151747544949118e-10
4.89 4.1044862123593726e-10
4.8950000000000005 4.030525416761033e-10
4.9 4.162022818195355e-10
4.905 4.048884665051702e-10
4.91 4.034405897198123e-10
4.915 4.116373842594473e-10
4.92 4.028622947084512e-10
4.925 4.1251853438733144e-10
4.93 4.035201149541936e-10
4.9350000000000005 4.005766040118473e-10
4.94 3.870507810075427e-10
4.945 4.1843953976766567e-10
4.95 4.274474134838907e-10
4.955 4.122783326793887e-10
4.96 3.924218417340478e-10
4.965 3.9539484106650027e-10
4.97 3.822244417459917e-10
4.9750000000000005 4.0317750998595475e-10
4.98 3.844331640204483e-10
4.985 3.969807159535248e-10
4.99 3.8084552559280923e-10
4.995 3.881379293220217e-10
5.0 4.032645726055645e-10
5.005 3.984823349112145e-10
5.01 3.9638681602472726e-10
5.015 3.7158823899355195e-10
5.0200000000000005 3.875307736607238e-10
5.025 3.8574360997488096e-10
5.03 3.771401481390651e-10
5.035 3.812380693511198e-10
5.04 3.6446200090771556e-10
5.045 3.672258318681256e-10
5.05 3.6178806097714633e-10
5.055 3.6981189465849993e-10
5.0600000000000005 3.721346797828381e-10
5.065 3.5909940109837503e-10
5.07 3.5987584520887784e-10
5.075 3.6747337071592207e-10
5.08 3.743833756735407e-10
5.085 3.7305671420088087e-10
5.09 3.6739970326451244e-10
5.095 3.6177081419595014e-10
5.1000000000000005 3.5394189731785394e-10
5.105 3.6695043684699193e-10
5.11 3.6093714099112153e-10
5.115 3.441422309665271e-10
5.12 3.5484422769432944e-10
5.125 3.660639926779356e-10
5.13 3.4870248668694754e-10
5.135 3.331967646938058e-10
5.14 3.458582772064128e-10
5.1450000000000005 3.4066571073326065e-10
5.15 3.198819383719663e-10
5.155 3.412190457920633e-10
5.16 3.417166391433913e-10
5.165 3.4719085528852613e-10
5.17 3.4180542333969494e-10
5.175 3.356758783139344e-10
5.18 3.3350969524519686e-10
5.1850000000000005 3.2987701779541205e-10
5.19 3.5297972509167986e-10
5.195 3.288361453216337e-10
5.2 3.328565755599656e-10
5.205 3.21695832133012e-10
5.21 3.408694704487488e-10
5.215 3.2962904046438513e-10
5.22 3.376380992660269e-10
5.2250000000000005 3.3702225777861104e-10
5.23 3.170679868178371e-10
5.235 3.2555671309364984e-10
5.24 3.1328188843241997e-10
5.245 3.41906604281258e-10
5.25 3.3991031449535807e-10
5.255 3.216168177948087e-10
5.26 3.24392981250816e-10
5.265 3.1937261689985584e-10
5.2700000000000005 3.1815475553710866e-10
5.275 3.1597862438790925e-10
5.28 3.1479585264890277e-10
5.285 3.3554276137696543e-10
5.29 3.130835665229433e-10
5.295 3.065460125128993e-10
5.3 3.145293915674967e-10
5.305 3.0784064875189545e-10
5.3100000000000005 3.206352461000984e-10
5.315 3.024972818344959e-10
5.32 3.108950931235481e-10
5.325 2.9801530278333793e-10
5.33 3.238336494717936e-10
5.335 3.046358234060897e-10
5.34 2.9248495722728394e-10
5.345 2.9692936927084615e-10
5.3500000000000005 2.996036811526328e-10
5.355 2.963992709357049e-10
5.36 2.955072387295548e-10
5.365 2.9018232987216385e-10
5.37 3.1747703288702673e-10
5.375 3.024026942902248e-10
5.38 3.0573608869450874e-10
5.385 2.931175788793182e-10
5.39 2.971682458803874e-10
5.3950000000000005 2.8534246084315416e-10
5.4 2.7005273241669033e-10
5.405 2.7594819290416994e-10
5.41 3.026899836238238e-10
5.415 2.9119221457469407e-10
5.42 2.801080660922634e-10
5.425 2.9107203929005564e-10
5.43 2.847465815752449e-10
5.4350000000000005 2.873052034432517e-10
5.44 2.689950332759701e-10
5.445 2.855288047963306e-10
5.45 2.9095348960353476e-10
5.455 2.873335250647475e-10
5.46 2.7850585306572473e-10
5.465 2.666499153786026e-10
5.47 2.769931735775586e-10
5.4750000000000005 2.8333268287081556e-10
5.48 2.8121007112499686e-10
5.485 2.742454340561562e-10
5.49 2.7312669821512963e-10
5.495 2.661490508506628e-10
5.5 2.703420395632448e-10
5.505 2.714826689716583e-10
5.51 2.811581227417984e-10
5.515 2.721388143160898e-10
5.5200000000000005 2.8416751276509313e-10
5.525 2.487170947129724e-10
5.53 2.7045590143212297e-10
5.535 2.8440970426028493e-10
5.54 2.6047738301220144e-10
5.545 2.5253629048517607e-10
5.55 2.5803110054583857e-10
5.555 2.5618523389401355e-10
5.5600000000000005 2.624822755482735e-10
5.565 2.5515385962484746e-10
5.57 2.7436219321345374e-10
5.575 2.639005167784931e-10
5.58 2.5720161076805383e-10
5.585 2.532056799417263e-10
5.59 2.5928146389223876e-10
5.595 2.5956881639141784e-10
5.6000000000000005 2.619134804167283e-10
5.605 2.5139515182810264e-10
5.61 2.711995268625396e-10
5.615 2.492648521186107e-10
5.62 2.5848599984776007e-10
5.625 2.512509773534915e-10
5.63 2.4494387002068914e-10
5.635 2.487476243365729e-10
5.64 2.675249623449962e-10
5.6450000000000005 2.511583693220929e-10
5.65 2.4960017449702166e-10
5.655 2.479452207044084e-10
5.66 2.521407413444033e-10
5.665 2.292613922197818e-10
5.67 2.561633923409817e-10
5.675 2.415986875234666e-10
5.68 2.4697616443414646e-10
5.6850000000000005 2.2850904073673227e-10
5.69 2.2522047492832037e-10
5.695 2.4215974024855697e-10
5.7 2.3734915247768366e-10
5.705 2.3443326183566446e-10
5.71 2.446417773930415e-10
5.715 2.394947808348303e-10
5.72 2.343369740595361e-10
5.7250000000000005 2.304251104416871e-10
5.73 2.286038963096096e-10
5.735 2.2446575179590187e-10
5.74 2.1679043746855925e-10
5.745 2.4297265166878664e-10
5.75 2.1375531672196836e-10
5.755 2.2680759908322304e-10
5.76 2.294868278948932e-10
5.765 2.2247086140326022e-10
5.7700000000000005 2.2910752161177064e-10
5.775 2.292658648247214e-10
5.78 2.2717939076719188e-10
5.785 2.1798402624084079e-10
5.79 2.185446111446422e-10
5.795 2.1484351956762336e-10
5.8 2.1409984519049949e-10
5.805 2.157796586483786e-10
5.8100000000000005 2.2151237090627221e-10
5.815 2.2921682002139077e-10
5.82 2.212624328935257e-10
5.825 2.1749527651853573e-10
5.83 2.311220942177551e-10
5.835 2.1781152619531452e-10
5.84 2.2165730885434177e-10
5.845 2.0788269566049e-10
5.8500000000000005 2.1469350646299654e-10
5.855 2.0645666814251174e-10
5.86 2.1511953742294503e-10
5.865 2.3364257037685755e-10
5.87 2.0813214176825185e-10
5.875 1.9764453296936583e-10
5.88 2.1841018393968507e-10
5.885 2.196350688242685e-10
5.89 2.0528317289382264e-10
5.8950000000000005 2.0004191660241856e-10
5.9 2.1665345495518044e-10
5.905 2.1955363620267749e-10
5.91 1.9676826499039262e-10
5.915 1.988700645668268e-10
5.92 1.9964940018493227e-10
5.925 1.9831355241426936e-10
5.93 2.0147996890944878e-10
5.9350000000000005 2.0197205839486383e-10
5.94 2.092975148742364e-10
5.945 1.972533449630242e-10
5.95 2.003434707450851e-10
5.955 2.018236064306639e-10
5.96 1.9239650364349508e-10
5.965 1.999790733310727e-10
5.97 2.0313420871216562e-10
5.9750000000000005 2.0164484817328795e-10
5.98 2.0795445699181424e-10
5.985 1.982403557772099e-10
5.99 1.980976119430583e-10
5.995 2.023227955360944e-10
6.0 2.0121627231293281e-10
6.005 1.9604924008668195e-10
6.01 1.9412575346104804e-10
6.015000000000001 1.9167838360783755e-10
6.0200000000000005 1.8994816244727883e-10
6.025 2.013959518478574e-10
6.03 1.9201785075421433e-10
6.035 2.0107052312434092e-10
6.04 1.963155500014715e-10
6.045 1.883975869117724e-10
6.05 1.9130107284740955e-10
6.055 1.9227453354818236e-10
6.0600000000000005 1.9547746716823543e-10
6.065 1.852507447282787e-10
6.07 1.836359403895705e-10
6.075 1.772236011074219e-10
6.08 1.9193671917646036e-10
6.085 1.9178728288874354e-10
6.09 1.9041821943150465e-10
6.095 1.7767291167453149e-10
6.1000000000000005 1.796054871395853e-10
6.105 1.91917781065902e-10
6.11 1.8622683567833792e-10
6.115 1.8516351529287253e-10
6.12 1.8207353192621202e-10
6.125 1.8464017207918617e-10
6.13 1.6561228380400502e-10
6.135 1.785990749225959e-10
6.140000000000001 1.8642238284216267e-10
6.1450000000000005 1.813834410022101e-10
6.15 1.727454782787799e-10
6.155 1.758024578411626e-10
6.16 1.7638540943541046e-10
6.165 1.766258075369698e-10
6.17 1.813774721958278e-10
6.175 1.7723744269557657e-10
6.18 1.6923939145698737e-10
6.1850000000000005 1.7401065641905318e-10
6.19 1.7328851651667164e-10
6.195 1.6634371495875765e-10
6.2 1.85350490898109e-10
6.205 1.8843524533803988e-10
6.21 1.8330573750130537e-10
6.215 1.661990592919988e-10
6.22 1.6730397725956816e-10
6.2250000000000005 1.7048799250045634e-10
6.23 2.0084082948470585e-10
6.235 1.6527832320404748e-10
6.24 1.712931215090793e-10
6.245 1.6778443809572962e-10
6.25 1.690461377208664e-10
6.255 1.6921571857269313e-10
6.26 1.6213249475341308e-10
6.265000000000001 1.5366248226097697e-10
6.2700000000000005 1.625329833776283e-10
6.275 1.4997120414735664e-10
6.28 1.6912973427349792e-10
6.285 1.5742591669475813e-10
6.29 1.6835337235285734e-10
6.295 1.6096813278593115e-10
6.3 1.8587522685819273e-10
6.305 1.6434607714088303e-10
6.3100000000000005 1.5386934085635976e-10
6.315 1.585413195182171e-10
6.32 1.5417567574384707e-10
6.325 1.6975582473881398e-10
6.33 1.5857230655597123e-10
6.335 1.6147507504378634e-10
6.34 1.5964330553094678e-10
6.345 1.4974415278425597e-10
6.3500000000000005 1.4768467107748619e-10
6.355 1.4889723132058264e-10
6.36 1.5223887843310667e-10
6.365 1.5100728070146016e-10
6.37 1.518542171691707e-10
6.375 1.500278193676119e-10
6.38 1.4317036894015047e-10
6.385 1.571279020265213e-10
6.390000000000001 1.5100700776586067e-10
6.3950000000000005 1.6582533845682184e-10
6.4 1.4531851994433684e-10
6.405 1.4300135271236637e-10
6.41 1.473718463870398e-10
6.415 1.5231835426515788e-10
6.42 1.543073709104552e-10
6.425 1.4714860792309738e-10
6.43 1.5081362317910619e-10
6.4350000000000005 1.4684491813191764e-10
6.44 1.492121103389413e-10
6.445 1.4408005937528517e-10
6.45 1.4736069781717124e-10
6.455 1.411066764635411e-10
6.46 1.5293446973059083e-10
6.465 1.524102262394427e-10
6.47 1.346919497456368e-10
6.4750000000000005 1.3356864937597515e-10
6.48 1.5419687489141683e-10
6.485 1.3693685201021688e-10
6.49 1.455070238499279e-10
6.495 1.4244810905332218e-10
6.5 1.357734445427461e-10
6.505 1.4032139410219525e-10
6.51 1.4250396782317274e-10
6.515000000000001 1.3711993733599515e-10
6.5200000000000005 1.440785958302871e-10
6.525 1.4111290975722102e-10
6.53 1.3274936232047597e-10
6.535 1.4735964256119056e-10
6.54 1.6329285017101165e-10
6.545 1.437089718571281e-10
6.55 1.343163334181787e-10
6.555 1.3661381687135646e-10
6.5600000000000005 1.3774401433121926e-10
6.565 1.3063854152144003e-10
6.57 1.41265015017055e-10
6.575 1.2988653941948715e-10
6.58 1.536868029331895e-10
6.585 1.4669495698004377e-10
6.59 1.3264399145826876e-10
6.595 1.3128966511814491e-10
6.6000000000000005 1.388887581573909e-10
6.605 1.3362943014786668e-10
6.61 1.292242532426994e-10
6.615 1.3893719495623424e-10
6.62 1.1880286355968604e-10
6.625 1.3195114059857067e-10
6.63 1.4705223350055218e-10
6.635 1.273043505083387e-10
6.640000000000001 1.2496787346335485e-10
6.6450000000000005 1.2959600113233216e-10
6.65 1.257678869430037e-10
6.655 1.2921745152507047e-10
6.66 1.2644393020897484e-10
6.665 1.3671608642266016e-10
6.67 1.244576944681286e-10
6.675 1.310915162286777e-10
6.68 1.3268961906700073e-10
6.6850000000000005 1.2685109382666687e-10
6.69 1.2517239191422065e-10
6.695 1.3779843438763813e-10
6.7 1.408979785028882e-10
6.705 1.2810817650881437e-10
6.71 1.3323306340120437e-10
6.715 1.1992459491489486e-10
6.72 1.37162747618011e-10
6.7250000000000005 1.174413721548043e-10
6.73 1.1604210885597943e-10
6.735 1.1748013044640953e-10
6.74 1.2446016131604042e-10
6.745 1.2067471870987426e-10
6.75 1.1745755794323416e-10
6.755 1.1650141106700334e-10
6.76 1.2314778849635903e-10
6.765000000000001 1.233228202374803e-10
6.7700000000000005 1.2465797011465534e-10
6.775 1.3359417688739236e-10
6.78 1.1794341335143958e-10
6.785 1.1991388280800135e-10
6.79 1.2282112832433925e-10
6.795 1.3124584783351105e-10
6.8 1.195465605554017e-10
6.805 1.1552048952848053e-10
6.8100000000000005 1.2186812888733628e-10
6.815 1.1764224865468662e-10
6.82 1.216318727650434e-10
6.825 1.309246012417636e-10
6.83 1.1337847321447831e-10
6.835 1.1386297838857697e-10
6.84 1.1466920988407775e-10
6.845 1.1805388067894867e-10
6.8500000000000005 1.092964397803483e-10
6.855 1.2009383540739407e-10
6.86 1.0756902712229064e-10
6.865 1.2706653736001593e-10
6.87 1.1505371187101354e-10
6.875 1.0375545143126463e-10
6.88 1.206685696818685e-10
6.885 1.1499595350148205e-10
6.890000000000001 1.0175437489038466e-10
6.8950000000000005 1.191094749364388e-10
6.9 1.1094224702022488e-10
6.905 1.0793527556909148e-10
6.91 1.0490230960836832e-10
6.915 1.1880267259185428e-10
6.92 1.2107665364632738e-10
6.925 1.1332289508161778e-10
6.93 1.0395198798497531e-10
6.9350000000000005 1.0334682548646901e-10
6.94 1.1070212123743711e-10
6.945 1.1455338948233795e-10
6.95 1.1253314232251279e-10
6.955 1.1013600748654171e-10
6.96 1.1267585589021026e-10
6.965 1.0321154834427603e-10
6.97 1.06279814019214e-10
6.9750000000000005 1.1667662144079732e-10
6.98 9.974177329141677e-11
6.985 1.0874369676581637e-10
6.99 1.1219377902790242e-10
6.995 1.015583078811569e-10
7.0 1.115677578874137e-10
7.005 1.1014394813257925e-10
7.01 1.1639639807607653e-10
7.015000000000001 9.893690057853245e-11
7.0200000000000005 1.0636897904579179e-10
7.025 9.139857527163011e-11
7.03 9.666107403064155e-11
7.035 1.0230551998579903e-10
7.04 1.029427985132198e-10
7.045 9.019568785230244e-11
7.05 1.042309611145336e-10
7.055 1.0307767909378384e-10
7.0600000000000005 1.0479990602943381e-10
7.065 1.0922438550059173e-10
7.07 9.879088660904769e-11
7.075 9.901209186608875e-11
7.08 9.731644290281513e-11
7.085 1.0399307126191008e-10
7.09 9.980972181293154e-11
7.095 1.0123692286713688e-10
7.1000000000000005 9.451354104492472e-11
7.105 1.0151326834181051e-10
7.11 9.96376276243272e-11
7.115 9.726005790649377e-11
7.12 9.8668596567626e-11
7.125 1.0251388326873727e-10
7.13 1.0684034668315365e-10
7.135 9.197878969405169e-11
7.140000000000001 1.0671935636528792e-10
7.1450000000000005 9.75531227201914e-11
7.15 1.0007584567534333e-10
7.155 8.31549392617757e-11
7.16 9.827535619350972e-11
7.165 9.365537269063835e-11
7.17 9.428388205132465e-11
7.175 8.917436559641274e-11
7.18 9.914908188495142e-11
7.1850000000000005 8.944214121759737e-11
7.19 1.0082890884782216e-10
7.195 9.354388518176488e-11
7.2 9.991880182252701e-11
7.205 9.494938014108909e-11
7.21 8.925109036292407e-11
7.215 1.0035153190878611e-10
7.22 8.957479169691169e-11
7.2250000000000005 9.150447759403015e-11
7.23 9.068620466129008e-11
7.235 8.439019783636535e-11
7.24 9.330877481693161e-11
7.245 9.714935082920861e-11
7.25 8.983429646668985e-11
7.255 8.468918198178113e-11
7.26 9.011942666622486e-11
7.265000000000001 8.857113920130962e-11
7.2700000000000005 9.004762919248498e-11
7.275 9.082987354546185e-11
7.28 9.509362567685527e-11
7.285 8.516838519349046e-11
7.29 9.109072681806649e-11
7.295 9.353042465497646e-11
7.3 8.995537993716197e-11
7.305 9.972979312009815e-11
7.3100000000000005 9.050235635008874e-11
7.315 8.036256524453286e-11
7.32 8.788474190368558e-11
7.325 8.82632815889783e-11
7.33 7.754836401279092e-11
7.335 8.48213142894667e-11
7.34 8.278157991846181e-11
7.345 8.404420639718509e-11
7.3500000000000005 8.557156538678787e-11
7.355 9.612249583643309e-11
7.36 8.711900930605628e-11
7.365 9.130335415119077e-11
7.37 7.461484275261547e-11
7.375 8.193562873044322e-11
7.38 7.629496507177577e-11
7.385 9.621099562187461e-11
7.390000000000001 8.654051811826974e-11
7.3950000000000005 8.665672757396034e-11
7.4 8.332505606775023e-11
7.405 8.743638638133868e-11
7.41 8.537311091851934e-11
7.415 8.347021033316766e-11
7.42 8.149464854965307e-11
7.425 8.787624704963957e-11
7.43 7.736859199670237e-11
7.4350000000000005 8.546240769170663e-11
7.44 8.466185222003491e-11
7.445 9.342315613060336e-11
7.45 8.879204949833042e-11
7.455 8.364735031721951e-11
7.46 7.801797406871142e-11
7.465 8.548510845701194e-11
7.47 8.089647862388408e-11
7.4750000000000005 8.25276101404215e-11
7.48 7.381265819052691e-11
7.485 7.964121983302959e-11
7.49 8.261020550014308e-11
7.495 7.643937916389114e-11
7.5 7.861539953760418e-11
7.505 7.239441974062201e-11
7.51 7.715081580466172e-11
7.515000000000001 8.2224351571569e-11
7.5200000000000005 7.478303845295782e-11
7.525 7.482778309562711e-11
7.53 7.669711293909086e-11
7.535 7.968827399823694e-11
7.54 7.594255147689917e-11
7.545 6.94393820976292e-11
7.55 8.540202592433751e-11
7.555 7.358022174299393e-11
7.5600000000000005 8.195138031573049e-11
7.565 6.975498511544879e-11
7.57 6.792140748429022e-11
7.575 8.003036380428463e-11
7.58 7.943862244054437e-11
7.585 7.641238592488318e-11
7.59 6.624977535084502e-11
7.595 6.875428938045404e-11
7.6000000000000005 6.529677345024303e-11
7.605 7.133872907051512e-11
7.61 7.666398789292308e-11
7.615 7.030184009672102e-11
7.62 7.503042844249926e-11
7.625 7.749346882820641e-11
7.63 7.294725719376806e-11
7.635 8.176653519080606e-11
7.640000000000001 6.851027174512038e-11
7.6450000000000005 7.427461240229835e-11
7.65 8.253284545251044e-11
7.655 7.869458408175357e-11
7.66 7.412655919950984e-11
7.665 6.900024349185742e-11
7.67 7.285110445740896e-11
7.675 7.311225312983137e-11
7.68 7.718313883960467e-11
7.6850000000000005 6.500092191399728e-11
7.69 6.474794618107498e-11
7.695 6.932749369907028e-11
7.7 7.484897079331348e-11
7.705 7.119823043437895e-11
7.71 6.442606722315348e-11
7.715 7.131556561607462e-11
7.72 6.813793023980978e-11
7.7250000000000005 6.561783233652003e-11
7.73 6.989934463053917e-11
7.735 7.148773181159626e-11
7.74 7.422283300873988e-11
7.745 6.513694158279362e-11
7.75 6.083961926791267e-11
7.755 7.250960266015109e-11
7.76 7.684015720590544e-11
7.765000000000001 6.565752448534052e-11
7.7700000000000005 7.098880181956938e-11
7.775 6.553015261854533e-11
7.78 6.901242091848882e-11
7.785 6.93505383116195e-11
7.79 6.665679476412973e-11
7.795 6.166720629703768e-11
7.8 6.401912851242522e-11
7.805000000000001 6.484548154006754e-11
7.8100000000000005 7.377597140554645e-11
7.815 5.873175673757814e-11
7.82 6.594503944911041e-11
7.825 6.940512307108001e-11
7.83 6.314117605563576e-11
7.835 6.612435285685527e-11
7.84 6.290567768441358e-11
7.845 5.882381361304482e-11
7.8500000000000005 6.703497977090352e-11
7.855 6.07369438417215e-11
7.86 6.195332256368781e-11
7.865 6.076899037484729e-11
7.87 6.870153931876754e-11
7.875 5.276372322943781e-11
7.88 6.247814864783191e-11
7.885 5.8054867163179084e-11
7.890000000000001 5.955596755554774e-11
7.8950000000000005 7.06655669335635e-11
7.9 6.120337568307979e-11
7.905 6.032425075227296e-11
7.91 6.245982705497888e-11
7.915 5.716821281046058e-11
7.92 5.665388168846186e-11
7.925 6.187052337740591e-11
7.930000000000001 6.672622839029647e-11
7.9350000000000005 5.813824709611379e-11
7.94 6.341879227314791e-11
7.945 5.785178067139338e-11
7.95 5.431376070174511e-11
7.955 5.567045113893071e-11
7.96 5.964291202803257e-11
7.965 5.96366486045417e-11
7.97 5.6791957660794025e-11
7.9750000000000005 5.88878463839085e-11
7.98 6.368910500668427e-11
7.985 5.729609297431951e-11
7.99 6.47389398917216e-11
7.995 5.897361378599757e-11
8.0 6.72007628254416e-11
8.25 2.802155239859749e-09
8.5 2.4088872965640343e-09
8.75 2.1234293470103565e-09
9.0 1.8607460462549456e-09
9.25 1.6100871294942647e-09
9.5 1.4299410019684074e-09
9.75 1.2196961628054177e-09
10.0 1.0387511797770786e-09
10.25 9.579461513293953e-10
10.5 8.699490277145778e-10
10.75 7.341399551247288e-10
11.0 6.9180355439976e-10
11.25 5.782565026790741e-10
11.5 5.117631909250946e-10
11.75 4.735446170576758e-10
12.0 4.2590837201782905e-10
12.25 3.800430605635401e-10
12.5 3.4201326782178646e-10
12.75 3.174105674962639e-10
13.0 2.751850015037463e-10
13.25 2.4362255292585127e-10
13.5 2.0592468840101015e-10
13.75 1.9429345995104258e-10
14.0 1.6789392776529683e-10
14.25 1.3916061065095016e-10
14.5 1.3880069965180315e-10
14.75 1.5155951371693306e-10
15.0 1.1061967550280225e-10
15.25 1.0075412078752125e-10
15.5 8.51293472943809e-11
15.75 6.67831136720429e-11
16.0 7.755726360088716e-11
16.25 6.491698526413372e-11
16.5 6.284777791545076e-11
16.75 5.627762670629828e-11
17.0 4.4964691619052354e-11
17.25 4.399094819151155e-11
17.5 4.018572598314403e-11
17.75 3.8384504459121296e-11
18.0 2.984241195388691e-11
18.25 2.8951815946294183e-11
18.5 2.67770037722863e-11
18.75 2.7509370413207517e-11
19.0 1.5163250784188205e-11
19.25 1.7472594618236306e-11
19.5 2.007428385956745e-11
19.75 2.2661702170910723e-11
