0.005 2.1233953891304056e-11
0.01 1.2338301466880203e-10
0.015 2.6011155318095223e-10
0.02 3.9622977440107395e-10
0.025 5.199456610868267e-10
0.03 6.384282716235788e-10
0.035 7.507641867382331e-10
0.04 8.626063905530279e-10
0.045 9.483436508896236e-10
0.05 1.002046806445821e-09
0.055 1.0550375539346907e-09
0.06 1.0879290471506667e-09
0.065 1.103557529178556e-09
0.07 1.1235311481793673e-09
0.075 1.1239362887889898e-09
0.08 1.098710062931792e-09
0.085 1.0831647746536048e-09
0.09 1.0579181727991775e-09
0.095 1.0289445097351907e-09
0.1 9.809864745953224e-10
0.105 9.566834355594348e-10
0.11 9.195732261902717e-10
0.115 8.978072279604092e-10
0.12 8.572700198827225e-10
0.125 8.257207569136287e-10
0.13 8.098691215446183e-10
0.135 8.214125351764753e-10
0.14 8.03449763723567e-10
0.145 7.936705562940336e-10
0.15 7.834733738718951e-10
0.155 7.908323052243456e-10
0.16 7.845379629884081e-10
0.165 8.056259928283638e-10
0.17 7.821936147645935e-10
0.17500000000000002 7.942247138327283e-10
0.18 7.831461530062934e-10
0.185 8.12783775773709e-10
0.19 8.223671182958412e-10
0.195 8.079218087970204e-10
0.2 8.165038314248712e-10
0.20500000000000002 8.20593058388189e-10
0.21 8.519387304205614e-10
0.215 8.363245666300459e-10
0.22 8.530638518772714e-10
0.225 8.527196005360844e-10
0.23 8.680130578738089e-10
0.23500000000000001 8.713401378839595e-10
0.24 8.840323362417286e-10
0.245 8.765463218476977e-10
0.25 8.711769869376492e-10
0.255 8.764031560676368e-10
0.26 8.805646727763714e-10
0.265 8.724911488301382e-10
0.27 9.155346621099601e-10
0.275 9.055105482225225e-10
0.28 9.254969756058919e-10
0.28500000000000003 9.355766696382899e-10
0.29 8.998858542329328e-10
0.295 9.112252586757592e-10
0.3 9.238265228114004e-10
0.305 9.015505072709541e-10
0.31 9.214357995015367e-10
0.315 9.061146996578284e-10
0.32 9.255854828530039e-10
0.325 9.036832108796378e-10
0.33 9.10341656615702e-10
0.335 9.104973705501762e-10
0.34 9.27675431780033e-10
0.34500000000000003 9.511485653234474e-10
0.35000000000000003 9.232240791788906e-10
0.355 9.022471161938653e-10
0.36 8.991479484062194e-10
0.365 9.405703319959173e-10
0.37 9.082991139622692e-10
0.375 9.17675988121869e-10
0.38 9.156256236687107e-10
0.385 8.944378725240122e-10
0.39 9.57232284268243e-10
0.395 9.178390668578091e-10
0.4 8.978145404324262e-10
0.405 9.156145831979502e-10
0.41000000000000003 8.854289326481086e-10
0.41500000000000004 8.932153238583004e-10
0.42 8.768390166690216e-10
0.425 9.02258532791111e-10
0.43 8.731875863519256e-10
0.435 8.784072712771346e-10
0.44 9.071869207426704e-10
0.445 8.644375636141575e-10
0.45 8.671981455293388e-10
0.455 8.59092967033322e-10
0.46 8.777620751297056e-10
0.465 8.769797114442111e-10
0.47000000000000003 8.962549834863876e-10
0.47500000000000003 9.044226692650716e-10
0.48 9.22843029413732e-10
0.485 9.048216761068681e-10
0.49 8.868473453705076e-10
0.495 8.378334318268173e-10
0.5 8.60943506882249e-10
0.505 8.628932450036047e-10
0.51 8.551580084444458e-10
0.515 8.362202540552204e-10
0.52 8.251361283910194e-10
0.525 8.354416059315392e-10
0.53 8.570983688908497e-10
0.535 8.368509319656121e-10
0.54 8.553341834422808e-10
0.545 8.454974864682482e-10
0.55 8.133812605157494e-10
0.555 8.839488976212946e-10
0.56 8.302917711109831e-10
0.5650000000000001 8.733068953856108e-10
0.5700000000000001 8.581051150753776e-10
0.5750000000000001 8.740077845452859e-10
0.58 8.681478809641364e-10
0.585 8.675471497178199e-10
0.59 8.354365517284825e-10
0.595 8.322003078517226e-10
0.6 8.117692218019768e-10
0.605 8.711739569903407e-10
0.61 8.400528503380567e-10
0.615 8.54586992923567e-10
0.62 8.649045639705081e-10
0.625 8.38049780019462e-10
0.63 8.703912717158283e-10
0.635 8.593159952376831e-10
0.64 8.541488612716922e-10
0.645 8.47882521387798e-10
0.65 8.13137821051532e-10
0.655 8.202995425369343e-10
0.66 8.046921423257666e-10
0.665 8.351637837658782e-10
0.67 8.131251101598766e-10
0.675 8.418861042906465e-10
0.68 8.487747551929183e-10
0.685 8.388598306697264e-10
0.6900000000000001 8.234277745714917e-10
0.6950000000000001 7.978166337674939e-10
0.7000000000000001 8.135454051515301e-10
0.705 8.354598495711466e-10
0.71 8.276608770951397e-10
0.715 8.332849510000411e-10
0.72 7.862067338212468e-10
0.725 8.119776778542185e-10
0.73 8.016740567795458e-10
0.735 8.119151057528801e-10
0.74 7.989842820973217e-10
0.745 8.000116539224599e-10
0.75 7.782412091174232e-10
0.755 8.037702570795703e-10
0.76 8.16688598540512e-10
0.765 8.256150275465088e-10
0.77 8.284252273804506e-10
0.775 7.919219684800957e-10
0.78 7.824536433538691e-10
0.785 8.155188199295899e-10
0.79 8.129848545494347e-10
0.795 8.164947599850945e-10
0.8 8.376041915554426e-10
0.805 7.822118510841577e-10
0.81 8.28115845581423e-10
0.8150000000000001 7.871499714542878e-10
0.8200000000000001 7.94873864400882e-10
0.8250000000000001 8.137678685876215e-10
0.8300000000000001 8.103188882482834e-10
0.835 7.862355359291601e-10
0.84 8.485283131755567e-10
0.845 7.860138997893975e-10
0.85 7.957923026906913e-10
0.855 7.972341181689416e-10
0.86 8.274105848706804e-10
0.865 8.29869729893765e-10
0.87 8.418389986550554e-10
0.875 7.74070019949487e-10
0.88 8.064501246744051e-10
0.885 8.391821804699612e-10
0.89 8.195922043549587e-10
0.895 8.31298285101566e-10
0.9 7.888884626783972e-10
0.905 8.156877447321798e-10
0.91 7.958818970907132e-10
0.915 7.688713480958694e-10
0.92 7.740526587413754e-10
0.925 8.310641323940341e-10
0.93 7.867078744604277e-10
0.935 8.053459580214498e-10
0.9400000000000001 8.273372662819837e-10
0.9450000000000001 7.736742908235732e-10
0.9500000000000001 7.87445456776824e-10
0.9550000000000001 7.761840764998044e-10
0.96 8.308903731859555e-10
0.965 7.651043099407106e-10
0.97 7.947567620311884e-10
0.975 8.134776235088678e-10
0.98 7.716230409992175e-10
0.985 8.185877521014056e-10
0.99 8.011922481531111e-10
0.995 8.258174696874733e-10
1.0 7.965276812250937e-10
1.0050000000000001 8.002764077585928e-10
1.01 7.908006446578051e-10
1.0150000000000001 7.500180368904788e-10
1.02 7.781226584650914e-10
1.025 7.957852917821689e-10
1.03 7.911843133937611e-10
1.035 7.618709259570774e-10
1.04 7.845415565016157e-10
1.045 7.786685394383424e-10
1.05 7.860140151688829e-10
1.055 8.335601212177148e-10
1.06 8.276799043445741e-10
1.065 7.892380515021124e-10
1.07 7.963580526770581e-10
1.075 7.751873616687375e-10
1.08 7.812467120858713e-10
1.085 7.465235428422955e-10
1.09 7.593597878265373e-10
1.095 7.606367730996802e-10
1.1 7.91366248291579e-10
1.105 8.004258736314465e-10
1.11 8.11842262114938e-10
1.115 7.296347743147261e-10
1.12 7.614660982774323e-10
1.125 7.529950543886181e-10
1.1300000000000001 8.136578054358838e-10
1.135 7.593501824028033e-10
1.1400000000000001 7.613774464539192e-10
1.145 7.711310707693984e-10
1.1500000000000001 7.303765995241479e-10
1.155 8.007811986788637e-10
1.16 7.689436669368179e-10
1.165 7.87946953621641e-10
1.17 7.306602785956032e-10
1.175 8.011984398234781e-10
1.18 7.500643385036404e-10
1.185 7.772193275662557e-10
1.19 8.025941004187412e-10
1.195 8.247061151126964e-10
1.2 7.601800256658809e-10
1.205 7.811524470597891e-10
1.21 7.728066414903074e-10
1.215 8.051661817628703e-10
1.22 8.077824071569413e-10
1.225 7.462300735323623e-10
1.23 7.564923521083745e-10
1.235 8.055697281246232e-10
1.24 7.889092077018863e-10
1.245 7.885568611161057e-10
1.25 7.546468056430005e-10
1.2550000000000001 7.632844107163238e-10
1.26 8.040844579315537e-10
1.2650000000000001 7.544232246258377e-10
1.27 7.464546987314259e-10
1.2750000000000001 7.712896773715757e-10
1.28 7.806817916695101e-10
1.285 7.705721215672307e-10
1.29 7.499033663164106e-10
1.295 7.690788684055221e-10
1.3 7.696833883381546e-10
1.305 7.190507383444219e-10
1.31 8.039768886139416e-10
1.315 7.754511629102127e-10
1.32 7.840460906773769e-10
1.325 8.200205846923588e-10
1.33 7.639625935279252e-10
1.335 8.030879462281844e-10
1.34 7.372830587858711e-10
1.345 8.576775502660123e-10
1.35 7.754723670059457e-10
1.355 7.318149837098897e-10
1.36 7.945627160435228e-10
1.365 8.336208243566806e-10
1.37 7.987201001920757e-10
1.375 8.219257286735301e-10
1.3800000000000001 7.301125294811874e-10
1.385 7.736443669412324e-10
1.3900000000000001 7.813110359010023e-10
1.395 7.840255587889219e-10
1.4000000000000001 7.91150452157311e-10
1.405 7.491190950580513e-10
1.41 7.641998048544151e-10
1.415 8.159960589540483e-10
1.42 7.612792354502471e-10
1.425 7.113737513240408e-10
1.43 7.547163727275134e-10
1.435 7.368869931713169e-10
1.44 8.267969186398002e-10
1.445 7.439756088072885e-10
1.45 7.810304978428803e-10
1.455 7.870057993069196e-10
1.46 7.848752420404392e-10
1.465 7.993305440910872e-10
1.47 8.311069974553859e-10
1.475 7.765502799237589e-10
1.48 7.701678738116038e-10
1.485 7.99421703291327e-10
1.49 7.707867609187039e-10
1.495 7.039339043641105e-10
1.5 7.685441753539996e-10
1.5050000000000001 7.422383228745663e-10
1.51 8.145060743251004e-10
1.5150000000000001 7.381323003027335e-10
1.52 7.905530467469892e-10
1.5250000000000001 7.455092565319359e-10
1.53 7.904844927458272e-10
1.5350000000000001 8.032390835602287e-10
1.54 7.620614864151583e-10
1.545 7.152656154700963e-10
1.55 7.63296674868776e-10
1.555 7.870067013125132e-10
1.56 8.28764198213166e-10
1.565 7.520694176867754e-10
1.57 8.075233507142895e-10
1.575 7.727366819394811e-10
1.58 8.023920828416832e-10
1.585 7.240550383470792e-10
1.59 7.527974682766334e-10
1.595 7.432670574220596e-10
1.6 7.562961576320419e-10
1.605 7.77287860445612e-10
1.61 7.726909871370142e-10
1.615 7.652948814417613e-10
1.62 7.562377331404286e-10
1.625 7.683746786357207e-10
1.6300000000000001 7.454775068925194e-10
1.635 7.563182812097453e-10
1.6400000000000001 7.793189531508991e-10
1.645 7.867591119275975e-10
1.6500000000000001 8.14192164142554e-10
1.655 8.171160932879133e-10
1.6600000000000001 7.448614690132279e-10
1.665 7.959738589728321e-10
1.67 8.09691539691219e-10
1.675 7.764099841694407e-10
1.68 7.483422138177883e-10
1.685 7.705830438548348e-10
1.69 8.104582073509023e-10
1.695 7.295410841651016e-10
1.7 7.670003917085982e-10
1.705 7.385910490020472e-10
1.71 7.991418799769381e-10
1.715 7.58069510720416e-10
1.72 7.34369644394563e-10
1.725 7.58498578454094e-10
1.73 7.937244172371341e-10
1.735 7.676233806594737e-10
1.74 7.860459233560845e-10
1.745 7.951831808777533e-10
1.75 7.584546568513291e-10
1.7550000000000001 8.058769851991546e-10
1.76 7.365896673447167e-10
1.7650000000000001 7.793699924384083e-10
1.77 7.338210116141759e-10
1.7750000000000001 7.563595176438328e-10
1.78 7.214941505932118e-10
1.7850000000000001 7.98789050996041e-10
1.79 7.360293595475955e-10
1.795 7.803502186971148e-10
1.8 7.366697952167974e-10
1.805 7.884674474632446e-10
1.81 7.983687464508329e-10
1.815 7.486545757712287e-10
1.82 7.540386807250197e-10
1.825 7.505162106930426e-10
1.83 7.873760248022136e-10
1.835 7.738953992056939e-10
1.84 7.878257259004471e-10
1.845 7.297279685216342e-10
1.85 7.936980320090301e-10
1.855 7.725944482301327e-10
1.86 7.553544998644669e-10
1.865 7.634054194976132e-10
1.87 7.089932230267014e-10
1.875 7.842231878390866e-10
1.8800000000000001 7.420936160486935e-10
1.885 7.607925697705042e-10
1.8900000000000001 8.335093553184283e-10
1.895 7.610774741402806e-10
1.9000000000000001 7.731338699748684e-10
1.905 7.622942891612316e-10
1.9100000000000001 7.567303657404227e-10
1.915 7.840981555283634e-10
1.92 7.482665148429971e-10
1.925 7.539582183542797e-10
1.93 8.11032648720606e-10
1.935 7.905544960592496e-10
1.94 7.765106512836226e-10
1.945 7.236102027770245e-10
1.95 8.120706865913384e-10
1.955 8.054050545991895e-10
1.96 7.7493350380808e-10
1.965 7.131882812837745e-10
1.97 7.335930107562306e-10
1.975 7.342930807542219e-10
1.98 7.675782324000574e-10
1.985 7.50271512176969e-10
1.99 7.729058330932537e-10
1.995 7.399994187015716e-10
2.0 7.515179727245389e-10
2.005 7.388819340589115e-10
2.0100000000000002 7.677888159974316e-10
2.015 7.839530736354325e-10
2.02 7.70274410848043e-10
2.025 7.484092996218653e-10
2.0300000000000002 7.071190126794839e-10
2.035 7.203857875917287e-10
2.04 7.109975738993212e-10
2.045 7.9020191995909e-10
2.05 7.961036960173129e-10
2.055 7.678548402095132e-10
2.06 7.592365051438303e-10
2.065 7.469462932578971e-10
2.07 7.279168477121351e-10
2.075 7.651242897402989e-10
2.08 8.347963100990428e-10
2.085 8.04491175731396e-10
2.09 8.047293384336277e-10
2.095 8.220050779261981e-10
2.1 7.241329137951731e-10
2.105 7.424124075459894e-10
2.11 7.818656307217858e-10
2.115 7.207647634891355e-10
2.12 7.644320421104734e-10
2.125 7.267750153557983e-10
2.13 6.992861724750356e-10
2.1350000000000002 7.796950324551841e-10
2.14 7.142023575527737e-10
2.145 7.447968242958157e-10
2.15 7.811485174048378e-10
2.1550000000000002 8.373527376000039e-10
2.16 7.563301070556925e-10
2.165 7.476313190732292e-10
2.17 7.262327680363014e-10
2.1750000000000003 7.387223117968865e-10
2.18 7.606817831289475e-10
2.185 7.254302462688414e-10
2.19 6.951990435558469e-10
2.195 7.050109814518276e-10
2.2 7.596385545238699e-10
2.205 7.570424839320621e-10
2.21 7.344199075581858e-10
2.215 7.611678848031946e-10
2.22 7.543953055045968e-10
2.225 7.747081738588942e-10
2.23 7.096879795436986e-10
2.235 7.469456174206365e-10
2.24 7.395335757620194e-10
2.245 7.345118199812991e-10
2.25 7.104993650894566e-10
2.255 7.730442358519586e-10
2.2600000000000002 7.623245218100937e-10
2.265 7.846817694619938e-10
2.27 7.597683635137352e-10
2.275 7.23239644791754e-10
2.2800000000000002 7.368710289874098e-10
2.285 7.442253174371369e-10
2.29 7.498407274636806e-10
2.295 7.971226357933367e-10
2.3000000000000003 7.064764921221421e-10
2.305 7.635481829046682e-10
2.31 7.372162945597696e-10
2.315 7.558453827058113e-10
2.32 7.154419234180177e-10
2.325 7.71999139437382e-10
2.33 7.509872478213689e-10
2.335 7.288766604143602e-10
2.34 7.26749910483414e-10
2.345 7.712208983874073e-10
2.35 7.228951094422124e-10
2.355 7.821256792528473e-10
2.36 7.445484951602007e-10
2.365 6.997983284841067e-10
2.37 7.41214216143157e-10
2.375 7.55840767969498e-10
2.38 7.636651597815042e-10
2.3850000000000002 7.444886941829989e-10
2.39 7.353095248604335e-10
2.395 7.355296412091202e-10
2.4 8.075345035136944e-10
2.4050000000000002 7.26559808409031e-10
2.41 7.623583325605144e-10
2.415 7.798127771729287e-10
2.42 7.214648220815188e-10
2.4250000000000003 7.439283245912962e-10
2.43 7.50937487451217e-10
2.435 7.528324850483347e-10
2.44 7.874082945816858e-10
2.445 7.612334268568383e-10
2.45 7.312566083938975e-10
2.455 7.35434861347803e-10
2.46 7.338561990541903e-10
2.465 8.328009387993552e-10
2.47 7.504744781516672e-10
2.475 7.923639543017883e-10
2.48 7.329596011352457e-10
2.485 7.372122829498791e-10
2.49 7.283843748010823e-10
2.495 7.337384262357702e-10
2.5 7.246555100619009e-10
2.505 6.901361194790412e-10
2.5100000000000002 7.278560584242034e-10
2.515 7.277609150233883e-10
2.52 7.682358627208292e-10
2.525 6.889231147133655e-10
2.5300000000000002 6.990767481843646e-10
2.535 6.955770206071226e-10
2.54 7.765491439916449e-10
2.545 7.960305798875755e-10
2.5500000000000003 7.418944466492655e-10
2.555 6.957062924332057e-10
2.56 7.268368193873625e-10
2.565 7.140683416667438e-10
2.57 8.020584364402705e-10
2.575 7.88451760162119e-10
2.58 7.430273014255847e-10
2.585 7.075057893073451e-10
2.59 7.407545162082358e-10
2.595 7.14649551500769e-10
2.6 7.049762225429792e-10
2.605 6.962814273965034e-10
2.61 7.433818774239994e-10
2.615 6.699146868647855e-10
2.62 7.544384900850887e-10
2.625 8.041184444530826e-10
2.63 7.084789213171893e-10
2.6350000000000002 7.115122121701025e-10
2.64 7.500610058090099e-10
2.645 6.833142003518783e-10
2.65 7.382169145553872e-10
2.6550000000000002 6.860774363123011e-10
2.66 7.630059805817121e-10
2.665 7.054477044148603e-10
2.67 7.164235428137852e-10
2.6750000000000003 7.160684882464336e-10
2.68 7.074518594473125e-10
2.685 7.203669354407854e-10
2.69 7.030894107431968e-10
2.695 7.261357791844583e-10
2.7 7.648114024789394e-10
2.705 7.260270354873406e-10
2.71 7.115748268241844e-10
2.715 7.384786804885212e-10
2.72 7.121450414670693e-10
2.725 7.764523731889844e-10
2.73 7.046731796794663e-10
2.735 6.999043222113026e-10
2.74 6.815425884440469e-10
2.745 7.577469922429124e-10
2.75 7.226298230669446e-10
2.755 7.041684426604032e-10
2.7600000000000002 7.355827039824846e-10
2.765 7.268165736877525e-10
2.77 6.999814536996365e-10
2.775 7.051701286643024e-10
2.7800000000000002 7.016617991304587e-10
2.785 6.9451933086685e-10
2.79 6.94249986816203e-10
2.795 6.847744162624545e-10
2.8000000000000003 7.300851702415025e-10
2.805 7.113534536810982e-10
2.81 7.375884071662902e-10
2.815 7.67772126666688e-10
2.82 6.820467011335275e-10
2.825 7.16266139986413e-10
2.83 7.242584389983999e-10
2.835 7.249585400405664e-10
2.84 7.144358048913395e-10
2.845 7.311428896484239e-10
2.85 6.964589739022321e-10
2.855 7.61239712796568e-10
2.86 7.481206184639354e-10
2.865 7.022144753093811e-10
2.87 7.122496983849564e-10
2.875 7.348993553084751e-10
2.88 7.026095911098931e-10
2.8850000000000002 6.925641708368577e-10
2.89 6.919091622011568e-10
2.895 6.494101614858685e-10
2.9 7.811460019814996e-10
2.9050000000000002 7.016875156311118e-10
2.91 7.25990510758512e-10
2.915 7.011442426123345e-10
2.92 6.833913364049446e-10
2.9250000000000003 6.784253393744412e-10
2.93 7.437687193253168e-10
2.935 6.840664166040658e-10
2.94 6.693954649392339e-10
2.945 7.193377953746679e-10
2.95 6.922840064815313e-10
2.955 6.737298372871507e-10
2.96 7.550037364210945e-10
2.965 8.422519057455494e-10
2.97 6.855515941175553e-10
2.975 7.262301963912396e-10
2.98 7.081252532670971e-10
2.985 6.930141273986867e-10
2.99 7.084781196829152e-10
2.995 6.76326441938695e-10
3.0 7.190758061472569e-10
3.005 6.95735274590642e-10
3.0100000000000002 6.995125822772949e-10
3.015 6.828041529243056e-10
3.02 6.783466975165028e-10
3.025 7.220560323830286e-10
3.0300000000000002 6.809210629285944e-10
3.035 7.155409451574032e-10
3.04 7.001212111225739e-10
3.045 6.994565375244748e-10
3.0500000000000003 6.97860678978538e-10
3.055 7.092292040320668e-10
3.06 7.166428442540685e-10
3.065 7.112946467949107e-10
3.0700000000000003 6.915547594352663e-10
3.075 7.358213557864897e-10
3.08 7.402775768245079e-10
3.085 6.897699979681197e-10
3.09 7.615342006756217e-10
3.095 6.802643896101041e-10
3.1 7.565990543650332e-10
3.105 6.827763646842129e-10
3.11 6.728521561741106e-10
3.115 6.653262409753209e-10
3.12 6.801843981987355e-10
3.125 7.133835919010626e-10
3.13 6.785158700466569e-10
3.1350000000000002 6.579230925639621e-10
3.14 6.53336980384135e-10
3.145 7.04516051709183e-10
3.15 6.847010470614132e-10
3.1550000000000002 8.00000287301478e-10
3.16 6.89248274330087e-10
3.165 6.756285270326773e-10
3.17 7.249051507748787e-10
3.1750000000000003 7.176610684231741e-10
3.18 7.02864619908117e-10
3.185 7.074956773411954e-10
3.19 7.176818680034724e-10
3.1950000000000003 6.765805397274417e-10
3.2 6.940779965062208e-10
3.205 7.075345425922013e-10
3.21 7.105714432568767e-10
3.215 7.30354984492892e-10
3.22 7.084549072238819e-10
3.225 7.188048360805709e-10
3.23 7.204304689690324e-10
3.235 6.65649574823102e-10
3.24 6.980126543498284e-10
3.245 6.564855465757129e-10
3.25 7.022131251905547e-10
3.255 7.082735913281961e-10
3.2600000000000002 6.889767127938863e-10
3.265 6.918274833236601e-10
3.27 6.996374186514489e-10
3.275 6.867586907279879e-10
3.2800000000000002 6.599650894515958e-10
3.285 7.148352232224278e-10
3.29 6.799578272245552e-10
3.295 7.407822496408463e-10
3.3000000000000003 6.712020794088511e-10
3.305 7.013322349703072e-10
3.31 6.895904740394546e-10
3.315 6.967528454658851e-10
3.3200000000000003 7.268724988178958e-10
3.325 6.639461116581325e-10
3.33 7.6162037965018e-10
3.335 7.119199892723886e-10
3.34 6.882045421971988e-10
3.345 7.243166525440624e-10
3.35 7.248337442729468e-10
3.355 8.001374439257984e-10
3.36 6.960768244770828e-10
3.365 6.719032166754315e-10
3.37 6.202317132104883e-10
3.375 6.795253501338791e-10
3.38 7.009551927757637e-10
3.3850000000000002 6.6995988463758e-10
3.39 6.81105030414357e-10
3.395 7.058751348112008e-10
3.4 6.648030567230743e-10
3.4050000000000002 6.614711085323096e-10
3.41 7.036455464261338e-10
3.415 6.678183130875166e-10
3.42 6.643932468881557e-10
3.4250000000000003 6.87236110268556e-10
3.43 6.773862171074046e-10
3.435 7.049685707367897e-10
3.44 7.090763115100663e-10
3.4450000000000003 6.981625691302639e-10
3.45 6.973227935510783e-10
3.455 7.23791066238076e-10
3.46 6.849267489103638e-10
3.465 6.674351438507345e-10
3.47 6.962635319938877e-10
3.475 6.775531861994683e-10
3.48 6.460350578940017e-10
3.485 7.201242236984121e-10
3.49 6.717955209165023e-10
3.495 7.158941775286074e-10
3.5 7.013356143432351e-10
3.505 6.797478781581184e-10
3.5100000000000002 6.847477411527068e-10
3.515 6.65466431131892e-10
3.52 7.394489129877091e-10
3.525 7.188670431134552e-10
3.5300000000000002 6.661905468831795e-10
3.535 6.317104736049357e-10
3.54 6.857153130966326e-10
3.545 6.911926065350289e-10
3.5500000000000003 7.351041310225169e-10
3.555 6.598569478868911e-10
3.56 6.423802907751912e-10
3.565 6.644963475131637e-10
3.5700000000000003 6.563684938079097e-10
3.575 6.815583062833223e-10
3.58 6.782205463406002e-10
3.585 6.516856989988293e-10
3.59 6.632640621092029e-10
3.595 6.714090452581305e-10
3.6 7.036274047286308e-10
3.605 7.274022475986048e-10
3.61 7.376115926882823e-10
3.615 6.477867799063933e-10
3.62 6.620178981702918e-10
3.625 6.832973366604189e-10
3.63 6.448331498845788e-10
3.6350000000000002 6.627309904938381e-10
3.64 6.441084491505773e-10
3.645 6.288629749506488e-10
3.65 6.706310338064557e-10
3.6550000000000002 6.88802403803136e-10
3.66 7.415757486047166e-10
3.665 7.002926775582037e-10
3.67 7.36635287510882e-10
3.6750000000000003 6.762424985527477e-10
3.68 7.07141553356952e-10
3.685 6.969066311461632e-10
3.69 6.772892981516329e-10
3.6950000000000003 6.945155541687334e-10
3.7 6.858148328446561e-10
3.705 6.648625963431586e-10
3.71 7.220546565856359e-10
3.715 6.333119248668478e-10
3.72 6.626432024011092e-10
3.725 6.706883905658553e-10
3.73 6.767615759426063e-10
3.735 6.811401510091905e-10
3.74 6.918704672148335e-10
3.745 6.923433395672724e-10
3.75 6.853082026361456e-10
3.755 6.566725206823906e-10
3.7600000000000002 6.343737159361031e-10
3.765 6.702396162908271e-10
3.77 6.647414384987686e-10
3.775 6.814352330717773e-10
3.7800000000000002 6.441768034764107e-10
3.785 6.277776727842629e-10
3.79 6.016530459249909e-10
3.795 7.006834523652959e-10
3.8000000000000003 6.646318543720779e-10
3.805 6.572799717429307e-10
3.81 6.618084774583273e-10
3.815 6.340287568873791e-10
3.8200000000000003 6.425357952257094e-10
3.825 6.598193059965794e-10
3.83 6.450252746991564e-10
3.835 6.83155336927174e-10
3.84 6.846318957366331e-10
3.845 7.11667787780647e-10
3.85 6.460350705446806e-10
3.855 6.545680847002558e-10
3.86 6.648067090006602e-10
3.865 6.339196330692721e-10
3.87 6.45164424714059e-10
3.875 6.982298167324326e-10
3.88 6.872344645169111e-10
3.8850000000000002 6.626288656146796e-10
3.89 6.450924096382029e-10
3.895 6.46831290438834e-10
3.9 6.542665106053597e-10
3.9050000000000002 6.421736692994416e-10
3.91 6.230501733399647e-10
3.915 6.975425916456132e-10
3.92 6.667737081438808e-10
3.9250000000000003 6.408836540224636e-10
3.93 6.610745892116998e-10
3.935 6.768784497888463e-10
3.94 6.60032277760375e-10
3.9450000000000003 6.32305959477449e-10
3.95 6.2989956447552e-10
3.955 6.271478889499269e-10
3.96 6.921461482559834e-10
3.9650000000000003 6.327426009685977e-10
3.97 6.523194843422141e-10
3.975 7.044458645194279e-10
3.98 6.603909424430562e-10
3.985 6.334235046396812e-10
3.99 6.225470649903163e-10
3.995 6.673884369085793e-10
4.0 6.477789366461866e-10
4.005 6.450408404454144e-10
4.01 6.491936441712677e-10
4.015 6.589800877416798e-10
4.0200000000000005 6.622671042169214e-10
4.025 6.408964507147141e-10
4.03 6.536186861705469e-10
4.035 6.680822880697113e-10
4.04 6.85754605013534e-10
4.045 6.829404014623501e-10
4.05 6.408973681342041e-10
4.055 6.427992105785081e-10
4.0600000000000005 6.342952763363849e-10
4.065 6.315103111883635e-10
4.07 6.3671126246073e-10
4.075 6.554026210623512e-10
4.08 6.831259512237654e-10
4.085 6.481757037371869e-10
4.09 6.39970066442506e-10
4.095 6.399066120004104e-10
4.1 7.067032869750052e-10
4.105 6.603761451723083e-10
4.11 6.404906880749497e-10
4.115 6.386917220394172e-10
4.12 7.079540483776135e-10
4.125 6.722456764722086e-10
4.13 6.502680962997782e-10
4.135 7.181434718864244e-10
4.14 6.315627562708086e-10
4.1450000000000005 6.541941953798451e-10
4.15 6.250404834041037e-10
4.155 6.603286918690985e-10
4.16 6.391952844449728e-10
4.165 6.574670830429239e-10
4.17 6.005513754514878e-10
4.175 6.46073850129697e-10
4.18 6.438872564530995e-10
4.1850000000000005 6.553588702781159e-10
4.19 6.677518518225736e-10
4.195 6.504782919528932e-10
4.2 6.176070009185749e-10
4.205 6.734613784764146e-10
4.21 6.703424579352549e-10
4.215 6.625493285307033e-10
4.22 7.015895711693388e-10
4.225 6.589832967473578e-10
4.23 6.258862067495336e-10
4.235 6.334832168615318e-10
4.24 6.294890595541855e-10
4.245 6.175207765687116e-10
4.25 6.198647420201317e-10
4.255 6.040677636453855e-10
4.26 6.560926074932532e-10
4.265 6.409150095056505e-10
4.2700000000000005 6.614978901937241e-10
4.275 6.641100068139411e-10
4.28 6.000185223767453e-10
4.285 6.324748062274359e-10
4.29 6.204732978462902e-10
4.295 6.586054548076509e-10
4.3 6.237615063612613e-10
4.305 6.356539370157392e-10
4.3100000000000005 5.979932935195946e-10
4.315 6.448491568995964e-10
4.32 6.323765466995012e-10
4.325 6.030495547284625e-10
4.33 6.627725744346873e-10
4.335 6.497908218494402e-10
4.34 6.516234252823125e-10
4.345 6.883011665144416e-10
4.3500000000000005 6.311417286085148e-10
4.355 6.520562554239246e-10
4.36 6.571936923359184e-10
4.365 6.233772741899756e-10
4.37 6.259649334577551e-10
4.375 6.57571016148316e-10
4.38 6.518450298783871e-10
4.385 6.705779820279014e-10
4.39 6.563214081063014e-10
4.3950000000000005 6.090486633517564e-10
4.4 6.088414174813888e-10
4.405 6.241551284771301e-10
4.41 6.130280335989932e-10
4.415 6.885376719763268e-10
4.42 6.429815252464572e-10
4.425 6.095869091207216e-10
4.43 6.031601500567562e-10
4.4350000000000005 6.391302492033317e-10
4.44 6.644097506274804e-10
4.445 6.29430866625906e-10
4.45 6.213771331461419e-10
4.455 6.430104309831543e-10
4.46 6.6016578490312e-10
4.465 6.399147812612334e-10
4.47 6.44423733273695e-10
4.4750000000000005 6.556207274243896e-10
4.48 5.950906895085907e-10
4.485 6.44537023062127e-10
4.49 6.383535518157145e-10
4.495 6.384869147485579e-10
4.5 6.329580786857794e-10
4.505 6.240248052423194e-10
4.51 5.96751253400518e-10
4.515 6.529149473706007e-10
4.5200000000000005 6.326206420209688e-10
4.525 6.502474616784945e-10
4.53 6.078824952656376e-10
4.535 6.260582925914129e-10
4.54 6.385583463332139e-10
4.545 6.397259466099366e-10
4.55 6.100246145997188e-10
4.555 6.477121716890003e-10
4.5600000000000005 6.24779782492616e-10
4.565 6.271740269878729e-10
4.57 6.185303154845352e-10
4.575 6.21844354036497e-10
4.58 6.290310770890162e-10
4.585 6.248612756856279e-10
4.59 6.374054093056482e-10
4.595 5.897010033617438e-10
4.6000000000000005 6.006844067133037e-10
4.605 6.324839216259648e-10
4.61 6.076773008899037e-10
4.615 6.523687457054713e-10
4.62 6.746352670230745e-10
4.625 6.098766089601596e-10
4.63 6.248139001997844e-10
4.635 6.643974311336068e-10
4.64 6.26326442998018e-10
4.6450000000000005 6.152495267322304e-10
4.65 6.352149058012682e-10
4.655 5.917246746036081e-10
4.66 6.100352514695283e-10
4.665 5.891350753275959e-10
4.67 5.995251509274486e-10
4.675 6.424406398967302e-10
4.68 6.177509494724355e-10
4.6850000000000005 6.032457792510535e-10
4.69 6.112312567645056e-10
4.695 5.925777187545948e-10
4.7 6.37148872459795e-10
4.705 6.225759527087977e-10
4.71 5.798336189149115e-10
4.715 5.898418111723695e-10
4.72 6.440922202061415e-10
4.7250000000000005 5.91024742632976e-10
4.73 6.390068673154127e-10
4.735 6.085152309511463e-10
4.74 6.712606274433927e-10
4.745 6.178382731848067e-10
4.75 6.067624829293579e-10
4.755 6.549828668999062e-10
4.76 5.727034187693597e-10
4.765 6.169080548507001e-10
4.7700000000000005 6.105057326387066e-10
4.775 6.138123956297012e-10
4.78 6.443782618298489e-10
4.785 6.104229974237741e-10
4.79 5.78778387838551e-10
4.795 5.949242933611502e-10
4.8 6.468071331712909e-10
4.805 5.928654053216692e-10
4.8100000000000005 6.242240125709638e-10
4.815 6.140410119997387e-10
4.82 6.255590519619112e-10
4.825 6.105731272109787e-10
4.83 6.1097326801229e-10
4.835 5.879416059431002e-10
4.84 6.1512228309886e-10
4.845 5.786790679346056e-10
4.8500000000000005 6.500967023817189e-10
4.855 5.808161536344662e-10
4.86 6.310194747946214e-10
4.865 5.902734574944735e-10
4.87 6.413091934696398e-10
4.875 6.42738770056315e-10
4.88 6.329730583025124e-10
4.885 5.6998131491247e-10
4.89 6.509350725662941e-10
4.8950000000000005 6.11925570659e-10
4.9 5.882548804339146e-10
4.905 6.426475332952067e-10
4.91 6.27452942560038e-10
4.915 6.052043809872526e-10
4.92 6.180687690786837e-10
4.925 5.964609419484141e-10
4.93 5.433060160615804e-10
4.9350000000000005 6.076703760192955e-10
4.94 5.927133983241968e-10
4.945 6.096089183583327e-10
4.95 5.920461721375276e-10
4.955 6.203993963942787e-10
4.96 6.156869455655902e-10
4.965 6.19271632880269e-10
4.97 6.204336768153942e-10
4.9750000000000005 6.203632540971214e-10
4.98 5.824384193360766e-10
4.985 5.804485999064847e-10
4.99 5.874264920694798e-10
4.995 5.930030129709688e-10
5.0 6.013654629714006e-10
5.005 5.861575296774355e-10
5.01 5.900496073347024e-10
5.015 5.841652234839698e-10
5.0200000000000005 5.834424113084158e-10
5.025 5.834922733164956e-10
5.03 5.723672650582047e-10
5.035 6.010299280394845e-10
5.04 5.495490833078437e-10
5.045 6.187783068905149e-10
5.05 6.109601935236539e-10
5.055 6.034453503826776e-10
5.0600000000000005 6.035703690841172e-10
5.065 5.956221100609764e-10
5.07 6.183082521838477e-10
5.075 5.667738828347763e-10
5.08 6.238021697397788e-10
5.085 6.208764933418033e-10
5.09 5.850485112832601e-10
5.095 5.791248214227321e-10
5.1000000000000005 5.945748160310447e-10
5.105 6.177360908732826e-10
5.11 5.845893538912497e-10
5.115 6.01863839756214e-10
5.12 5.721384364087205e-10
5.125 5.717428616492766e-10
5.13 6.19141343115027e-10
5.135 5.647068828765887e-10
5.14 5.845741554137205e-10
5.1450000000000005 6.655493622483797e-10
5.15 5.877765447523869e-10
5.155 5.739375354624348e-10
5.16 6.166229504672374e-10
5.165 5.999840368653544e-10
5.17 5.717530694290848e-10
5.175 5.932270978132306e-10
5.18 5.642281507143418e-10
5.1850000000000005 5.826634815576896e-10
5.19 5.828187955094585e-10
5.195 6.096105759466745e-10
5.2 5.859262333642662e-10
5.205 5.552695019263095e-10
5.21 5.702660585910617e-10
5.215 5.926960039323724e-10
5.22 6.109458872046832e-10
5.2250000000000005 6.056263054551973e-10
5.23 5.859044582635047e-10
5.235 5.518980734778645e-10
5.24 5.775966788577661e-10
5.245 5.733144841527093e-10
5.25 6.18759759573609e-10
5.255 5.698835198360383e-10
5.26 6.171304421187502e-10
5.265 5.988959590744317e-10
5.2700000000000005 6.216254044750863e-10
5.275 5.87740383025326e-10
5.28 5.924552633048498e-10
5.285 5.748192132363484e-10
5.29 5.725892904640142e-10
5.295 5.609677031707606e-10
5.3 5.163459745567119e-10
5.305 6.134403782232493e-10
5.3100000000000005 5.458763536035297e-10
5.315 5.705029745280325e-10
5.32 5.734165026694651e-10
5.325 5.539036504258342e-10
5.33 6.140444869030824e-10
5.335 5.925244567867396e-10
5.34 5.888104214357168e-10
5.345 6.231083527922661e-10
5.3500000000000005 5.504545280678565e-10
5.355 5.96222342502991e-10
5.36 5.628388120506066e-10
5.365 5.906870484046797e-10
5.37 6.346333040568118e-10
5.375 5.686539583154757e-10
5.38 5.947599340725246e-10
5.385 5.997766777016269e-10
5.39 6.388537691201953e-10
5.3950000000000005 5.820667881049399e-10
5.4 6.014199883973231e-10
5.405 5.761852581983028e-10
5.41 5.817221935246025e-10
5.415 5.864351909087907e-10
5.42 5.83348887931159e-10
5.425 5.698736550928408e-10
5.43 5.568025939245218e-10
5.4350000000000005 5.821423082603615e-10
5.44 5.897626411365975e-10
5.445 5.760944727154268e-10
5.45 5.985726298821917e-10
5.455 5.958197167739838e-10
5.46 5.477435292767219e-10
5.465 5.579057713786375e-10
5.47 5.777886601839774e-10
5.4750000000000005 5.609489348214753e-10
5.48 5.549970955657204e-10
5.485 5.624880495141864e-10
5.49 5.536337738982484e-10
5.495 5.492970837794467e-10
5.5 5.714763733154751e-10
5.505 5.684783702719281e-10
5.51 5.828053908452174e-10
5.515 5.843677511434594e-10
5.5200000000000005 5.735131133690634e-10
5.525 5.714586298447555e-10
5.53 5.668308699281658e-10
5.535 5.348305590540254e-10
5.54 5.46259004723553e-10
5.545 5.601609592345347e-10
5.55 5.768503382649726e-10
5.555 5.325887919130009e-10
5.5600000000000005 5.447475854666334e-10
5.565 5.600379290932483e-10
5.57 5.717763123069508e-10
5.575 5.636796023459819e-10
5.58 5.298898670133902e-10
5.585 5.821012188521316e-10
5.59 5.894380041377135e-10
5.595 5.914489905752028e-10
5.6000000000000005 5.356531158988072e-10
5.605 5.663713778806476e-10
5.61 5.935956908880615e-10
5.615 6.043786381231801e-10
5.62 5.534748291521487e-10
5.625 5.580536623036848e-10
5.63 5.694899927096185e-10
5.635 6.029046400760279e-10
5.64 5.735282844842699e-10
5.6450000000000005 5.945460025964329e-10
5.65 5.47277721073482e-10
5.655 5.791629951244605e-10
5.66 5.897247872795277e-10
5.665 5.62206715937687e-10
5.67 5.172429311635083e-10
5.675 5.431955687788467e-10
5.68 5.488618396871836e-10
5.6850000000000005 5.724018056826056e-10
5.69 5.783184965082649e-10
5.695 5.521484330685547e-10
5.7 5.800988965207504e-10
5.705 5.424236504882695e-10
5.71 5.435029760439437e-10
5.715 5.514242681197398e-10
5.72 5.506666616857313e-10
5.7250000000000005 6.045936135472621e-10
5.73 5.116167521162028e-10
5.735 5.687676003644525e-10
5.74 5.576675768292651e-10
5.745 5.413881398866526e-10
5.75 5.458302186110024e-10
5.755 5.697811833447324e-10
5.76 5.567036833972004e-10
5.765 5.466688422568417e-10
5.7700000000000005 5.969819754514341e-10
5.775 5.236137678592223e-10
5.78 5.902727963763012e-10
5.785 5.703054688980861e-10
5.79 5.435954776756466e-10
5.795 5.241136477024846e-10
5.8 5.269499100553893e-10
5.805 5.156380389329389e-10
5.8100000000000005 5.999205165991659e-10
5.815 5.242565738070596e-10
5.82 5.287289473151538e-10
5.825 5.642042692832266e-10
5.83 5.431683704429607e-10
5.835 5.281778321159373e-10
5.84 5.39537296299269e-10
5.845 5.706829663484455e-10
5.8500000000000005 5.289957714287493e-10
5.855 5.79817641336096e-10
5.86 5.393341941158768e-10
5.865 5.260432587298342e-10
5.87 5.363132526418628e-10
5.875 5.336525820502745e-10
5.88 5.298743698851669e-10
5.885 5.2365022576513e-10
5.89 5.348346348042499e-10
5.8950000000000005 5.114180736285494e-10
5.9 5.449418480976146e-10
5.905 5.537496421121437e-10
5.91 5.571729113665175e-10
5.915 5.009464911749268e-10
5.92 5.258939044457089e-10
5.925 5.391814206957678e-10
5.93 5.233778638539668e-10
5.9350000000000005 5.22833011901303e-10
5.94 5.568625041019398e-10
5.945 5.187232016681856e-10
5.95 5.242040189430146e-10
5.955 5.633938513106219e-10
5.96 5.683330165231469e-10
5.965 5.269311234394014e-10
5.97 5.489646314021472e-10
5.9750000000000005 5.210759956118759e-10
5.98 5.070878723304571e-10
5.985 5.138220513289526e-10
5.99 5.065037717230673e-10
5.995 5.463816418916985e-10
6.0 5.262334794802562e-10
6.005 5.220835883870257e-10
6.01 5.372027074702981e-10
6.015000000000001 5.281948491382019e-10
6.0200000000000005 5.125824562085825e-10
6.025 5.055460737687329e-10
6.03 5.341783278824e-10
6.035 5.64606385654243e-10
6.04 5.638431090371466e-10
6.045 5.4459222266742e-10
6.05 5.192462965268944e-10
6.055 5.057724174872371e-10
6.0600000000000005 5.204369420561418e-10
6.065 5.121205410105555e-10
6.07 5.442786520957198e-10
6.075 5.038339042308245e-10
6.08 5.655123430864584e-10
6.085 5.096792277859132e-10
6.09 5.162379325040629e-10
6.095 5.271118294070108e-10
6.1000000000000005 5.113866133841396e-10
6.105 5.166522449198933e-10
6.11 4.975620928102323e-10
6.115 5.118892418380548e-10
6.12 5.112619591183081e-10
6.125 5.366091716475393e-10
6.13 5.301805117644542e-10
6.135 5.126119602238734e-10
6.140000000000001 5.466457603880604e-10
6.1450000000000005 4.982587003197082e-10
6.15 5.393174750869326e-10
6.155 5.7575755066344e-10
6.16 5.28888760061329e-10
6.165 5.364932796906284e-10
6.17 5.167186469081409e-10
6.175 5.574064712331068e-10
6.18 5.158368072810954e-10
6.1850000000000005 5.022654617221318e-10
6.19 5.207857862263293e-10
6.195 4.919800865355325e-10
6.2 5.387544929329378e-10
6.205 5.211084141572214e-10
6.21 5.228511119591784e-10
6.215 5.026913842100436e-10
6.22 5.172049342656832e-10
6.2250000000000005 5.369294155676095e-10
6.23 5.225069660179442e-10
6.235 5.033713007980155e-10
6.24 4.983881122704305e-10
6.245 5.143036244642318e-10
6.25 5.328139499775064e-10
6.255 5.061918717164586e-10
6.26 4.833668127534463e-10
6.265000000000001 4.83483454751491e-10
6.2700000000000005 5.180356455023469e-10
6.275 5.091535909396093e-10
6.28 5.111244201895462e-10
6.285 5.261535303048418e-10
6.29 5.434613607154311e-10
6.295 5.042048451654795e-10
6.3 5.351278126072693e-10
6.305 5.231762239899196e-10
6.3100000000000005 5.218858794700095e-10
6.315 4.984684429584884e-10
6.32 4.928314833700006e-10
6.325 4.961723408077153e-10
6.33 4.998338139864798e-10
6.335 5.199602128414804e-10
6.34 4.893683549034356e-10
6.345 5.2828694980845e-10
6.3500000000000005 5.180022949032454e-10
6.355 5.161910401286241e-10
6.36 5.420704835148264e-10
6.365 5.072193100458711e-10
6.37 4.973819879128826e-10
6.375 5.08321274113436e-10
6.38 4.858185594712658e-10
6.385 5.357337656584605e-10
6.390000000000001 5.208274418700932e-10
6.3950000000000005 5.069791308650675e-10
6.4 4.902715977208764e-10
6.405 4.956821357428853e-10
6.41 4.891720621900347e-10
6.415 4.87908415486856e-10
6.42 5.000665389585194e-10
6.425 5.171334911136544e-10
6.43 4.960169236964593e-10
6.4350000000000005 5.129916632602448e-10
6.44 5.256421839702338e-10
6.445 5.089399932513613e-10
6.45 5.285318121174016e-10
6.455 4.851330965915543e-10
6.46 4.757623222627385e-10
6.465 6.543160719047091e-10
6.47 5.195935104702696e-10
6.4750000000000005 4.828898337795855e-10
6.48 4.813866579441068e-10
6.485 5.070774360583947e-10
6.49 4.772106067433697e-10
6.495 4.989229249859417e-10
6.5 5.379006820888634e-10
6.505 5.034726978430401e-10
6.51 4.933178726568515e-10
6.515000000000001 4.6028279078865225e-10
6.5200000000000005 4.759765417799914e-10
6.525 4.954981093286268e-10
6.53 4.975472181641912e-10
6.535 4.901654992874567e-10
6.54 4.849102210141817e-10
6.545 5.051224293373545e-10
6.55 5.036730641503786e-10
6.555 5.011293975609721e-10
6.5600000000000005 4.808864058535874e-10
6.565 4.330174602359366e-10
6.57 4.896893221534958e-10
6.575 5.017127288329104e-10
6.58 4.915650985948114e-10
6.585 5.13448717451231e-10
6.59 4.871254180661398e-10
6.595 4.718592050020947e-10
6.6000000000000005 5.115198707874442e-10
6.605 5.066280346553737e-10
6.61 5.051767862213111e-10
6.615 5.046067923638853e-10
6.62 4.557870721230483e-10
6.625 5.184507539680901e-10
6.63 4.71283933896252e-10
6.635 4.909520048812759e-10
6.640000000000001 6.165753380918562e-10
6.6450000000000005 4.737153170837034e-10
6.65 5.808843840243422e-10
6.655 4.917306643360126e-10
6.66 4.77851539692368e-10
6.665 4.875982586913994e-10
6.67 4.948421054545927e-10
6.675 5.144959140912501e-10
6.68 4.755742527539817e-10
6.6850000000000005 4.4794781641531045e-10
6.69 5.042121512694779e-10
6.695 5.064776435247641e-10
6.7 5.078142292461884e-10
6.705 4.8732968685255e-10
6.71 4.774684228412448e-10
6.715 5.067481490904957e-10
6.72 5.496082537352917e-10
6.7250000000000005 4.274684682894087e-10
6.73 4.5861355553755924e-10
6.735 4.661072081271601e-10
6.74 4.5960130185937416e-10
6.745 4.5394498748738557e-10
6.75 5.026410622826454e-10
6.755 4.886808353249667e-10
6.76 4.514847292231213e-10
6.765000000000001 4.726001269769552e-10
6.7700000000000005 4.719376049899682e-10
6.775 4.743367120641161e-10
6.78 4.748210839686684e-10
6.785 4.780053979113168e-10
6.79 4.779493166886141e-10
6.795 4.684978880990456e-10
6.8 4.548314073559799e-10
6.805 4.5890995979517803e-10
6.8100000000000005 4.796297373632563e-10
6.815 4.6130968857824997e-10
6.82 4.4908204860669237e-10
6.825 5.012990385504565e-10
6.83 4.66052378090935e-10
6.835 4.949682412709628e-10
6.84 4.717336350312648e-10
6.845 4.765385182195373e-10
6.8500000000000005 4.938800432897856e-10
6.855 4.877429697782364e-10
6.86 4.715514698923762e-10
6.865 4.94120095153529e-10
6.87 4.54652476318035e-10
6.875 4.844910375210329e-10
6.88 4.76233102987422e-10
6.885 4.6375174885520304e-10
6.890000000000001 4.5039477020544177e-10
6.8950000000000005 4.807093202853164e-10
6.9 4.5531407642863145e-10
6.905 4.855136468740843e-10
6.91 4.4588865263509327e-10
6.915 4.580680252259087e-10
6.92 4.800541824409852e-10
6.925 4.873059452387997e-10
6.93 4.769689281610791e-10
6.9350000000000005 4.3322264649904444e-10
6.94 4.5603548498441887e-10
6.945 4.804167694289394e-10
6.95 4.670767302325277e-10
6.955 4.806431494813908e-10
6.96 4.152693260594758e-10
6.965 4.576154096299394e-10
6.97 4.660178398892328e-10
6.9750000000000005 4.455446949490542e-10
6.98 4.3965361831586293e-10
6.985 4.78912632223605e-10
6.99 4.62026111309427e-10
6.995 4.671089399536546e-10
7.0 4.772606793012415e-10
7.005 4.790310911141412e-10
7.01 4.403091711573258e-10
7.015000000000001 4.911691557359106e-10
7.0200000000000005 4.661054821747187e-10
7.025 4.491629036614844e-10
7.03 4.1973900486475783e-10
7.035 4.620678190912428e-10
7.04 4.759841973403386e-10
7.045 4.5747595759758057e-10
7.05 4.5712493150516463e-10
7.055 4.582141831340867e-10
7.0600000000000005 4.461271272989804e-10
7.065 4.843713378296529e-10
7.07 4.6483217283588537e-10
7.075 4.40430264753915e-10
7.08 4.6159893858842877e-10
7.085 4.3353598779278833e-10
7.09 4.700870603271896e-10
7.095 4.3469072234922704e-10
7.1000000000000005 4.759170423509772e-10
7.105 4.524367695696668e-10
7.11 4.488192684392832e-10
7.115 4.694832021031736e-10
7.12 4.649120846590343e-10
7.125 4.531696723651118e-10
7.13 4.5777784362310934e-10
7.135 4.542069227082737e-10
7.140000000000001 4.3359142458592506e-10
7.1450000000000005 4.637363781104307e-10
7.15 4.526439735272402e-10
7.155 4.5571535178504343e-10
7.16 4.313915087274354e-10
7.165 4.681154352317772e-10
7.17 4.6331933818710554e-10
7.175 4.3686366298368617e-10
7.18 4.85417871104213e-10
7.1850000000000005 4.2554888460014486e-10
7.19 4.522712638616076e-10
7.195 4.592474898665488e-10
7.2 4.3485623327768766e-10
7.205 4.361461540615422e-10
7.21 4.4707086174943033e-10
7.215 4.5155727293361525e-10
7.22 4.447684865822204e-10
7.2250000000000005 4.481889377685357e-10
7.23 4.1399036734747257e-10
7.235 4.836414655591467e-10
7.24 4.4176992408780956e-10
7.245 4.6078876888888796e-10
7.25 4.0752500473073246e-10
7.255 4.491256259151335e-10
7.26 4.266415351605813e-10
7.265000000000001 4.3171604145884646e-10
7.2700000000000005 4.208334193933151e-10
7.275 4.351114840019035e-10
7.28 4.4613603802920467e-10
7.285 4.3122905463203015e-10
7.29 4.26641201721175e-10
7.295 4.5006597296251574e-10
7.3 4.300765802242273e-10
7.305 4.420888984005554e-10
7.3100000000000005 4.3244840661864715e-10
7.315 4.2334086393123946e-10
7.32 4.2764804648498296e-10
7.325 4.2807058143366985e-10
7.33 4.3121668202842696e-10
7.335 4.671358502165104e-10
7.34 4.1859047809051556e-10
7.345 4.055721803451289e-10
7.3500000000000005 4.4048425683432227e-10
7.355 4.3466639318884496e-10
7.36 4.1342956715394964e-10
7.365 4.4803944818490643e-10
7.37 4.4664804792492944e-10
7.375 4.201866835050585e-10
7.38 4.556782457895976e-10
7.385 4.6265413184953603e-10
7.390000000000001 4.2397285398584734e-10
7.3950000000000005 4.2191115857769116e-10
7.4 4.4340717644691203e-10
7.405 4.261479415538054e-10
7.41 3.839251061462646e-10
7.415 4.2400017604112766e-10
7.42 4.096640765079868e-10
7.425 4.4096935885687343e-10
7.43 4.4658680216387607e-10
7.4350000000000005 4.5614742486186614e-10
7.44 4.4154417647302653e-10
7.445 4.139504282872941e-10
7.45 4.603978813429236e-10
7.455 4.301188493427863e-10
7.46 4.2893276521753423e-10
7.465 4.5122690568610885e-10
7.47 4.3737819801950145e-10
7.4750000000000005 4.233659653071181e-10
7.48 4.192000169128577e-10
7.485 4.373279789912229e-10
7.49 4.261589052954209e-10
7.495 4.1532743781199315e-10
7.5 4.3629893211781493e-10
7.505 4.1029380617330905e-10
7.51 4.243061406611664e-10
7.515000000000001 4.1316035515225663e-10
7.5200000000000005 4.1029411163364034e-10
7.525 4.3078651620731824e-10
7.53 4.1101361805247625e-10
7.535 4.260906016689907e-10
7.54 4.1779220622674205e-10
7.545 4.437672226326748e-10
7.55 4.246663112852443e-10
7.555 3.910460396114979e-10
7.5600000000000005 4.352055725850831e-10
7.565 4.4967477469683193e-10
7.57 4.2407674934117075e-10
7.575 4.0380220672201746e-10
7.58 5.143490108750917e-10
7.585 4.357447612178042e-10
7.59 4.4544307004801116e-10
7.595 4.745809132787924e-10
7.6000000000000005 4.122669784232259e-10
7.605 4.193082578235431e-10
7.61 4.033439025279616e-10
7.615 3.900886808505949e-10
7.62 4.3774183671824556e-10
7.625 3.816346630907873e-10
7.63 4.1863788530079136e-10
7.635 4.1341533152392165e-10
7.640000000000001 3.988241835313161e-10
7.6450000000000005 4.2493326634300705e-10
7.65 4.401007619034853e-10
7.655 4.052525189295042e-10
7.66 4.0797597406497725e-10
7.665 4.157095910723278e-10
7.67 4.6250413260553466e-10
7.675 4.550591230458369e-10
7.68 4.140366828998721e-10
7.6850000000000005 4.6398300942074393e-10
7.69 4.2300607620377393e-10
7.695 3.9443642812812466e-10
7.7 3.8121392707389413e-10
7.705 3.8637938564781225e-10
7.71 4.174479209736477e-10
7.715 4.0676797200848917e-10
7.72 4.0328081285735823e-10
7.7250000000000005 4.3595674607218426e-10
7.73 4.175569728398681e-10
7.735 3.936874902331299e-10
7.74 3.88976118932173e-10
7.745 4.1052943136573606e-10
7.75 3.621460059818641e-10
7.755 4.2667960201905595e-10
7.76 4.28767655314858e-10
7.765000000000001 4.0274410471309084e-10
7.7700000000000005 4.218721235681342e-10
7.775 3.8692378163251986e-10
7.78 3.792151773356273e-10
7.785 4.082205129866794e-10
7.79 3.8904601697214623e-10
7.795 4.0665590311781465e-10
7.8 4.0382924856744277e-10
7.805000000000001 4.027835919286319e-10
7.8100000000000005 4.00250428900583e-10
7.815 4.0070713399123697e-10
7.82 4.069147967868305e-10
7.825 4.3628272344664736e-10
7.83 4.235362079819077e-10
7.835 4.060775768884064e-10
7.84 3.9737320840092233e-10
7.845 3.9844183751772833e-10
7.8500000000000005 3.891057330638891e-10
7.855 3.9895854412584165e-10
7.86 3.8977498579569974e-10
7.865 3.655070015085513e-10
7.87 3.869027370538795e-10
7.875 4.104150575639369e-10
7.88 3.979134096307752e-10
7.885 3.383946835257637e-10
7.890000000000001 3.949002823800446e-10
7.8950000000000005 4.0469063684899435e-10
7.9 3.841776608105091e-10
7.905 3.8583123722814537e-10
7.91 4.001872150591035e-10
7.915 4.263620715341325e-10
7.92 3.673803388291762e-10
7.925 3.7983600873304443e-10
7.930000000000001 3.7139535266657035e-10
7.9350000000000005 3.736107200018589e-10
7.94 3.858345832413417e-10
7.945 3.7661024845131067e-10
7.95 3.823564651222691e-10
7.955 3.944010038641162e-10
7.96 3.862188683612277e-10
7.965 3.7031399234395485e-10
7.97 3.9011272004064324e-10
7.9750000000000005 4.0867336114149707e-10
7.98 3.719422652873372e-10
7.985 4.073164763912188e-10
7.99 3.913296907203873e-10
7.995 4.0336155347559453e-10
8.0 3.8877143378345144e-10
8.25 1.9170026014046275e-08
8.5 1.8252944218021328e-08
8.75 1.7442297723033654e-08
9.0 1.6733586152978336e-08
9.25 1.6116998872466267e-08
9.5 1.5246066248563192e-08
9.75 1.4915957916717877e-08
10.0 1.4084757824883115e-08
10.25 1.3595876147749555e-08
10.5 1.2870348398595167e-08
10.75 1.2371526828233322e-08
11.0 1.1793231570835279e-08
11.25 1.140426179352492e-08
11.5 1.0738305346445298e-08
11.75 1.0569210908988665e-08
12.0 1.0045597693280312e-08
12.25 9.339132681028384e-09
12.5 9.231794892448146e-09
12.75 8.73459781462854e-09
13.0 8.391432504226098e-09
13.25 8.003472093676809e-09
13.5 7.66970228753882e-09
13.75 7.271314497360863e-09
14.0 6.844139573255144e-09
14.25 6.753997408598247e-09
14.5 6.495418516248383e-09
14.75 6.174060908187577e-09
15.0 5.954703368517127e-09
15.25 5.527587461491217e-09
15.5 5.466048726754436e-09
15.75 5.134096476264002e-09
16.0 4.976997302363724e-09
16.25 4.6186594140245525e-09
16.5 4.4311970173259465e-09
16.75 4.3408101021276935e-09
17.0 4.200323252751308e-09
17.25 3.96128332609575e-09
17.5 3.8252446628574206e-09
17.75 3.6231143988596886e-09
18.0 3.4974855484231877e-09
18.25 3.318524268110303e-09
18.5 3.119825578626333e-09
18.75 3.0252298635925915e-09
19.0 2.9291523759234395e-09
19.25 2.7539422012521144e-09
19.5 2.7176294679845994e-09
19.75 2.5413177889945363e-09
