0.005 1.86902141287715e-11
0.01 1.1801248590426254e-10
0.015 2.4272039184644145e-10
0.02 3.8033641012584724e-10
0.025 5.023483310928273e-10
0.03 6.484006909873587e-10
0.035 7.933746138417274e-10
0.04 9.336313875126894e-10
0.045 1.0552691251851577e-09
0.05 1.1997723498216011e-09
0.055 1.3012287167657515e-09
0.06 1.4326774916483907e-09
0.065 1.5517951885608979e-09
0.07 1.6414001791859158e-09
0.075 1.6895054733343805e-09
0.08 1.8108997129302432e-09
0.085 1.9508793242646753e-09
0.09 1.9483005402914405e-09
0.095 2.065081021361489e-09
0.1 2.1285078867197773e-09
0.105 2.2091608032222143e-09
0.11 2.2131790299239916e-09
0.115 2.287836046386244e-09
0.12 2.274968125349204e-09
0.125 2.370792702157151e-09
0.13 2.4276012449878316e-09
0.135 2.5245657935350475e-09
0.14 2.5472009193365122e-09
0.145 2.5337947900096526e-09
0.15 2.5952973001185837e-09
0.155 2.716036985121027e-09
0.16 2.7788694004882584e-09
0.165 2.8361188076540337e-09
0.17 2.908582239154958e-09
0.17500000000000002 2.931588618423633e-09
0.18 2.946106845907018e-09
0.185 3.0931521365680692e-09
0.19 3.133231655273452e-09
0.195 3.166294888575775e-09
0.2 3.199244965021425e-09
0.20500000000000002 3.273817310654838e-09
0.21 3.3268513127770217e-09
0.215 3.2955955254633794e-09
0.22 3.6315234923306413e-09
0.225 3.4532071309532824e-09
0.23 3.481900356770573e-09
0.23500000000000001 3.6437692025570157e-09
0.24 3.6254750550858363e-09
0.245 3.773018777236489e-09
0.25 3.838662154443706e-09
0.255 3.809424460008612e-09
0.26 3.8992198081434215e-09
0.265 3.989639215565452e-09
0.27 3.995547895336134e-09
0.275 4.003921705403966e-09
0.28 3.936452812122985e-09
0.28500000000000003 4.10823113893996e-09
0.29 4.210323962293243e-09
0.295 4.267987062061203e-09
0.3 4.230179205564847e-09
0.305 4.359528234889659e-09
0.31 4.389815788049723e-09
0.315 4.309873454577368e-09
0.32 4.457031728025738e-09
0.325 4.528167256476626e-09
0.33 4.744205463615263e-09
0.335 4.576714167992105e-09
0.34 4.504673448979837e-09
0.34500000000000003 4.8282673259557856e-09
0.35000000000000003 4.76827289038244e-09
0.355 4.584628322341732e-09
0.36 4.88048279411551e-09
0.365 4.823121384885363e-09
0.37 4.955251816611765e-09
0.375 4.93695100896895e-09
0.38 5.198479287537532e-09
0.385 5.122217878866639e-09
0.39 5.085940049507343e-09
0.395 5.119909881819192e-09
0.4 5.228258277503358e-09
0.405 5.291817752550158e-09
0.41000000000000003 5.237734015688294e-09
0.41500000000000004 5.449038831413591e-09
0.42 5.421755366540642e-09
0.425 5.415842301464941e-09
0.43 5.386809244727648e-09
0.435 5.4911990954653594e-09
0.44 5.605407888761002e-09
0.445 5.408969572135325e-09
0.45 5.5385842446296554e-09
0.455 5.419226670211988e-09
0.46 5.4772797397702274e-09
0.465 5.793503850824829e-09
0.47000000000000003 5.839320869582888e-09
0.47500000000000003 5.909909014185843e-09
0.48 5.703562924812002e-09
0.485 5.8757113730069995e-09
0.49 5.865823070668027e-09
0.495 5.709062889691075e-09
0.5 6.041652536967607e-09
0.505 5.978657750969004e-09
0.51 6.01943956702037e-09
0.515 5.932165530157743e-09
0.52 6.010023435585872e-09
0.525 6.074818730750532e-09
0.53 5.914800099521775e-09
0.535 6.131635073879554e-09
0.54 6.335534096034475e-09
0.545 6.094516311550183e-09
0.55 6.3039281875618365e-09
0.555 6.171973100712849e-09
0.56 6.441387178586347e-09
0.5650000000000001 6.3233214186398125e-09
0.5700000000000001 6.164067841003468e-09
0.5750000000000001 6.4053039961751866e-09
0.58 6.280184851069377e-09
0.585 6.479571459073057e-09
0.59 6.550123656595764e-09
0.595 6.560263991437559e-09
0.6 6.402674063793825e-09
0.605 6.428303022900894e-09
0.61 6.4744072445888886e-09
0.615 6.6123116333131325e-09
0.62 6.401018419216829e-09
0.625 6.7020328193572364e-09
0.63 6.837614560865266e-09
0.635 6.537310038606934e-09
0.64 6.663435182773889e-09
0.645 7.017460125630311e-09
0.65 6.715627997059473e-09
0.655 6.730916615631152e-09
0.66 6.4835336643120905e-09
0.665 7.038598141557641e-09
0.67 6.999868289248022e-09
0.675 7.096597736074893e-09
0.68 6.700523885410605e-09
0.685 7.080632699383011e-09
0.6900000000000001 6.749736539558457e-09
0.6950000000000001 6.882986238001745e-09
0.7000000000000001 6.889249829185768e-09
0.705 6.906310071301998e-09
0.71 6.96277525419829e-09
0.715 6.940615152682672e-09
0.72 6.7997548541263244e-09
0.725 6.951329826128678e-09
0.73 7.083877934396166e-09
0.735 7.1141363279724835e-09
0.74 7.1295573754742325e-09
0.745 7.017329007711928e-09
0.75 7.199483452625051e-09
0.755 7.081965753886699e-09
0.76 7.0622028271989285e-09
0.765 6.997976369566432e-09
0.77 7.316380651705011e-09
0.775 7.099457275289706e-09
0.78 7.214624325754589e-09
0.785 7.089594856500425e-09
0.79 7.1315987444350805e-09
0.795 7.163785539349888e-09
0.8 7.026832491199081e-09
0.805 7.192255716141891e-09
0.81 7.64582147900599e-09
0.8150000000000001 7.213629314613525e-09
0.8200000000000001 7.041409362315307e-09
0.8250000000000001 7.605020656464344e-09
0.8300000000000001 6.985893694396796e-09
0.835 7.2088966849956075e-09
0.84 7.1328449892051965e-09
0.845 7.3907625778683545e-09
0.85 7.22986384941073e-09
0.855 7.083796250719583e-09
0.86 7.192158663496996e-09
0.865 7.48527284597387e-09
0.87 7.087867865139693e-09
0.875 6.857765494788233e-09
0.88 7.205273362964858e-09
0.885 7.3228973096086615e-09
0.89 7.44623472054635e-09
0.895 7.632854716482596e-09
0.9 7.2144018319606045e-09
0.905 7.040385184859745e-09
0.91 7.386312079809594e-09
0.915 7.223465831977243e-09
0.92 7.2604923242536105e-09
0.925 7.35847199230308e-09
0.93 7.462157886893e-09
0.935 7.245305611995597e-09
0.9400000000000001 7.4117997812819875e-09
0.9450000000000001 7.309890725065588e-09
0.9500000000000001 7.4367859620698194e-09
0.9550000000000001 7.309918515661854e-09
0.96 7.341313246256278e-09
0.965 7.165705040833423e-09
0.97 7.333454021136858e-09
0.975 7.3017718177285334e-09
0.98 7.265984879025224e-09
0.985 7.345498649459553e-09
0.99 7.53759691334555e-09
0.995 7.122571354746899e-09
1.0 7.519960489072116e-09
1.0050000000000001 7.227627309320358e-09
1.01 7.195703121904849e-09
1.0150000000000001 7.0415876703703685e-09
1.02 7.290250038010616e-09
1.025 7.221938368904412e-09
1.03 7.06506348985152e-09
1.035 7.1897580833825396e-09
1.04 7.2477036865739674e-09
1.045 7.112585421287956e-09
1.05 7.355431346616051e-09
1.055 7.485024639192896e-09
1.06 7.325692110749003e-09
1.065 7.417841283447139e-09
1.07 7.202778585149805e-09
1.075 6.931026781306422e-09
1.08 7.281897832337424e-09
1.085 7.357169209596956e-09
1.09 6.968993867860364e-09
1.095 7.1933970229203e-09
1.1 7.229820578881786e-09
1.105 7.340476425768543e-09
1.11 7.167391368857441e-09
1.115 7.227076595664937e-09
1.12 7.033813952704219e-09
1.125 7.304277771749085e-09
1.1300000000000001 7.051924266680486e-09
1.135 6.971916997626814e-09
1.1400000000000001 7.396545439111519e-09
1.145 7.109259696507853e-09
1.1500000000000001 6.929057166180743e-09
1.155 7.108577749392988e-09
1.16 7.094624394175094e-09
1.165 6.873652465230743e-09
1.17 7.056190406060451e-09
1.175 7.164019389155105e-09
1.18 7.232741194649138e-09
1.185 6.960356858188537e-09
1.19 6.738235880443336e-09
1.195 7.1386646492033614e-09
1.2 7.1508884572404755e-09
1.205 7.208859741299582e-09
1.21 7.12699609300551e-09
1.215 7.262516427882297e-09
1.22 7.01664683587363e-09
1.225 7.148148690287622e-09
1.23 6.9962047643579316e-09
1.235 7.093675123434349e-09
1.24 6.859550650000342e-09
1.245 6.995480177815407e-09
1.25 6.884974943955834e-09
1.2550000000000001 7.1957548734141066e-09
1.26 6.555856436970213e-09
1.2650000000000001 6.793536125178848e-09
1.27 6.744816013168132e-09
1.2750000000000001 7.217695050651131e-09
1.28 7.077563282479663e-09
1.285 6.988308862653137e-09
1.29 7.10723238757647e-09
1.295 6.7376810510644886e-09
1.3 6.701059477335198e-09
1.305 6.6931918557524835e-09
1.31 7.216377057751548e-09
1.315 6.808721467112509e-09
1.32 6.73261913998531e-09
1.325 6.799194753130449e-09
1.33 6.516548061702005e-09
1.335 7.0984141885792205e-09
1.34 6.68028911301846e-09
1.345 7.024394325929996e-09
1.35 7.045304878398866e-09
1.355 6.780244156934188e-09
1.36 6.66184786146134e-09
1.365 6.933094250431844e-09
1.37 7.031975303470078e-09
1.375 6.549664918985168e-09
1.3800000000000001 6.6662825419377285e-09
1.385 6.7566213792530494e-09
1.3900000000000001 6.784354805127757e-09
1.395 6.96949600125313e-09
1.4000000000000001 6.7733602818421096e-09
1.405 6.569377212041356e-09
1.41 7.177743743861502e-09
1.415 6.838840112435977e-09
1.42 6.887569268699161e-09
1.425 6.941136058655092e-09
1.43 6.678270255316153e-09
1.435 6.8257267151853155e-09
1.44 6.771186626330294e-09
1.445 6.664629592109404e-09
1.45 6.6197850181045625e-09
1.455 6.783460529930495e-09
1.46 6.442705366669527e-09
1.465 6.613309400418367e-09
1.47 6.504668715075232e-09
1.475 6.6359745102575044e-09
1.48 6.3885038104288185e-09
1.485 6.628937058778568e-09
1.49 6.90976059023534e-09
1.495 6.813587470474801e-09
1.5 6.319195365240822e-09
1.5050000000000001 6.739150088140242e-09
1.51 6.406891831678195e-09
1.5150000000000001 6.3860287689225714e-09
1.52 6.769082256905716e-09
1.5250000000000001 6.356842185263349e-09
1.53 6.715586062287022e-09
1.5350000000000001 6.555307183205967e-09
1.54 6.48550704141767e-09
1.545 6.481116397757503e-09
1.55 6.468563332580213e-09
1.555 6.482989593986839e-09
1.56 6.251172604342596e-09
1.565 6.261450694963859e-09
1.57 6.651412710090847e-09
1.575 6.204960236948084e-09
1.58 6.161641360717549e-09
1.585 6.3541594144768615e-09
1.59 6.5196166110129545e-09
1.595 6.4150705670617425e-09
1.6 6.34966527805374e-09
1.605 6.0075017504993035e-09
1.61 6.4025891547650004e-09
1.615 6.15284967044689e-09
1.62 6.090427946712566e-09
1.625 6.273842223961439e-09
1.6300000000000001 6.147422419578936e-09
1.635 6.0016123011729796e-09
1.6400000000000001 6.425476718553021e-09
1.645 6.282389336239248e-09
1.6500000000000001 6.2195110948126405e-09
1.655 6.1841580552344734e-09
1.6600000000000001 6.2855223559356445e-09
1.665 5.990932390200297e-09
1.67 6.424252423505203e-09
1.675 6.139287824588313e-09
1.68 6.071595175062008e-09
1.685 6.123713010608159e-09
1.69 6.1557273295387195e-09
1.695 5.973255503179833e-09
1.7 6.167629560463825e-09
1.705 6.184079568779246e-09
1.71 6.340695174499372e-09
1.715 6.01658429510193e-09
1.72 5.997793005093213e-09
1.725 5.984516045394108e-09
1.73 6.209892877617794e-09
1.735 6.101338436418558e-09
1.74 5.936605036928518e-09
1.745 6.047275339032945e-09
1.75 6.063852587840916e-09
1.7550000000000001 5.959012091779601e-09
1.76 6.1481464636361975e-09
1.7650000000000001 6.105912151499906e-09
1.77 5.990924079841008e-09
1.7750000000000001 5.89976931154547e-09
1.78 5.922059946785848e-09
1.7850000000000001 6.093741283651659e-09
1.79 6.03006067366005e-09
1.795 5.617652655532655e-09
1.8 5.925805309371468e-09
1.805 5.750454552997393e-09
1.81 5.82927566664888e-09
1.815 5.628995889300318e-09
1.82 5.938050788031428e-09
1.825 5.423673048683847e-09
1.83 5.746774983170013e-09
1.835 5.352299819121805e-09
1.84 5.6402803268822586e-09
1.845 5.679533122027821e-09
1.85 5.942633047743505e-09
1.855 5.8216038395124055e-09
1.86 5.713510496179114e-09
1.865 5.778922630412747e-09
1.87 5.8043122039060565e-09
1.875 5.976755474812838e-09
1.8800000000000001 5.526655335139067e-09
1.885 5.772289464951468e-09
1.8900000000000001 5.557203945580839e-09
1.895 5.902869952879717e-09
1.9000000000000001 5.4596218782193915e-09
1.905 5.332054934712246e-09
1.9100000000000001 5.894507901326206e-09
1.915 5.5522615664258404e-09
1.92 5.460993892427075e-09
1.925 5.6473303589898596e-09
1.93 5.4304671291774326e-09
1.935 5.491439986544428e-09
1.94 5.5982939724904214e-09
1.945 5.4056108195903796e-09
1.95 5.33837659253278e-09
1.955 5.487911126465338e-09
1.96 5.432452765384723e-09
1.965 5.099690337617449e-09
1.97 5.564341853284937e-09
1.975 5.1563798300899325e-09
1.98 5.3164717599252526e-09
1.985 5.273306550269736e-09
1.99 5.426050924477134e-09
1.995 5.340913928725187e-09
2.0 5.397577867169616e-09
2.005 5.32827785992105e-09
2.0100000000000002 5.241156059634005e-09
2.015 5.408067141583316e-09
2.02 5.345617719908518e-09
2.025 5.298131670395189e-09
2.0300000000000002 4.981655336143266e-09
2.035 5.2836943666289265e-09
2.04 5.249877648718677e-09
2.045 5.351336020385611e-09
2.05 5.076050027483918e-09
2.055 5.003046913580012e-09
2.06 4.9578903689546264e-09
2.065 5.203744263142477e-09
2.07 4.830483282393304e-09
2.075 4.9676183116828675e-09
2.08 4.883107090153947e-09
2.085 5.1633920812233224e-09
2.09 4.69157199999065e-09
2.095 5.233316097020644e-09
2.1 5.012714212077234e-09
2.105 5.0152742868632365e-09
2.11 5.201801870707677e-09
2.115 5.092208661144819e-09
2.12 4.926023816204033e-09
2.125 5.0422801042374756e-09
2.13 5.099100515660436e-09
2.1350000000000002 5.209058955442301e-09
2.14 5.154566185555297e-09
2.145 5.120197651659397e-09
2.15 4.766541799847805e-09
2.1550000000000002 4.981916738548938e-09
2.16 5.081983517591672e-09
2.165 4.949513662778791e-09
2.17 5.102993445310899e-09
2.1750000000000003 4.99663247741251e-09
2.18 4.938771693392133e-09
2.185 4.819995089577935e-09
2.19 4.833126042435279e-09
2.195 4.725934773066431e-09
2.2 4.5183752296365256e-09
2.205 4.693559939181323e-09
2.21 4.824623960764274e-09
2.215 4.6760716733175776e-09
2.22 4.74716384970609e-09
2.225 5.321667657915559e-09
2.23 4.649313817131676e-09
2.235 4.539682165063342e-09
2.24 4.886992729048244e-09
2.245 4.571128502961091e-09
2.25 4.973793812932545e-09
2.255 4.723990711806567e-09
2.2600000000000002 4.471049386533015e-09
2.265 4.68719980871401e-09
2.27 4.535063380331325e-09
2.275 4.4851635154962305e-09
2.2800000000000002 4.502843551390756e-09
2.285 4.6477684811927066e-09
2.29 4.527019921571749e-09
2.295 5.044571230703889e-09
2.3000000000000003 4.48235283651919e-09
2.305 4.684722321496575e-09
2.31 4.347030337600789e-09
2.315 4.508044386097356e-09
2.32 4.4945429838782695e-09
2.325 4.352230706446172e-09
2.33 4.6520037329366805e-09
2.335 4.408815329273932e-09
2.34 4.7589345805554286e-09
2.345 4.254269168203524e-09
2.35 4.325088096755048e-09
2.355 4.455311166045299e-09
2.36 4.544630066372799e-09
2.365 4.54373015251967e-09
2.37 4.491972865035141e-09
2.375 4.550874037462762e-09
2.38 4.281293391255017e-09
2.3850000000000002 4.4566621292705855e-09
2.39 4.250196108059131e-09
2.395 4.59631377359113e-09
2.4 4.0131663723119225e-09
2.4050000000000002 4.2975885762480946e-09
2.41 4.164193082785767e-09
2.415 4.239195722897083e-09
2.42 4.505485165730531e-09
2.4250000000000003 4.247118137142772e-09
2.43 4.396208356384896e-09
2.435 4.3811933305178775e-09
2.44 4.527448606533785e-09
2.445 4.249177169509801e-09
2.45 4.3166766144151866e-09
2.455 4.123901784859885e-09
2.46 4.015915705405469e-09
2.465 4.161270849578775e-09
2.47 4.306489217029802e-09
2.475 4.040801531771789e-09
2.48 4.297538538976694e-09
2.485 4.033888085515986e-09
2.49 4.229698138063081e-09
2.495 4.262506404320925e-09
2.5 4.632152276360417e-09
2.505 3.990442175495668e-09
2.5100000000000002 4.12634858120711e-09
2.515 4.207416013829887e-09
2.52 4.312139002465567e-09
2.525 4.118069799163792e-09
2.5300000000000002 4.198267913691912e-09
2.535 4.1261854346481395e-09
2.54 4.1342749497085495e-09
2.545 4.178891528792995e-09
2.5500000000000003 4.057296635502253e-09
2.555 4.177072138657087e-09
2.56 4.0965671253487956e-09
2.565 4.047720899696793e-09
2.57 4.334645193436761e-09
2.575 4.024658761671549e-09
2.58 4.04150936573824e-09
2.585 4.132055661020062e-09
2.59 3.971099064093449e-09
2.595 3.637620980482778e-09
2.6 4.170083708832472e-09
2.605 3.9233651867377566e-09
2.61 4.060800403400505e-09
2.615 3.971270552693458e-09
2.62 3.876909889337011e-09
2.625 3.749937477759865e-09
2.63 3.834480385697235e-09
2.6350000000000002 3.969483253157303e-09
2.64 3.812336902479106e-09
2.645 3.7789302298635895e-09
2.65 3.756713923626966e-09
2.6550000000000002 3.926813701927558e-09
2.66 4.029305005295444e-09
2.665 4.0317131343039126e-09
2.67 3.92739727765474e-09
2.6750000000000003 3.80131201279358e-09
2.68 4.177196831786954e-09
2.685 3.98729624372931e-09
2.69 3.939869861463687e-09
2.695 3.938271486264987e-09
2.7 3.6403206500758296e-09
2.705 3.967993439792772e-09
2.71 3.810250349261653e-09
2.715 3.9669609173304695e-09
2.72 3.779276484522754e-09
2.725 3.979109649435067e-09
2.73 3.869240730210648e-09
2.735 3.5904441152963032e-09
2.74 3.766542041924694e-09
2.745 3.6754287524256716e-09
2.75 3.718257201524246e-09
2.755 3.5635420139559552e-09
2.7600000000000002 4.01384102551906e-09
2.765 3.7542606443404985e-09
2.77 3.6638182335825317e-09
2.775 3.680732181268382e-09
2.7800000000000002 3.8362691297928836e-09
2.785 3.783539991257499e-09
2.79 3.565145934618746e-09
2.795 3.5647099675054084e-09
2.8000000000000003 3.548839691624145e-09
2.805 3.4908024919656364e-09
2.81 3.6386803360776695e-09
2.815 3.5412897948578977e-09
2.82 3.4061527899842626e-09
2.825 3.4949167954184364e-09
2.83 3.597344417362575e-09
2.835 3.1898644790587968e-09
2.84 3.727528337168479e-09
2.845 3.5462716903748736e-09
2.85 3.658984558852946e-09
2.855 3.738184143494984e-09
2.86 3.442818188910622e-09
2.865 3.411702042373679e-09
2.87 3.760591468409064e-09
2.875 3.5771197605948656e-09
2.88 3.700277145952107e-09
2.8850000000000002 3.5653816414608173e-09
2.89 3.5850549232164336e-09
2.895 3.6185485787307765e-09
2.9 3.440076952280716e-09
2.9050000000000002 3.4909260538763773e-09
2.91 3.324860504315626e-09
2.915 3.4287417353495184e-09
2.92 3.1433279093087303e-09
2.9250000000000003 3.3637394144466697e-09
2.93 3.2856189760903628e-09
2.935 3.2991812997197253e-09
2.94 3.1771658541240595e-09
2.945 3.5785107941958194e-09
2.95 3.399254565644122e-09
2.955 3.640666537257623e-09
2.96 3.5634618862158906e-09
2.965 3.4155612233872225e-09
2.97 3.4232461760313343e-09
2.975 3.214606664204444e-09
2.98 3.400673842248562e-09
2.985 3.2171593230291023e-09
2.99 3.353444722296747e-09
2.995 3.575518237484723e-09
3.0 3.271065798598864e-09
3.005 3.180291782692439e-09
3.0100000000000002 3.419808010400873e-09
3.015 3.3261555526903097e-09
3.02 3.0430763443875922e-09
3.025 3.131254381131138e-09
3.0300000000000002 3.06543249067843e-09
3.035 3.229589208734475e-09
3.04 3.358099748910875e-09
3.045 3.349395187993222e-09
3.0500000000000003 3.377540738732927e-09
3.055 3.078774019795035e-09
3.06 3.2643993699904493e-09
3.065 3.383964655471877e-09
3.0700000000000003 3.374281057599995e-09
3.075 3.0797617246230954e-09
3.08 3.336808050764095e-09
3.085 3.102018094635293e-09
3.09 3.3398991876375076e-09
3.095 3.196533008317089e-09
3.1 3.0391730144857586e-09
3.105 3.3454591004895183e-09
3.11 2.9240595493484883e-09
3.115 2.9250098341788042e-09
3.12 3.351091699524446e-09
3.125 3.134744540199881e-09
3.13 3.076344835233821e-09
3.1350000000000002 3.0011980927568576e-09
3.14 3.1538132206258173e-09
3.145 3.125688035706634e-09
3.15 3.076603386428119e-09
3.1550000000000002 3.1229619202031833e-09
3.16 3.2017856194030526e-09
3.165 3.0757851210821594e-09
3.17 3.0634395321602637e-09
3.1750000000000003 2.9232431439851004e-09
3.18 3.034081791955944e-09
3.185 3.1198942572965e-09
3.19 3.2488091691756106e-09
3.1950000000000003 3.2229496682138642e-09
3.2 2.87213895971577e-09
3.205 3.3040983845199845e-09
3.21 2.942363584144882e-09
3.215 3.024875845984087e-09
3.22 2.9772703054414452e-09
3.225 2.975584498022458e-09
3.23 3.0455038777199703e-09
3.235 3.0477364086964974e-09
3.24 2.8138610795662806e-09
3.245 3.0842633883643027e-09
3.25 2.8379460151252482e-09
3.255 2.954001723004128e-09
3.2600000000000002 3.0577417513698772e-09
3.265 2.9640324281823116e-09
3.27 2.9116340806839206e-09
3.275 2.9318510315350547e-09
3.2800000000000002 2.997874817948973e-09
3.285 2.9604706570495885e-09
3.29 2.951922047263712e-09
3.295 2.950908132348629e-09
3.3000000000000003 3.0304390770304524e-09
3.305 2.874444129623695e-09
3.31 3.0763620317139187e-09
3.315 3.077416593565028e-09
3.3200000000000003 3.017153060329911e-09
3.325 3.0478454708610428e-09
3.33 2.8342997325980542e-09
3.335 2.7994624461495075e-09
3.34 2.8350575611330247e-09
3.345 2.965762637067746e-09
3.35 2.734045453563005e-09
3.355 2.8081851467973805e-09
3.36 2.8558874575538995e-09
3.365 2.8070662285268276e-09
3.37 2.848546602211236e-09
3.375 2.91480267513019e-09
3.38 2.911736230607453e-09
3.3850000000000002 2.9596909612156175e-09
3.39 2.7707935374960674e-09
3.395 2.7991326877287835e-09
3.4 2.9616260708584157e-09
3.4050000000000002 2.8753972415376232e-09
3.41 2.685508761771618e-09
3.415 2.8075828281757288e-09
3.42 2.994481429472883e-09
3.4250000000000003 2.4560259955521136e-09
3.43 2.9130526218899117e-09
3.435 2.9083600040744945e-09
3.44 2.7458788147132788e-09
3.4450000000000003 2.5813165915662473e-09
3.45 2.540535060974316e-09
3.455 2.6633612523109257e-09
3.46 2.8631740733279216e-09
3.465 2.5139829305436492e-09
3.47 2.73513758726852e-09
3.475 2.7588552756846593e-09
3.48 2.8047326024714276e-09
3.485 2.5734614237196547e-09
3.49 2.7018151447365846e-09
3.495 2.5878752159565296e-09
3.5 2.7880721754139453e-09
3.505 2.7981348427362376e-09
3.5100000000000002 2.5854106507254302e-09
3.515 2.753327189160268e-09
3.52 2.509144603047057e-09
3.525 2.6025898497730073e-09
3.5300000000000002 2.7009870069040974e-09
3.535 2.5480254557684934e-09
3.54 2.71989003371257e-09
3.545 2.586964887095588e-09
3.5500000000000003 2.654787112654509e-09
3.555 2.8010715820319743e-09
3.56 2.6463670579913283e-09
3.565 2.7232719091602788e-09
3.5700000000000003 2.6816603788613905e-09
3.575 2.6146185073633494e-09
3.58 2.5370540958975966e-09
3.585 2.6966690671889943e-09
3.59 2.5643532275614123e-09
3.595 2.603207472059976e-09
3.6 2.6328093644339124e-09
3.605 2.6046827651389543e-09
3.61 2.5042302915665167e-09
3.615 2.5443099354963635e-09
3.62 2.5317511364201135e-09
3.625 2.506601728597943e-09
3.63 2.5896153429377612e-09
3.6350000000000002 2.634868185992321e-09
3.64 2.5169688565788155e-09
3.645 2.7150621696322925e-09
3.65 2.7632158120942195e-09
3.6550000000000002 2.55953719201746e-09
3.66 2.6696812857821382e-09
3.665 2.466544612083793e-09
3.67 2.5257228278982327e-09
3.6750000000000003 2.3706653582177654e-09
3.68 2.4003302297074255e-09
3.685 2.6449341375547765e-09
3.69 2.5687139176106317e-09
3.6950000000000003 2.392149141551838e-09
3.7 2.4217998295978652e-09
3.705 2.6730917357864745e-09
3.71 2.309489792723442e-09
3.715 2.301848771667564e-09
3.72 2.3845542259799986e-09
3.725 2.4587756358038373e-09
3.73 2.698816707436138e-09
3.735 2.5660953629066805e-09
3.74 2.5320029247750735e-09
3.745 2.5142001274912475e-09
3.75 2.437569545194288e-09
3.755 2.3607925190101176e-09
3.7600000000000002 2.338464957646718e-09
3.765 2.5570225177950806e-09
3.77 2.52442736770041e-09
3.775 2.3137633405578953e-09
3.7800000000000002 2.4208522838614824e-09
3.785 2.456444239216958e-09
3.79 2.490423487088412e-09
3.795 2.543155432352628e-09
3.8000000000000003 2.411093281428816e-09
3.805 2.427743694211344e-09
3.81 2.5582576026088924e-09
3.815 2.2451616343574334e-09
3.8200000000000003 2.408014213812453e-09
3.825 2.271946468475885e-09
3.83 2.324416022214305e-09
3.835 2.4120081957072743e-09
3.84 2.45923749116219e-09
3.845 2.3768526946262507e-09
3.85 2.2711980072257216e-09
3.855 2.1117842696520292e-09
3.86 2.3440562258741052e-09
3.865 2.203308058958091e-09
3.87 2.2587177556479395e-09
3.875 2.1724501746861904e-09
3.88 2.257755540129189e-09
3.8850000000000002 2.201005177432978e-09
3.89 2.4501086365781317e-09
3.895 2.3123186991397803e-09
3.9 2.2315876302085282e-09
3.9050000000000002 2.2562883828925113e-09
3.91 2.2308079555161737e-09
3.915 2.237146855008672e-09
3.92 2.345761752129114e-09
3.9250000000000003 2.274541299854474e-09
3.93 2.1635941477113733e-09
3.935 2.448744867500488e-09
3.94 2.4385793936519913e-09
3.9450000000000003 2.298350806439846e-09
3.95 2.3212688077654684e-09
3.955 2.3039680783659403e-09
3.96 2.330632064213665e-09
3.9650000000000003 2.4182793888788332e-09
3.97 2.313020913606747e-09
3.975 2.2586550500449174e-09
3.98 2.3587175526255324e-09
3.985 2.199059721794795e-09
3.99 2.1718223133632264e-09
3.995 2.3708413905486026e-09
4.0 2.1690282523067852e-09
4.005 2.328027963984469e-09
4.01 2.2348922062751652e-09
4.015 2.2413484111404803e-09
4.0200000000000005 2.178603726998085e-09
4.025 2.244061853554008e-09
4.03 2.3527664054553418e-09
4.035 2.174193729711504e-09
4.04 2.299216113001976e-09
4.045 2.2221967821186595e-09
4.05 2.238797647271947e-09
4.055 2.2482713752098476e-09
4.0600000000000005 2.2779525239971646e-09
4.065 2.0603689464017206e-09
4.07 2.1669251764988287e-09
4.075 2.1823198631606453e-09
4.08 2.0954581127162297e-09
4.085 2.178917671457588e-09
4.09 2.2922795041126292e-09
4.095 2.0516752465598756e-09
4.1 2.1782980511786406e-09
4.105 2.216316468056886e-09
4.11 2.149757419538544e-09
4.115 2.1243616834787e-09
4.12 2.2051972106505366e-09
4.125 2.1289081949028867e-09
4.13 2.178674143279087e-09
4.135 2.2141208765293028e-09
4.14 2.2114931185760702e-09
4.1450000000000005 2.0867966832901117e-09
4.15 1.9716711548477094e-09
4.155 2.1355020245136357e-09
4.16 2.111061264451144e-09
4.165 1.9742983908435937e-09
4.17 2.0290976799777364e-09
4.175 2.0269974113622027e-09
4.18 2.143124369670317e-09
4.1850000000000005 2.069579324149784e-09
4.19 2.226701091450537e-09
4.195 2.1722265449239423e-09
4.2 2.1740969626114343e-09
4.205 2.051379594694043e-09
4.21 2.1068582076090634e-09
4.215 2.0998773155937756e-09
4.22 2.2479453539357262e-09
4.225 2.133624733997161e-09
4.23 1.9108426367583054e-09
4.235 2.201583235607636e-09
4.24 1.9953973270074035e-09
4.245 2.0512388243492447e-09
4.25 2.0323265578044084e-09
4.255 2.037292095232019e-09
4.26 1.94187511300835e-09
4.265 2.037154377190331e-09
4.2700000000000005 2.017287313373144e-09
4.275 2.0580870859629346e-09
4.28 2.0571854619982657e-09
4.285 2.1052928093024065e-09
4.29 2.0720192470488936e-09
4.295 2.0542095312389936e-09
4.3 2.0427535059196404e-09
4.305 1.982263158387581e-09
4.3100000000000005 2.180286648876499e-09
4.315 2.0512323851644794e-09
4.32 1.9966046315288912e-09
4.325 1.974727592569698e-09
4.33 2.043796116451066e-09
4.335 2.094502873680006e-09
4.34 2.050139218743731e-09
4.345 2.0100203614818163e-09
4.3500000000000005 2.118504472376732e-09
4.355 2.034232861886665e-09
4.36 1.9458243098649605e-09
4.365 1.8772265296102476e-09
4.37 1.9391733991855343e-09
4.375 2.0361806073823786e-09
4.38 2.08978647518852e-09
4.385 1.9271131223741393e-09
4.39 1.9797713073827173e-09
4.3950000000000005 2.069630171512049e-09
4.4 2.0335541840973183e-09
4.405 2.1361533226126787e-09
4.41 1.916019863563272e-09
4.415 1.9172766352031347e-09
4.42 1.9307354882230095e-09
4.425 1.8803520002567116e-09
4.43 1.9218163461351425e-09
4.4350000000000005 2.013744601579373e-09
4.44 1.8920832200927177e-09
4.445 1.906772368318526e-09
4.45 1.7942860458218656e-09
4.455 1.8990928569923604e-09
4.46 1.8617009360947583e-09
4.465 1.941676115613471e-09
4.47 1.985649806734037e-09
4.4750000000000005 1.9472968586553705e-09
4.48 2.022500479422495e-09
4.485 1.8519152611455038e-09
4.49 1.8868915378412473e-09
4.495 1.8935402719076276e-09
4.5 1.874871336975833e-09
4.505 2.048453547649099e-09
4.51 1.886458335451502e-09
4.515 1.7838788097646592e-09
4.5200000000000005 1.979601420275753e-09
4.525 1.8979247454316687e-09
4.53 1.8512294494268818e-09
4.535 1.7932140965718733e-09
4.54 1.919929923438265e-09
4.545 1.9990857914880305e-09
4.55 1.8294113906517898e-09
4.555 1.9329774122254843e-09
4.5600000000000005 1.9126881104616776e-09
4.565 1.962628366380111e-09
4.57 1.8855305491776546e-09
4.575 1.8579367945983815e-09
4.58 1.9907912536791913e-09
4.585 1.9455800892692335e-09
4.59 1.8964925670864346e-09
4.595 2.029510261042805e-09
4.6000000000000005 1.8652885072905886e-09
4.605 1.859402415065409e-09
4.61 1.887512227938982e-09
4.615 2.0625876749176576e-09
4.62 1.7639993853238922e-09
4.625 1.8381942403669838e-09
4.63 1.9183685100953483e-09
4.635 1.8188505215129555e-09
4.64 1.8337853223953252e-09
4.6450000000000005 1.7632297373879464e-09
4.65 1.8339321313483967e-09
4.655 1.8518448819729758e-09
4.66 1.9001917236598052e-09
4.665 1.8317543838319993e-09
4.67 1.870251057416623e-09
4.675 1.869191025828473e-09
4.68 1.923406143142865e-09
4.6850000000000005 1.9342929401110492e-09
4.69 1.8461383465261734e-09
4.695 1.7652337907091577e-09
4.7 1.699642138101089e-09
4.705 1.960612519940921e-09
4.71 1.931399692068553e-09
4.715 1.882434067668745e-09
4.72 1.836928596078808e-09
4.7250000000000005 1.823649090022898e-09
4.73 1.8607065344508346e-09
4.735 1.9317969488665563e-09
4.74 1.7718226229569933e-09
4.745 1.8563226014345047e-09
4.75 1.7415635635027654e-09
4.755 1.864124075909537e-09
4.76 1.8673998150840317e-09
4.765 1.7491573050673847e-09
4.7700000000000005 1.8408210981136963e-09
4.775 1.7208063080808654e-09
4.78 1.861288831457112e-09
4.785 1.7895984334997231e-09
4.79 1.7643829442509905e-09
4.795 1.920910064714614e-09
4.8 1.7376009251445099e-09
4.805 1.8174624691751128e-09
4.8100000000000005 1.940611885522389e-09
4.815 1.6973938077785811e-09
4.82 1.7593735483435534e-09
4.825 1.920808283495907e-09
4.83 1.790938328478001e-09
4.835 1.7232672498897645e-09
4.84 1.8150021094355695e-09
4.845 1.7282595895790464e-09
4.8500000000000005 1.723744213203892e-09
4.855 1.8039406712327156e-09
4.86 1.7773961428201317e-09
4.865 1.865096130684544e-09
4.87 1.82396109665601e-09
4.875 1.7686253202458225e-09
4.88 1.7633894728509036e-09
4.885 1.6883908983822592e-09
4.89 1.8516114079959863e-09
4.8950000000000005 1.7615221990969705e-09
4.9 1.7301094173306987e-09
4.905 1.6940742273632625e-09
4.91 1.650704784419876e-09
4.915 1.6527318903598497e-09
4.92 1.8763094363032964e-09
4.925 1.736595510787402e-09
4.93 1.782536728583641e-09
4.9350000000000005 1.676566162656913e-09
4.94 1.852664022199434e-09
4.945 1.7830051067056717e-09
4.95 1.66925844208857e-09
4.955 1.746658243359839e-09
4.96 1.6310909237088586e-09
4.965 1.6868425653278901e-09
4.97 1.6978561611479156e-09
4.9750000000000005 1.7664088930530836e-09
4.98 1.6972216440363772e-09
4.985 1.6484133059690117e-09
4.99 1.8249043944033054e-09
4.995 1.6111780975358524e-09
5.0 1.6988765588286924e-09
5.005 1.6826615814921133e-09
5.01 1.5949630439902936e-09
5.015 1.6665464213195117e-09
5.0200000000000005 1.7615981377203266e-09
5.025 1.740273085504041e-09
5.03 1.5587553344735518e-09
5.035 1.7864856405863787e-09
5.04 1.7811341198472003e-09
5.045 1.6896152966546158e-09
5.05 1.672198606571749e-09
5.055 1.705769759896329e-09
5.0600000000000005 1.6005180643140662e-09
5.065 1.6704858565730015e-09
5.07 1.7435173821462447e-09
5.075 1.7141781764387128e-09
5.08 1.6336451444017605e-09
5.085 1.684062294302507e-09
5.09 1.653314676651286e-09
5.095 1.6499227731839066e-09
5.1000000000000005 1.6722992912399723e-09
5.105 1.7013700158316603e-09
5.11 1.6869290036224747e-09
5.115 1.7107960149644387e-09
5.12 1.7298920619184024e-09
5.125 1.6516274019703786e-09
5.13 1.7227915737700468e-09
5.135 1.6704505693819708e-09
5.14 1.7314856686138402e-09
5.1450000000000005 1.7151786431925607e-09
5.15 1.6459981808784638e-09
5.155 1.5912749304531658e-09
5.16 1.6926289245118237e-09
5.165 1.6399939547803614e-09
5.17 1.6374141978965855e-09
5.175 1.578212789316166e-09
5.18 1.5829208354254453e-09
5.1850000000000005 1.5984632248415005e-09
5.19 1.6367280211510024e-09
5.195 1.7353456354645993e-09
5.2 1.6197963774653601e-09
5.205 1.5915295472472056e-09
5.21 1.6516310543829961e-09
5.215 1.6819141212273935e-09
5.22 1.6470252713609583e-09
5.2250000000000005 1.696232759915442e-09
5.23 1.7245078511427488e-09
5.235 1.5968420534428253e-09
5.24 1.6601658299666908e-09
5.245 1.6373488542696453e-09
5.25 1.534050155802355e-09
5.255 1.6448897499501692e-09
5.26 1.7362530959636238e-09
5.265 1.5110973386502468e-09
5.2700000000000005 1.5843646741118714e-09
5.275 1.5788223908732683e-09
5.28 1.5599746053345893e-09
5.285 1.536685062895882e-09
5.29 1.6206710338969738e-09
5.295 1.4888841621216613e-09
5.3 1.5371988713318794e-09
5.305 1.607797560867536e-09
5.3100000000000005 1.521664133579505e-09
5.315 1.5289866235684896e-09
5.32 1.5354597975212325e-09
5.325 1.5499209871203287e-09
5.33 1.6029273129312342e-09
5.335 1.511771459832857e-09
5.34 1.6256619255002682e-09
5.345 1.4857160899416803e-09
5.3500000000000005 1.5524815868531602e-09
5.355 1.6087554884731895e-09
5.36 1.5347996905046194e-09
5.365 1.6300424231415167e-09
5.37 1.4967802373198102e-09
5.375 1.627208345845822e-09
5.38 1.5603788713105782e-09
5.385 1.5486115215633238e-09
5.39 1.763900407689871e-09
5.3950000000000005 1.5907552162051694e-09
5.4 1.49014693765341e-09
5.405 1.5670322823854856e-09
5.41 1.625199800525215e-09
5.415 1.531209971675619e-09
5.42 1.5510825444050816e-09
5.425 1.5270831188842559e-09
5.43 1.467837454177703e-09
5.4350000000000005 1.5498767206891722e-09
5.44 1.6066889817366107e-09
5.445 1.5808540126899852e-09
5.45 1.5041167670732754e-09
5.455 1.5649790678885467e-09
5.46 1.5140458250681918e-09
5.465 1.5900145157087576e-09
5.47 1.5795430198834001e-09
5.4750000000000005 1.5051630584711775e-09
5.48 1.4561326070703619e-09
5.485 1.469872061771311e-09
5.49 1.5135510704650883e-09
5.495 1.5194966899546874e-09
5.5 1.4574856520575358e-09
5.505 1.4520251903777766e-09
5.51 1.5645169040367751e-09
5.515 1.5208403629277632e-09
5.5200000000000005 1.6336135840374114e-09
5.525 1.5259095245391376e-09
5.53 1.558296296497429e-09
5.535 1.6179887237990625e-09
5.54 1.5252403990058878e-09
5.545 1.527244947209975e-09
5.55 1.6395017914534848e-09
5.555 1.5107408639877412e-09
5.5600000000000005 1.527287672540057e-09
5.565 1.450531250108756e-09
5.57 1.5200010412649955e-09
5.575 1.4388813843811626e-09
5.58 1.5073689351714066e-09
5.585 1.4562313700872532e-09
5.59 1.507692919975155e-09
5.595 1.6263896843630955e-09
5.6000000000000005 1.5270780619695033e-09
5.605 1.4264421674530805e-09
5.61 1.4604609966399943e-09
5.615 1.46543404416634e-09
5.62 1.4757768174599553e-09
5.625 1.4555265755967717e-09
5.63 1.4778199740777614e-09
5.635 1.5573554026599805e-09
5.64 1.4656909400633587e-09
5.6450000000000005 1.4259115631931573e-09
5.65 1.4674871098509359e-09
5.655 1.4840805213965468e-09
5.66 1.5225582558711613e-09
5.665 1.5748099268644997e-09
5.67 1.421584436782084e-09
5.675 1.494963504640997e-09
5.68 1.5291741601776045e-09
5.6850000000000005 1.447119491734245e-09
5.69 1.5160575619776655e-09
5.695 1.5012248255940598e-09
5.7 1.4398309805508572e-09
5.705 1.611198212801702e-09
5.71 1.4447669352148842e-09
5.715 1.4426387270373433e-09
5.72 1.5327959320005169e-09
5.7250000000000005 1.496737486045936e-09
5.73 1.4245781773349157e-09
5.735 1.415496848967149e-09
5.74 1.5469453288277337e-09
5.745 1.5308112807366479e-09
5.75 1.3920377908148636e-09
5.755 1.5184446152303127e-09
5.76 1.411177312656054e-09
5.765 1.5285956070631184e-09
5.7700000000000005 1.3907579357962206e-09
5.775 1.4077300836146387e-09
5.78 1.4986110854609377e-09
5.785 1.4694001529816316e-09
5.79 1.5395177119573488e-09
5.795 1.3751205565481543e-09
5.8 1.4210140329045308e-09
5.805 1.4551523162342996e-09
5.8100000000000005 1.3662334178095857e-09
5.815 1.4518692331964128e-09
5.82 1.4159056020669459e-09
5.825 1.451218360614452e-09
5.83 1.4366546148136101e-09
5.835 1.501339484744096e-09
5.84 1.3624561711487626e-09
5.845 1.4528480899855576e-09
5.8500000000000005 1.5027403837130483e-09
5.855 1.3255696454829485e-09
5.86 1.413766366919912e-09
5.865 1.4160564855045679e-09
5.87 1.4560585206806707e-09
5.875 1.4030255067367664e-09
5.88 1.3866267952133335e-09
5.885 1.378288993083568e-09
5.89 1.3916102797667e-09
5.8950000000000005 1.499128547983129e-09
5.9 1.4445829114557102e-09
5.905 1.406721260090401e-09
5.91 1.4036333343911906e-09
5.915 1.3838322462700545e-09
5.92 1.4275871132213645e-09
5.925 1.4504108464554916e-09
5.93 1.3715608852685395e-09
5.9350000000000005 1.3825966096739233e-09
5.94 1.4038990566859007e-09
5.945 1.4416460539727035e-09
5.95 1.3977632191896978e-09
5.955 1.4298910893062298e-09
5.96 1.3727312719605026e-09
5.965 1.4546020117202832e-09
5.97 1.366257832054022e-09
5.9750000000000005 1.3914399731278027e-09
5.98 1.4173980209977903e-09
5.985 1.314836102446466e-09
5.99 1.3170473967959017e-09
5.995 1.338737097575244e-09
6.0 1.429330769512741e-09
6.005 1.3452658608449501e-09
6.01 1.3907835085982922e-09
6.015000000000001 1.3004627851852268e-09
6.0200000000000005 1.355880459562878e-09
6.025 1.3913337977313608e-09
6.03 1.3981122720495857e-09
6.035 1.404711666947004e-09
6.04 1.5424907217628385e-09
6.045 1.3784168165146844e-09
6.05 1.332036500109398e-09
6.055 1.4484589953318716e-09
6.0600000000000005 1.3957383893776078e-09
6.065 1.3247613735921563e-09
6.07 1.3457167047223362e-09
6.075 1.4408579052251687e-09
6.08 1.400885912862195e-09
6.085 1.3368647006384671e-09
6.09 1.3542404750667498e-09
6.095 1.3583177524330833e-09
6.1000000000000005 1.300760732357705e-09
6.105 1.4423069934081558e-09
6.11 1.4051818475555015e-09
6.115 1.3271295690603908e-09
6.12 1.3184343265781935e-09
6.125 1.25544247853356e-09
6.13 1.3452800189393704e-09
6.135 1.4305441268167721e-09
6.140000000000001 1.3996149372006671e-09
6.1450000000000005 1.4024494749586733e-09
6.15 1.4105574228072552e-09
6.155 1.3690277187511144e-09
6.16 1.4322301839327228e-09
6.165 1.3083815476022167e-09
6.17 1.377313961942644e-09
6.175 1.3123398695572248e-09
6.18 1.3448913303933182e-09
6.1850000000000005 1.392807802903644e-09
6.19 1.3521553036775223e-09
6.195 1.3153700796242637e-09
6.2 1.2654258420200376e-09
6.205 1.362546582089432e-09
6.21 1.3336030242732314e-09
6.215 1.2791455395591843e-09
6.22 1.3322107722410215e-09
6.2250000000000005 1.2709415567907374e-09
6.23 1.3692486921716882e-09
6.235 1.4440907254875927e-09
6.24 1.3666343272234009e-09
6.245 1.299898931128607e-09
6.25 1.3869260114847053e-09
6.255 1.3304618703568517e-09
6.26 1.2849017350520821e-09
6.265000000000001 1.3721349354447728e-09
6.2700000000000005 1.2904641626989688e-09
6.275 1.3627539938959544e-09
6.28 1.3963700641000196e-09
6.285 1.3379133589857395e-09
6.29 1.4229280893940686e-09
6.295 1.2202103332094317e-09
6.3 1.36244398391837e-09
6.305 1.2994185468063423e-09
6.3100000000000005 1.337979030019526e-09
6.315 1.3077419904470188e-09
6.32 1.3448958620991763e-09
6.325 1.2392389270462726e-09
6.33 1.2981664437933022e-09
6.335 1.3326606655246352e-09
6.34 1.2513621279527196e-09
6.345 1.2608602815809278e-09
6.3500000000000005 1.2736534923687385e-09
6.355 1.3477824206753647e-09
6.36 1.3448556810970545e-09
6.365 1.3187824669861688e-09
6.37 1.328720457332357e-09
6.375 1.3137720907396416e-09
6.38 1.2658821741560208e-09
6.385 1.2910946456157655e-09
6.390000000000001 1.2943203075552334e-09
6.3950000000000005 1.370703422191871e-09
6.4 1.4463402467183339e-09
6.405 1.2494662176514987e-09
6.41 1.3075365290975801e-09
6.415 1.2231631143866911e-09
6.42 1.223983677750189e-09
6.425 1.214504972212037e-09
6.43 1.2845889431244105e-09
6.4350000000000005 1.1756160444828754e-09
6.44 1.3137216523299515e-09
6.445 1.2220519334012844e-09
6.45 1.1887349187544954e-09
6.455 1.2559127241591557e-09
6.46 1.2286199491467115e-09
6.465 1.2818163262564484e-09
6.47 1.2047129374140613e-09
6.4750000000000005 1.1939682657533105e-09
6.48 1.2524519671013067e-09
6.485 1.276788172672413e-09
6.49 1.2856583845084068e-09
6.495 1.3184835038660003e-09
6.5 1.2254430343835362e-09
6.505 1.2847991427794282e-09
6.51 1.338703962235561e-09
6.515000000000001 1.2028930348803576e-09
6.5200000000000005 1.2975819513039359e-09
6.525 1.2063124379716998e-09
6.53 1.2304162790167897e-09
6.535 1.3034559910242619e-09
6.54 1.2437139503976028e-09
6.545 1.2921422285457338e-09
6.55 1.209865860361126e-09
6.555 1.2603301798650336e-09
6.5600000000000005 1.1883141517326463e-09
6.565 1.2509728222420261e-09
6.57 1.1372078496058424e-09
6.575 1.2042733472042617e-09
6.58 1.256405688316225e-09
6.585 1.2722742889039215e-09
6.59 1.1999045676046382e-09
6.595 1.278340104192655e-09
6.6000000000000005 1.27249569042609e-09
6.605 1.188590661383002e-09
6.61 1.1977855647293585e-09
6.615 1.2356390553249733e-09
6.62 1.2695326498171977e-09
6.625 1.1884627375070677e-09
6.63 1.2577891114095582e-09
6.635 1.2720086716651056e-09
6.640000000000001 1.1595143039037101e-09
6.6450000000000005 1.2025033263471833e-09
6.65 1.2104951788005113e-09
6.655 1.2022390025708292e-09
6.66 1.2460748992345355e-09
6.665 1.1699939909252987e-09
6.67 1.156924653197792e-09
6.675 1.2179818995550791e-09
6.68 1.2645461995946974e-09
6.6850000000000005 1.244178085450301e-09
6.69 1.213161487392761e-09
6.695 1.204580947889706e-09
6.7 1.1806322446808816e-09
6.705 1.1651376208524976e-09
6.71 1.2178298834574082e-09
6.715 1.2187175163254516e-09
6.72 1.1734583130531556e-09
6.7250000000000005 1.2274412605506174e-09
6.73 1.2480341981204157e-09
6.735 1.1827695772131208e-09
6.74 1.1607510153215708e-09
6.745 1.198198016864251e-09
6.75 1.2500339460288578e-09
6.755 1.2226455958657436e-09
6.76 1.1610344588553335e-09
6.765000000000001 1.091314285821755e-09
6.7700000000000005 1.140603590884569e-09
6.775 1.2451241185769752e-09
6.78 1.1577463208500753e-09
6.785 1.163959227879222e-09
6.79 1.2525187621207463e-09
6.795 1.2099874267591086e-09
6.8 1.1515607448513176e-09
6.805 1.1878564763151909e-09
6.8100000000000005 1.2629977702087563e-09
6.815 1.1803612772208669e-09
6.82 1.236370886259152e-09
6.825 1.114996485570301e-09
6.83 1.2696831939415843e-09
6.835 1.2246812259559194e-09
6.84 1.1651755597697888e-09
6.845 1.1610907536197777e-09
6.8500000000000005 1.11492114427984e-09
6.855 1.0862236544151368e-09
6.86 1.196028260219131e-09
6.865 1.2274059217627114e-09
6.87 1.1353509476384526e-09
6.875 1.2302540216861211e-09
6.88 1.1293359998317855e-09
6.885 1.1066963502663532e-09
6.890000000000001 1.228490507129783e-09
6.8950000000000005 1.1242572097232884e-09
6.9 1.1610652363007305e-09
6.905 1.146309411595546e-09
6.91 1.131415404742742e-09
6.915 1.1087662043268742e-09
6.92 1.1458178992797666e-09
6.925 1.1374847862321145e-09
6.93 1.168146502033101e-09
6.9350000000000005 1.1621549159195939e-09
6.94 1.060220388463278e-09
6.945 1.1245188806064904e-09
6.95 1.1161024595445636e-09
6.955 1.214834905839299e-09
6.96 1.1263762202872801e-09
6.965 1.1281520736783973e-09
6.97 1.2124435136869774e-09
6.9750000000000005 1.171041943988023e-09
6.98 1.2126377000005602e-09
6.985 1.2219647422133238e-09
6.99 1.164116144608931e-09
6.995 1.082213195095516e-09
7.0 1.140983121516375e-09
7.005 1.1654270817408882e-09
7.01 1.1109060047809946e-09
7.015000000000001 1.1381233902805377e-09
7.0200000000000005 1.104576770382701e-09
7.025 1.1343905745161194e-09
7.03 1.031251888397856e-09
7.035 1.1769159728437404e-09
7.04 1.1326649860710257e-09
7.045 1.1262756686017063e-09
7.05 1.0719204289635086e-09
7.055 1.1451738954035578e-09
7.0600000000000005 1.098070868629746e-09
7.065 1.091131109408869e-09
7.07 1.0628482533248237e-09
7.075 1.105596364258216e-09
7.08 1.1209614544926442e-09
7.085 1.1111731712135003e-09
7.09 1.1343341932981163e-09
7.095 1.163761414883441e-09
7.1000000000000005 1.1443426509004897e-09
7.105 1.198073808671618e-09
7.11 1.086430831550225e-09
7.115 1.0456404994808377e-09
7.12 1.1510168387219964e-09
7.125 1.146132211348857e-09
7.13 1.2183766358899472e-09
7.135 1.0779462390529359e-09
7.140000000000001 1.0982549012856042e-09
7.1450000000000005 1.11250873825261e-09
7.15 1.0370376800067415e-09
7.155 1.1260659071831632e-09
7.16 1.0620900526091287e-09
7.165 1.1124863022658965e-09
7.17 1.1406194435735333e-09
7.175 1.0454489193269059e-09
7.18 1.0627353354032665e-09
7.1850000000000005 1.0667396094420794e-09
7.19 1.0925572433197574e-09
7.195 1.0928255428108747e-09
7.2 1.1076640775763782e-09
7.205 1.10928668076986e-09
7.21 1.0964625230336795e-09
7.215 1.0763832908541644e-09
7.22 1.0459423317748217e-09
7.2250000000000005 1.0398047562457905e-09
7.23 1.1335385616321169e-09
7.235 1.06959879725209e-09
7.24 1.0871493720387376e-09
7.245 1.0786870265026807e-09
7.25 1.0784858668850457e-09
7.255 1.0487123232158172e-09
7.26 1.0715267369556795e-09
7.265000000000001 1.0225647793999715e-09
7.2700000000000005 1.0669228003906004e-09
7.275 1.1263097182909808e-09
7.28 1.0541762246294001e-09
7.285 1.0168472617531715e-09
7.29 1.0905544223250043e-09
7.295 1.0463512306242793e-09
7.3 1.0822635847964944e-09
7.305 1.0193272018728037e-09
7.3100000000000005 1.0890947904141599e-09
7.315 1.0375575388395914e-09
7.32 1.068295449125836e-09
7.325 1.1056664046646208e-09
7.33 1.0721296849714547e-09
7.335 1.0223751828973297e-09
7.34 1.0567719103665985e-09
7.345 1.060980652355971e-09
7.3500000000000005 1.0471426089617132e-09
7.355 9.887898498696667e-10
7.36 1.0259542881912216e-09
7.365 1.0651480597518707e-09
7.37 1.034594831350636e-09
7.375 1.1622958344456188e-09
7.38 9.91499063375694e-10
7.385 1.0469230852706782e-09
7.390000000000001 1.0214437325231904e-09
7.3950000000000005 1.0397747155462174e-09
7.4 9.894768618224225e-10
7.405 1.0098783148053432e-09
7.41 1.0061265602508645e-09
7.415 9.959678892906477e-10
7.42 1.0371398051384883e-09
7.425 1.0978888079587636e-09
7.43 9.951713499270729e-10
7.4350000000000005 1.0149665575063644e-09
7.44 9.674495808836146e-10
7.445 9.808403423685833e-10
7.45 1.0154220167255833e-09
7.455 9.545612552749474e-10
7.46 1.016070394448678e-09
7.465 1.0312367720595244e-09
7.47 1.0661572471795481e-09
7.4750000000000005 9.957869331366142e-10
7.48 9.752771635864123e-10
7.485 9.834065531715072e-10
7.49 1.0236369953218822e-09
7.495 9.506283469693469e-10
7.5 1.034428961771197e-09
7.505 1.0941905831679748e-09
7.51 1.0061790404514733e-09
7.515000000000001 9.68598471752946e-10
7.5200000000000005 1.0272427575460646e-09
7.525 1.028218408654182e-09
7.53 1.0038466596167228e-09
7.535 9.683929133645333e-10
7.54 1.010269344514404e-09
7.545 9.472177973917402e-10
7.55 9.963393854739564e-10
7.555 1.0054906913221957e-09
7.5600000000000005 9.949480228340794e-10
7.565 1.0276174642081803e-09
7.57 9.37047244583277e-10
7.575 9.938226299519604e-10
7.58 9.983322608708046e-10
7.585 9.904966084824969e-10
7.59 9.57378523747218e-10
7.595 1.0013778564080322e-09
7.6000000000000005 1.091235720538592e-09
7.605 9.96020646683915e-10
7.61 1.0016310904729718e-09
7.615 1.0060712503352325e-09
7.62 1.0075576324396484e-09
7.625 1.02457776151548e-09
7.63 9.97071509740304e-10
7.635 9.61532200807449e-10
7.640000000000001 1.1087643100553185e-09
7.6450000000000005 9.77357717027736e-10
7.65 1.022576737681439e-09
7.655 1.0112668084538518e-09
7.66 9.71076711686563e-10
7.665 9.558818525562379e-10
7.67 9.45187953475633e-10
7.675 9.703491408268234e-10
7.68 9.310872174836471e-10
7.6850000000000005 9.228692406786248e-10
7.69 1.0276121617147244e-09
7.695 1.0457247066918172e-09
7.7 9.522811172912153e-10
7.705 9.436910243734791e-10
7.71 9.416478163101917e-10
7.715 9.300310978343603e-10
7.72 9.751717788107078e-10
7.7250000000000005 9.305613044218239e-10
7.73 9.7188202335858e-10
7.735 9.30084443887712e-10
7.74 9.186143867988731e-10
7.745 9.614086813761446e-10
7.75 1.0178732198347047e-09
7.755 9.719784740443664e-10
7.76 9.411978531860122e-10
7.765000000000001 1.0058148220677557e-09
7.7700000000000005 9.710867200110047e-10
7.775 9.242652663479335e-10
7.78 9.406549763866376e-10
7.785 9.178042214874378e-10
7.79 9.72874750977869e-10
7.795 9.163588647189136e-10
7.8 9.714489457369273e-10
7.805000000000001 9.256708762697841e-10
7.8100000000000005 9.194568216579202e-10
7.815 8.666362815220584e-10
7.82 9.212736974732205e-10
7.825 9.213931474825544e-10
7.83 9.563761842218863e-10
7.835 1.013232494737273e-09
7.84 9.402857256613098e-10
7.845 8.958359869159084e-10
7.8500000000000005 9.398317457168528e-10
7.855 9.155636286162475e-10
7.86 9.053400282501748e-10
7.865 9.021003367772768e-10
7.87 9.274777951619709e-10
7.875 1.0058782605231956e-09
7.88 9.154475393413316e-10
7.885 9.655296450605919e-10
7.890000000000001 9.099629492202525e-10
7.8950000000000005 9.530851704560895e-10
7.9 9.115193187911515e-10
7.905 9.493355368935018e-10
7.91 9.297153747267289e-10
7.915 8.813596027483535e-10
7.92 9.382923264478146e-10
7.925 9.060994734231009e-10
7.930000000000001 9.287358153212836e-10
7.9350000000000005 9.460103749495153e-10
7.94 8.709202918870578e-10
7.945 8.562721653487009e-10
7.95 8.696749131311524e-10
7.955 8.617796363046475e-10
7.96 9.46153134475464e-10
7.965 9.677390042568134e-10
7.97 8.74559005049815e-10
7.9750000000000005 9.167949807974982e-10
7.98 9.735676538402136e-10
7.985 9.001259363150413e-10
7.99 8.473372273930679e-10
7.995 9.134164611813558e-10
8.0 8.490395152249941e-10
8.25 4.369504917091294e-08
8.5 4.1484471555741914e-08
8.75 3.881677804027029e-08
9.0 3.649997524031845e-08
9.25 3.435915959608348e-08
9.5 3.224540240704846e-08
9.75 3.073720849514676e-08
10.0 2.8763704851440493e-08
10.25 2.7390340130322436e-08
10.5 2.5622516886547076e-08
10.75 2.4539401212364545e-08
11.0 2.3223847648683656e-08
11.25 2.1822119876235503e-08
11.5 2.062861028925198e-08
11.75 1.99907275759651e-08
12.0 1.844926317116559e-08
12.25 1.7592457943086715e-08
12.5 1.6740206423210532e-08
12.75 1.6074499553015337e-08
13.0 1.5469261174303907e-08
13.25 1.4775467516746081e-08
13.5 1.4139696660755581e-08
13.75 1.3344315145176462e-08
14.0 1.2848674797476492e-08
14.25 1.2171719132511723e-08
14.5 1.1739975609210516e-08
14.75 1.124528331211657e-08
15.0 1.0673248913022057e-08
15.25 1.0387348098661833e-08
15.5 9.657759949759831e-09
15.75 9.18419301538886e-09
16.0 8.69609597980485e-09
16.25 8.376880071682407e-09
16.5 8.075774822022466e-09
16.75 7.817194990715575e-09
17.0 7.320539815184296e-09
17.25 7.064521170303019e-09
17.5 6.8763143434943055e-09
17.75 6.547496844702578e-09
18.0 6.369406645617645e-09
18.25 6.117804224753926e-09
18.5 5.616725536700637e-09
18.75 5.398471243472919e-09
19.0 5.251373191815858e-09
19.25 5.2105851208076915e-09
19.5 4.823913403788339e-09
19.75 4.644777178046232e-09
