0.005 4.134830576225542e-11
0.01 3.7162135873744894e-09
0.015 1.8900106205172977e-08
0.02 3.1603126676477426e-08
0.025 4.231984750936215e-08
0.03 5.260355426115283e-08
0.035 6.186694420173211e-08
0.04 7.02849681342187e-08
0.045 7.80915807273637e-08
0.05 8.524464975448597e-08
0.055 9.172440852722526e-08
0.06 9.823118547764425e-08
0.065 1.0464462272045911e-07
0.07 1.1151035252502297e-07
0.075 1.1286006697060527e-07
0.08 1.1160871944716688e-07
0.085 1.0952977638270556e-07
0.09 1.0904823501230504e-07
0.095 1.0963906556502823e-07
0.1 1.1055555684750537e-07
0.105 1.1178657705913113e-07
0.11 1.1318035499333052e-07
0.115 1.1486678415724026e-07
0.12 1.168098327177788e-07
0.125 1.1884587709404184e-07
0.13 1.2106368205246865e-07
0.135 1.2363529140154937e-07
0.14 1.259996574525308e-07
0.145 1.284234409714002e-07
0.15 1.309832172511079e-07
0.155 1.3346953949597446e-07
0.16 1.3545919519688867e-07
0.165 1.373219150766058e-07
0.17 1.3881104668916548e-07
0.17500000000000002 1.4002711326775442e-07
0.18 1.4088380518240962e-07
0.185 1.418986016704812e-07
0.19 1.4289769275056112e-07
0.195 1.4409435298694074e-07
0.2 1.451784155047505e-07
0.20500000000000002 1.4613093581220243e-07
0.21 1.473614396141571e-07
0.215 1.485698937099551e-07
0.22 1.4982408146009713e-07
0.225 1.5093980268657462e-07
0.23 1.5258959014092748e-07
0.23500000000000001 1.5419806496894225e-07
0.24 1.5593378029821864e-07
0.245 1.572118599799384e-07
0.25 1.5883964896721097e-07
0.255 1.6020806707447776e-07
0.26 1.6194874999340528e-07
0.265 1.6279177078963218e-07
0.27 1.6443620344063877e-07
0.275 1.6623244020005326e-07
0.28 1.6761686699105513e-07
0.28500000000000003 1.69191508713727e-07
0.29 1.7025142941573026e-07
0.295 1.7117319464077898e-07
0.3 1.72674401658378e-07
0.305 1.741766140737273e-07
0.31 1.7550579344074968e-07
0.315 1.768507459809614e-07
0.32 1.7857017212871452e-07
0.325 1.8014408036057915e-07
0.33 1.816735054649717e-07
0.335 1.830595231105068e-07
0.34 1.8476754954652515e-07
0.34500000000000003 1.8689690163730144e-07
0.35000000000000003 1.8820992456880198e-07
0.355 1.9064838634832215e-07
0.36 1.924617018985863e-07
0.365 1.9483691426222027e-07
0.37 1.9758923360893313e-07
0.375 2.001234594845007e-07
0.38 2.0274988213853058e-07
0.385 2.049692609823431e-07
0.39 2.0844638477196428e-07
0.395 2.1100012538656866e-07
0.4 2.1424958669556642e-07
0.405 2.1766618307036608e-07
0.41000000000000003 2.20879086559161e-07
0.41500000000000004 2.2479868635174642e-07
0.42 2.2838556779732575e-07
0.425 2.322042540745812e-07
0.43 2.3578642297776485e-07
0.435 2.392298487639838e-07
0.44 2.4269503302914726e-07
0.445 2.473506623338202e-07
0.45 2.5184039459561203e-07
0.455 2.5666983808823296e-07
0.46 2.6064476936601053e-07
0.465 2.6540893824361086e-07
0.47000000000000003 2.697793385662899e-07
0.47500000000000003 2.7466179880496824e-07
0.48 2.787643212703438e-07
0.485 2.83018642578702e-07
0.49 2.874891203882334e-07
0.495 2.930244330039967e-07
0.5 2.9788235989068807e-07
0.505 3.024072636697803e-07
0.51 3.068178884698997e-07
0.515 3.1171050099278735e-07
0.52 3.1611601264163205e-07
0.525 3.2059881857716687e-07
0.53 3.247073070208266e-07
0.535 3.305400622391898e-07
0.54 3.348939535027564e-07
0.545 3.39438679990578e-07
0.55 3.4440639983532495e-07
0.555 3.48631038827467e-07
0.56 3.528341014544471e-07
0.5650000000000001 3.56792977458993e-07
0.5700000000000001 3.6114610740597303e-07
0.5750000000000001 3.659243863411192e-07
0.58 3.701958924572218e-07
0.585 3.7511816847261014e-07
0.59 3.7876623858231287e-07
0.595 3.8274730385523664e-07
0.6 3.8637500489200037e-07
0.605 3.8994981835752953e-07
0.61 3.9438598511629336e-07
0.615 3.9800059170011785e-07
0.62 4.0287387900699014e-07
0.625 4.0473629344550286e-07
0.63 4.092855909316348e-07
0.635 4.138749591336339e-07
0.64 4.166574531350942e-07
0.645 4.209237490290269e-07
0.65 4.236375400857809e-07
0.655 4.2687828799257094e-07
0.66 4.3106920541646364e-07
0.665 4.3534711599859166e-07
0.67 4.3869071128734317e-07
0.675 4.42834468801837e-07
0.68 4.4530101997662035e-07
0.685 4.484500611761377e-07
0.6900000000000001 4.533993258154701e-07
0.6950000000000001 4.564769740920717e-07
0.7000000000000001 4.607416522705368e-07
0.705 4.640782505860816e-07
0.71 4.6765799528809107e-07
0.715 4.714070478622013e-07
0.72 4.753777843264527e-07
0.725 4.812864522256288e-07
0.73 4.836344140852165e-07
0.735 4.859302260081817e-07
0.74 4.938262103188729e-07
0.745 4.953500161450963e-07
0.75 4.988812150287821e-07
0.755 5.060878717243321e-07
0.76 5.091238098575586e-07
0.765 5.145576081586442e-07
0.77 5.166079718785345e-07
0.775 5.217889026356481e-07
0.78 5.275882262515088e-07
0.785 5.322785744875412e-07
0.79 5.365988915242964e-07
0.795 5.416000714547566e-07
0.8 5.455545081303224e-07
0.805 5.53407629731287e-07
0.81 5.565019060547243e-07
0.8150000000000001 5.615542852491031e-07
0.8200000000000001 5.658869391582624e-07
0.8250000000000001 5.70631672275288e-07
0.8300000000000001 5.748153658186404e-07
0.835 5.814332356006063e-07
0.84 5.8578808193407e-07
0.845 5.905739841666372e-07
0.85 5.955006059733179e-07
0.855 5.995353791205248e-07
0.86 6.037873875977907e-07
0.865 6.093605311402587e-07
0.87 6.127240414533277e-07
0.875 6.187248352807043e-07
0.88 6.244995189892204e-07
0.885 6.279304422520556e-07
0.89 6.35559641848916e-07
0.895 6.378380923171719e-07
0.9 6.410718670375004e-07
0.905 6.488036993424325e-07
0.91 6.537509755408097e-07
0.915 6.566522332639817e-07
0.92 6.636131936388012e-07
0.925 6.691988829503956e-07
0.93 6.71054427092672e-07
0.935 6.757158921964982e-07
0.9400000000000001 6.836138745812263e-07
0.9450000000000001 6.842830979297288e-07
0.9500000000000001 6.948334246526519e-07
0.9550000000000001 6.965750993967459e-07
0.96 7.022183897983267e-07
0.965 7.071713769397336e-07
0.97 7.145722447768134e-07
0.975 7.21074848249962e-07
0.98 7.227693759059426e-07
0.985 7.290638503607883e-07
0.99 7.339259205258578e-07
0.995 7.417626199925313e-07
1.0 7.462112015209002e-07
1.0050000000000001 7.529972008118229e-07
1.01 7.551323137676852e-07
1.0150000000000001 7.593062696580183e-07
1.02 7.656740392828696e-07
1.025 7.690088413027373e-07
1.03 7.754769094853651e-07
1.035 7.792497378626604e-07
1.04 7.83978431718485e-07
1.045 7.903026115818786e-07
1.05 7.920821895302244e-07
1.055 7.952369913837902e-07
1.06 8.009420120467515e-07
1.065 8.069941262826964e-07
1.07 8.085913149745004e-07
1.075 8.114129528255905e-07
1.08 8.160920048066149e-07
1.085 8.227805620859816e-07
1.09 8.240557168696105e-07
1.095 8.241939557879121e-07
1.1 8.30537602056846e-07
1.105 8.32937704883844e-07
1.11 8.37726633672049e-07
1.115 8.402859788080665e-07
1.12 8.427840470360095e-07
1.125 8.489427749177449e-07
1.1300000000000001 8.50742041526633e-07
1.135 8.501465975906847e-07
1.1400000000000001 8.561920070668901e-07
1.145 8.571198748127903e-07
1.1500000000000001 8.623950431711797e-07
1.155 8.642723008785823e-07
1.16 8.64711833249702e-07
1.165 8.686771515063791e-07
1.17 8.703011254253648e-07
1.175 8.730533586594108e-07
1.18 8.76567839001559e-07
1.185 8.80433834122083e-07
1.19 8.792091124993051e-07
1.195 8.833009817123153e-07
1.2 8.84256701854409e-07
1.205 8.902277531239216e-07
1.21 8.920736902689364e-07
1.215 8.97251510265627e-07
1.22 8.93525047827779e-07
1.225 8.966017295297953e-07
1.23 9.005578954246218e-07
1.235 9.00758898368971e-07
1.24 9.020163306605791e-07
1.245 9.049703965298774e-07
1.25 9.085939197986133e-07
1.2550000000000001 9.099029821870847e-07
1.26 9.092798034698666e-07
1.2650000000000001 9.117485425791066e-07
1.27 9.134555285987361e-07
1.2750000000000001 9.206482509848204e-07
1.28 9.193566326574531e-07
1.285 9.1963969901524e-07
1.29 9.210525362996385e-07
1.295 9.210408313889762e-07
1.3 9.259355431448801e-07
1.305 9.294172952801555e-07
1.31 9.291431035629056e-07
1.315 9.318918514415455e-07
1.32 9.333718675816511e-07
1.325 9.389446487960899e-07
1.33 9.401393244339308e-07
1.335 9.394031372027889e-07
1.34 9.439724035884043e-07
1.345 9.449623389640655e-07
1.35 9.455312779763424e-07
1.355 9.495046120813414e-07
1.36 9.527708559474152e-07
1.365 9.513797056835987e-07
1.37 9.548990210749358e-07
1.375 9.559536754117019e-07
1.3800000000000001 9.609912641883145e-07
1.385 9.60406258532403e-07
1.3900000000000001 9.631079771561558e-07
1.395 9.63117116594405e-07
1.4000000000000001 9.669602521929186e-07
1.405 9.657226242449346e-07
1.41 9.70191986791614e-07
1.415 9.696552294748637e-07
1.42 9.713472307173818e-07
1.425 9.720724755676681e-07
1.43 9.766930957013746e-07
1.435 9.80472886225799e-07
1.44 9.801577811770233e-07
1.445 9.837303018383959e-07
1.45 9.856297794171788e-07
1.455 9.83928141053039e-07
1.46 9.857938039542017e-07
1.465 9.866053819962604e-07
1.47 9.939710496736333e-07
1.475 9.932066843412924e-07
1.48 9.953380563173009e-07
1.485 9.965642441287653e-07
1.49 9.955731976871423e-07
1.495 9.998721321161048e-07
1.5 1.0021492976562058e-06
1.5050000000000001 1.0013862602509705e-06
1.51 1.0028322271770183e-06
1.5150000000000001 1.0037971492229575e-06
1.52 1.0048931170216589e-06
1.5250000000000001 1.005860358766898e-06
1.53 1.0085074458693584e-06
1.5350000000000001 1.0100434765593327e-06
1.54 1.0102927063070851e-06
1.545 1.0167821930519407e-06
1.55 1.0147211344276343e-06
1.555 1.0158414125558147e-06
1.56 1.0194279112393817e-06
1.565 1.0202914605340974e-06
1.57 1.0189314337740952e-06
1.575 1.019456919677885e-06
1.58 1.020186484842336e-06
1.585 1.0215261525435742e-06
1.59 1.0223858837506028e-06
1.595 1.0230431061965467e-06
1.6 1.0258089892060055e-06
1.605 1.0261860367986555e-06
1.61 1.0282777684966357e-06
1.615 1.029521559970575e-06
1.62 1.0314538292519412e-06
1.625 1.0280735582198664e-06
1.6300000000000001 1.0329681214706943e-06
1.635 1.0333883082666662e-06
1.6400000000000001 1.0347570057951842e-06
1.645 1.0380526039060188e-06
1.6500000000000001 1.037013290865349e-06
1.655 1.0386288158611406e-06
1.6600000000000001 1.0399288465975417e-06
1.665 1.0393085497311838e-06
1.67 1.0410371946019561e-06
1.675 1.0411715147079405e-06
1.68 1.04351711126345e-06
1.685 1.0421851443331235e-06
1.69 1.0445006395429937e-06
1.695 1.0447293908433378e-06
1.7 1.0435054459935336e-06
1.705 1.0451182104673442e-06
1.71 1.0468679324943896e-06
1.715 1.0465480666778287e-06
1.72 1.0506617280142605e-06
1.725 1.048123714482993e-06
1.73 1.0527467206415732e-06
1.735 1.0479296453860387e-06
1.74 1.0498418297044065e-06
1.745 1.051669669817297e-06
1.75 1.0520225628268659e-06
1.7550000000000001 1.0554591755858037e-06
1.76 1.0558815578185811e-06
1.7650000000000001 1.0531347603334638e-06
1.77 1.0560443120045079e-06
1.7750000000000001 1.0557657264872617e-06
1.78 1.0524660103889571e-06
1.7850000000000001 1.055044151200317e-06
1.79 1.0542555807078936e-06
1.795 1.055610611528142e-06
1.8 1.0585655905853606e-06
1.805 1.056210317928078e-06
1.81 1.0569749192554344e-06
1.815 1.0540355376826245e-06
1.82 1.0543743438140842e-06
1.825 1.0547358143928432e-06
1.83 1.055545494247247e-06
1.835 1.056400037878129e-06
1.84 1.0536408795702894e-06
1.845 1.055076657795047e-06
1.85 1.0562319324903484e-06
1.855 1.0550729488709464e-06
1.86 1.0568415699007506e-06
1.865 1.050379947530511e-06
1.87 1.0513371930469524e-06
1.875 1.0539079111346014e-06
1.8800000000000001 1.0551073393306612e-06
1.885 1.0508053605603302e-06
1.8900000000000001 1.0481205447144483e-06
1.895 1.0508509322441378e-06
1.9000000000000001 1.0491436090726834e-06
1.905 1.0504264815659617e-06
1.9100000000000001 1.0471009771588193e-06
1.915 1.0473126577938564e-06
1.92 1.0438237944353912e-06
1.925 1.0447305747923928e-06
1.93 1.0423909211795908e-06
1.935 1.04154495626761e-06
1.94 1.040450533776561e-06
1.945 1.0393635312925503e-06
1.95 1.0363547318422239e-06
1.955 1.0355172212094047e-06
1.96 1.0344582644900899e-06
1.965 1.0326347600139353e-06
1.97 1.0315416096022297e-06
1.975 1.0292154558314614e-06
1.98 1.0295461198493769e-06
1.985 1.0247248932764522e-06
1.99 1.0232308007893364e-06
1.995 1.0216160946981276e-06
2.0 1.0146603451330638e-06
2.005 1.0164447878118888e-06
2.0100000000000002 1.0171441429731892e-06
2.015 1.0132841109850784e-06
2.02 1.0109584302224217e-06
2.025 1.0122610387776376e-06
2.0300000000000002 1.0042990497821779e-06
2.035 1.003465237143275e-06
2.04 1.0026619846791255e-06
2.045 9.977685507121563e-07
2.05 1.000713223677608e-06
2.055 9.931907131020293e-07
2.06 9.912614756500964e-07
2.065 9.85504935418251e-07
2.07 9.845440926314702e-07
2.075 9.81938874408284e-07
2.08 9.8084657861509e-07
2.085 9.763222341816738e-07
2.09 9.760669514174038e-07
2.095 9.735595776681179e-07
2.1 9.701149428243492e-07
2.105 9.6619407597815e-07
2.11 9.600640229056526e-07
2.115 9.615559024297643e-07
2.12 9.578584007125714e-07
2.125 9.522709127622479e-07
2.13 9.480791397046167e-07
2.1350000000000002 9.43700965784121e-07
2.14 9.420531213432118e-07
2.145 9.405989743703517e-07
2.15 9.35395409992651e-07
2.1550000000000002 9.298359569016346e-07
2.16 9.289159019891228e-07
2.165 9.230114557393381e-07
2.17 9.24454467237593e-07
2.1750000000000003 9.191671431508893e-07
2.18 9.156931498641974e-07
2.185 9.151941870985362e-07
2.19 9.037146279216133e-07
2.195 9.036662840912474e-07
2.2 9.001056818785298e-07
2.205 8.964481198036013e-07
2.21 8.911963442326673e-07
2.215 8.858978245741847e-07
2.22 8.833308301140832e-07
2.225 8.782475580090179e-07
2.23 8.801575915530412e-07
2.235 8.754346333001289e-07
2.24 8.692712253191263e-07
2.245 8.626994445271231e-07
2.25 8.654079932381021e-07
2.255 8.61309076309109e-07
2.2600000000000002 8.550978993310965e-07
2.265 8.473675042427211e-07
2.27 8.487073316322043e-07
2.275 8.414667765041828e-07
2.2800000000000002 8.370158482682011e-07
2.285 8.348735410087187e-07
2.29 8.2900759681519e-07
2.295 8.229399231794604e-07
2.3000000000000003 8.208196076170691e-07
2.305 8.167774116036851e-07
2.31 8.121760892622171e-07
2.315 8.109227568749574e-07
2.32 8.059588415679232e-07
2.325 8.042440452214582e-07
2.33 7.96890291853028e-07
2.335 7.944235836157585e-07
2.34 7.908613065482031e-07
2.345 7.88044319293358e-07
2.35 7.808779215160292e-07
2.355 7.777377965808382e-07
2.36 7.732768901480499e-07
2.365 7.668753771970976e-07
2.37 7.627670225557469e-07
2.375 7.598887141953718e-07
2.38 7.572790875275619e-07
2.3850000000000002 7.499220554923556e-07
2.39 7.466996650411183e-07
2.395 7.416561801365825e-07
2.4 7.38688536650092e-07
2.4050000000000002 7.35222892947639e-07
2.41 7.271915751433815e-07
2.415 7.27512967256995e-07
2.42 7.226804462902596e-07
2.4250000000000003 7.171036660644025e-07
2.43 7.139592901624276e-07
2.435 7.097728240157424e-07
2.44 7.013637129197979e-07
2.445 6.997866678416068e-07
2.45 6.940632436643771e-07
2.455 6.936124929475757e-07
2.46 6.898275114286894e-07
2.465 6.826586777478098e-07
2.47 6.775719852353402e-07
2.475 6.769066335416796e-07
2.48 6.726258330624288e-07
2.485 6.676918115917606e-07
2.49 6.638351408207598e-07
2.495 6.593978317203092e-07
2.5 6.544360890206917e-07
2.505 6.498969405524602e-07
2.5100000000000002 6.46744722036147e-07
2.515 6.447509484460537e-07
2.52 6.365834582924784e-07
2.525 6.37420348556205e-07
2.5300000000000002 6.286450189959223e-07
2.535 6.265584520800263e-07
2.54 6.233762809156584e-07
2.545 6.201522293349103e-07
2.5500000000000003 6.111386118587224e-07
2.555 6.097458311464455e-07
2.56 6.086544046115384e-07
2.565 6.001220374749876e-07
2.57 5.988929123819744e-07
2.575 5.943229942243939e-07
2.58 5.920528458018637e-07
2.585 5.866176397886378e-07
2.59 5.802618653505346e-07
2.595 5.771926756948988e-07
2.6 5.767439553552919e-07
2.605 5.735600261326454e-07
2.61 5.663948417585683e-07
2.615 5.650954416077103e-07
2.62 5.604829416079731e-07
2.625 5.584468089237529e-07
2.63 5.527231203933755e-07
2.6350000000000002 5.476698782123088e-07
2.64 5.451788247703881e-07
2.645 5.397821880299345e-07
2.65 5.394374627847428e-07
2.6550000000000002 5.298233160229307e-07
2.66 5.28415148288122e-07
2.665 5.270020019702963e-07
2.67 5.227842731120862e-07
2.6750000000000003 5.194082711271738e-07
2.68 5.150803718120956e-07
2.685 5.113456542847855e-07
2.69 5.09169077191112e-07
2.695 5.078264472759708e-07
2.7 5.027984768090693e-07
2.705 5.008471397514634e-07
2.71 4.952261046995364e-07
2.715 4.892026887844131e-07
2.72 4.904113099003466e-07
2.725 4.851096720717069e-07
2.73 4.809834305274042e-07
2.735 4.771945271512695e-07
2.74 4.7611207874438967e-07
2.745 4.744417782095132e-07
2.75 4.706772381977058e-07
2.755 4.65833218480198e-07
2.7600000000000002 4.651734361908545e-07
2.765 4.6403475404022453e-07
2.77 4.5852416215505363e-07
2.775 4.5512904933885317e-07
2.7800000000000002 4.537075457817196e-07
2.785 4.4765676405259306e-07
2.79 4.466885166426225e-07
2.795 4.418656219258582e-07
2.8000000000000003 4.4222085902339584e-07
2.805 4.363144164289541e-07
2.81 4.34119147930349e-07
2.815 4.310872497746284e-07
2.82 4.2921512797769824e-07
2.825 4.2751846235291356e-07
2.83 4.241883092648969e-07
2.835 4.221425279490918e-07
2.84 4.175652070348782e-07
2.845 4.149566023867723e-07
2.85 4.132319759503372e-07
2.855 4.0828246899980477e-07
2.86 4.0861842177090745e-07
2.865 4.0622192649956435e-07
2.87 4.018384148018079e-07
2.875 4.0121359202767774e-07
2.88 3.958885970247642e-07
2.8850000000000002 3.934277225676689e-07
2.89 3.9416000248147755e-07
2.895 3.8855400562971345e-07
2.9 3.860270579374398e-07
2.9050000000000002 3.8528466290223074e-07
2.91 3.8362376380118e-07
2.915 3.8043057759576544e-07
2.92 3.79316327933937e-07
2.9250000000000003 3.7674660684950576e-07
2.93 3.735278170788074e-07
2.935 3.730984395999454e-07
2.94 3.6857884856559734e-07
2.945 3.677687075472167e-07
2.95 3.6440661517867977e-07
2.955 3.623320676877498e-07
2.96 3.6076404914565757e-07
2.965 3.584873649586828e-07
2.97 3.568147467614636e-07
2.975 3.523458605726992e-07
2.98 3.5170726807969744e-07
2.985 3.490033916416995e-07
2.99 3.4861139007033466e-07
2.995 3.470536808387831e-07
3.0 3.457134226344412e-07
3.005 3.435482455671937e-07
3.0100000000000002 3.398594717380711e-07
3.015 3.388985542677132e-07
3.02 3.3668469037917265e-07
3.025 3.3415619551728724e-07
3.0300000000000002 3.341879209379271e-07
3.035 3.3245922689456325e-07
3.04 3.311627146407721e-07
3.045 3.2778200855777354e-07
3.0500000000000003 3.2515946008404254e-07
3.055 3.2405922771384036e-07
3.06 3.2272380436615773e-07
3.065 3.197930932055171e-07
3.0700000000000003 3.177896921446475e-07
3.075 3.160965951790082e-07
3.08 3.1834033113064606e-07
3.085 3.1404305681161876e-07
3.09 3.1265752656829544e-07
3.095 3.0951765928522025e-07
3.1 3.092136695443777e-07
3.105 3.097803670204452e-07
3.11 3.0670762183751634e-07
3.115 3.067609507346496e-07
3.12 3.0315199173586764e-07
3.125 3.0073837158533455e-07
3.13 3.0108213686699954e-07
3.1350000000000002 2.9887244757111743e-07
3.14 2.977053207473818e-07
3.145 2.970172764559931e-07
3.15 2.948936665235153e-07
3.1550000000000002 2.9243455023594036e-07
3.16 2.9374621963237186e-07
3.165 2.9010629174996423e-07
3.17 2.8860307091148966e-07
3.1750000000000003 2.870458979121048e-07
3.18 2.853990915980107e-07
3.185 2.859187361881937e-07
3.19 2.8292743319698885e-07
3.1950000000000003 2.8309101946760747e-07
3.2 2.811390915441058e-07
3.205 2.8034376073904516e-07
3.21 2.782289909194585e-07
3.215 2.764135652229302e-07
3.22 2.7517391961471343e-07
3.225 2.728369999417456e-07
3.23 2.7247599951002337e-07
3.235 2.724625287346521e-07
3.24 2.701386959769948e-07
3.245 2.6750715137889015e-07
3.25 2.6818160640285047e-07
3.255 2.675512519809448e-07
3.2600000000000002 2.650724536296278e-07
3.265 2.6344190235542386e-07
3.27 2.631130821496288e-07
3.275 2.6129989109598283e-07
3.2800000000000002 2.5978167755311755e-07
3.285 2.605284041429094e-07
3.29 2.600436379562463e-07
3.295 2.565263056308409e-07
3.3000000000000003 2.554291234938726e-07
3.305 2.530076931241039e-07
3.31 2.541727598628436e-07
3.315 2.541569640179115e-07
3.3200000000000003 2.53797362024807e-07
3.325 2.5066813038357347e-07
3.33 2.495596844260079e-07
3.335 2.4830752589924533e-07
3.34 2.4800018577278504e-07
3.345 2.467268138376575e-07
3.35 2.47318418638782e-07
3.355 2.449634301090068e-07
3.36 2.443229574777762e-07
3.365 2.4314120259442243e-07
3.37 2.426949736425138e-07
3.375 2.412505214417713e-07
3.38 2.412012973358154e-07
3.3850000000000002 2.395470553337868e-07
3.39 2.3806200817199883e-07
3.395 2.3650011423317975e-07
3.4 2.3824561535415444e-07
3.4050000000000002 2.3369538967074298e-07
3.41 2.3581187972752465e-07
3.415 2.3399195229116753e-07
3.42 2.337875493604917e-07
3.4250000000000003 2.3163936609272822e-07
3.43 2.3076104452250128e-07
3.435 2.283497101103913e-07
3.44 2.3027361591221994e-07
3.4450000000000003 2.2704639524852144e-07
3.45 2.274630170591495e-07
3.455 2.271065614265119e-07
3.46 2.2655595805390376e-07
3.465 2.2453547088667137e-07
3.47 2.234668533772279e-07
3.475 2.2201557821271644e-07
3.48 2.2369015858336809e-07
3.485 2.210468283966834e-07
3.49 2.197754378980086e-07
3.495 2.192314094991701e-07
3.5 2.2010561684096937e-07
3.505 2.1707904514708622e-07
3.5100000000000002 2.1680698798393327e-07
3.515 2.1694072599663825e-07
3.52 2.1582484478240405e-07
3.525 2.161081828840893e-07
3.5300000000000002 2.1511241375599407e-07
3.535 2.138420609622561e-07
3.54 2.1237077546830516e-07
3.545 2.1228411177182286e-07
3.5500000000000003 2.1097793432216781e-07
3.555 2.1023617958001562e-07
3.56 2.1223356572072914e-07
3.565 2.0921641352868234e-07
3.5700000000000003 2.0892597699002952e-07
3.575 2.0935539090265638e-07
3.58 2.0803082277727974e-07
3.585 2.0695471445258284e-07
3.59 2.0487499867328347e-07
3.595 2.057051674432198e-07
3.6 2.0419177354718453e-07
3.605 2.0665110309391908e-07
3.61 2.0089534541206126e-07
3.615 2.0039289015719599e-07
3.62 2.01534077875338e-07
3.625 2.014519212761567e-07
3.63 2.0147191209286548e-07
3.6350000000000002 2.0130049435147455e-07
3.64 2.0058268736268886e-07
3.645 2.0075339334507748e-07
3.65 1.9884744317419717e-07
3.6550000000000002 1.9547761579923748e-07
3.66 1.9591718084744766e-07
3.665 1.9705379018391472e-07
3.67 1.954093340202455e-07
3.6750000000000003 1.936217978579942e-07
3.68 1.9539692744854065e-07
3.685 1.936815960913077e-07
3.69 1.9289397156738553e-07
3.6950000000000003 1.9177622833994306e-07
3.7 1.9006716516553538e-07
3.705 1.9171099234734117e-07
3.71 1.898043210621893e-07
3.715 1.8919380993031806e-07
3.72 1.8868900501348952e-07
3.725 1.8744868007086702e-07
3.73 1.8810349719192001e-07
3.735 1.8558221949203943e-07
3.74 1.8764990901727262e-07
3.745 1.8803943308313606e-07
3.75 1.8548370196164026e-07
3.755 1.8665922397605948e-07
3.7600000000000002 1.854057813441934e-07
3.765 1.842875098705279e-07
3.77 1.8339735051527728e-07
3.775 1.854908747079182e-07
3.7800000000000002 1.8063749860447764e-07
3.785 1.8022574579944694e-07
3.79 1.795370557610602e-07
3.795 1.8023937824254624e-07
3.8000000000000003 1.7996504604497622e-07
3.805 1.7908376374092908e-07
3.81 1.8066364780006793e-07
3.815 1.7740425015488045e-07
3.8200000000000003 1.7743506206216628e-07
3.825 1.7622943632559709e-07
3.83 1.7893362581815537e-07
3.835 1.7561924823393184e-07
3.84 1.7616768864900196e-07
3.845 1.7558475111262946e-07
3.85 1.7405931945779225e-07
3.855 1.7517570104224848e-07
3.86 1.7451807398064242e-07
3.865 1.7546337061386276e-07
3.87 1.734409616614008e-07
3.875 1.7239531349624847e-07
3.88 1.7127489950150696e-07
3.8850000000000002 1.7136243648972035e-07
3.89 1.7115006614314695e-07
3.895 1.6986523355540166e-07
3.9 1.684066000864467e-07
3.9050000000000002 1.6991600270805105e-07
3.91 1.6987862944166748e-07
3.915 1.6870467551927184e-07
3.92 1.6806824609694772e-07
3.9250000000000003 1.6680467022186227e-07
3.93 1.6541166048778402e-07
3.935 1.6687721810714566e-07
3.94 1.6576098246810697e-07
3.9450000000000003 1.6516792750056964e-07
3.95 1.6337754247685933e-07
3.955 1.6396641125197074e-07
3.96 1.6462982738061181e-07
3.9650000000000003 1.6374260941943687e-07
3.97 1.6501611025688032e-07
3.975 1.6293205202180805e-07
3.98 1.612122094967997e-07
3.985 1.609460246069134e-07
3.99 1.6167233304024908e-07
3.995 1.607447363594518e-07
4.0 1.5919874930775045e-07
4.005 1.5994486131822172e-07
4.01 1.5865609938666295e-07
4.015 1.5884645125816854e-07
4.0200000000000005 1.5894018211757896e-07
4.025 1.570124146837973e-07
4.03 1.575175695112043e-07
4.035 1.5794949233864903e-07
4.04 1.5704440064169692e-07
4.045 1.5692783028007929e-07
4.05 1.5523914478546913e-07
4.055 1.5453884418262623e-07
4.0600000000000005 1.5533921322837823e-07
4.065 1.538947504109571e-07
4.07 1.532247514234156e-07
4.075 1.5311629961718095e-07
4.08 1.527274615736653e-07
4.085 1.5183393185601872e-07
4.09 1.5148350225747613e-07
4.095 1.515884537060032e-07
4.1 1.5141066636638173e-07
4.105 1.5051219044335996e-07
4.11 1.488254872811951e-07
4.115 1.5021840091239782e-07
4.12 1.4977321253783297e-07
4.125 1.4789228943292193e-07
4.13 1.493667354929672e-07
4.135 1.4794794671006643e-07
4.14 1.4575816432913753e-07
4.1450000000000005 1.4554541410806734e-07
4.15 1.4653587321785986e-07
4.155 1.4665830817413882e-07
4.16 1.4521519847020562e-07
4.165 1.464355615383604e-07
4.17 1.4460193879083766e-07
4.175 1.4415784645287697e-07
4.18 1.4512078987450053e-07
4.1850000000000005 1.44874334795328e-07
4.19 1.4483554663537774e-07
4.195 1.438605134987985e-07
4.2 1.4425195043315226e-07
4.205 1.428116184023821e-07
4.21 1.412567814968224e-07
4.215 1.4165958026323327e-07
4.22 1.4203338555306657e-07
4.225 1.4201705671370836e-07
4.23 1.39595290755536e-07
4.235 1.3891913035453382e-07
4.24 1.4002754592168858e-07
4.245 1.4047128908810758e-07
4.25 1.389647787603611e-07
4.255 1.391592757332614e-07
4.26 1.3834884614831305e-07
4.265 1.3703521661855788e-07
4.2700000000000005 1.390989138847743e-07
4.275 1.3611053646417628e-07
4.28 1.3620625412353387e-07
4.285 1.3659774857522468e-07
4.29 1.3502291827586653e-07
4.295 1.3610737081766794e-07
4.3 1.3403787010315136e-07
4.305 1.3469462909315306e-07
4.3100000000000005 1.335560378575716e-07
4.315 1.3499600287214243e-07
4.32 1.3380329428416556e-07
4.325 1.3283809272517053e-07
4.33 1.3331939537711101e-07
4.335 1.3405619489229657e-07
4.34 1.338943593737148e-07
4.345 1.3163299023988888e-07
4.3500000000000005 1.315266887840912e-07
4.355 1.325978429212142e-07
4.36 1.308753874443884e-07
4.365 1.3012667808967367e-07
4.37 1.2993800522589813e-07
4.375 1.301069684654545e-07
4.38 1.2990355804909332e-07
4.385 1.2876849169421218e-07
4.39 1.2896314759332103e-07
4.3950000000000005 1.2911288830363322e-07
4.4 1.2879979320580964e-07
4.405 1.2938749195899405e-07
4.41 1.2893931107395466e-07
4.415 1.2766480290807887e-07
4.42 1.2636894057524636e-07
4.425 1.271078423463085e-07
4.43 1.278713657347796e-07
4.4350000000000005 1.2716021115089278e-07
4.44 1.259207670702411e-07
4.445 1.2512359308510207e-07
4.45 1.2463670484694966e-07
4.455 1.2432810957594887e-07
4.46 1.2598602537404124e-07
4.465 1.2539190124684528e-07
4.47 1.245533769113761e-07
4.4750000000000005 1.2197415359093058e-07
4.48 1.226975883583161e-07
4.485 1.2157060023650984e-07
4.49 1.2162863464139384e-07
4.495 1.219100380631003e-07
4.5 1.219764834265747e-07
4.505 1.2040491642080024e-07
4.51 1.2038099878662633e-07
4.515 1.1991021105392036e-07
4.5200000000000005 1.2084751197779673e-07
4.525 1.2052942389335883e-07
4.53 1.1882779571122038e-07
4.535 1.195738584620905e-07
4.54 1.2002993566233283e-07
4.545 1.1846559972305484e-07
4.55 1.185167289641959e-07
4.555 1.1916924051618456e-07
4.5600000000000005 1.1783969950479162e-07
4.565 1.1724286686458911e-07
4.57 1.1641778057893929e-07
4.575 1.1615711170296375e-07
4.58 1.1693323140441188e-07
4.585 1.1637744248198994e-07
4.59 1.154994128238676e-07
4.595 1.1586836819456363e-07
4.6000000000000005 1.1518047491003174e-07
4.605 1.1444057148967176e-07
4.61 1.1460545671277151e-07
4.615 1.1364921079714704e-07
4.62 1.1426605846613659e-07
4.625 1.1334838283728077e-07
4.63 1.1244783032472237e-07
4.635 1.1273025570320006e-07
4.64 1.1411197884222704e-07
4.6450000000000005 1.1218625387501022e-07
4.65 1.1429079181086756e-07
4.655 1.1217811941768966e-07
4.66 1.1316085691807517e-07
4.665 1.1115607577373363e-07
4.67 1.1070508471241025e-07
4.675 1.1307996208199784e-07
4.68 1.1143115794824282e-07
4.6850000000000005 1.1126014223387391e-07
4.69 1.0963310520695947e-07
4.695 1.0988460990634066e-07
4.7 1.0846006740500477e-07
4.705 1.0844387313241344e-07
4.71 1.0994140345546927e-07
4.715 1.1009486594413325e-07
4.72 1.0853629880281412e-07
4.7250000000000005 1.0860547632818145e-07
4.73 1.0838409433919716e-07
4.735 1.0768901030130861e-07
4.74 1.0791548689069739e-07
4.745 1.0710802958484341e-07
4.75 1.0628956468218002e-07
4.755 1.0583821397667584e-07
4.76 1.0590693377689962e-07
4.765 1.0724595847462704e-07
4.7700000000000005 1.0693355802604797e-07
4.775 1.041417969562311e-07
4.78 1.0427864415005912e-07
4.785 1.046023934608054e-07
4.79 1.0509713613506718e-07
4.795 1.0390307139657392e-07
4.8 1.0512267336887619e-07
4.805 1.049328658560658e-07
4.8100000000000005 1.0479217811666328e-07
4.815 1.026719346035424e-07
4.82 1.0334568564122774e-07
4.825 1.0472566745141041e-07
4.83 1.025146419674143e-07
4.835 1.015276455221239e-07
4.84 1.0297861640824994e-07
4.845 1.0091962901171082e-07
4.8500000000000005 1.0062847909726187e-07
4.855 1.0143375375233835e-07
4.86 1.0121530482602889e-07
4.865 1.0146564120250833e-07
4.87 1.0064806868848271e-07
4.875 9.95671386893497e-08
4.88 1.0028598804213004e-07
4.885 9.985736726158188e-08
4.89 1.0095422556703712e-07
4.8950000000000005 9.902326779824705e-08
4.9 9.958088297646172e-08
4.905 9.921919067627874e-08
4.91 9.891821705390165e-08
4.915 9.908666311434668e-08
4.92 9.893713769142499e-08
4.925 9.816615428459789e-08
4.93 9.77645583723648e-08
4.9350000000000005 9.751556306273862e-08
4.94 9.542744656602739e-08
4.945 9.74738395107207e-08
4.95 9.679338632047622e-08
4.955 9.566003767547286e-08
4.96 9.565015846575528e-08
4.965 9.660462163557235e-08
4.97 9.606960781142448e-08
4.9750000000000005 9.518215544790487e-08
4.98 9.493211120440136e-08
4.985 9.473065247923125e-08
4.99 9.534359346107081e-08
4.995 9.420979079562296e-08
5.0 9.279852869285832e-08
5.005 9.362438609049101e-08
5.01 9.262295503320575e-08
5.015 9.453055498650045e-08
5.0200000000000005 9.38438488056652e-08
5.025 9.133247293005625e-08
5.03 9.256649404814067e-08
5.035 9.239712480751356e-08
5.04 9.21695212822267e-08
5.045 9.193907802879567e-08
5.05 9.209834448497582e-08
5.055 9.14761192778592e-08
5.0600000000000005 9.056221947485489e-08
5.065 9.097204551420552e-08
5.07 9.179500252479948e-08
5.075 9.04451562219061e-08
5.08 8.984872895992704e-08
5.085 8.93661138336845e-08
5.09 8.991025497250395e-08
5.095 8.936856631856292e-08
5.1000000000000005 8.829406280008785e-08
5.105 8.870099885738085e-08
5.11 8.868151733496648e-08
5.115 8.771481087700506e-08
5.12 8.850860958879652e-08
5.125 8.803555683811876e-08
5.13 8.848016229727042e-08
5.135 8.714865691793731e-08
5.14 8.697382540384086e-08
5.1450000000000005 8.725662980351226e-08
5.15 8.676906953511537e-08
5.155 8.748807695740557e-08
5.16 8.71060585024933e-08
5.165 8.519275796401812e-08
5.17 8.637304197833735e-08
5.175 8.591973080868058e-08
5.18 8.570609924785349e-08
5.1850000000000005 8.679229236935056e-08
5.19 8.555461015734067e-08
5.195 8.426077939580368e-08
5.2 8.602666468564149e-08
5.205 8.418977186193065e-08
5.21 8.468076771285552e-08
5.215 8.488722034085134e-08
5.22 8.333377669726268e-08
5.2250000000000005 8.480755048599938e-08
5.23 8.352621452142827e-08
5.235 8.367033564703901e-08
5.24 8.240460770697758e-08
5.245 8.42940262144791e-08
5.25 8.19646497203729e-08
5.255 8.304168430327729e-08
5.26 8.25691115565693e-08
5.265 8.145881437381167e-08
5.2700000000000005 8.192341364479097e-08
5.275 8.133445067933968e-08
5.28 8.219862382472332e-08
5.285 8.07210792929162e-08
5.29 8.041913466648639e-08
5.295 8.115996393640671e-08
5.3 8.101175545718412e-08
5.305 8.084222677536656e-08
5.3100000000000005 8.01260783450193e-08
5.315 8.061617575252499e-08
5.32 8.108881618433426e-08
5.325 7.90821555070554e-08
5.33 8.16195096589049e-08
5.335 7.888118017497859e-08
5.34 7.868850267101502e-08
5.345 7.743383272576524e-08
5.3500000000000005 7.874790986963749e-08
5.355 7.849634745639565e-08
5.36 7.922444113751062e-08
5.365 7.89516460911371e-08
5.37 7.830553460929132e-08
5.375 7.926655279386321e-08
5.38 7.88929738721202e-08
5.385 7.765054256764763e-08
5.39 7.828303121313476e-08
5.3950000000000005 7.801941873650076e-08
5.4 7.631878796912549e-08
5.405 7.647884382391422e-08
5.41 7.639724079336597e-08
5.415 7.761991864807199e-08
5.42 7.585036279387747e-08
5.425 7.528079344263898e-08
5.43 7.455076502926436e-08
5.4350000000000005 7.520837863104271e-08
5.44 7.524301243914533e-08
5.445 7.631564969050947e-08
5.45 7.405861767684075e-08
5.455 7.480436499706901e-08
5.46 7.430586279362386e-08
5.465 7.452074285790845e-08
5.47 7.363306289732638e-08
5.4750000000000005 7.473617619727843e-08
5.48 7.362288456746911e-08
5.485 7.400350796753196e-08
5.49 7.272741110713734e-08
5.495 7.254731588578194e-08
5.5 7.347219523654572e-08
5.505 7.274430385449942e-08
5.51 7.313009078065299e-08
5.515 7.265007505901308e-08
5.5200000000000005 7.297461567467186e-08
5.525 7.410062046263707e-08
5.53 7.109594748697471e-08
5.535 7.19461153024018e-08
5.54 7.285487409706933e-08
5.545 7.181806250225454e-08
5.55 7.166540818356597e-08
5.555 7.074374260672212e-08
5.5600000000000005 7.02644065000289e-08
5.565 7.119778984492269e-08
5.57 6.977699035960035e-08
5.575 7.035560797240903e-08
5.58 7.023918976994042e-08
5.585 7.042443755853537e-08
5.59 7.069493609321536e-08
5.595 7.006780091307053e-08
5.6000000000000005 6.98819980736718e-08
5.605 6.82601618749154e-08
5.61 6.990354038353676e-08
5.615 6.899748868422878e-08
5.62 6.986778596843053e-08
5.625 6.940925325302983e-08
5.63 6.818397567395079e-08
5.635 6.801498985166091e-08
5.64 6.88318150675731e-08
5.6450000000000005 6.704813113250874e-08
5.65 6.757446767038001e-08
5.655 6.692035234126112e-08
5.66 6.841976342087803e-08
5.665 6.827442184780134e-08
5.67 6.75453561925654e-08
5.675 6.739796934209756e-08
5.68 6.712511151468518e-08
5.6850000000000005 6.720603061636449e-08
5.69 6.588840248491529e-08
5.695 6.647530221509081e-08
5.7 6.646259100284095e-08
5.705 6.535948282084303e-08
5.71 6.566166630171989e-08
5.715 6.521256426907165e-08
5.72 6.481652419625433e-08
5.7250000000000005 6.43055576754934e-08
5.73 6.597870313440064e-08
5.735 6.467480968367723e-08
5.74 6.564754193342594e-08
5.745 6.575966440688924e-08
5.75 6.591630590328674e-08
5.755 6.469600960156148e-08
5.76 6.449987170646993e-08
5.765 6.524344319891737e-08
5.7700000000000005 6.481942379051477e-08
5.775 6.420958041560764e-08
5.78 6.320202793954794e-08
5.785 6.391535332557263e-08
5.79 6.332318131230631e-08
5.795 6.410639846228194e-08
5.8 6.3212802096014e-08
5.805 6.337639355529222e-08
5.8100000000000005 6.265724884850663e-08
5.815 6.305972706150077e-08
5.82 6.316950781697698e-08
5.825 6.304303253396673e-08
5.83 6.241070216097242e-08
5.835 6.27824525026203e-08
5.84 6.20669549707135e-08
5.845 6.156291878970765e-08
5.8500000000000005 6.199575912190054e-08
5.855 6.226662199525035e-08
5.86 6.075257607221055e-08
5.865 6.16448904732399e-08
5.87 6.182537991003489e-08
5.875 6.179522140628905e-08
5.88 6.064242207017809e-08
5.885 6.081238472243356e-08
5.89 6.098092288978074e-08
5.8950000000000005 6.033202820868765e-08
5.9 6.062825300038186e-08
5.905 6.002490064358789e-08
5.91 6.063262424428475e-08
5.915 5.952134933119979e-08
5.92 6.007421870642039e-08
5.925 6.012101471248102e-08
5.93 5.9247119380513e-08
5.9350000000000005 5.950954603523087e-08
5.94 5.9428546824998745e-08
5.945 5.858978964820984e-08
5.95 5.877538852492696e-08
5.955 5.960831913554598e-08
5.96 5.8705455305360914e-08
5.965 5.907178696408845e-08
5.97 5.834238712970955e-08
5.9750000000000005 5.7951672473225174e-08
5.98 5.6539609680583886e-08
5.985 5.8133370616116275e-08
5.99 5.8630250527201555e-08
5.995 5.728661481033348e-08
6.0 5.7128936554648206e-08
6.005 5.686680039534679e-08
6.01 5.625657436093244e-08
6.015000000000001 5.657593145263645e-08
6.0200000000000005 5.639075257816483e-08
6.025 5.755995740612012e-08
6.03 5.6492718083048184e-08
6.035 5.736100460020979e-08
6.04 5.574279440739574e-08
6.045 5.666984588663998e-08
6.05 5.664845917953729e-08
6.055 5.651411969952464e-08
6.0600000000000005 5.6150165606320483e-08
6.065 5.572239093318717e-08
6.07 5.554979683289479e-08
6.075 5.515055796531154e-08
6.08 5.5431454891211063e-08
6.085 5.492549728482834e-08
6.09 5.527484226934824e-08
6.095 5.411708617920712e-08
6.1000000000000005 5.5232269728083506e-08
6.105 5.57938815550569e-08
6.11 5.4974100156882524e-08
6.115 5.451395296453537e-08
6.12 5.3522833470177426e-08
6.125 5.481875495653646e-08
6.13 5.374539286424243e-08
6.135 5.400395759705827e-08
6.140000000000001 5.260875207480587e-08
6.1450000000000005 5.340317089219627e-08
6.15 5.2793894576608284e-08
6.155 5.3769337569457916e-08
6.16 5.2976910233938314e-08
6.165 5.305000904280093e-08
6.17 5.2062834065148005e-08
6.175 5.402358680508198e-08
6.18 5.307592437994631e-08
6.1850000000000005 5.2956735265008274e-08
6.19 5.282243289115981e-08
6.195 5.180232362772028e-08
6.2 5.250266519576238e-08
6.205 5.1927326128765926e-08
6.21 5.281236177676486e-08
6.215 5.092874565225721e-08
6.22 5.273548658045058e-08
6.2250000000000005 5.1413061655199647e-08
6.23 5.1395841890670786e-08
6.235 5.217208593674212e-08
6.24 5.1215813554009625e-08
6.245 5.2503040416256524e-08
6.25 5.032892177636265e-08
6.255 5.1358363023075397e-08
6.26 5.0369878619624885e-08
6.265000000000001 5.042231207303972e-08
6.2700000000000005 5.1063140930380675e-08
6.275 5.076277079369507e-08
6.28 5.0225514775935926e-08
6.285 5.025540807472044e-08
6.29 4.9315991348913964e-08
6.295 5.0490786215596107e-08
6.3 5.0527643699000225e-08
6.305 5.007955021643963e-08
6.3100000000000005 5.057577374081504e-08
6.315 4.987323170191816e-08
6.32 4.9084737398358376e-08
6.325 4.8332923964371924e-08
6.33 4.8624179123208645e-08
6.335 4.904950569743487e-08
6.34 4.917395500695441e-08
6.345 4.98175782836843e-08
6.3500000000000005 4.796387405352225e-08
6.355 4.862033543101403e-08
6.36 4.78212861719518e-08
6.365 4.80797632310917e-08
6.37 4.910138622923112e-08
6.375 4.899613534265419e-08
6.38 4.778559531876049e-08
6.385 4.756805062925753e-08
6.390000000000001 4.7516147033005205e-08
6.3950000000000005 4.820509829130197e-08
6.4 4.7151958864388286e-08
6.405 4.7515312052831165e-08
6.41 4.7239363105601434e-08
6.415 4.7768687451580196e-08
6.42 4.80213360299764e-08
6.425 4.7182991170028424e-08
6.43 4.6279545971146864e-08
6.4350000000000005 4.727404607967849e-08
6.44 4.7075564478899734e-08
6.445 4.735219831524108e-08
6.45 4.64266281564743e-08
6.455 4.734030692954153e-08
6.46 4.7137025541038634e-08
6.465 4.589369517827578e-08
6.47 4.710869193053432e-08
6.4750000000000005 4.717955334983522e-08
6.48 4.653517228540513e-08
6.485 4.47840114495774e-08
6.49 4.646965602101145e-08
6.495 4.6512102321274574e-08
6.5 4.5841001012161716e-08
6.505 4.558982346848824e-08
6.51 4.5898967305519284e-08
6.515000000000001 4.4904472166458155e-08
6.5200000000000005 4.516495476222475e-08
6.525 4.465397600267297e-08
6.53 4.417507016159785e-08
6.535 4.528807079502606e-08
6.54 4.5159603233678786e-08
6.545 4.473036623815709e-08
6.55 4.544647661984203e-08
6.555 4.4625412702638324e-08
6.5600000000000005 4.474647696811624e-08
6.565 4.4324807132785785e-08
6.57 4.4104727832087996e-08
6.575 4.3486614042039185e-08
6.58 4.462570975754111e-08
6.585 4.39514949878475e-08
6.59 4.494839298005538e-08
6.595 4.4211301175093765e-08
6.6000000000000005 4.3614953407405555e-08
6.605 4.343741475328549e-08
6.61 4.342032325905589e-08
6.615 4.335584183536381e-08
6.62 4.342646133528932e-08
6.625 4.28605754902879e-08
6.63 4.373344968562208e-08
6.635 4.3652900800991083e-08
6.640000000000001 4.210709308128066e-08
6.6450000000000005 4.251786610624239e-08
6.65 4.32208743199064e-08
6.655 4.244602904343708e-08
6.66 4.2734825093418356e-08
6.665 4.2323558906808956e-08
6.67 4.215466582653125e-08
6.675 4.1421356772858906e-08
6.68 4.244676950671603e-08
6.6850000000000005 4.2028591967694006e-08
6.69 4.2281128134124644e-08
6.695 4.1696927204457586e-08
6.7 4.134634728966195e-08
6.705 4.1655344433496085e-08
6.71 4.2586193234514055e-08
6.715 4.142072951902207e-08
6.72 4.089090258288903e-08
6.7250000000000005 4.129072909347152e-08
6.73 4.1197327257039285e-08
6.735 4.1538902076430067e-08
6.74 4.077783963546253e-08
6.745 4.0839801865480345e-08
6.75 4.064784628742842e-08
6.755 4.092870752024229e-08
6.76 4.071973960388293e-08
6.765000000000001 4.0576870486650926e-08
6.7700000000000005 4.034621573598238e-08
6.775 4.1611501672088164e-08
6.78 4.0372891007380035e-08
6.785 3.9777189953741546e-08
6.79 3.983336342961801e-08
6.795 4.042190041672405e-08
6.8 4.060286825733641e-08
6.805 3.919637397743598e-08
6.8100000000000005 3.9691401825884334e-08
6.815 3.9635059314207665e-08
6.82 3.992206860256701e-08
6.825 4.014035666213078e-08
6.83 3.983894149223111e-08
6.835 3.9465555774393755e-08
6.84 3.939653913816972e-08
6.845 3.8460618034031e-08
6.8500000000000005 3.828401639297456e-08
6.855 3.93273897516926e-08
6.86 3.9334447681587104e-08
6.865 3.857565392049618e-08
6.87 3.832148517152118e-08
6.875 3.8841632674269705e-08
6.88 3.8164728248381556e-08
6.885 3.85723007100384e-08
6.890000000000001 3.739285024116686e-08
6.8950000000000005 3.8398196920670624e-08
6.9 3.826884966898891e-08
6.905 3.765870702874862e-08
6.91 3.8642910955581704e-08
6.915 3.8419804050115114e-08
6.92 3.793171388594425e-08
6.925 3.750982005925147e-08
6.93 3.732971066692035e-08
6.9350000000000005 3.848872357187554e-08
6.94 3.709544005476834e-08
6.945 3.788615957891998e-08
6.95 3.7386663262340276e-08
6.955 3.7413493686163014e-08
6.96 3.6485288192496375e-08
6.965 3.732616588549978e-08
6.97 3.790093999878208e-08
6.9750000000000005 3.6829391421649925e-08
6.98 3.7226853275282256e-08
6.985 3.667526530542664e-08
6.99 3.714913260295335e-08
6.995 3.650985953936458e-08
7.0 3.5994719800022366e-08
7.005 3.6126544345858875e-08
7.01 3.64065247002231e-08
7.015000000000001 3.717792518157984e-08
7.0200000000000005 3.649542579861582e-08
7.025 3.567748478539679e-08
7.03 3.6690854244998166e-08
7.035 3.606730384945578e-08
7.04 3.6261820861736056e-08
7.045 3.585957059049988e-08
7.05 3.530667286899676e-08
7.055 3.637648216948019e-08
7.0600000000000005 3.5891395597214036e-08
7.065 3.560843363231294e-08
7.07 3.563189012160903e-08
7.075 3.4905800368924304e-08
7.08 3.5219582351571685e-08
7.085 3.649144273905017e-08
7.09 3.53332587578652e-08
7.095 3.612946822968864e-08
7.1000000000000005 3.544668517386043e-08
7.105 3.466356462655409e-08
7.11 3.5583754137100174e-08
7.115 3.4999994088762085e-08
7.12 3.4823451750701725e-08
7.125 3.478465688716714e-08
7.13 3.480824758242604e-08
7.135 3.458701176541375e-08
7.140000000000001 3.450845938774428e-08
7.1450000000000005 3.497549540549002e-08
7.15 3.494441335550811e-08
7.155 3.4968381636045806e-08
7.16 3.510591826405729e-08
7.165 3.4196653905469284e-08
7.17 3.395487346945029e-08
7.175 3.385610391645026e-08
7.18 3.350481908001662e-08
7.1850000000000005 3.4103487344499315e-08
7.19 3.4336291985770274e-08
7.195 3.3625968111521254e-08
7.2 3.355139994814636e-08
7.205 3.37199711661613e-08
7.21 3.350735936161999e-08
7.215 3.460696524268262e-08
7.22 3.4030809400427246e-08
7.2250000000000005 3.414852678218885e-08
7.23 3.303729522725548e-08
7.235 3.387720762447648e-08
7.24 3.291785197748892e-08
7.245 3.337331254739992e-08
7.25 3.340286859882253e-08
7.255 3.361645222077118e-08
7.26 3.3352244196194964e-08
7.265000000000001 3.346696133502576e-08
7.2700000000000005 3.1844534589551483e-08
7.275 3.343297491212754e-08
7.28 3.2882164860023186e-08
7.285 3.258459523222989e-08
7.29 3.2724491603821184e-08
7.295 3.282687246661066e-08
7.3 3.18184229957654e-08
7.305 3.258703711863489e-08
7.3100000000000005 3.124068584100992e-08
7.315 3.2994477060666e-08
7.32 3.263973622636906e-08
7.325 3.1681316773102395e-08
7.33 3.219031026724934e-08
7.335 3.2632063146197404e-08
7.34 3.217255776916733e-08
7.345 3.248731337458627e-08
7.3500000000000005 3.2135701624391076e-08
7.355 3.204951004887815e-08
7.36 3.2382636424999836e-08
7.365 3.1657105425411115e-08
7.37 3.118259241458827e-08
7.375 3.14083431666029e-08
7.38 3.17835280196675e-08
7.385 3.168150250712639e-08
7.390000000000001 3.2420299364277525e-08
7.3950000000000005 3.181314879219111e-08
7.4 3.101827116923043e-08
7.405 3.1182592740715547e-08
7.41 3.248486848885756e-08
7.415 3.1325837759350297e-08
7.42 3.168200840943211e-08
7.425 3.086022871059687e-08
7.43 3.097915944581818e-08
7.4350000000000005 3.063575639885264e-08
7.44 3.102331805286419e-08
7.445 3.169005415174934e-08
7.45 3.118494043683153e-08
7.455 3.031177643911766e-08
7.46 2.997119258813772e-08
7.465 3.1166778603986835e-08
7.47 3.0966518513158335e-08
7.4750000000000005 3.0520181337366525e-08
7.48 3.1224221627751804e-08
7.485 2.9834121988695584e-08
7.49 2.9714002337799116e-08
7.495 3.1396165850114164e-08
7.5 3.0126265261784416e-08
7.505 3.111208402129074e-08
7.51 3.017104599128852e-08
7.515000000000001 3.0692609277011974e-08
7.5200000000000005 3.027568344918572e-08
7.525 3.013701521551289e-08
7.53 3.1004530508334304e-08
7.535 3.038676369417242e-08
7.54 2.9490480951592546e-08
7.545 2.959068860618694e-08
7.55 3.0304400245147766e-08
7.555 2.8957426254805043e-08
7.5600000000000005 2.986736777560269e-08
7.565 2.972756258354337e-08
7.57 2.8718213103518823e-08
7.575 2.9673323233450014e-08
7.58 2.976361839574655e-08
7.585 2.902491228742875e-08
7.59 2.9509891787121863e-08
7.595 2.9123919297959695e-08
7.6000000000000005 3.004804930791437e-08
7.605 2.907862779464111e-08
7.61 2.938207403892792e-08
7.615 2.9600835187322152e-08
7.62 2.919120870627889e-08
7.625 2.9132476218821034e-08
7.63 2.8777290026740536e-08
7.635 2.936865533157991e-08
7.640000000000001 2.8846892280720793e-08
7.6450000000000005 2.827701221393681e-08
7.65 2.867860232616266e-08
7.655 2.8831375694532555e-08
7.66 2.855298940002108e-08
7.665 2.9005876241813254e-08
7.67 2.9220209997514296e-08
7.675 2.9145276981995133e-08
7.68 2.901884254145336e-08
7.6850000000000005 2.8124718295375183e-08
7.69 2.945244222281819e-08
7.695 2.8239485793671868e-08
7.7 2.8071467584296294e-08
7.705 2.8157798468873452e-08
7.71 2.8592008506929196e-08
7.715 2.771071860446398e-08
7.72 2.7820528240868767e-08
7.7250000000000005 2.886426224024442e-08
7.73 2.796651127915945e-08
7.735 2.902251350871403e-08
7.74 2.837118347271625e-08
7.745 2.8537901175761357e-08
7.75 2.8346739366021272e-08
7.755 2.7679832594524928e-08
7.76 2.800509335828406e-08
7.765000000000001 2.7492903128426827e-08
7.7700000000000005 2.7325132957636806e-08
7.775 2.804105713014426e-08
7.78 2.7325356265478253e-08
7.785 2.736966043649684e-08
7.79 2.7742774773494645e-08
7.795 2.673656582147059e-08
7.8 2.644469276270714e-08
7.805000000000001 2.672817581531501e-08
7.8100000000000005 2.679728212232346e-08
7.815 2.6880502919888035e-08
7.82 2.603897804566744e-08
7.825 2.725697991787359e-08
7.83 2.7737177478767472e-08
7.835 2.723503811721377e-08
7.84 2.641716844885583e-08
7.845 2.7450800258124044e-08
7.8500000000000005 2.7236724787252752e-08
7.855 2.740873912657852e-08
7.86 2.785852508289493e-08
7.865 2.726758071670747e-08
7.87 2.744304257692394e-08
7.875 2.7287074601866452e-08
7.88 2.668447953726314e-08
7.885 2.6967352370089605e-08
7.890000000000001 2.7329741582718358e-08
7.8950000000000005 2.6786700626299305e-08
7.9 2.5998611838973388e-08
7.905 2.6859307315644e-08
7.91 2.6379000362268038e-08
7.915 2.6618954492729832e-08
7.92 2.6160557054292542e-08
7.925 2.6766401993009694e-08
7.930000000000001 2.6681804126314143e-08
7.9350000000000005 2.5713375465181767e-08
7.94 2.666835587218978e-08
7.945 2.599362964963871e-08
7.95 2.654888080609581e-08
7.955 2.5825831106794253e-08
7.96 2.6445879629193697e-08
7.965 2.654927108417404e-08
7.97 2.733665494512805e-08
7.9750000000000005 2.6147691562957447e-08
7.98 2.601885685659472e-08
7.985 2.645615192798424e-08
7.99 2.567241768456676e-08
7.995 2.6009794308178307e-08
8.0 2.661523368174499e-08
8.25 1.2587246070839303e-06
8.5 1.177511977131594e-06
8.75 1.1096551839353508e-06
9.0 1.0447944679250014e-06
9.25 9.921774162229893e-07
9.5 9.431107528299014e-07
9.75 8.951392209945373e-07
10.0 8.412055198300314e-07
10.25 7.95213263896676e-07
10.5 7.545312946233544e-07
10.75 7.037665413591334e-07
11.0 6.602874436426753e-07
11.25 6.198306418612761e-07
11.5 5.772377658657049e-07
11.75 5.411812538235506e-07
12.0 5.067604862776693e-07
12.25 4.776691552874167e-07
12.5 4.4723481255191873e-07
12.75 4.2035354888282293e-07
13.0 3.9303294568246483e-07
13.25 3.7262837612159217e-07
13.5 3.51276468867478e-07
13.75 3.3287125248602055e-07
14.0 3.158690271633194e-07
14.25 2.996203446472565e-07
14.5 2.836507699337293e-07
14.75 2.7035968258150136e-07
15.0 2.5611160017350693e-07
15.25 2.4531269176071207e-07
15.5 2.3197749302427747e-07
15.75 2.2067985531293134e-07
16.0 2.1090013732551848e-07
16.25 2.0066861724002393e-07
16.5 1.9357737825738007e-07
16.75 1.8428137033533137e-07
17.0 1.7860653950906071e-07
17.25 1.6948260560718538e-07
17.5 1.6558692043618728e-07
17.75 1.565938250930781e-07
18.0 1.5155543377842152e-07
18.25 1.451656377272633e-07
18.5 1.388587359158609e-07
18.75 1.3482743558185916e-07
19.0 1.2814664815242285e-07
19.25 1.2358492724384385e-07
19.5 1.1852282505067423e-07
19.75 1.1441615167683166e-07
