0.005 4.390982228182494e-11
0.01 4.54650420250518e-09
0.015 2.2224973452956434e-08
0.02 3.739031815965679e-08
0.025 5.145957620371484e-08
0.03 6.557815837283674e-08
0.035 7.980554692820434e-08
0.04 9.408430890847333e-08
0.045 1.0801499475306e-07
0.05 1.2045922303066465e-07
0.055 1.295124352682967e-07
0.06 1.3574998439220588e-07
0.065 1.4020214585179727e-07
0.07 1.4145014452396395e-07
0.075 1.3652726257465565e-07
0.08 1.2754315097207233e-07
0.085 1.1635996670647549e-07
0.09 1.0418803763530803e-07
0.095 9.195662386840407e-08
0.1 8.173276527481872e-08
0.105 7.396201919520683e-08
0.11 6.880634413259654e-08
0.115 6.532774740813519e-08
0.12 6.290273313175476e-08
0.125 6.134392562480091e-08
0.13 5.99564900496408e-08
0.135 5.9101489562024414e-08
0.14 5.830393650026897e-08
0.145 5.7594807793832563e-08
0.15 5.695829204533824e-08
0.155 5.6358662506966676e-08
0.16 5.576724686423201e-08
0.165 5.522321099942035e-08
0.17 5.469386646238819e-08
0.17500000000000002 5.414325739474822e-08
0.18 5.3703526679389705e-08
0.185 5.307614084801379e-08
0.19 5.267661320408957e-08
0.195 5.2207205732148705e-08
0.2 5.1720007716914745e-08
0.20500000000000002 5.125154359472985e-08
0.21 5.0554685130584304e-08
0.215 5.0235133784991826e-08
0.22 4.986245373135615e-08
0.225 4.9572468595890047e-08
0.23 4.9211803401255274e-08
0.23500000000000001 4.8826710116864664e-08
0.24 4.886058854228502e-08
0.245 4.8319626762147744e-08
0.25 4.833530588008094e-08
0.255 4.8011171436458625e-08
0.26 4.791331577764693e-08
0.265 4.73256333049099e-08
0.27 4.724068299479138e-08
0.275 4.726373150041489e-08
0.28 4.703664611786178e-08
0.28500000000000003 4.6882229660128384e-08
0.29 4.687773177354997e-08
0.295 4.65701045615099e-08
0.3 4.633594348528888e-08
0.305 4.608341104571142e-08
0.31 4.618360505873656e-08
0.315 4.5912630640702825e-08
0.32 4.593959488123485e-08
0.325 4.5793479966626504e-08
0.33 4.5889462632683726e-08
0.335 4.597951923149861e-08
0.34 4.5743967995088703e-08
0.34500000000000003 4.5846985395899784e-08
0.35000000000000003 4.600311464769431e-08
0.355 4.581193810293015e-08
0.36 4.603700933739469e-08
0.365 4.58313906701552e-08
0.37 4.582054690752991e-08
0.375 4.6098647364487116e-08
0.38 4.632535629542049e-08
0.385 4.6471182470704585e-08
0.39 4.6399389936843803e-08
0.395 4.6662936702009735e-08
0.4 4.64190126320499e-08
0.405 4.669438263519177e-08
0.41000000000000003 4.6787840135568335e-08
0.41500000000000004 4.711542794222544e-08
0.42 4.654104921765163e-08
0.425 4.672368504270622e-08
0.43 4.673626855997543e-08
0.435 4.669702711532047e-08
0.44 4.6504219869306874e-08
0.445 4.670060388487943e-08
0.45 4.6819980333749e-08
0.455 4.6438746010384996e-08
0.46 4.684629486575836e-08
0.465 4.7012422363372323e-08
0.47000000000000003 4.6612081967439796e-08
0.47500000000000003 4.659366894811399e-08
0.48 4.655763702965973e-08
0.485 4.658686197584868e-08
0.49 4.694590730582295e-08
0.495 4.664133181793262e-08
0.5 4.697451492361237e-08
0.505 4.643530297402699e-08
0.51 4.651573688298e-08
0.515 4.6794903538321e-08
0.52 4.712162371197605e-08
0.525 4.710874236215032e-08
0.53 4.729442978601887e-08
0.535 4.677045754938521e-08
0.54 4.7033632280025596e-08
0.545 4.720657252759918e-08
0.55 4.7030459550896586e-08
0.555 4.710968445783987e-08
0.56 4.729757944701757e-08
0.5650000000000001 4.746998294912341e-08
0.5700000000000001 4.7212300312757515e-08
0.5750000000000001 4.7624931401957817e-08
0.58 4.7669771751493116e-08
0.585 4.7526214330649026e-08
0.59 4.743921616979098e-08
0.595 4.7876433199028715e-08
0.6 4.7936256525577567e-08
0.605 4.7810389998544163e-08
0.61 4.785170538912694e-08
0.615 4.7849132763300514e-08
0.62 4.787466044957507e-08
0.625 4.796266461657138e-08
0.63 4.7815646775375815e-08
0.635 4.8165001512085744e-08
0.64 4.78796573357834e-08
0.645 4.7831825568759385e-08
0.65 4.8078880780118256e-08
0.655 4.8264589547830166e-08
0.66 4.824106465772918e-08
0.665 4.832337546041826e-08
0.67 4.903278865046141e-08
0.675 4.836759885051645e-08
0.68 4.876179412215766e-08
0.685 4.8589120124152985e-08
0.6900000000000001 4.8810039491000125e-08
0.6950000000000001 4.896138498179578e-08
0.7000000000000001 4.888582847771498e-08
0.705 4.8804030791806506e-08
0.71 4.887195473872585e-08
0.715 4.9536397515072535e-08
0.72 4.9635423537152515e-08
0.725 4.9754340616823903e-08
0.73 4.916398925711224e-08
0.735 4.993529549837527e-08
0.74 4.98932951270486e-08
0.745 4.962575167516629e-08
0.75 5.026715126309171e-08
0.755 4.9811885703194824e-08
0.76 4.9795999516660896e-08
0.765 5.006616470093911e-08
0.77 5.058374860646775e-08
0.775 5.0250963143720794e-08
0.78 5.0064869440678374e-08
0.785 5.058624223101573e-08
0.79 5.075814996957198e-08
0.795 5.07415103618018e-08
0.8 5.1034728469818034e-08
0.805 5.0605216841562655e-08
0.81 5.0691428751595956e-08
0.8150000000000001 5.10140291518641e-08
0.8200000000000001 5.118167618307626e-08
0.8250000000000001 5.091775015438066e-08
0.8300000000000001 5.1198766680093314e-08
0.835 5.1514944589023936e-08
0.84 5.1325217752249124e-08
0.845 5.150902896617438e-08
0.85 5.179779081758045e-08
0.855 5.139072139645066e-08
0.86 5.175141527642707e-08
0.865 5.150856768164854e-08
0.87 5.164796943314988e-08
0.875 5.191570557115605e-08
0.88 5.202698020668198e-08
0.885 5.2075729666265554e-08
0.89 5.162050106879617e-08
0.895 5.206356788375097e-08
0.9 5.254068826048878e-08
0.905 5.251288189290726e-08
0.91 5.2257393294475887e-08
0.915 5.1775796645191714e-08
0.92 5.24561982739674e-08
0.925 5.220770114976929e-08
0.93 5.255500807890294e-08
0.935 5.291250581507331e-08
0.9400000000000001 5.1846557977217685e-08
0.9450000000000001 5.260295215642713e-08
0.9500000000000001 5.2839908339837784e-08
0.9550000000000001 5.2591224091819036e-08
0.96 5.253138623344682e-08
0.965 5.260612244319168e-08
0.97 5.264863813666042e-08
0.975 5.248723284092622e-08
0.98 5.256266969562832e-08
0.985 5.2558445070754706e-08
0.99 5.2801499158850456e-08
0.995 5.3069084773584885e-08
1.0 5.261841565466144e-08
1.0050000000000001 5.2660036470336744e-08
1.01 5.2985360161198427e-08
1.0150000000000001 5.3122688308536984e-08
1.02 5.3027381097325774e-08
1.025 5.300980735385248e-08
1.03 5.282902088203443e-08
1.035 5.2775661227602666e-08
1.04 5.3308202220635124e-08
1.045 5.288607541752165e-08
1.05 5.310956362982766e-08
1.055 5.23702780291403e-08
1.06 5.293349379484179e-08
1.065 5.3277192207099254e-08
1.07 5.291708263287795e-08
1.075 5.36981582558357e-08
1.08 5.281308175713544e-08
1.085 5.348601295354555e-08
1.09 5.353975009156942e-08
1.095 5.374067253934913e-08
1.1 5.2955881809959744e-08
1.105 5.356344587417401e-08
1.11 5.363960817445211e-08
1.115 5.397332740752389e-08
1.12 5.3492907610363843e-08
1.125 5.342688464440193e-08
1.1300000000000001 5.3078218116885455e-08
1.135 5.385663605290066e-08
1.1400000000000001 5.3810008989398565e-08
1.145 5.324624325607143e-08
1.1500000000000001 5.3467946501782e-08
1.155 5.3973957395161735e-08
1.16 5.4247900996342176e-08
1.165 5.3670999097377595e-08
1.17 5.3527030690097935e-08
1.175 5.3811443012189734e-08
1.18 5.394491006835388e-08
1.185 5.409618750404798e-08
1.19 5.346235329354589e-08
1.195 5.363622758250461e-08
1.2 5.3613578980429e-08
1.205 5.3942512384563055e-08
1.21 5.4334232971333924e-08
1.215 5.330241751428654e-08
1.22 5.377358119184071e-08
1.225 5.3618442625385415e-08
1.23 5.412401100782482e-08
1.235 5.372780673563884e-08
1.24 5.418835962062518e-08
1.245 5.381737711971073e-08
1.25 5.391814797230973e-08
1.2550000000000001 5.4320337740688574e-08
1.26 5.427285850233977e-08
1.2650000000000001 5.3612996351772396e-08
1.27 5.470828009938155e-08
1.2750000000000001 5.401900629048782e-08
1.28 5.3791379205142784e-08
1.285 5.422820066585e-08
1.29 5.403328384434383e-08
1.295 5.3421780536411344e-08
1.3 5.415961226473057e-08
1.305 5.3800283485482915e-08
1.31 5.392347992926196e-08
1.315 5.379170973770416e-08
1.32 5.444602697986849e-08
1.325 5.4272867726251673e-08
1.33 5.444066276867244e-08
1.335 5.429378122282999e-08
1.34 5.380507047891932e-08
1.345 5.422292175744926e-08
1.35 5.3692676255135865e-08
1.355 5.410031201242615e-08
1.36 5.472258127172783e-08
1.365 5.397196324790328e-08
1.37 5.4538142428606983e-08
1.375 5.388083233735982e-08
1.3800000000000001 5.39207467502061e-08
1.385 5.40329720757481e-08
1.3900000000000001 5.4335476515641474e-08
1.395 5.411046488552059e-08
1.4000000000000001 5.467961503916366e-08
1.405 5.3345370428071504e-08
1.41 5.361843287636167e-08
1.415 5.393111432903596e-08
1.42 5.375709382909893e-08
1.425 5.368015268127147e-08
1.43 5.391811804635538e-08
1.435 5.377990138902716e-08
1.44 5.374174923097193e-08
1.445 5.4140891633008305e-08
1.45 5.3462547362621606e-08
1.455 5.435471607839563e-08
1.46 5.352040576346388e-08
1.465 5.30679386173869e-08
1.47 5.3635273877531084e-08
1.475 5.3503743207000395e-08
1.48 5.3551956006085576e-08
1.485 5.311013536926435e-08
1.49 5.411455379848317e-08
1.495 5.3449079690318544e-08
1.5 5.4004996233807045e-08
1.5050000000000001 5.37329707843483e-08
1.51 5.366148577104146e-08
1.5150000000000001 5.349269295939495e-08
1.52 5.389200372412313e-08
1.5250000000000001 5.3443745922571895e-08
1.53 5.341795137909419e-08
1.5350000000000001 5.3125472581642125e-08
1.54 5.330777373993208e-08
1.545 5.363526085554023e-08
1.55 5.33495527511739e-08
1.555 5.3787428424370476e-08
1.56 5.3613628192844726e-08
1.565 5.4455410619037696e-08
1.57 5.322006162733952e-08
1.575 5.306106249428311e-08
1.58 5.370186609818172e-08
1.585 5.3134892057130365e-08
1.59 5.3420146358380935e-08
1.595 5.295209718111802e-08
1.6 5.295139226926972e-08
1.605 5.303793346224331e-08
1.61 5.310998948627768e-08
1.615 5.276366768895584e-08
1.62 5.254647902074509e-08
1.625 5.281346739138021e-08
1.6300000000000001 5.260743805610509e-08
1.635 5.222764332273432e-08
1.6400000000000001 5.258711624924993e-08
1.645 5.2610457420995375e-08
1.6500000000000001 5.2347596021652455e-08
1.655 5.2657338833339245e-08
1.6600000000000001 5.263262080842689e-08
1.665 5.259940158812814e-08
1.67 5.2543701098256237e-08
1.675 5.2580130793243046e-08
1.68 5.2729849591712525e-08
1.685 5.1766706512158334e-08
1.69 5.275419942613397e-08
1.695 5.2681951149965095e-08
1.7 5.248661516873109e-08
1.705 5.2127052456031876e-08
1.71 5.180252234392264e-08
1.715 5.234971065564691e-08
1.72 5.200837795593586e-08
1.725 5.155499247630335e-08
1.73 5.1769384768863236e-08
1.735 5.1724152184392266e-08
1.74 5.200070300321855e-08
1.745 5.145158854173104e-08
1.75 5.116496414553389e-08
1.7550000000000001 5.1581852535106014e-08
1.76 5.177140081905001e-08
1.7650000000000001 5.150170391313729e-08
1.77 5.109946737721278e-08
1.7750000000000001 5.132914280899528e-08
1.78 5.061319780114224e-08
1.7850000000000001 5.073229571365853e-08
1.79 5.097895922552462e-08
1.795 5.0355465717859506e-08
1.8 5.0661884950294406e-08
1.805 5.0711277890694513e-08
1.81 5.184141713975755e-08
1.815 5.078957123021061e-08
1.82 5.0749936959699977e-08
1.825 5.093589448196012e-08
1.83 5.0823591189820154e-08
1.835 5.0524242296731617e-08
1.84 5.016967657273105e-08
1.845 5.016774677140306e-08
1.85 5.0397603742318825e-08
1.855 5.030031962334945e-08
1.86 5.0160860744067453e-08
1.865 4.978777474878184e-08
1.87 4.9784041807557944e-08
1.875 4.99828083716883e-08
1.8800000000000001 4.964110662611892e-08
1.885 5.013796577760936e-08
1.8900000000000001 4.99181248284405e-08
1.895 5.0228037357136765e-08
1.9000000000000001 4.9342342231422864e-08
1.905 4.9943658404686737e-08
1.9100000000000001 4.9422544632120875e-08
1.915 4.924419725413961e-08
1.92 4.925955922588272e-08
1.925 4.872823015069371e-08
1.93 4.858519191954414e-08
1.935 4.894226638611252e-08
1.94 4.906654183696342e-08
1.945 4.89320644070015e-08
1.95 4.851746807592507e-08
1.955 4.795150071394063e-08
1.96 4.8794227152973366e-08
1.965 4.8137655155618855e-08
1.97 4.841725410448221e-08
1.975 4.844008987188616e-08
1.98 4.811121684887854e-08
1.985 4.759431457656061e-08
1.99 4.8099053849614273e-08
1.995 4.811708318548109e-08
2.0 4.824284397606862e-08
2.005 4.7957682077703854e-08
2.0100000000000002 4.75763878745588e-08
2.015 4.761282168905175e-08
2.02 4.7763521563226227e-08
2.025 4.712652893504219e-08
2.0300000000000002 4.753337628757987e-08
2.035 4.761616722338287e-08
2.04 4.712425943848511e-08
2.045 4.6989114779245074e-08
2.05 4.7297872554753724e-08
2.055 4.730665801533527e-08
2.06 4.6764552624903307e-08
2.065 4.708351045845617e-08
2.07 4.658212761597311e-08
2.075 4.639076416859103e-08
2.08 4.627484760486795e-08
2.085 4.665085254069514e-08
2.09 4.643475887748618e-08
2.095 4.594983671637944e-08
2.1 4.651465123932502e-08
2.105 4.658185312050764e-08
2.11 4.592847284520494e-08
2.115 4.595068184595362e-08
2.12 4.592182662446179e-08
2.125 4.630776221567602e-08
2.13 4.5814350779263795e-08
2.1350000000000002 4.4988223860195026e-08
2.14 4.536026391281933e-08
2.145 4.592479410937895e-08
2.15 4.514312996751892e-08
2.1550000000000002 4.5379040326914634e-08
2.16 4.551247925598943e-08
2.165 4.546800142161885e-08
2.17 4.5098417265205065e-08
2.1750000000000003 4.5520069020164975e-08
2.18 4.511200107840998e-08
2.185 4.530873931810873e-08
2.19 4.460107250133901e-08
2.195 4.4490819967614655e-08
2.2 4.4828117411201545e-08
2.205 4.4367554980509214e-08
2.21 4.4093652768440286e-08
2.215 4.3892121314770634e-08
2.22 4.4797675733488314e-08
2.225 4.374280381801967e-08
2.23 4.424273514814136e-08
2.235 4.432976362683829e-08
2.24 4.4534495380794735e-08
2.245 4.353553224822446e-08
2.25 4.4229676039632806e-08
2.255 4.448635648990782e-08
2.2600000000000002 4.354875118052605e-08
2.265 4.3262837060460344e-08
2.27 4.3801247714282746e-08
2.275 4.3773510115882764e-08
2.2800000000000002 4.2872427135492325e-08
2.285 4.3213422891917574e-08
2.29 4.334295526874123e-08
2.295 4.310023580349863e-08
2.3000000000000003 4.294800614405141e-08
2.305 4.321782756339e-08
2.31 4.227352135156556e-08
2.315 4.295315163684936e-08
2.32 4.33097610789283e-08
2.325 4.2612952457007995e-08
2.33 4.278429270275878e-08
2.335 4.250980403184005e-08
2.34 4.210281446183624e-08
2.345 4.206162530524878e-08
2.35 4.27716242948791e-08
2.355 4.183287033772158e-08
2.36 4.258339673377323e-08
2.365 4.14558129308844e-08
2.37 4.163802863855965e-08
2.375 4.156934830193435e-08
2.38 4.2020115210272986e-08
2.3850000000000002 4.118564925560405e-08
2.39 4.1209169459519165e-08
2.395 4.14073556832029e-08
2.4 4.044728871512273e-08
2.4050000000000002 4.100366684356522e-08
2.41 4.1205050389870896e-08
2.415 4.1497342987970806e-08
2.42 4.0885592582661373e-08
2.4250000000000003 4.071441874677745e-08
2.43 4.063155642562525e-08
2.435 4.106136673755077e-08
2.44 4.1141533243914855e-08
2.445 4.0229639153617575e-08
2.45 4.073014012608565e-08
2.455 4.057321737571012e-08
2.46 3.998886420855346e-08
2.465 4.034445159509531e-08
2.47 4.0155739064805464e-08
2.475 4.03815331059133e-08
2.48 4.0800156762171725e-08
2.485 3.973604543741785e-08
2.49 4.0006136580954545e-08
2.495 3.9546298748437384e-08
2.5 4.002702428471434e-08
2.505 3.975449274100381e-08
2.5100000000000002 3.954762467828825e-08
2.515 3.989060346542375e-08
2.52 3.9789182120890446e-08
2.525 3.921841910708808e-08
2.5300000000000002 3.9646596004354703e-08
2.535 3.9465041867382463e-08
2.54 3.88335990559285e-08
2.545 3.9584020425679126e-08
2.5500000000000003 3.881722550002214e-08
2.555 3.87722909830135e-08
2.56 3.907144514579262e-08
2.565 3.9067168984024925e-08
2.57 3.7583105374878164e-08
2.575 3.8970710746511986e-08
2.58 3.863948332610348e-08
2.585 3.8909453861222334e-08
2.59 3.840656684650745e-08
2.595 3.8433682231760016e-08
2.6 3.850677186984944e-08
2.605 3.857201282991188e-08
2.61 3.747212434851183e-08
2.615 3.777907338205244e-08
2.62 3.753767628726324e-08
2.625 3.7222594710995384e-08
2.63 3.765579243540313e-08
2.6350000000000002 3.734339882359303e-08
2.64 3.8328215310703024e-08
2.645 3.772574398940305e-08
2.65 3.744989405655754e-08
2.6550000000000002 3.779813890206259e-08
2.66 3.7479237236653065e-08
2.665 3.670886917452188e-08
2.67 3.749150587217518e-08
2.6750000000000003 3.699493770879599e-08
2.68 3.7795547022732135e-08
2.685 3.667161000966891e-08
2.69 3.683031175261369e-08
2.695 3.592727660888135e-08
2.7 3.677626783493998e-08
2.705 3.627387204605518e-08
2.71 3.6920233971305545e-08
2.715 3.681518473283064e-08
2.72 3.674095919951682e-08
2.725 3.650769357001849e-08
2.73 3.614396006178929e-08
2.735 3.5957442953603374e-08
2.74 3.681362758402305e-08
2.745 3.5606400660218854e-08
2.75 3.621029237278885e-08
2.755 3.5641763521144085e-08
2.7600000000000002 3.560269000089833e-08
2.765 3.587546302387005e-08
2.77 3.597220714006461e-08
2.775 3.5440264283416235e-08
2.7800000000000002 3.508500663790326e-08
2.785 3.533823544364256e-08
2.79 3.543714443745586e-08
2.795 3.5231631730736646e-08
2.8000000000000003 3.5641810570158286e-08
2.805 3.440565842153385e-08
2.81 3.5382820944968904e-08
2.815 3.4987922384930824e-08
2.82 3.5021597398428696e-08
2.825 3.5296126715051107e-08
2.83 3.458228218334443e-08
2.835 3.449042981503044e-08
2.84 3.426005754278961e-08
2.845 3.443400923926527e-08
2.85 3.4594101177425994e-08
2.855 3.461369768496899e-08
2.86 3.428681182030498e-08
2.865 3.434253332596678e-08
2.87 3.44161713531085e-08
2.875 3.455595131169396e-08
2.88 3.418869829293814e-08
2.8850000000000002 3.399727370234253e-08
2.89 3.399347819365189e-08
2.895 3.422113146973356e-08
2.9 3.3560548893084124e-08
2.9050000000000002 3.396656781771145e-08
2.91 3.422936377274179e-08
2.915 3.366846721736393e-08
2.92 3.361812634802181e-08
2.9250000000000003 3.3324862559426065e-08
2.93 3.2861100437276416e-08
2.935 3.385197627891623e-08
2.94 3.302958337063765e-08
2.945 3.335027249170965e-08
2.95 3.33690734759815e-08
2.955 3.278453764015236e-08
2.96 3.296954948092351e-08
2.965 3.217338181899625e-08
2.97 3.291754911968342e-08
2.975 3.241805206122898e-08
2.98 3.31792314228197e-08
2.985 3.234952380270337e-08
2.99 3.210435022430914e-08
2.995 3.226563801579026e-08
3.0 3.2168791286418756e-08
3.005 3.2465231305834504e-08
3.0100000000000002 3.220328186428755e-08
3.015 3.212543119439465e-08
3.02 3.244524727494753e-08
3.025 3.221408478705647e-08
3.0300000000000002 3.2244302166127226e-08
3.035 3.203706376456987e-08
3.04 3.186778108109172e-08
3.045 3.160272450092298e-08
3.0500000000000003 3.186693529738269e-08
3.055 3.1933377148769905e-08
3.06 3.175904527068694e-08
3.065 3.225741999466797e-08
3.0700000000000003 3.172668178918046e-08
3.075 3.1205444879847966e-08
3.08 3.1229006805540876e-08
3.085 3.1119364514213234e-08
3.09 3.126190147332045e-08
3.095 3.094956974643402e-08
3.1 3.056049368495245e-08
3.105 3.0580782700358536e-08
3.11 3.027356605651839e-08
3.115 3.133012424978811e-08
3.12 3.043107302970642e-08
3.125 3.117302076576733e-08
3.13 3.054298100357385e-08
3.1350000000000002 3.148077967791549e-08
3.14 3.0338523741539455e-08
3.145 2.987004027843155e-08
3.15 3.024729342262201e-08
3.1550000000000002 3.004194006090192e-08
3.16 3.032380745825844e-08
3.165 3.002313312936945e-08
3.17 3.0342786308625805e-08
3.1750000000000003 2.999663399195901e-08
3.18 2.973591218705417e-08
3.185 2.994176157866388e-08
3.19 2.989044447470852e-08
3.1950000000000003 3.032953304962424e-08
3.2 3.005285149317683e-08
3.205 2.952205282497925e-08
3.21 3.028742298365915e-08
3.215 3.0125017986758757e-08
3.22 2.924280799353446e-08
3.225 2.9656756788638672e-08
3.23 2.9099142146544962e-08
3.235 2.9292977400562052e-08
3.24 2.9338541902186857e-08
3.245 2.9752079538644357e-08
3.25 2.901549683683617e-08
3.255 2.902907841363946e-08
3.2600000000000002 2.8991313312860068e-08
3.265 2.9108411783304855e-08
3.27 2.850654151779964e-08
3.275 2.8278531117017394e-08
3.2800000000000002 2.9044044786764223e-08
3.285 2.9162281991164335e-08
3.29 2.8552046208418807e-08
3.295 2.8871591374327402e-08
3.3000000000000003 2.8583517334736937e-08
3.305 2.7809505325824008e-08
3.31 2.8759590585726978e-08
3.315 2.8361773631112536e-08
3.3200000000000003 2.891299404323196e-08
3.325 2.769864809144532e-08
3.33 2.7695658218115426e-08
3.335 2.8256510412386023e-08
3.34 2.7871831995772223e-08
3.345 2.8014250038058946e-08
3.35 2.7262025942120863e-08
3.355 2.761408753359087e-08
3.36 2.772144689735556e-08
3.365 2.7762736125466643e-08
3.37 2.777960373488874e-08
3.375 2.800399726673391e-08
3.38 2.6985586894516438e-08
3.3850000000000002 2.7154923871971956e-08
3.39 2.753278550345769e-08
3.395 2.7360317563776067e-08
3.4 2.7309363343956697e-08
3.4050000000000002 2.748582242381059e-08
3.41 2.745068575354321e-08
3.415 2.7272306079506244e-08
3.42 2.7016509208964056e-08
3.4250000000000003 2.7044453652860123e-08
3.43 2.6474765601452213e-08
3.435 2.7164968288436713e-08
3.44 2.702399764254565e-08
3.4450000000000003 2.6698000692977125e-08
3.45 2.641737623393522e-08
3.455 2.6289025035769274e-08
3.46 2.6970198356879743e-08
3.465 2.708261052513818e-08
3.47 2.6576445869634743e-08
3.475 2.6058967149977435e-08
3.48 2.6829407681139045e-08
3.485 2.6050280716010018e-08
3.49 2.6088919369671628e-08
3.495 2.6016039695551463e-08
3.5 2.6741652239946144e-08
3.505 2.6332977739784422e-08
3.5100000000000002 2.6332107037004416e-08
3.515 2.6144814513183858e-08
3.52 2.548130639375458e-08
3.525 2.5886498461888652e-08
3.5300000000000002 2.5620099127277995e-08
3.535 2.591021131210063e-08
3.54 2.5865342170140838e-08
3.545 2.5932377447865416e-08
3.5500000000000003 2.5855259663466768e-08
3.555 2.5594405915519675e-08
3.56 2.5423004262001475e-08
3.565 2.5682933677645917e-08
3.5700000000000003 2.5359745805601364e-08
3.575 2.5326331867320135e-08
3.58 2.5340608686550994e-08
3.585 2.5273036893640024e-08
3.59 2.5689983826467455e-08
3.595 2.4683255252600394e-08
3.6 2.5207688506579194e-08
3.605 2.522515492462716e-08
3.61 2.4851154430805895e-08
3.615 2.458886889323952e-08
3.62 2.4977984141761183e-08
3.625 2.4605573930558262e-08
3.63 2.477505026731841e-08
3.6350000000000002 2.4568072933797257e-08
3.64 2.484233790776242e-08
3.645 2.5066754929313453e-08
3.65 2.452779313272749e-08
3.6550000000000002 2.437462325466205e-08
3.66 2.4581738927884575e-08
3.665 2.4505325244134633e-08
3.67 2.4709876074924926e-08
3.6750000000000003 2.4473239415290365e-08
3.68 2.4188671928015097e-08
3.685 2.428783326184526e-08
3.69 2.437637665793759e-08
3.6950000000000003 2.3995495557902648e-08
3.7 2.4288317091244282e-08
3.705 2.3890940185901897e-08
3.71 2.3967541067828264e-08
3.715 2.4356611905258296e-08
3.72 2.412438463486543e-08
3.725 2.400919620698382e-08
3.73 2.428037006910777e-08
3.735 2.422334633446576e-08
3.74 2.3861364027556984e-08
3.745 2.3854306166610277e-08
3.75 2.408951213175279e-08
3.755 2.3727933996843877e-08
3.7600000000000002 2.3371232719775322e-08
3.765 2.370219000908879e-08
3.77 2.317355207902375e-08
3.775 2.3590541323902006e-08
3.7800000000000002 2.3698601867733626e-08
3.785 2.3271549386347755e-08
3.79 2.3257800004069856e-08
3.795 2.3221391539075e-08
3.8000000000000003 2.3212453019861297e-08
3.805 2.327070323818358e-08
3.81 2.2789236073726415e-08
3.815 2.2769641583528885e-08
3.8200000000000003 2.3063233831046578e-08
3.825 2.3186112998222213e-08
3.83 2.292183311259439e-08
3.835 2.3392944887525998e-08
3.84 2.2893493955897235e-08
3.845 2.258174828719847e-08
3.85 2.2752269230408384e-08
3.855 2.253073699592179e-08
3.86 2.2954167153557996e-08
3.865 2.203164785897723e-08
3.87 2.2335130849114166e-08
3.875 2.2064402496664446e-08
3.88 2.2189329651100198e-08
3.8850000000000002 2.2421812313191008e-08
3.89 2.2422656687029057e-08
3.895 2.2190903335144013e-08
3.9 2.1769553945767702e-08
3.9050000000000002 2.2152456262006053e-08
3.91 2.1768514038530505e-08
3.915 2.1943210771671037e-08
3.92 2.1874580909712615e-08
3.9250000000000003 2.187375390303119e-08
3.93 2.202205184303011e-08
3.935 2.1799251612375975e-08
3.94 2.1995561935480104e-08
3.9450000000000003 2.17618303803341e-08
3.95 2.185400147956713e-08
3.955 2.1529253612231945e-08
3.96 2.2393694353999974e-08
3.9650000000000003 2.1352963077490327e-08
3.97 2.157301219227512e-08
3.975 2.123193239154925e-08
3.98 2.2143341421782582e-08
3.985 2.1831844483759075e-08
3.99 2.1633851704732913e-08
3.995 2.1730176317328678e-08
4.0 2.1441577992139662e-08
4.005 2.1080196128627125e-08
4.01 2.1621360059966486e-08
4.015 2.0599007002109274e-08
4.0200000000000005 2.112283019038884e-08
4.025 2.112847720227358e-08
4.03 2.113854725285688e-08
4.035 2.1190680663425495e-08
4.04 2.1309222590759933e-08
4.045 2.1019115321480378e-08
4.05 2.092447806857319e-08
4.055 2.0876594578707718e-08
4.0600000000000005 2.098507515232548e-08
4.065 2.0609705682483628e-08
4.07 2.1093848242775112e-08
4.075 2.0507545017167182e-08
4.08 2.0871547890385448e-08
4.085 2.068764680774504e-08
4.09 2.0847940220651444e-08
4.095 2.0900722620600447e-08
4.1 2.0249943913785246e-08
4.105 2.1053633348909616e-08
4.11 2.0042097994822412e-08
4.115 2.0606416135343434e-08
4.12 2.118369916319831e-08
4.125 2.0417412452188065e-08
4.13 2.0317769610033985e-08
4.135 2.009422683760575e-08
4.14 1.993306520578669e-08
4.1450000000000005 2.001275811911199e-08
4.15 1.9715269609637532e-08
4.155 2.0328466890807297e-08
4.16 1.9816340410583514e-08
4.165 1.959814539629764e-08
4.17 1.9805638695531125e-08
4.175 2.0138841199794854e-08
4.18 2.0030210807146082e-08
4.1850000000000005 1.971967273310523e-08
4.19 1.9751478338725084e-08
4.195 1.976506723722934e-08
4.2 1.9361457552857876e-08
4.205 1.9763905725985454e-08
4.21 1.9722060435127312e-08
4.215 1.9296425722763436e-08
4.22 1.911183711754706e-08
4.225 1.9842911792953417e-08
4.23 1.9689440811869142e-08
4.235 1.942781003424732e-08
4.24 1.9027183577387428e-08
4.245 1.9450099543431805e-08
4.25 1.955747528057462e-08
4.255 1.940837308149533e-08
4.26 1.975313674095606e-08
4.265 1.9436487592995358e-08
4.2700000000000005 1.939088994608221e-08
4.275 1.9440949971178297e-08
4.28 1.897290473411628e-08
4.285 1.929880761709023e-08
4.29 1.9083726336898844e-08
4.295 1.918048787536217e-08
4.3 1.909147808123974e-08
4.305 1.9020614099122325e-08
4.3100000000000005 1.8945799987223394e-08
4.315 1.9157216965591917e-08
4.32 1.9006090626124763e-08
4.325 1.9023848394523995e-08
4.33 1.8532560454244777e-08
4.335 1.8855820870172474e-08
4.34 1.8442608183156656e-08
4.345 1.854876917605794e-08
4.3500000000000005 1.8740793094628912e-08
4.355 1.8471324471970985e-08
4.36 1.8537159580751465e-08
4.365 1.8198335807736898e-08
4.37 1.8400118321986807e-08
4.375 1.8427537994400754e-08
4.38 1.7985433103208944e-08
4.385 1.844743528951427e-08
4.39 1.842121681043035e-08
4.3950000000000005 1.8338119265685506e-08
4.4 1.848205202012322e-08
4.405 1.8203467669487358e-08
4.41 1.7878113967182965e-08
4.415 1.8560560943336367e-08
4.42 1.8275679601497946e-08
4.425 1.7814134072914693e-08
4.43 1.7356632616088593e-08
4.4350000000000005 1.744974568109153e-08
4.44 1.790829129697185e-08
4.445 1.810264490508548e-08
4.45 1.7776516384646832e-08
4.455 1.7750139711511135e-08
4.46 1.7546814347572365e-08
4.465 1.7488570323803173e-08
4.47 1.764048089889029e-08
4.4750000000000005 1.7594064398466926e-08
4.48 1.8226311229876365e-08
4.485 1.7693029811517727e-08
4.49 1.741139535765211e-08
4.495 1.7824638063722447e-08
4.5 1.7526288346489868e-08
4.505 1.766918533052618e-08
4.51 1.7798744762851955e-08
4.515 1.7416774505826206e-08
4.5200000000000005 1.7183967132399064e-08
4.525 1.7380925510860626e-08
4.53 1.7109783733135153e-08
4.535 1.7215506012932818e-08
4.54 1.739755148562347e-08
4.545 1.7172070587805643e-08
4.55 1.7712052757431294e-08
4.555 1.7322066260732586e-08
4.5600000000000005 1.7067547593420095e-08
4.565 1.672862526690722e-08
4.57 1.709619849744838e-08
4.575 1.6671844899251667e-08
4.58 1.734856597989192e-08
4.585 1.7057729323131743e-08
4.59 1.7274953219782076e-08
4.595 1.7207151990754958e-08
4.6000000000000005 1.669054932672061e-08
4.605 1.6880139144728163e-08
4.61 1.701905331382431e-08
4.615 1.6806511029096848e-08
4.62 1.6532093486021862e-08
4.625 1.68883816012496e-08
4.63 1.7425735756781757e-08
4.635 1.683964630071104e-08
4.64 1.6583133354728478e-08
4.6450000000000005 1.6112856459867664e-08
4.65 1.6424390498395262e-08
4.655 1.6027713612267162e-08
4.66 1.6454577574498947e-08
4.665 1.6531835320598883e-08
4.67 1.657137285872183e-08
4.675 1.670653163797932e-08
4.68 1.6399668523890366e-08
4.6850000000000005 1.6483972058664137e-08
4.69 1.6726849432285987e-08
4.695 1.682670221620954e-08
4.7 1.5777176302372812e-08
4.705 1.5671865770446957e-08
4.71 1.6614432469836783e-08
4.715 1.630498940124351e-08
4.72 1.640437821189977e-08
4.7250000000000005 1.6139949281112985e-08
4.73 1.625794082034401e-08
4.735 1.6125852634847664e-08
4.74 1.584810189816731e-08
4.745 1.563804266755865e-08
4.75 1.586791141045438e-08
4.755 1.5891406191885018e-08
4.76 1.6038091688407446e-08
4.765 1.5689911352089545e-08
4.7700000000000005 1.6370123686926882e-08
4.775 1.5521275449129736e-08
4.78 1.5970653224747368e-08
4.785 1.5976252058518824e-08
4.79 1.5518998072028867e-08
4.795 1.5670855856701523e-08
4.8 1.5856939674283702e-08
4.805 1.579706400785606e-08
4.8100000000000005 1.5560986910707883e-08
4.815 1.5200391061627562e-08
4.82 1.5879618329172863e-08
4.825 1.5310670099554388e-08
4.83 1.5350894081927663e-08
4.835 1.556185348652186e-08
4.84 1.5236007950890867e-08
4.845 1.5615841816060176e-08
4.8500000000000005 1.510966656284288e-08
4.855 1.558293026815911e-08
4.86 1.544177137567431e-08
4.865 1.5244534000052393e-08
4.87 1.5345138364768198e-08
4.875 1.553746851137481e-08
4.88 1.476551935522506e-08
4.885 1.5090119224600685e-08
4.89 1.4983160264944035e-08
4.8950000000000005 1.5310006298681272e-08
4.9 1.527806713924204e-08
4.905 1.5167392083300527e-08
4.91 1.5213737525322782e-08
4.915 1.513629173191823e-08
4.92 1.4870159417250092e-08
4.925 1.497663888682702e-08
4.93 1.5585106617454012e-08
4.9350000000000005 1.446918699920811e-08
4.94 1.4883863606869828e-08
4.945 1.559688808183837e-08
4.95 1.4877709235475183e-08
4.955 1.4677907781914614e-08
4.96 1.4807904149383287e-08
4.965 1.482105677537868e-08
4.97 1.4398921868761931e-08
4.9750000000000005 1.458939504484411e-08
4.98 1.4896580944183379e-08
4.985 1.4700696322581557e-08
4.99 1.4787506752871945e-08
4.995 1.4249332561475331e-08
5.0 1.4625750275432735e-08
5.005 1.4530014887191307e-08
5.01 1.4748092084116192e-08
5.015 1.4321065811335906e-08
5.0200000000000005 1.4455485485969237e-08
5.025 1.4509695885281014e-08
5.03 1.4619665984987678e-08
5.035 1.454623761767322e-08
5.04 1.4682439056132263e-08
5.045 1.4299393595221873e-08
5.05 1.4392452893618758e-08
5.055 1.4889917034069084e-08
5.0600000000000005 1.4308730250987966e-08
5.065 1.4750394357115893e-08
5.07 1.4227359739301575e-08
5.075 1.4559213443863474e-08
5.08 1.4132450058588074e-08
5.085 1.4379452695191774e-08
5.09 1.4025260896896864e-08
5.095 1.3677982085881927e-08
5.1000000000000005 1.4177559449505208e-08
5.105 1.4020959209237442e-08
5.11 1.390932437269295e-08
5.115 1.4178578040873886e-08
5.12 1.384184744272902e-08
5.125 1.4115773456135017e-08
5.13 1.3918486109038366e-08
5.135 1.3578260504100663e-08
5.14 1.4137668750267176e-08
5.1450000000000005 1.4052119118906345e-08
5.15 1.3517049993571108e-08
5.155 1.3718893400549727e-08
5.16 1.375095293126412e-08
5.165 1.3771543100901475e-08
5.17 1.366564751798619e-08
5.175 1.369079054133699e-08
5.18 1.4007675648257351e-08
5.1850000000000005 1.4045773195811359e-08
5.19 1.3521860644781373e-08
5.195 1.4019430835507934e-08
5.2 1.3842325848946135e-08
5.205 1.3703123262257525e-08
5.21 1.376757585615338e-08
5.215 1.365556169463345e-08
5.22 1.3295795359272361e-08
5.2250000000000005 1.3761193468539527e-08
5.23 1.3822901971608775e-08
5.235 1.362471246344673e-08
5.24 1.3823282401155364e-08
5.245 1.357005994785695e-08
5.25 1.3201404116924787e-08
5.255 1.3028173693195457e-08
5.26 1.3102471743811985e-08
5.265 1.3021021491441126e-08
5.2700000000000005 1.3291287383846096e-08
5.275 1.3234602292622392e-08
5.28 1.3740510860516075e-08
5.285 1.3320971795250428e-08
5.29 1.278603799529162e-08
5.295 1.2802509914612996e-08
5.3 1.3566930446262168e-08
5.305 1.3386008315179215e-08
5.3100000000000005 1.318228052814861e-08
5.315 1.3357653736961097e-08
5.32 1.312423453965769e-08
5.325 1.3053186726049437e-08
5.33 1.302625298799722e-08
5.335 1.2890133705134009e-08
5.34 1.2839777552579831e-08
5.345 1.2721823923717387e-08
5.3500000000000005 1.3296995651246868e-08
5.355 1.296043039705575e-08
5.36 1.2558758997869402e-08
5.365 1.3128271612558326e-08
5.37 1.2723175635169214e-08
5.375 1.2985829089566458e-08
5.38 1.2897920251239177e-08
5.385 1.2993742376086327e-08
5.39 1.2764347753218122e-08
5.3950000000000005 1.2826992108613889e-08
5.4 1.2722153118529548e-08
5.405 1.2505300601267716e-08
5.41 1.260951115192242e-08
5.415 1.2795775768090723e-08
5.42 1.2228994845044709e-08
5.425 1.2347060872941786e-08
5.43 1.2480915598434852e-08
5.4350000000000005 1.2491418966048117e-08
5.44 1.2985700517137837e-08
5.445 1.2480466705603598e-08
5.45 1.2569017636574089e-08
5.455 1.2745014149920789e-08
5.46 1.2451678215033058e-08
5.465 1.2507926177351838e-08
5.47 1.2992840894496326e-08
5.4750000000000005 1.2248473814646236e-08
5.48 1.2492472896493052e-08
5.485 1.2002600811218697e-08
5.49 1.2038373554948395e-08
5.495 1.2398820548187568e-08
5.5 1.2366690201449563e-08
5.505 1.22379399684329e-08
5.51 1.2069014991876805e-08
5.515 1.2306869705652016e-08
5.5200000000000005 1.2382586678850929e-08
5.525 1.2154682085588128e-08
5.53 1.1920202909257981e-08
5.535 1.2498730535649986e-08
5.54 1.2306285970832023e-08
5.545 1.205498158704895e-08
5.55 1.2090890802072928e-08
5.555 1.1708961468520747e-08
5.5600000000000005 1.2367604118271101e-08
5.565 1.1951446660974415e-08
5.57 1.2109368857744158e-08
5.575 1.1957900290338193e-08
5.58 1.2377076390763572e-08
5.585 1.1882569906497487e-08
5.59 1.1990396627929384e-08
5.595 1.1712759541196336e-08
5.6000000000000005 1.2234111421727629e-08
5.605 1.21756083848857e-08
5.61 1.1823590584935551e-08
5.615 1.1062771793388446e-08
5.62 1.176864848138501e-08
5.625 1.1461292345711893e-08
5.63 1.1899529236556317e-08
5.635 1.173792470367197e-08
5.64 1.2017003916720777e-08
5.6450000000000005 1.1782935665434863e-08
5.65 1.1910775689759393e-08
5.655 1.1839661632457679e-08
5.66 1.1775329216066303e-08
5.665 1.1919217179191212e-08
5.67 1.1531267536871571e-08
5.675 1.1314632741449704e-08
5.68 1.1496659939280383e-08
5.6850000000000005 1.1333546811291313e-08
5.69 1.1682957446976177e-08
5.695 1.1058491916331336e-08
5.7 1.1675289452468013e-08
5.705 1.1541951040047272e-08
5.71 1.0870257495359965e-08
5.715 1.1522496828820362e-08
5.72 1.169232988805551e-08
5.7250000000000005 1.1302766189744625e-08
5.73 1.1388780357860642e-08
5.735 1.1299265632532216e-08
5.74 1.1372070734216917e-08
5.745 1.091662483485715e-08
5.75 1.1432888623388186e-08
5.755 1.1275276048650476e-08
5.76 1.1503978954416371e-08
5.765 1.0787071387587391e-08
5.7700000000000005 1.127188457278661e-08
5.775 1.1350426464233428e-08
5.78 1.1141408077896263e-08
5.785 1.132774387383458e-08
5.79 1.0974179149320232e-08
5.795 1.0979821459987087e-08
5.8 1.11606122031738e-08
5.805 1.0895346062377336e-08
5.8100000000000005 1.0897744240740242e-08
5.815 1.0940840856699058e-08
5.82 1.0979155376489621e-08
5.825 1.1369593399153951e-08
5.83 1.0452007309061471e-08
5.835 1.1110249758837172e-08
5.84 1.0860456821344884e-08
5.845 1.1145232694420038e-08
5.8500000000000005 1.0762688720538685e-08
5.855 1.1055012734066422e-08
5.86 1.1035798536758903e-08
5.865 1.090348056536964e-08
5.87 1.0541702203859523e-08
5.875 1.071349694478903e-08
5.88 1.0989468760527532e-08
5.885 1.070516634454219e-08
5.89 1.0650157438444943e-08
5.8950000000000005 1.0617041236318857e-08
5.9 1.0701000439952244e-08
5.905 1.1013292167706662e-08
5.91 1.0824224263257858e-08
5.915 1.0684303378329386e-08
5.92 1.076279210219047e-08
5.925 1.0781210867994379e-08
5.93 1.0358022643679737e-08
5.9350000000000005 1.057152706803896e-08
5.94 1.0462600479040945e-08
5.945 1.073601800255273e-08
5.95 1.0504634261122648e-08
5.955 1.0523529609521985e-08
5.96 9.992840822951212e-09
5.965 1.0611631763999382e-08
5.97 1.070188025205972e-08
5.9750000000000005 1.0146722270652918e-08
5.98 1.036814108902472e-08
5.985 1.078979284276229e-08
5.99 1.07701108585063e-08
5.995 1.0840457161606946e-08
6.0 1.0327308192928704e-08
6.005 1.0214084783301452e-08
6.01 1.0508992479121466e-08
6.015000000000001 1.0201084917895598e-08
6.0200000000000005 1.0467510059794479e-08
6.025 1.0099152743277743e-08
6.03 1.0985467196013716e-08
6.035 1.0011261076443714e-08
6.04 9.801340644837432e-09
6.045 1.0130076242903258e-08
6.05 1.0292844354483503e-08
6.055 1.0147579367844752e-08
6.0600000000000005 1.0501202399435366e-08
6.065 1.0461116647540152e-08
6.07 1.0185507209444073e-08
6.075 9.663920678170944e-09
6.08 9.67549893125213e-09
6.085 1.0197101566553056e-08
6.09 1.0361821287545887e-08
6.095 1.0084080391254395e-08
6.1000000000000005 1.007994329432792e-08
6.105 9.625989833353934e-09
6.11 9.896718595117352e-09
6.115 9.958251770974034e-09
6.12 1.0063929681374845e-08
6.125 1.0030162459350237e-08
6.13 9.686043806891222e-09
6.135 9.834220774495897e-09
6.140000000000001 9.894107781005919e-09
6.1450000000000005 1.0096458854588882e-08
6.15 9.832263732856576e-09
6.155 9.732116906175863e-09
6.16 9.695062900208627e-09
6.165 1.0006411356002489e-08
6.17 1.0010576279318506e-08
6.175 9.850859466085578e-09
6.18 9.79860267655806e-09
6.1850000000000005 9.839635693420371e-09
6.19 9.707130507691761e-09
6.195 9.907560620730568e-09
6.2 9.485128030663686e-09
6.205 9.7543769299295e-09
6.21 9.749255792527084e-09
6.215 1.0023196978768945e-08
6.22 9.154184053039118e-09
6.2250000000000005 9.76826719681396e-09
6.23 9.572001989081358e-09
6.235 1.0135212237712249e-08
6.24 9.597228845999696e-09
6.245 9.675676654347273e-09
6.25 9.69666663168472e-09
6.255 9.858387327818793e-09
6.26 9.76647974271617e-09
6.265000000000001 9.653914657192519e-09
6.2700000000000005 9.39507084312123e-09
6.275 9.819312893581825e-09
6.28 9.629544882577207e-09
6.285 9.95507868192681e-09
6.29 9.629099095632005e-09
6.295 9.441513614098256e-09
6.3 9.955685468945993e-09
6.305 9.584703316988666e-09
6.3100000000000005 9.521478032735363e-09
6.315 9.437450207844132e-09
6.32 9.082067329454727e-09
6.325 8.938607163017984e-09
6.33 9.541117197506736e-09
6.335 9.297191296792872e-09
6.34 9.17044186784123e-09
6.345 9.558877160384278e-09
6.3500000000000005 9.189660535500718e-09
6.355 9.021945170484902e-09
6.36 1.0014108551754424e-08
6.365 9.052301019489034e-09
6.37 9.246585230086867e-09
6.375 9.289491514218134e-09
6.38 9.391179399329185e-09
6.385 8.938489995670386e-09
6.390000000000001 9.15025247460649e-09
6.3950000000000005 8.85964395562227e-09
6.4 8.678348559434704e-09
6.405 9.073874357579032e-09
6.41 9.103610806068667e-09
6.415 8.923564951244035e-09
6.42 9.354768965213408e-09
6.425 9.570816908563422e-09
6.43 8.960021021504556e-09
6.4350000000000005 8.785727237128087e-09
6.44 9.03320480733066e-09
6.445 9.341947680224458e-09
6.45 9.403123520700744e-09
6.455 9.188503190651753e-09
6.46 8.812115300034786e-09
6.465 8.911344812473776e-09
6.47 8.981639655467297e-09
6.4750000000000005 9.093290047597867e-09
6.48 8.963654192211784e-09
6.485 8.963690527520083e-09
6.49 9.237124775592528e-09
6.495 8.64062340067375e-09
6.5 8.982206020569856e-09
6.505 9.293941645163469e-09
6.51 9.049010350362526e-09
6.515000000000001 9.398546101910148e-09
6.5200000000000005 8.557780406445083e-09
6.525 9.149798204771945e-09
6.53 8.700193640191929e-09
6.535 8.926495862006712e-09
6.54 8.879563415448444e-09
6.545 8.785300588001218e-09
6.55 8.714462771874147e-09
6.555 8.86119478533704e-09
6.5600000000000005 8.583421709474436e-09
6.565 8.456563803966765e-09
6.57 9.140832094301685e-09
6.575 8.538430696982301e-09
6.58 9.038781016055257e-09
6.585 9.066938214132595e-09
6.59 8.716745147530553e-09
6.595 8.577727055677497e-09
6.6000000000000005 8.265390103360838e-09
6.605 8.437159466800515e-09
6.61 8.462636861932362e-09
6.615 8.486066438200377e-09
6.62 8.417360182577655e-09
6.625 8.641556634858863e-09
6.63 8.923834067426955e-09
6.635 8.98785526243481e-09
6.640000000000001 9.060611165918178e-09
6.6450000000000005 8.964403734202252e-09
6.65 8.470773923101723e-09
6.655 8.454408025849353e-09
6.66 8.424237381961902e-09
6.665 8.509520802009052e-09
6.67 8.425892283538248e-09
6.675 8.75826268750089e-09
6.68 8.698321717795493e-09
6.6850000000000005 8.971734013117055e-09
6.69 8.443840922804306e-09
6.695 8.597890966233283e-09
6.7 8.670476528641052e-09
6.705 8.447620646159926e-09
6.71 8.54898039726771e-09
6.715 8.555591925663243e-09
6.72 8.680085153155647e-09
6.7250000000000005 8.183595766789689e-09
6.73 8.425515700345852e-09
6.735 8.807385159915386e-09
6.74 8.464882869806274e-09
6.745 8.544415875915337e-09
6.75 8.04945475559359e-09
6.755 8.319083409923272e-09
6.76 8.39939826985646e-09
6.765000000000001 8.28831929280453e-09
6.7700000000000005 7.856493912515165e-09
6.775 8.415171610867381e-09
6.78 8.304888827347704e-09
6.785 8.254685721459903e-09
6.79 8.264872087166662e-09
6.795 8.54345320852773e-09
6.8 8.078950864841853e-09
6.805 8.201509653036586e-09
6.8100000000000005 7.726158684759909e-09
6.815 8.307073069791963e-09
6.82 8.28352443239108e-09
6.825 7.721108193526979e-09
6.83 8.100335204035304e-09
6.835 7.701589979971992e-09
6.84 8.059408399013224e-09
6.845 7.68596634481374e-09
6.8500000000000005 7.959297874693768e-09
6.855 7.627997313930874e-09
6.86 8.021996298668477e-09
6.865 8.127667387312272e-09
6.87 7.942644885799345e-09
6.875 7.69613358539197e-09
6.88 7.599441379777604e-09
6.885 8.247754333540369e-09
6.890000000000001 7.984884094088848e-09
6.8950000000000005 7.679942023576e-09
6.9 8.111979027342768e-09
6.905 7.747290534361314e-09
6.91 7.681604360649908e-09
6.915 7.543694648539895e-09
6.92 7.984106170114187e-09
6.925 8.109982484869795e-09
6.93 7.70456591915753e-09
6.9350000000000005 7.759071058662343e-09
6.94 8.300643218319365e-09
6.945 7.755455090617233e-09
6.95 7.76071522802867e-09
6.955 7.504005719306507e-09
6.96 7.849505837192762e-09
6.965 7.859830336620187e-09
6.97 7.534478580645006e-09
6.9750000000000005 7.830217972269976e-09
6.98 7.762497479633384e-09
6.985 7.799191665318116e-09
6.99 7.74514805196498e-09
6.995 7.484425630493731e-09
7.0 7.805238688631327e-09
7.005 7.761479960948332e-09
7.01 7.628300492005692e-09
7.015000000000001 7.792582078528309e-09
7.0200000000000005 7.699655237457498e-09
7.025 7.545854600303355e-09
7.03 7.268380614941244e-09
7.035 7.778303544861764e-09
7.04 7.6531499634317e-09
7.045 7.632528810608333e-09
7.05 7.656777272280197e-09
7.055 7.549279595246557e-09
7.0600000000000005 7.492136236364942e-09
7.065 7.716823430538875e-09
7.07 7.460516374880283e-09
7.075 7.52036240948186e-09
7.08 7.63776600600531e-09
7.085 7.520781198038078e-09
7.09 7.48246427015319e-09
7.095 7.548073323983324e-09
7.1000000000000005 7.537265878469903e-09
7.105 7.580053820793739e-09
7.11 7.444416941860063e-09
7.115 7.669556012873004e-09
7.12 7.473496824791407e-09
7.125 7.024200281163428e-09
7.13 7.183933105892301e-09
7.135 7.444460506754502e-09
7.140000000000001 7.463225092711163e-09
7.1450000000000005 7.537501635435916e-09
7.15 7.355410458909233e-09
7.155 7.487405764301596e-09
7.16 7.597577851322182e-09
7.165 7.95273921538203e-09
7.17 7.451069453512075e-09
7.175 7.694988928728178e-09
7.18 7.329457990298507e-09
7.1850000000000005 7.477536103730754e-09
7.19 7.538558368430977e-09
7.195 7.303874656972723e-09
7.2 7.633324393431622e-09
7.205 7.472309780086146e-09
7.21 6.909440151073833e-09
7.215 7.027881638507645e-09
7.22 7.2847129890980316e-09
7.2250000000000005 6.985668090913362e-09
7.23 7.3986930552637576e-09
7.235 7.0587869179847995e-09
7.24 7.162032352061416e-09
7.245 7.348078630644538e-09
7.25 7.238888577587942e-09
7.255 7.071920630719917e-09
7.26 7.522678387188343e-09
7.265000000000001 7.489931735478386e-09
7.2700000000000005 7.07457537221522e-09
7.275 7.402193832948075e-09
7.28 7.2739610006690984e-09
7.285 7.00633044643758e-09
7.29 7.301550268634185e-09
7.295 6.945849182141613e-09
7.3 6.774082095216054e-09
7.305 6.575109719470057e-09
7.3100000000000005 7.034828424509621e-09
7.315 7.084437544021192e-09
7.32 6.969555890402836e-09
7.325 6.7306565287678144e-09
7.33 6.449808605103933e-09
7.335 7.137256122256614e-09
7.34 7.05535416798126e-09
7.345 6.782563899650692e-09
7.3500000000000005 7.4040898948362235e-09
7.355 6.838593529788891e-09
7.36 7.090834314879633e-09
7.365 7.108839543546318e-09
7.37 6.5910530787853316e-09
7.375 6.901214622602745e-09
7.38 6.7589001812869634e-09
7.385 6.769172849886579e-09
7.390000000000001 6.83516401452408e-09
7.3950000000000005 7.149545689201964e-09
7.4 6.8847402842354836e-09
7.405 7.060307761515168e-09
7.41 6.897708236457624e-09
7.415 7.070221857782128e-09
7.42 6.6415542065009284e-09
7.425 7.067992502121758e-09
7.43 7.1339238804891835e-09
7.4350000000000005 6.795574832797735e-09
7.44 7.023618078328656e-09
7.445 6.8533136625613465e-09
7.45 7.439861600136687e-09
7.455 7.095651012651771e-09
7.46 6.582882411120057e-09
7.465 7.13136497924529e-09
7.47 7.2371598538501306e-09
7.4750000000000005 7.0112577729434674e-09
7.48 6.85854910661458e-09
7.485 6.785851095835091e-09
7.49 6.578186010559582e-09
7.495 6.862179205201008e-09
7.5 6.696019026113158e-09
7.505 6.749248570641511e-09
7.51 6.934280455541169e-09
7.515000000000001 6.657152613722955e-09
7.5200000000000005 6.307652222061172e-09
7.525 6.592853847684437e-09
7.53 6.677216539573085e-09
7.535 6.9081444353232495e-09
7.54 6.607703216452895e-09
7.545 6.489298887578349e-09
7.55 6.6657849919014726e-09
7.555 6.3678485046501174e-09
7.5600000000000005 6.699835124596517e-09
7.565 7.00829947066246e-09
7.57 6.466358326652222e-09
7.575 6.671185880521629e-09
7.58 6.726762905122733e-09
7.585 6.585815080917748e-09
7.59 6.707699651545422e-09
7.595 6.497638765464871e-09
7.6000000000000005 6.437102140540489e-09
7.605 6.615636530291577e-09
7.61 6.370927208054413e-09
7.615 6.5751250350729595e-09
7.62 6.392964995940252e-09
7.625 6.424029891215269e-09
7.63 6.9190996519833575e-09
7.635 6.7832453336802955e-09
7.640000000000001 6.500139971157092e-09
7.6450000000000005 6.585079383864012e-09
7.65 6.32511860260322e-09
7.655 6.621854291743793e-09
7.66 6.612054621169156e-09
7.665 6.231201607196306e-09
7.67 6.325333246499547e-09
7.675 6.2147422283437534e-09
7.68 6.711490947613244e-09
7.6850000000000005 6.06385600667667e-09
7.69 6.405092983043452e-09
7.695 6.349199123152284e-09
7.7 6.410260867644317e-09
7.705 6.2238348729398354e-09
7.71 6.4069917617348935e-09
7.715 6.474983367833127e-09
7.72 6.146460145462804e-09
7.7250000000000005 6.357995655256309e-09
7.73 6.4622488819803734e-09
7.735 6.053404499614304e-09
7.74 6.235089772581718e-09
7.745 6.157563422773585e-09
7.75 6.213080039590264e-09
7.755 6.022215628386112e-09
7.76 6.238955707324403e-09
7.765000000000001 6.419191629017636e-09
7.7700000000000005 6.503036278631943e-09
7.775 6.3273275359329e-09
7.78 6.464574030852723e-09
7.785 6.225181267198092e-09
7.79 6.420536495255731e-09
7.795 6.361964775806102e-09
7.8 6.225309016445785e-09
7.805000000000001 6.361623459265468e-09
7.8100000000000005 6.244661727195772e-09
7.815 6.012599564836527e-09
7.82 6.154884754725068e-09
7.825 6.421570238991638e-09
7.83 6.480929636667526e-09
7.835 6.327206740456032e-09
7.84 6.340728873339492e-09
7.845 5.860763330672371e-09
7.8500000000000005 6.232881475375365e-09
7.855 5.825904640241202e-09
7.86 6.058699212266567e-09
7.865 5.8760367057384514e-09
7.87 6.249435672446819e-09
7.875 6.260747915025085e-09
7.88 6.149763610462855e-09
7.885 6.201086935992738e-09
7.890000000000001 5.807437791296786e-09
7.8950000000000005 6.190004223930515e-09
7.9 5.973423714795928e-09
7.905 6.3352871057575475e-09
7.91 6.113976231362412e-09
7.915 6.00706630703616e-09
7.92 6.1173479040340105e-09
7.925 5.687493955844876e-09
7.930000000000001 6.2982909004249835e-09
7.9350000000000005 5.551731921589439e-09
7.94 6.162985280907821e-09
7.945 5.870578688337578e-09
7.95 5.777278441021071e-09
7.955 6.125402710036417e-09
7.96 5.9105844742581425e-09
7.965 6.0148103730223865e-09
7.97 5.9720272480669336e-09
7.9750000000000005 6.034116941989208e-09
7.98 5.755931634739913e-09
7.985 5.8879233350655484e-09
7.99 5.85326682210689e-09
7.995 5.962386152688086e-09
8.0 5.929345988392332e-09
8.25 2.849069643993477e-07
8.5 2.7320838005068205e-07
8.75 2.5230797681154955e-07
9.0 2.392107898816646e-07
9.25 2.2677786039213845e-07
9.5 2.137486893163569e-07
9.75 2.0027092607133926e-07
10.0 1.8897630483350125e-07
10.25 1.8085740776375667e-07
10.5 1.691908954360145e-07
10.75 1.6085547927959595e-07
11.0 1.5094378338166525e-07
11.25 1.460345725724274e-07
11.5 1.3627982823577026e-07
11.75 1.306341491796104e-07
12.0 1.2521469044433846e-07
12.25 1.1555215837361836e-07
12.5 1.1231511031131302e-07
12.75 1.0763345285374516e-07
13.0 1.01028013897553e-07
13.25 9.647585876280522e-08
13.5 9.305284574834438e-08
13.75 9.114373172743564e-08
14.0 8.555107640540648e-08
14.25 8.253147669146098e-08
14.5 7.862866862461359e-08
14.75 7.618626463384722e-08
15.0 7.256129510141043e-08
15.25 6.94644788058882e-08
15.5 6.650084372694058e-08
15.75 6.355040871340801e-08
16.0 6.191884307212656e-08
16.25 5.8124241869054354e-08
16.5 5.6686612163598285e-08
16.75 5.42332182976736e-08
17.0 5.3455534259263745e-08
17.25 5.103087098162478e-08
17.5 4.9209117087959265e-08
17.75 4.6647714801090936e-08
18.0 4.619896850542368e-08
18.25 4.4263899129328606e-08
18.5 4.216291943215497e-08
18.75 4.109693617777184e-08
19.0 3.893621918529692e-08
19.25 3.7332156500057974e-08
19.5 3.734981938339299e-08
19.75 3.485962732751311e-08
