0.005 4.137442252097957e-11
0.01 3.716925587147528e-09
0.015 1.890139826298113e-08
0.02 3.1618384402339435e-08
0.025 4.2340303314112654e-08
0.03 5.263301190657288e-08
0.035 6.188018816900882e-08
0.04 7.02952125848108e-08
0.045 7.810095527966932e-08
0.05 8.522980585309002e-08
0.055 9.173345239325198e-08
0.06 9.817757823136864e-08
0.065 1.0463993239027852e-07
0.07 1.114438405414367e-07
0.075 1.1278110385446819e-07
0.08 1.1148496329911352e-07
0.085 1.1011077192819655e-07
0.09 1.0954979916073301e-07
0.095 1.1006440102766638e-07
0.1 1.1109265737262978e-07
0.105 1.1236020078317109e-07
0.11 1.1415788119195021e-07
0.115 1.1596052667331524e-07
0.12 1.181657199243275e-07
0.125 1.206804680775186e-07
0.13 1.2325252501977202e-07
0.135 1.26138537302915e-07
0.14 1.2906806809745525e-07
0.145 1.319005934859061e-07
0.15 1.3414724890068517e-07
0.155 1.3640469308807036e-07
0.16 1.38317687468953e-07
0.165 1.3989205717138424e-07
0.17 1.415725457671095e-07
0.17500000000000002 1.430912249552756e-07
0.18 1.4437518759392503e-07
0.185 1.4622477640338375e-07
0.19 1.476287474637811e-07
0.195 1.4925848698975637e-07
0.2 1.5082810501854194e-07
0.20500000000000002 1.5263369648977406e-07
0.21 1.5423012594856644e-07
0.215 1.562583703714693e-07
0.22 1.578851379588635e-07
0.225 1.5983744942699653e-07
0.23 1.6216483412448915e-07
0.23500000000000001 1.636696292869309e-07
0.24 1.654749743076384e-07
0.245 1.676752639759393e-07
0.25 1.6960365234411325e-07
0.255 1.712645856111275e-07
0.26 1.732885156438203e-07
0.265 1.751920359931629e-07
0.27 1.769321927977868e-07
0.275 1.7906043954136392e-07
0.28 1.8120567308418104e-07
0.28500000000000003 1.8291172904931896e-07
0.29 1.8526314643335408e-07
0.295 1.8737442771890718e-07
0.3 1.9005895332238824e-07
0.305 1.922382440015255e-07
0.31 1.9523673989245167e-07
0.315 1.9763843097703994e-07
0.32 2.0029272536150817e-07
0.325 2.0377741997447575e-07
0.33 2.0674005304724264e-07
0.335 2.1020173341617177e-07
0.34 2.1338430490994835e-07
0.34500000000000003 2.1790467606720508e-07
0.35000000000000003 2.2130959468370067e-07
0.355 2.259236010618928e-07
0.36 2.3011270340375167e-07
0.365 2.3451805241359106e-07
0.37 2.397172970555099e-07
0.375 2.450537011754813e-07
0.38 2.5034381895571033e-07
0.385 2.558471838741135e-07
0.39 2.609663842116724e-07
0.395 2.6776692560250235e-07
0.4 2.734086234735072e-07
0.405 2.8057196705354447e-07
0.41000000000000003 2.873597997247353e-07
0.41500000000000004 2.943137684894663e-07
0.42 3.024937331072802e-07
0.425 3.097975454356447e-07
0.43 3.1782710089704325e-07
0.435 3.2774548866213963e-07
0.44 3.362914979899449e-07
0.445 3.4481724001185934e-07
0.45 3.552046319306165e-07
0.455 3.653049397953481e-07
0.46 3.7558664088941967e-07
0.465 3.859683399491961e-07
0.47000000000000003 3.970703560338408e-07
0.47500000000000003 4.0755405379269065e-07
0.48 4.183668874445121e-07
0.485 4.3104637113754693e-07
0.49 4.42315685190588e-07
0.495 4.530516375614743e-07
0.5 4.665714262231023e-07
0.505 4.78739585904047e-07
0.51 4.923393028560571e-07
0.515 5.038498139230878e-07
0.52 5.180791568059039e-07
0.525 5.312602098474147e-07
0.53 5.435302765871613e-07
0.535 5.569835998243538e-07
0.54 5.698563845375605e-07
0.545 5.817925612524473e-07
0.55 5.949391138945153e-07
0.555 6.061117436552139e-07
0.56 6.185701748620097e-07
0.5650000000000001 6.305522650312681e-07
0.5700000000000001 6.41700855366038e-07
0.5750000000000001 6.545903352981128e-07
0.58 6.655656502451867e-07
0.585 6.767669329654862e-07
0.59 6.868796144987397e-07
0.595 6.993447376841042e-07
0.6 7.098675009088719e-07
0.605 7.217025357390603e-07
0.61 7.318905354631248e-07
0.615 7.443506020596209e-07
0.62 7.528484421768625e-07
0.625 7.662973007004232e-07
0.63 7.765138477962474e-07
0.635 7.887504590205535e-07
0.64 7.996370154169887e-07
0.645 8.095569962372042e-07
0.65 8.200471454333035e-07
0.655 8.318946448614713e-07
0.66 8.423888356259766e-07
0.665 8.545359791315925e-07
0.67 8.637611472970293e-07
0.675 8.740400201974294e-07
0.68 8.855759290972966e-07
0.685 8.922887120697853e-07
0.6900000000000001 9.01321596957487e-07
0.6950000000000001 9.104359279287183e-07
0.7000000000000001 9.188163058976775e-07
0.705 9.284783929185016e-07
0.71 9.369321271370578e-07
0.715 9.462890584950335e-07
0.72 9.541253582685105e-07
0.725 9.60016263061194e-07
0.73 9.663986777435282e-07
0.735 9.746528161698294e-07
0.74 9.775352183623158e-07
0.745 9.853896564307877e-07
0.75 9.912676642142783e-07
0.755 9.97142647491413e-07
0.76 1.0010130504475685e-06
0.765 1.0035664911727305e-06
0.77 1.0093491517256022e-06
0.775 1.0117654112483642e-06
0.78 1.012864995828748e-06
0.785 1.0166742914170184e-06
0.79 1.0186781971078306e-06
0.795 1.0210326803680142e-06
0.8 1.0236111401687258e-06
0.805 1.022177472448539e-06
0.81 1.0229779110252236e-06
0.8150000000000001 1.0227265279764636e-06
0.8200000000000001 1.0231663150632544e-06
0.8250000000000001 1.021144441685801e-06
0.8300000000000001 1.0201210688295891e-06
0.835 1.0190629548359419e-06
0.84 1.01803131057836e-06
0.845 1.0146604643608163e-06
0.85 1.0114484413548882e-06
0.855 1.0092596489136927e-06
0.86 1.006938540759139e-06
0.865 1.0006638082880238e-06
0.87 9.986190006149209e-07
0.875 9.944457625383025e-07
0.88 9.902907317380029e-07
0.885 9.84158550815636e-07
0.89 9.805147511411513e-07
0.895 9.731892861863934e-07
0.9 9.67119587950443e-07
0.905 9.606655708209505e-07
0.91 9.53735058580705e-07
0.915 9.485573653376737e-07
0.92 9.413055038930963e-07
0.925 9.331969131718901e-07
0.93 9.250569199929799e-07
0.935 9.160350543871942e-07
0.9400000000000001 9.109763226583038e-07
0.9450000000000001 9.034583191467925e-07
0.9500000000000001 8.924519550565547e-07
0.9550000000000001 8.851018048289628e-07
0.96 8.767405526282823e-07
0.965 8.656132054237487e-07
0.97 8.558400109814383e-07
0.975 8.456506875431845e-07
0.98 8.368044372920761e-07
0.985 8.255430831626967e-07
0.99 8.168289361263377e-07
0.995 8.071491804950737e-07
1.0 7.973095995179251e-07
1.0050000000000001 7.872689619084648e-07
1.01 7.73968995550065e-07
1.0150000000000001 7.645394065098035e-07
1.02 7.529332622438878e-07
1.025 7.439354878716203e-07
1.03 7.340411694108046e-07
1.035 7.203227877926876e-07
1.04 7.098818226170605e-07
1.045 7.003084239306071e-07
1.05 6.884139931130136e-07
1.055 6.786084661796291e-07
1.06 6.666948195880248e-07
1.065 6.553036670675571e-07
1.07 6.465135265306739e-07
1.075 6.325497805612209e-07
1.08 6.223135357388572e-07
1.085 6.125073846582388e-07
1.09 6.029156742355023e-07
1.095 5.930862452277547e-07
1.1 5.789074543121811e-07
1.105 5.702478551507373e-07
1.11 5.607539067199731e-07
1.115 5.50738641813683e-07
1.12 5.398516711153122e-07
1.125 5.293421474381578e-07
1.1300000000000001 5.219812751801474e-07
1.135 5.133044970199787e-07
1.1400000000000001 5.021528274014346e-07
1.145 4.9340981732822e-07
1.1500000000000001 4.853398777281688e-07
1.155 4.745276857491047e-07
1.16 4.673678150713684e-07
1.165 4.584434445066491e-07
1.17 4.4997899160630756e-07
1.175 4.4174072086242714e-07
1.18 4.326709914997871e-07
1.185 4.2636841642810744e-07
1.19 4.193167820769958e-07
1.195 4.097225800091348e-07
1.2 4.0268691286424464e-07
1.205 3.950069909707408e-07
1.21 3.8684921365268076e-07
1.215 3.821404239975235e-07
1.22 3.731586789897455e-07
1.225 3.674833470341043e-07
1.23 3.604511761844573e-07
1.235 3.53741228610115e-07
1.24 3.479313679994418e-07
1.245 3.4137995780750637e-07
1.25 3.360783443350612e-07
1.2550000000000001 3.2877358322271675e-07
1.26 3.229216656100147e-07
1.2650000000000001 3.177194834482269e-07
1.27 3.129231852979244e-07
1.2750000000000001 3.0744705807548333e-07
1.28 2.995416375385697e-07
1.285 2.9460041989331815e-07
1.29 2.9057786087064824e-07
1.295 2.853444845343492e-07
1.3 2.780835149978034e-07
1.305 2.744182611904065e-07
1.31 2.703344883197476e-07
1.315 2.640144304171052e-07
1.32 2.604995796799804e-07
1.325 2.5580610106530296e-07
1.33 2.4991606066213646e-07
1.335 2.4551747604587705e-07
1.34 2.4237142056502485e-07
1.345 2.3757487918109675e-07
1.35 2.3423817556632658e-07
1.355 2.2885606146883398e-07
1.36 2.2467875144465547e-07
1.365 2.210302227447994e-07
1.37 2.169284210390937e-07
1.375 2.128084646774249e-07
1.3800000000000001 2.0871073321483914e-07
1.385 2.0543910730354046e-07
1.3900000000000001 2.0248126107716718e-07
1.395 1.975432330816881e-07
1.4000000000000001 1.9447561617721503e-07
1.405 1.9254590640278213e-07
1.41 1.8793187213806762e-07
1.415 1.8357036499774247e-07
1.42 1.8053997971865643e-07
1.425 1.777180009951535e-07
1.43 1.7441928194631496e-07
1.435 1.7120224662562652e-07
1.44 1.6875817078764979e-07
1.445 1.653875305766812e-07
1.45 1.619202820835688e-07
1.455 1.59408720992926e-07
1.46 1.5770523905717244e-07
1.465 1.5376563534018582e-07
1.47 1.5187723140169576e-07
1.475 1.4906293119304652e-07
1.48 1.4555595507047336e-07
1.485 1.432870985396019e-07
1.49 1.4079450152120148e-07
1.495 1.382391808656483e-07
1.5 1.3612783034193506e-07
1.5050000000000001 1.3360129644486562e-07
1.51 1.3076422295621166e-07
1.5150000000000001 1.2828054874560164e-07
1.52 1.2659670694176638e-07
1.5250000000000001 1.2397857330189836e-07
1.53 1.2109021904073411e-07
1.5350000000000001 1.1948957039581775e-07
1.54 1.1660670809138917e-07
1.545 1.1425656526910959e-07
1.55 1.1290314492369954e-07
1.555 1.1135242358954789e-07
1.56 1.0878158969374978e-07
1.565 1.0638699050325266e-07
1.57 1.0431305632025059e-07
1.575 1.0299777917354137e-07
1.58 1.000848214619186e-07
1.585 9.876371119472489e-08
1.59 9.699055372763423e-08
1.595 9.65239035389708e-08
1.6 9.406475046164658e-08
1.605 9.193688443958763e-08
1.61 9.091390805415536e-08
1.615 8.904852803537437e-08
1.62 8.745087420749315e-08
1.625 8.637868433562422e-08
1.6300000000000001 8.434696615123126e-08
1.635 8.279396385159609e-08
1.6400000000000001 8.127708798291432e-08
1.645 7.976690328513816e-08
1.6500000000000001 7.816009681772976e-08
1.655 7.736802454364954e-08
1.6600000000000001 7.611796177612506e-08
1.665 7.434188381987791e-08
1.67 7.34601778685901e-08
1.675 7.177126616657611e-08
1.68 7.063606845375501e-08
1.685 6.933827437822161e-08
1.69 6.850782160740074e-08
1.695 6.708350917155354e-08
1.7 6.616413204992131e-08
1.705 6.494530984975368e-08
1.71 6.384179850759311e-08
1.715 6.241836614220892e-08
1.72 6.19864744118806e-08
1.725 6.017951024985514e-08
1.73 5.942988496255832e-08
1.735 5.830153139726982e-08
1.74 5.759005016015478e-08
1.745 5.6701904498763773e-08
1.75 5.5704266709908946e-08
1.7550000000000001 5.574606762334775e-08
1.76 5.451424292044947e-08
1.7650000000000001 5.3264531826374046e-08
1.77 5.219409558398048e-08
1.7750000000000001 5.233133953725209e-08
1.78 5.145836420638352e-08
1.7850000000000001 5.0082110459566454e-08
1.79 4.9960437565028166e-08
1.795 4.930452776812756e-08
1.8 4.8250365374531605e-08
1.805 4.804735873894291e-08
1.81 4.7339891914821795e-08
1.815 4.659931316392429e-08
1.82 4.635486529080412e-08
1.825 4.565258661202095e-08
1.83 4.5045458543687206e-08
1.835 4.4592555097119826e-08
1.84 4.422817950050013e-08
1.845 4.391690164180812e-08
1.85 4.304129272629142e-08
1.855 4.2632150804730496e-08
1.86 4.144638719180677e-08
1.865 4.1385267521942555e-08
1.87 4.08140239819922e-08
1.875 4.0683352309890293e-08
1.8800000000000001 4.050894457338544e-08
1.885 3.981738824906903e-08
1.8900000000000001 3.889173852582955e-08
1.895 3.894497019957281e-08
1.9000000000000001 3.863099247944803e-08
1.905 3.82277588052254e-08
1.9100000000000001 3.739527235380706e-08
1.915 3.7561926345884824e-08
1.92 3.736485124708012e-08
1.925 3.6553931171964674e-08
1.93 3.668406005239099e-08
1.935 3.587264833273839e-08
1.94 3.5752100340574445e-08
1.945 3.510169967587416e-08
1.95 3.516073244216536e-08
1.955 3.497287206843947e-08
1.96 3.399545134985306e-08
1.965 3.414329570726164e-08
1.97 3.437448857589599e-08
1.975 3.428655377031729e-08
1.98 3.3376281026330536e-08
1.985 3.3180250872806813e-08
1.99 3.280535929278696e-08
1.995 3.3077983557327256e-08
2.0 3.267058476089547e-08
2.005 3.242433489799824e-08
2.0100000000000002 3.1977343175070655e-08
2.015 3.18502045321144e-08
2.02 3.090962961565123e-08
2.025 3.170102417627286e-08
2.0300000000000002 3.071602081481184e-08
2.035 3.1021645254712106e-08
2.04 3.0747586651628566e-08
2.045 3.0494589107593534e-08
2.05 3.03559887384261e-08
2.055 2.978855251630418e-08
2.06 3.0161375129267675e-08
2.065 2.9722641145347484e-08
2.07 2.868605951136162e-08
2.075 2.935249085665434e-08
2.08 2.8876111231482834e-08
2.085 2.890926362756697e-08
2.09 2.8189477323453138e-08
2.095 2.8498353883872135e-08
2.1 2.803665473442623e-08
2.105 2.8063608718187675e-08
2.11 2.8042546023528404e-08
2.115 2.8055480550760228e-08
2.12 2.751121082155863e-08
2.125 2.7917780865540222e-08
2.13 2.6799679978218163e-08
2.1350000000000002 2.7304335233870576e-08
2.14 2.6707763584795223e-08
2.145 2.6685316795746808e-08
2.15 2.6657794369893544e-08
2.1550000000000002 2.658473059956833e-08
2.16 2.6158883034979753e-08
2.165 2.6032642462675525e-08
2.17 2.61485587206184e-08
2.1750000000000003 2.607398425191516e-08
2.18 2.5724129216551392e-08
2.185 2.5210910769231688e-08
2.19 2.5328995805355055e-08
2.195 2.5017054304510534e-08
2.2 2.5267610269108065e-08
2.205 2.4812450389679227e-08
2.21 2.4651616590950497e-08
2.215 2.458514221030376e-08
2.22 2.460280587128155e-08
2.225 2.4270888895215034e-08
2.23 2.474968652509038e-08
2.235 2.4068164824201565e-08
2.24 2.354273304921768e-08
2.245 2.363970323995123e-08
2.25 2.3889972494640426e-08
2.255 2.3397720607816247e-08
2.2600000000000002 2.333113799903586e-08
2.265 2.3206229679072087e-08
2.27 2.3289515309845118e-08
2.275 2.2845630114011746e-08
2.2800000000000002 2.3128091979467207e-08
2.285 2.2704313388937535e-08
2.29 2.2772280304965084e-08
2.295 2.2657390545452214e-08
2.3000000000000003 2.243889980405917e-08
2.305 2.261172875515707e-08
2.31 2.2122706966012348e-08
2.315 2.2236847638604797e-08
2.32 2.214160463724522e-08
2.325 2.1724750357639407e-08
2.33 2.177127976625543e-08
2.335 2.1486333571333826e-08
2.34 2.156862533354732e-08
2.345 2.2326858574192018e-08
2.35 2.1542383291191546e-08
2.355 2.1616798818278792e-08
2.36 2.1238291827290037e-08
2.365 2.0790639436663697e-08
2.37 2.054226306903721e-08
2.375 2.0779165842969906e-08
2.38 2.0855797382353802e-08
2.3850000000000002 2.0494905239160906e-08
2.39 2.0980552466175042e-08
2.395 2.0458893991794048e-08
2.4 2.0407704080910898e-08
2.4050000000000002 2.0268479674338047e-08
2.41 2.009493204564476e-08
2.415 1.9893698145350777e-08
2.42 2.0034817547164065e-08
2.4250000000000003 2.0192141473676903e-08
2.43 1.97261334250279e-08
2.435 1.9947376783703418e-08
2.44 1.946858641112939e-08
2.445 1.9788414795959625e-08
2.45 1.9399288322704197e-08
2.455 1.9422980898166333e-08
2.46 1.931814273505896e-08
2.465 1.9112261328708496e-08
2.47 1.8946351845822225e-08
2.475 1.9195582836405424e-08
2.48 1.90123510049004e-08
2.485 1.898491531300132e-08
2.49 1.8811717159899028e-08
2.495 1.8908920980351703e-08
2.5 1.8558102820008698e-08
2.505 1.8869529153111732e-08
2.5100000000000002 1.8464126826587193e-08
2.515 1.8326120984210664e-08
2.52 1.870320709237519e-08
2.525 1.8261462679937274e-08
2.5300000000000002 1.8118875802061137e-08
2.535 1.8446870574694985e-08
2.54 1.7921249698312804e-08
2.545 1.8469167676335627e-08
2.5500000000000003 1.7600042086731676e-08
2.555 1.789432202660729e-08
2.56 1.7831262734765642e-08
2.565 1.789221563182808e-08
2.57 1.766443344471153e-08
2.575 1.7474733179865015e-08
2.58 1.7717299505947763e-08
2.585 1.780444129624555e-08
2.59 1.732387356262027e-08
2.595 1.7347787388167624e-08
2.6 1.7153817944873475e-08
2.605 1.7049789388905446e-08
2.61 1.715293019647456e-08
2.615 1.7146959688785615e-08
2.62 1.719333838907596e-08
2.625 1.7103836205020275e-08
2.63 1.7053406897884978e-08
2.6350000000000002 1.677412295538899e-08
2.64 1.6902535369036664e-08
2.645 1.6594176387602908e-08
2.65 1.6932164423287998e-08
2.6550000000000002 1.6640072286152838e-08
2.66 1.6503944073084053e-08
2.665 1.6150738463695484e-08
2.67 1.6510688889466665e-08
2.6750000000000003 1.6471144074401457e-08
2.68 1.6297236802538624e-08
2.685 1.6376575619768897e-08
2.69 1.618453673591149e-08
2.695 1.5762707513269504e-08
2.7 1.621816962040734e-08
2.705 1.6200679690846045e-08
2.71 1.5805051581520178e-08
2.715 1.5966773513068612e-08
2.72 1.608645672208318e-08
2.725 1.5774678443134806e-08
2.73 1.5525786746262712e-08
2.735 1.5803373218520765e-08
2.74 1.59117532690292e-08
2.745 1.5563684342810587e-08
2.75 1.508584626378225e-08
2.755 1.5457421020436674e-08
2.7600000000000002 1.550060576263157e-08
2.765 1.5451612150791056e-08
2.77 1.5404814204338164e-08
2.775 1.558803468472739e-08
2.7800000000000002 1.5717183268874145e-08
2.785 1.5418546537136628e-08
2.79 1.542369121709882e-08
2.795 1.525434722439193e-08
2.8000000000000003 1.52064762361988e-08
2.805 1.4891750199048564e-08
2.81 1.501004585953905e-08
2.815 1.501166320772672e-08
2.82 1.4825055038223907e-08
2.825 1.5034534814688335e-08
2.83 1.485960099608588e-08
2.835 1.5165957372895615e-08
2.84 1.4944558754339366e-08
2.845 1.484427282614746e-08
2.85 1.4737275838276287e-08
2.855 1.4594119999361749e-08
2.86 1.4493936482156556e-08
2.865 1.4485911001205991e-08
2.87 1.463468370690457e-08
2.875 1.4476612017960746e-08
2.88 1.4679070173588885e-08
2.8850000000000002 1.4545332206541174e-08
2.89 1.4457862608552098e-08
2.895 1.3950725442907235e-08
2.9 1.4718130303440557e-08
2.9050000000000002 1.3881591363128499e-08
2.91 1.4253751506019855e-08
2.915 1.4255555035233982e-08
2.92 1.4434227349998802e-08
2.9250000000000003 1.4039746799915292e-08
2.93 1.4142125202919112e-08
2.935 1.3945774526406812e-08
2.94 1.3783491098913324e-08
2.945 1.405696641864919e-08
2.95 1.3955101976928109e-08
2.955 1.389435694975098e-08
2.96 1.3569973774236696e-08
2.965 1.373696417577737e-08
2.97 1.3653566472566767e-08
2.975 1.356267265028798e-08
2.98 1.3732528548291709e-08
2.985 1.3717026575708832e-08
2.99 1.3261461212307276e-08
2.995 1.348231069852632e-08
3.0 1.3476299922064486e-08
3.005 1.3697099249061634e-08
3.0100000000000002 1.349870610859199e-08
3.015 1.337883748326801e-08
3.02 1.3421278827941714e-08
3.025 1.3167991564751511e-08
3.0300000000000002 1.3230962692460961e-08
3.035 1.3425044367000396e-08
3.04 1.3266773037319105e-08
3.045 1.3233968618401334e-08
3.0500000000000003 1.3175132304673568e-08
3.055 1.3071050496064109e-08
3.06 1.2985517603338886e-08
3.065 1.293894387943378e-08
3.0700000000000003 1.3170705488570076e-08
3.075 1.3155724412620325e-08
3.08 1.3052276835474526e-08
3.085 1.2831649356315298e-08
3.09 1.2761884938597839e-08
3.095 1.284122954782194e-08
3.1 1.2702408918296036e-08
3.105 1.2881735777088175e-08
3.11 1.3082584510106478e-08
3.115 1.295503214440343e-08
3.12 1.2829222992583575e-08
3.125 1.2526639277106459e-08
3.13 1.27246079230293e-08
3.1350000000000002 1.2658886056861267e-08
3.14 1.2176742600138948e-08
3.145 1.264095196245338e-08
3.15 1.271404089215611e-08
3.1550000000000002 1.2545848951329449e-08
3.16 1.2389097778528617e-08
3.165 1.2410187910904264e-08
3.17 1.2308863802270241e-08
3.1750000000000003 1.2498561662896025e-08
3.18 1.2297971920854313e-08
3.185 1.2237313923835833e-08
3.19 1.2292758268728743e-08
3.1950000000000003 1.2409821330665447e-08
3.2 1.2063417517296278e-08
3.205 1.2273896568942255e-08
3.21 1.2102087506821283e-08
3.215 1.1807101622500192e-08
3.22 1.2277680477890246e-08
3.225 1.2000854792100714e-08
3.23 1.2134172959716071e-08
3.235 1.2134996292148772e-08
3.24 1.214858053972337e-08
3.245 1.210782678853132e-08
3.25 1.2025856645296452e-08
3.255 1.1890248856669839e-08
3.2600000000000002 1.201813908405484e-08
3.265 1.1715226721179834e-08
3.27 1.1834040882580102e-08
3.275 1.186067128513893e-08
3.2800000000000002 1.2213184042922062e-08
3.285 1.1998443558015932e-08
3.29 1.205061684464339e-08
3.295 1.191388787648053e-08
3.3000000000000003 1.1851727297742996e-08
3.305 1.1654424073363384e-08
3.31 1.1745575196352327e-08
3.315 1.1657177210473202e-08
3.3200000000000003 1.1846454261624792e-08
3.325 1.1820519587362461e-08
3.33 1.1868236574916863e-08
3.335 1.1539671684986107e-08
3.34 1.1731030233621667e-08
3.345 1.1319406316986878e-08
3.35 1.1453789765042674e-08
3.355 1.17425542089337e-08
3.36 1.1366306477251593e-08
3.365 1.1495651030831015e-08
3.37 1.172267266303758e-08
3.375 1.18126905990384e-08
3.38 1.1747484089943571e-08
3.3850000000000002 1.1625810498086683e-08
3.39 1.1423423270064964e-08
3.395 1.1413140949947749e-08
3.4 1.1415428177818562e-08
3.4050000000000002 1.1269010794433812e-08
3.41 1.113188214073136e-08
3.415 1.118692186718261e-08
3.42 1.1294825480865127e-08
3.4250000000000003 1.1350510247714368e-08
3.43 1.1071668013526653e-08
3.435 1.108273659039932e-08
3.44 1.1251736085622654e-08
3.4450000000000003 1.1109172806086884e-08
3.45 1.113974943518785e-08
3.455 1.1102082731647263e-08
3.46 1.1116687143285297e-08
3.465 1.1316124774931733e-08
3.47 1.1203971957953286e-08
3.475 1.1132528812493221e-08
3.48 1.1196601784973498e-08
3.485 1.1067996140209753e-08
3.49 1.0969037540318273e-08
3.495 1.1399874946180121e-08
3.5 1.0911451724158482e-08
3.505 1.1177337042046118e-08
3.5100000000000002 1.1267725889980559e-08
3.515 1.0842224984561126e-08
3.52 1.1150375459546694e-08
3.525 1.1034385823142044e-08
3.5300000000000002 1.1000783813234378e-08
3.535 1.0791934275984658e-08
3.54 1.0946005801288606e-08
3.545 1.1098785462245214e-08
3.5500000000000003 1.077202943237373e-08
3.555 1.0931077475399457e-08
3.56 1.0722845391000984e-08
3.565 1.0939553555351256e-08
3.5700000000000003 1.0887301410534041e-08
3.575 1.0564042442923684e-08
3.58 1.0847917083471706e-08
3.585 1.0667245779219548e-08
3.59 1.0686929872943497e-08
3.595 1.0733683075928899e-08
3.6 1.0642214857664958e-08
3.605 1.0933537678571119e-08
3.61 1.1002699706786371e-08
3.615 1.0691234982121815e-08
3.62 1.0777896299335242e-08
3.625 1.0819002165254371e-08
3.63 1.0463569499003574e-08
3.6350000000000002 1.0735134672825917e-08
3.64 1.0691042258156693e-08
3.645 1.0756557788701604e-08
3.65 1.0573107843725556e-08
3.6550000000000002 1.0470544852448644e-08
3.66 1.059393726235887e-08
3.665 1.0817373089775988e-08
3.67 1.0752078042401018e-08
3.6750000000000003 1.0570955962599647e-08
3.68 1.0219754570323404e-08
3.685 1.0419366941898523e-08
3.69 1.0430386250585453e-08
3.6950000000000003 1.061622455727686e-08
3.7 1.053066284287342e-08
3.705 1.0355743275528362e-08
3.71 1.035771753551465e-08
3.715 1.0326637388217513e-08
3.72 1.0577649974650049e-08
3.725 1.0557708809663497e-08
3.73 1.0496221669073955e-08
3.735 1.031932091989261e-08
3.74 1.0432249146438238e-08
3.745 1.0413738316101361e-08
3.75 1.0181747166572068e-08
3.755 1.040136773134343e-08
3.7600000000000002 1.0538412857885417e-08
3.765 1.0365091146999821e-08
3.77 1.0575728093974033e-08
3.775 1.0481438303597715e-08
3.7800000000000002 1.0412830731213905e-08
3.785 1.0180290240933813e-08
3.79 1.0194441870051981e-08
3.795 1.016750412376554e-08
3.8000000000000003 1.0113251161377002e-08
3.805 1.0329565782176615e-08
3.81 1.0171967208376327e-08
3.815 1.0367141032055434e-08
3.8200000000000003 1.0068482247613983e-08
3.825 1.0001508888395524e-08
3.83 1.0301356617844587e-08
3.835 1.0250005689976976e-08
3.84 9.958129490346912e-09
3.845 1.0199146414026996e-08
3.85 1.0079959104686824e-08
3.855 1.0433572105751822e-08
3.86 1.0115757894591245e-08
3.865 1.0018453243194523e-08
3.87 1.0082583902669581e-08
3.875 1.0020976775404671e-08
3.88 1.0028777329549247e-08
3.8850000000000002 1.0179180484982696e-08
3.89 1.0227799427962263e-08
3.895 1.0271974023090508e-08
3.9 1.0168614456847387e-08
3.9050000000000002 1.0342945511794212e-08
3.91 9.942038055198918e-09
3.915 1.004642229849914e-08
3.92 9.992626555545225e-09
3.9250000000000003 9.893817870993888e-09
3.93 9.938257036229151e-09
3.935 1.0176053380630843e-08
3.94 1.013984305211513e-08
3.9450000000000003 1.0114494565771054e-08
3.95 9.940263008329515e-09
3.955 1.0258968602285762e-08
3.96 1.009512430530718e-08
3.9650000000000003 9.762500392350856e-09
3.97 9.893235707539682e-09
3.975 1.0062489183663801e-08
3.98 1.0136507692162396e-08
3.985 9.821116123663074e-09
3.99 9.838117094136707e-09
3.995 9.975271859405257e-09
4.0 9.782083185066953e-09
4.005 1.0097657744347413e-08
4.01 9.934274580079016e-09
4.015 9.797109552186487e-09
4.0200000000000005 9.736957077117475e-09
4.025 1.0048951055458502e-08
4.03 1.0098722427996754e-08
4.035 9.990653042812488e-09
4.04 1.0038653422234206e-08
4.045 1.0134939060274391e-08
4.05 9.771392300289647e-09
4.055 9.926206281687504e-09
4.0600000000000005 1.0084541825488823e-08
4.065 9.973959671202585e-09
4.07 9.844376598948139e-09
4.075 9.75474119038469e-09
4.08 1.0039478007593923e-08
4.085 9.749500108081837e-09
4.09 9.985672198894866e-09
4.095 1.005984223906653e-08
4.1 9.747253001676188e-09
4.105 9.94658763795325e-09
4.11 1.0000626080087607e-08
4.115 9.890813911175244e-09
4.12 9.806186389464616e-09
4.125 1.006895587843916e-08
4.13 9.791445678900849e-09
4.135 9.898480887135148e-09
4.14 9.629299142422683e-09
4.1450000000000005 9.89785742514338e-09
4.15 9.847631255616683e-09
4.155 9.609991519499857e-09
4.16 9.891027823143856e-09
4.165 9.919818231517364e-09
4.17 9.588746560793585e-09
4.175 9.64674703358195e-09
4.18 9.665562219162631e-09
4.1850000000000005 9.903082194356017e-09
4.19 1.0051272145215136e-08
4.195 9.831812540941933e-09
4.2 9.675241617699096e-09
4.205 9.677389281921989e-09
4.21 9.573157435475975e-09
4.215 9.713116835770808e-09
4.22 9.817580168068708e-09
4.225 9.799419899659642e-09
4.23 9.797845412444881e-09
4.235 9.873660873262534e-09
4.24 9.802466055559437e-09
4.245 9.82945804910019e-09
4.25 9.731831402035046e-09
4.255 9.732270063544318e-09
4.26 9.676605889312813e-09
4.265 9.847568323357052e-09
4.2700000000000005 1.0057492209871585e-08
4.275 9.834422564999429e-09
4.28 9.85648302926747e-09
4.285 9.8249337185403e-09
4.29 9.683991874466399e-09
4.295 9.810822511044753e-09
4.3 9.691977928207047e-09
4.305 9.907524134216274e-09
4.3100000000000005 9.779732954006043e-09
4.315 9.858120873788384e-09
4.32 9.85386008108925e-09
4.325 9.910619679491353e-09
4.33 9.690587265998102e-09
4.335 9.913824397902191e-09
4.34 9.880561330815783e-09
4.345 9.814142355673499e-09
4.3500000000000005 9.799979364011502e-09
4.355 9.937154577037117e-09
4.36 9.796835178472215e-09
4.365 9.992916866699997e-09
4.37 9.995036420183972e-09
4.375 9.806234803919158e-09
4.38 9.580544630765393e-09
4.385 9.779857887168521e-09
4.39 9.868180572139616e-09
4.3950000000000005 9.774188682135666e-09
4.4 9.697857076499993e-09
4.405 9.818071582721822e-09
4.41 9.774055272018771e-09
4.415 1.011735902428467e-08
4.42 9.8357811185166e-09
4.425 9.821322394366512e-09
4.43 9.92410920900656e-09
4.4350000000000005 9.851747993459496e-09
4.44 9.941447957078068e-09
4.445 9.592477610410944e-09
4.45 9.887808956055348e-09
4.455 9.872808312464482e-09
4.46 9.906919618700348e-09
4.465 9.617747022238283e-09
4.47 9.82377833059832e-09
4.4750000000000005 9.684743496236303e-09
4.48 9.736253342527799e-09
4.485 9.932687605381951e-09
4.49 9.93407055408229e-09
4.495 1.0117002940014996e-08
4.5 9.79126923066686e-09
4.505 9.706226094377506e-09
4.51 9.932227277725884e-09
4.515 9.966156669417328e-09
4.5200000000000005 1.0010608760508279e-08
4.525 9.746332758395868e-09
4.53 1.0054529364913642e-08
4.535 9.958853644792735e-09
4.54 9.78637647297626e-09
4.545 9.716345367123179e-09
4.55 9.961426141674573e-09
4.555 1.002841108611167e-08
4.5600000000000005 9.999437558954992e-09
4.565 1.001518316546069e-08
4.57 9.917178790436546e-09
4.575 9.948883890362378e-09
4.58 1.0156000222559953e-08
4.585 9.946796842278569e-09
4.59 1.0082301859534148e-08
4.595 1.0039014004940139e-08
4.6000000000000005 1.0059018664471397e-08
4.605 9.807102974188293e-09
4.61 1.0029187128153162e-08
4.615 9.980026529607118e-09
4.62 9.845459438544146e-09
4.625 9.975365433478846e-09
4.63 1.0241544274222212e-08
4.635 1.0212140198246672e-08
4.64 1.0093587886880001e-08
4.6450000000000005 9.882261856631476e-09
4.65 9.819780149948903e-09
4.655 9.879382788868223e-09
4.66 9.96699712649877e-09
4.665 1.0283644519770764e-08
4.67 1.0095693791105674e-08
4.675 1.0197840211947656e-08
4.68 1.002086222755494e-08
4.6850000000000005 9.97821826040335e-09
4.69 1.0042909639583898e-08
4.695 1.0132289986713652e-08
4.7 1.0080225338823235e-08
4.705 1.0226787616357415e-08
4.71 9.972842161548922e-09
4.715 1.0100659507055632e-08
4.72 1.0103255770784489e-08
4.7250000000000005 1.011621064268933e-08
4.73 1.0143147535560358e-08
4.735 1.0070509921930438e-08
4.74 1.0155113998669141e-08
4.745 1.0120912418181635e-08
4.75 1.0029581469760846e-08
4.755 1.0081064743995689e-08
4.76 1.009878661854537e-08
4.765 1.0254055131422778e-08
4.7700000000000005 1.0475733188946556e-08
4.775 1.0293550260999038e-08
4.78 9.970067927703901e-09
4.785 1.0103661213528948e-08
4.79 1.024496600303529e-08
4.795 1.0135319478538235e-08
4.8 1.0164078925552775e-08
4.805 1.034774005349723e-08
4.8100000000000005 1.0216093973319449e-08
4.815 1.0185087182774764e-08
4.82 1.0283313050358892e-08
4.825 1.0269303692119983e-08
4.83 1.0342995846553461e-08
4.835 1.0115988863997911e-08
4.84 1.0204913249956087e-08
4.845 1.0303207955400309e-08
4.8500000000000005 1.0264927514314585e-08
4.855 1.0315159919085174e-08
4.86 1.0384010519755156e-08
4.865 1.03265810563283e-08
4.87 1.033594899659647e-08
4.875 1.0209876467187464e-08
4.88 1.0468729343387038e-08
4.885 1.0346918345895294e-08
4.89 1.0245007902013112e-08
4.8950000000000005 1.0281914603003359e-08
4.9 1.0418416059205128e-08
4.905 1.0166220309031688e-08
4.91 1.0522901135783813e-08
4.915 1.0255499128024985e-08
4.92 1.0426053266669593e-08
4.925 1.0283386887961117e-08
4.93 1.0306155005370372e-08
4.9350000000000005 1.0414638158629015e-08
4.94 1.0434823238327019e-08
4.945 1.047410100981075e-08
4.95 1.0417071667172225e-08
4.955 1.0310983002036787e-08
4.96 1.0420935501255935e-08
4.965 1.0461760017170561e-08
4.97 1.0654250816346667e-08
4.9750000000000005 1.0325133374793897e-08
4.98 1.0535866005855219e-08
4.985 1.0512168147887773e-08
4.99 1.0410381504806145e-08
4.995 1.0545905507529342e-08
5.0 1.0607415258057812e-08
5.005 1.0604429765650915e-08
5.01 1.0732005065960626e-08
5.015 1.0378396175941181e-08
5.0200000000000005 1.0542023117840552e-08
5.025 1.0532044630636385e-08
5.03 1.0510305951793958e-08
5.035 1.0465557685218963e-08
5.04 1.0463192530107744e-08
5.045 1.0435208140189816e-08
5.05 1.0656995592638792e-08
5.055 1.0685409259001115e-08
5.0600000000000005 1.0582284018304722e-08
5.065 1.0707226300720572e-08
5.07 1.058981436082651e-08
5.075 1.0566109074879129e-08
5.08 1.0749621130075392e-08
5.085 1.0711973463074039e-08
5.09 1.0510888681436765e-08
5.095 1.0623910768059249e-08
5.1000000000000005 1.0784702987677593e-08
5.105 1.0562749939301604e-08
5.11 1.0625096164082701e-08
5.115 1.0603134010019196e-08
5.12 1.0615648034630996e-08
5.125 1.0769598587898684e-08
5.13 1.0606614444576983e-08
5.135 1.0848790246956333e-08
5.14 1.0624650188236711e-08
5.1450000000000005 1.0605504335625819e-08
5.15 1.0616747308292905e-08
5.155 1.0629850754454837e-08
5.16 1.075052630197881e-08
5.165 1.0783328534170947e-08
5.17 1.0926442103347565e-08
5.175 1.0640812931848966e-08
5.18 1.0733130517232443e-08
5.1850000000000005 1.0721671860772096e-08
5.19 1.0829433879791827e-08
5.195 1.0999382207446883e-08
5.2 1.0877242807937961e-08
5.205 1.0842204807343014e-08
5.21 1.0845130672388487e-08
5.215 1.075590160145861e-08
5.22 1.0779142417689356e-08
5.2250000000000005 1.0717235532501291e-08
5.23 1.0890080733467896e-08
5.235 1.0822486400579482e-08
5.24 1.0823291064106251e-08
5.245 1.0786437375371372e-08
5.25 1.0697510835234415e-08
5.255 1.1118379382719025e-08
5.26 1.1025050739432064e-08
5.265 1.0827394798223453e-08
5.2700000000000005 1.091332437816678e-08
5.275 1.0802378745919538e-08
5.28 1.0849500988562585e-08
5.285 1.0791960011087427e-08
5.29 1.0858578326757821e-08
5.295 1.1020977005669035e-08
5.3 1.0831707834183181e-08
5.305 1.1100336017599252e-08
5.3100000000000005 1.0998429715270924e-08
5.315 1.1013868388431538e-08
5.32 1.0799843313048768e-08
5.325 1.1001763409998005e-08
5.33 1.0992472707387138e-08
5.335 1.1021099799980226e-08
5.34 1.107485848279012e-08
5.345 1.1097586882887817e-08
5.3500000000000005 1.0913077325385342e-08
5.355 1.1057212652093065e-08
5.36 1.0836825440426277e-08
5.365 1.1068295503516358e-08
5.37 1.1117755794093235e-08
5.375 1.0919806983731173e-08
5.38 1.0969648462982019e-08
5.385 1.107708400678068e-08
5.39 1.0960221047721781e-08
5.3950000000000005 1.0982484932880698e-08
5.4 1.1094031667650096e-08
5.405 1.0917369045802036e-08
5.41 1.1069769475799008e-08
5.415 1.0936200669756052e-08
5.42 1.1094610081342136e-08
5.425 1.1019998424019745e-08
5.43 1.108819439241655e-08
5.4350000000000005 1.0955087556340971e-08
5.44 1.1160178966953022e-08
5.445 1.1050639648473942e-08
5.45 1.102319849785198e-08
5.455 1.0899493120210389e-08
5.46 1.0976390372194602e-08
5.465 1.1027992766585626e-08
5.47 1.1103451514452263e-08
5.4750000000000005 1.1100714948911421e-08
5.48 1.102543752211099e-08
5.485 1.1200952497352174e-08
5.49 1.1214799064309647e-08
5.495 1.1079497177814542e-08
5.5 1.111157074163961e-08
5.505 1.1203443725329561e-08
5.51 1.1149774245030893e-08
5.515 1.1151985110158193e-08
5.5200000000000005 1.121995116841482e-08
5.525 1.122634495060502e-08
5.53 1.113269212851225e-08
5.535 1.1217893210925276e-08
5.54 1.1121230793359733e-08
5.545 1.1216352662293211e-08
5.55 1.1295236484951305e-08
5.555 1.121504390647193e-08
5.5600000000000005 1.1128806894916619e-08
5.565 1.1159684209822573e-08
5.57 1.1068637593120633e-08
5.575 1.1178358574239676e-08
5.58 1.120258328734121e-08
5.585 1.1344617346924989e-08
5.59 1.1247938616926459e-08
5.595 1.1230396620638071e-08
5.6000000000000005 1.1295852683875858e-08
5.605 1.1327416023637055e-08
5.61 1.1180955556287632e-08
5.615 1.1340861627246768e-08
5.62 1.1082748870699385e-08
5.625 1.1195743080051389e-08
5.63 1.135443242446647e-08
5.635 1.1329149668922404e-08
5.64 1.1358604196027012e-08
5.6450000000000005 1.1327235110399915e-08
5.65 1.1215310310781991e-08
5.655 1.1237331473331485e-08
5.66 1.1373370589304005e-08
5.665 1.1300210712894682e-08
5.67 1.1219675483376583e-08
5.675 1.1428971483130118e-08
5.68 1.1374578165841829e-08
5.6850000000000005 1.1283641609857798e-08
5.69 1.1389479324727563e-08
5.695 1.1326937315517421e-08
5.7 1.1424117561827902e-08
5.705 1.1362443584439801e-08
5.71 1.1252880900159178e-08
5.715 1.1296251309683423e-08
5.72 1.1269450886692594e-08
5.7250000000000005 1.1258898882648812e-08
5.73 1.1355098247034489e-08
5.735 1.1207813928899615e-08
5.74 1.1366004608557912e-08
5.745 1.1317833298034269e-08
5.75 1.1260670489128484e-08
5.755 1.1524310308442645e-08
5.76 1.1276985076286205e-08
5.765 1.1341562196690355e-08
5.7700000000000005 1.1229557781009472e-08
5.775 1.1201542122999227e-08
5.78 1.1185966060335766e-08
5.785 1.1271865681635783e-08
5.79 1.1313172315554998e-08
5.795 1.1157862822600856e-08
5.8 1.1290091940999131e-08
5.805 1.1368307627792633e-08
5.8100000000000005 1.110649050125499e-08
5.815 1.1301030601901847e-08
5.82 1.1248516418166291e-08
5.825 1.1245753689938108e-08
5.83 1.123053163592891e-08
5.835 1.1236027580010627e-08
5.84 1.1200386335777764e-08
5.845 1.1312600523535975e-08
5.8500000000000005 1.1242996398791958e-08
5.855 1.1488259222154307e-08
5.86 1.1350967667343186e-08
5.865 1.1108989935974788e-08
5.87 1.1259900788315438e-08
5.875 1.1339913912414353e-08
5.88 1.1339354012607341e-08
5.885 1.1357040064789899e-08
5.89 1.1359508621168615e-08
5.8950000000000005 1.1208047108656894e-08
5.9 1.1279900289967029e-08
5.905 1.1307357004167741e-08
5.91 1.1265860735662122e-08
5.915 1.109153178551297e-08
5.92 1.099449404558282e-08
5.925 1.1287789347651823e-08
5.93 1.1126287547455437e-08
5.9350000000000005 1.1189874084067834e-08
5.94 1.1181898011225606e-08
5.945 1.105819091303827e-08
5.95 1.120739978705327e-08
5.955 1.1133073998984182e-08
5.96 1.1132021035189908e-08
5.965 1.1262017152011202e-08
5.97 1.1088184632198827e-08
5.9750000000000005 1.1122023663296543e-08
5.98 1.1234797929092805e-08
5.985 1.1204317179767898e-08
5.99 1.114520776439853e-08
5.995 1.116112544212562e-08
6.0 1.1111701044198806e-08
6.005 1.1192164888990605e-08
6.01 1.1088919195792609e-08
6.015000000000001 1.1219026939148825e-08
6.0200000000000005 1.1204983752009512e-08
6.025 1.1073011252157878e-08
6.03 1.1217766827794693e-08
6.035 1.1012945015714539e-08
6.04 1.1091606222190913e-08
6.045 1.1066942815627191e-08
6.05 1.1012376263134427e-08
6.055 1.1343955740853985e-08
6.0600000000000005 1.1218743851493602e-08
6.065 1.1155675037296442e-08
6.07 1.1211758953225036e-08
6.075 1.128307232481073e-08
6.08 1.1072627511484349e-08
6.085 1.1141609975687662e-08
6.09 1.1079293915196248e-08
6.095 1.0932816483434518e-08
6.1000000000000005 1.1128869697831099e-08
6.105 1.0996439489910588e-08
6.11 1.0997480125066522e-08
6.115 1.1003254649411633e-08
6.12 1.1109887807388503e-08
6.125 1.1077816588377819e-08
6.13 1.0854222441241208e-08
6.135 1.1133574569062154e-08
6.140000000000001 1.1060343545148404e-08
6.1450000000000005 1.1019532181150668e-08
6.15 1.1153561527741068e-08
6.155 1.0900300726669691e-08
6.16 1.0890732501317406e-08
6.165 1.1018341167163751e-08
6.17 1.0950858961964074e-08
6.175 1.0904080032533505e-08
6.18 1.0837408454020169e-08
6.1850000000000005 1.0814899837982234e-08
6.19 1.087403566992965e-08
6.195 1.0802505023773786e-08
6.2 1.082933396424195e-08
6.205 1.0853868717863773e-08
6.21 1.0770477267794247e-08
6.215 1.0989146063533257e-08
6.22 1.0772475668168548e-08
6.2250000000000005 1.0662557291045305e-08
6.23 1.0842479344274188e-08
6.235 1.0743120922765411e-08
6.24 1.0761585334916926e-08
6.245 1.0659507353032302e-08
6.25 1.0754878739266982e-08
6.255 1.0676196345111589e-08
6.26 1.0713550881826708e-08
6.265000000000001 1.0641858446120757e-08
6.2700000000000005 1.062617004761891e-08
6.275 1.0745850996052983e-08
6.28 1.0658251327352228e-08
6.285 1.0763491939965325e-08
6.29 1.0484502911833614e-08
6.295 1.046832413264657e-08
6.3 1.069065192817669e-08
6.305 1.0575048140940399e-08
6.3100000000000005 1.0402945421339112e-08
6.315 1.0577232270629806e-08
6.32 1.0561898268498811e-08
6.325 1.0491055494990108e-08
6.33 1.0559646647448853e-08
6.335 1.0416410645020928e-08
6.34 1.0479056487810955e-08
6.345 1.0497630989784112e-08
6.3500000000000005 1.043482520250407e-08
6.355 1.0353428768980955e-08
6.36 1.0249172246096312e-08
6.365 1.022519636172004e-08
6.37 1.0365689570329346e-08
6.375 1.0419558391453341e-08
6.38 1.0345203212787727e-08
6.385 1.0310093351810584e-08
6.390000000000001 1.0341203726937813e-08
6.3950000000000005 1.044826958158294e-08
6.4 1.0238072566989818e-08
6.405 1.0335333918582704e-08
6.41 1.0242298509995562e-08
6.415 1.0196721236504292e-08
6.42 1.0092634963508516e-08
6.425 1.0155077294608288e-08
6.43 1.0120223333052247e-08
6.4350000000000005 1.0253631933336329e-08
6.44 1.004694226211613e-08
6.445 1.0215888625550214e-08
6.45 1.0161597852770953e-08
6.455 1.0070066490180138e-08
6.46 1.0185348382767702e-08
6.465 9.953570213126754e-09
6.47 1.0095837890997781e-08
6.4750000000000005 1.0055102153853916e-08
6.48 1.0109883952903999e-08
6.485 9.926071159429235e-09
6.49 9.961166356493025e-09
6.495 9.990443667041764e-09
6.5 9.903945282711194e-09
6.505 9.89040137374382e-09
6.51 1.0021906953485646e-08
6.515000000000001 9.939890667452172e-09
6.5200000000000005 9.929381602231351e-09
6.525 9.924766963241486e-09
6.53 9.716657442133654e-09
6.535 9.841312680701394e-09
6.54 9.965217748557932e-09
6.545 9.812255046622294e-09
6.55 9.866621361192178e-09
6.555 9.848334079641183e-09
6.5600000000000005 9.739583998208146e-09
6.565 9.630203446645072e-09
6.57 9.702938303504722e-09
6.575 9.761243126329733e-09
6.58 9.652307841165146e-09
6.585 9.653520828350617e-09
6.59 9.642207495496651e-09
6.595 9.537631249951954e-09
6.6000000000000005 9.537325913635554e-09
6.605 9.517099650873987e-09
6.61 9.47616209728362e-09
6.615 9.612602041152772e-09
6.62 9.483425212564785e-09
6.625 9.463038314572647e-09
6.63 9.509622810026801e-09
6.635 9.35777413757374e-09
6.640000000000001 9.528390066237865e-09
6.6450000000000005 9.373147083205492e-09
6.65 9.358915121828672e-09
6.655 9.328699867409718e-09
6.66 9.381467765553001e-09
6.665 9.434979835547691e-09
6.67 9.401875125745107e-09
6.675 9.359183007703786e-09
6.68 9.275667054296545e-09
6.6850000000000005 9.352875143783744e-09
6.69 9.089025279185988e-09
6.695 9.122605435569122e-09
6.7 9.303148967731147e-09
6.705 9.253408188241394e-09
6.71 9.231998906390275e-09
6.715 9.136456877451123e-09
6.72 9.146569101627487e-09
6.7250000000000005 9.069164098323256e-09
6.73 9.068237189243989e-09
6.735 9.00629467372001e-09
6.74 8.867323265084529e-09
6.745 8.993846484225358e-09
6.75 9.107203343229432e-09
6.755 8.99508121295762e-09
6.76 8.908896608083984e-09
6.765000000000001 9.072135228287579e-09
6.7700000000000005 8.962164923378707e-09
6.775 8.818533641861415e-09
6.78 8.798105473394135e-09
6.785 8.81439711947864e-09
6.79 8.900539535442231e-09
6.795 8.671441874158544e-09
6.8 8.862400844067273e-09
6.805 8.584951087666924e-09
6.8100000000000005 8.660923966472166e-09
6.815 8.71437245976014e-09
6.82 8.708271204760854e-09
6.825 8.605134794304064e-09
6.83 8.710344294093732e-09
6.835 8.640596899622445e-09
6.84 8.644753096945493e-09
6.845 8.55119280803511e-09
6.8500000000000005 8.493440346801052e-09
6.855 8.479288056898509e-09
6.86 8.56174563312347e-09
6.865 8.587739525794053e-09
6.87 8.458634034622633e-09
6.875 8.527585500029394e-09
6.88 8.426720220324524e-09
6.885 8.619079744116541e-09
6.890000000000001 8.416457960708183e-09
6.8950000000000005 8.356188886807592e-09
6.9 8.367668442041122e-09
6.905 8.481972832434112e-09
6.91 8.2260500177473e-09
6.915 8.300989632930021e-09
6.92 8.175301479405339e-09
6.925 8.185159626828602e-09
6.93 8.147670637511032e-09
6.9350000000000005 8.041859438151034e-09
6.94 8.224768266929873e-09
6.945 8.195619641764312e-09
6.95 8.092737779799574e-09
6.955 8.148779993729423e-09
6.96 8.048632586422618e-09
6.965 8.094479020796783e-09
6.97 8.114401953903377e-09
6.9750000000000005 7.976658708752075e-09
6.98 7.962268665158216e-09
6.985 8.0461712499444e-09
6.99 8.034985898975895e-09
6.995 7.977861673833778e-09
7.0 7.977190204557393e-09
7.005 7.967252656761612e-09
7.01 7.886155675558363e-09
7.015000000000001 7.709120353324316e-09
7.0200000000000005 7.76795063087932e-09
7.025 7.899548611348112e-09
7.03 7.804081976436213e-09
7.035 7.758374913179726e-09
7.04 7.778093782342412e-09
7.045 7.747359724723769e-09
7.05 7.749761962255732e-09
7.055 7.633131434859633e-09
7.0600000000000005 7.612602733846484e-09
7.065 7.648424996625707e-09
7.07 7.679103483520414e-09
7.075 7.5351202989447e-09
7.08 7.591654054519557e-09
7.085 7.500082329840889e-09
7.09 7.503816693947614e-09
7.095 7.512767547614997e-09
7.1000000000000005 7.52920189649384e-09
7.105 7.447192347838146e-09
7.11 7.433388740955392e-09
7.115 7.466256938081231e-09
7.12 7.336253732691672e-09
7.125 7.342001307266809e-09
7.13 7.345161138238931e-09
7.135 7.250143617774911e-09
7.140000000000001 7.2698294021943804e-09
7.1450000000000005 7.304454091838269e-09
7.15 7.262584630658689e-09
7.155 7.295983758397928e-09
7.16 7.423591116309485e-09
7.165 7.152357575146522e-09
7.17 7.217760240867588e-09
7.175 7.200789760490892e-09
7.18 7.153104402674454e-09
7.1850000000000005 7.158682303034266e-09
7.19 7.239613004978439e-09
7.195 7.027212519458348e-09
7.2 7.096391124242075e-09
7.205 7.116629657462563e-09
7.21 7.028859607086617e-09
7.215 6.926775183259148e-09
7.22 7.004814339865113e-09
7.2250000000000005 7.07290247845967e-09
7.23 6.961247691996536e-09
7.235 6.973079901537215e-09
7.24 6.950705987297994e-09
7.245 6.85206774781939e-09
7.25 7.040675896825422e-09
7.255 6.7478523308488054e-09
7.26 6.836844325965011e-09
7.265000000000001 6.8752720590041565e-09
7.2700000000000005 6.8731865755564685e-09
7.275 6.876619585055931e-09
7.28 6.781425506676633e-09
7.285 6.749389607373295e-09
7.29 6.758859661307471e-09
7.295 6.811921867314494e-09
7.3 6.693901916138749e-09
7.305 6.577599011177025e-09
7.3100000000000005 6.58163696897565e-09
7.315 6.654562671596291e-09
7.32 6.669109699216549e-09
7.325 6.696828175170963e-09
7.33 6.515314684026316e-09
7.335 6.594263613803687e-09
7.34 6.636399494566365e-09
7.345 6.623722938844461e-09
7.3500000000000005 6.505484870504535e-09
7.355 6.546330131494414e-09
7.36 6.53150609058346e-09
7.365 6.618221898308266e-09
7.37 6.5970979889874385e-09
7.375 6.449505074737559e-09
7.38 6.539082155432388e-09
7.385 6.480660016124221e-09
7.390000000000001 6.497943691069368e-09
7.3950000000000005 6.37366408642511e-09
7.4 6.4184648539958755e-09
7.405 6.37722311723534e-09
7.41 6.450939521606714e-09
7.415 6.3508720167558335e-09
7.42 6.416445692331607e-09
7.425 6.370475996673711e-09
7.43 6.367023242923967e-09
7.4350000000000005 6.2799075592691065e-09
7.44 6.227260658741123e-09
7.445 6.233713875085653e-09
7.45 6.217568105644824e-09
7.455 6.190164497647181e-09
7.46 6.179165480469434e-09
7.465 6.3226110862974776e-09
7.47 6.216198111048707e-09
7.4750000000000005 6.107592698650226e-09
7.48 6.113505041935212e-09
7.485 6.119801900986682e-09
7.49 6.190362387352747e-09
7.495 6.0938388963272815e-09
7.5 6.228928002102236e-09
7.505 6.180333730181677e-09
7.51 6.1309928812906434e-09
7.515000000000001 6.067884386041643e-09
7.5200000000000005 5.905831189034652e-09
7.525 5.986491105560626e-09
7.53 5.993558783748399e-09
7.535 5.969743372439583e-09
7.54 5.961481114193575e-09
7.545 5.935702299374555e-09
7.55 6.077498678327435e-09
7.555 5.899274823783692e-09
7.5600000000000005 6.063764942412135e-09
7.565 5.926814481837473e-09
7.57 6.0168162877264855e-09
7.575 5.9477007054460904e-09
7.58 5.869746620609832e-09
7.585 5.8142623269993556e-09
7.59 5.820409417372652e-09
7.595 5.857993335888773e-09
7.6000000000000005 5.87930297178766e-09
7.605 5.8271980558618205e-09
7.61 5.807541834064753e-09
7.615 5.778924610853671e-09
7.62 5.750839718608511e-09
7.625 5.734660585698842e-09
7.63 5.701274672154595e-09
7.635 5.710737677971782e-09
7.640000000000001 5.789675357608378e-09
7.6450000000000005 5.7133421108576326e-09
7.65 5.5987464051012365e-09
7.655 5.740096451680991e-09
7.66 5.6784645241614275e-09
7.665 5.7072531449068875e-09
7.67 5.6840668043781566e-09
7.675 5.585444108084017e-09
7.68 5.642867813153062e-09
7.6850000000000005 5.6171318219069825e-09
7.69 5.694610270550416e-09
7.695 5.594030451352373e-09
7.7 5.57646622197485e-09
7.705 5.56681960328439e-09
7.71 5.574212505975246e-09
7.715 5.5850088903799925e-09
7.72 5.593414494431481e-09
7.7250000000000005 5.598082363886581e-09
7.73 5.511381693810347e-09
7.735 5.509305632271261e-09
7.74 5.531685813089771e-09
7.745 5.473315448880867e-09
7.75 5.460493434004662e-09
7.755 5.425520463776264e-09
7.76 5.404958932356557e-09
7.765000000000001 5.407841403564898e-09
7.7700000000000005 5.484937268116647e-09
7.775 5.39739383544128e-09
7.78 5.480273273994794e-09
7.785 5.421322379738916e-09
7.79 5.343545438373773e-09
7.795 5.399118081201859e-09
7.8 5.4295999739574504e-09
7.805000000000001 5.311376635664845e-09
7.8100000000000005 5.3873317272176886e-09
7.815 5.215070365595052e-09
7.82 5.3034739022712586e-09
7.825 5.307145212553834e-09
7.83 5.451940527243957e-09
7.835 5.297503446221326e-09
7.84 5.28363085622908e-09
7.845 5.30048461100368e-09
7.8500000000000005 5.266847878697362e-09
7.855 5.293717086690993e-09
7.86 5.269468867215511e-09
7.865 5.158671776685759e-09
7.87 5.170992450233625e-09
7.875 5.186461271018246e-09
7.88 5.1277818794364914e-09
7.885 5.273059179609896e-09
7.890000000000001 5.075494176904223e-09
7.8950000000000005 5.20999866640136e-09
7.9 5.1400342197050885e-09
7.905 5.107037308157025e-09
7.91 5.0497362909726e-09
7.915 5.182889963030323e-09
7.92 5.233990764166672e-09
7.925 5.118271585489732e-09
7.930000000000001 5.113093288925649e-09
7.9350000000000005 5.0495596680913896e-09
7.94 4.996324567364301e-09
7.945 5.127212523343125e-09
7.95 4.989140475043299e-09
7.955 5.0260756506614996e-09
7.96 5.053284279538777e-09
7.965 4.962353888022924e-09
7.97 5.0273343397695534e-09
7.9750000000000005 5.0545202894265015e-09
7.98 5.034930482246133e-09
7.985 4.942622054609576e-09
7.99 4.957152235469336e-09
7.995 5.082943543100104e-09
8.0 4.977124379691881e-09
8.25 2.363690298762776e-07
8.5 2.159342045069192e-07
8.75 1.9762080018593907e-07
9.0 1.8163986292356693e-07
9.25 1.6683199764198608e-07
9.5 1.5351176696449945e-07
9.75 1.4159599050323724e-07
10.0 1.3074713918899754e-07
10.25 1.210071275709298e-07
10.5 1.1138471909542147e-07
10.75 1.0359679384860052e-07
11.0 9.52913492260464e-08
11.25 8.860734887448532e-08
11.5 8.148621751942265e-08
11.75 7.53216063923504e-08
12.0 6.908424716069448e-08
12.25 6.381954630427072e-08
12.5 5.920102494444377e-08
12.75 5.45457561625273e-08
13.0 5.0428574456235845e-08
13.25 4.681743019188683e-08
13.5 4.29963569302136e-08
13.75 4.006006534999513e-08
14.0 3.674105166387038e-08
14.25 3.397153026447811e-08
14.5 3.1427531131136795e-08
14.75 2.8989393782868446e-08
15.0 2.676183391555028e-08
15.25 2.483317873785196e-08
15.5 2.2774075206904027e-08
15.75 2.1196549420312005e-08
16.0 1.9447698493463395e-08
16.25 1.7803248454197956e-08
16.5 1.657510494810055e-08
16.75 1.527240958106179e-08
17.0 1.4036992802666142e-08
17.25 1.3176648221952238e-08
17.5 1.2030542020330281e-08
17.75 1.1273125049800066e-08
18.0 1.0374689324860642e-08
18.25 9.658268465557305e-09
18.5 8.911241254440762e-09
18.75 8.155768389727137e-09
19.0 7.634772246682626e-09
19.25 6.986725688746629e-09
19.5 6.575194835050359e-09
19.75 6.1190733392566455e-09
