0.005 1.8227456962786863e-11
0.01 1.1438947686751545e-10
0.015 2.4279595383253476e-10
0.02 3.796923583554004e-10
0.025 5.12590724985577e-10
0.03 6.630698503924908e-10
0.035 8.01197475671549e-10
0.04 9.333707797313731e-10
0.045 1.081928373351331e-09
0.05 1.2213932066858886e-09
0.055 1.3336726190147351e-09
0.06 1.4611334610035128e-09
0.065 1.5629117060121963e-09
0.07 1.65240627046037e-09
0.075 1.7575646457080137e-09
0.08 1.8904385558181054e-09
0.085 1.9024380743742376e-09
0.09 2.030705812040479e-09
0.095 2.09411295239557e-09
0.1 2.1977997441666164e-09
0.105 2.2147146166886723e-09
0.11 2.319950747938824e-09
0.115 2.372304819815228e-09
0.12 2.4243638437393624e-09
0.125 2.4621986776887093e-09
0.13 2.4874718073709023e-09
0.135 2.6330871398886476e-09
0.14 2.600302820523356e-09
0.145 2.7461151906161134e-09
0.15 2.753298330763146e-09
0.155 2.844101300236668e-09
0.16 2.853082783166237e-09
0.165 2.944534169004805e-09
0.17 2.9995365859329416e-09
0.17500000000000002 3.1168949917741304e-09
0.18 3.170967761844223e-09
0.185 3.2292368927649102e-09
0.19 3.2882065402416878e-09
0.195 3.3281810049611004e-09
0.2 3.4217952376244653e-09
0.20500000000000002 3.4941188450318072e-09
0.21 3.571086130659885e-09
0.215 3.621339264189438e-09
0.22 3.61705050354247e-09
0.225 3.66893161768363e-09
0.23 3.729807962090301e-09
0.23500000000000001 3.82108387371726e-09
0.24 3.844051014888575e-09
0.245 3.995481819145383e-09
0.25 4.050333564808752e-09
0.255 4.042555446758537e-09
0.26 4.208554052123697e-09
0.265 4.177787439956836e-09
0.27 4.293299339197892e-09
0.275 4.302966291347326e-09
0.28 4.454501874940863e-09
0.28500000000000003 4.371966760728769e-09
0.29 4.461683344488868e-09
0.295 4.525215407520981e-09
0.3 4.594231797051708e-09
0.305 4.595204765669299e-09
0.31 4.669015896897517e-09
0.315 4.629525687707842e-09
0.32 4.692227314128898e-09
0.325 4.801361979001025e-09
0.33 4.867423411980039e-09
0.335 4.890030845635049e-09
0.34 5.012841361773722e-09
0.34500000000000003 5.003300294900683e-09
0.35000000000000003 5.14113077013203e-09
0.355 5.2122615146276366e-09
0.36 5.1253484643917406e-09
0.365 5.182166223858289e-09
0.37 5.344766860999244e-09
0.375 5.342259024580178e-09
0.38 5.4843449868404685e-09
0.385 5.403802284824338e-09
0.39 5.3571082140594244e-09
0.395 5.379860484071479e-09
0.4 5.608650462941775e-09
0.405 5.43677138217519e-09
0.41000000000000003 5.620121010939168e-09
0.41500000000000004 5.635508185896007e-09
0.42 5.653877751649523e-09
0.425 5.7029286649030015e-09
0.43 5.870668567903341e-09
0.435 5.8894129642313884e-09
0.44 5.6932318300172995e-09
0.445 5.797021113554604e-09
0.45 5.987722870337012e-09
0.455 6.135743919834144e-09
0.46 5.881299512299498e-09
0.465 6.0703956119166115e-09
0.47000000000000003 6.097698789860042e-09
0.47500000000000003 5.889968152375698e-09
0.48 5.998635343158453e-09
0.485 6.0999049050494565e-09
0.49 6.124513615230212e-09
0.495 6.121794092746881e-09
0.5 6.195717077432904e-09
0.505 6.071786172451406e-09
0.51 6.350588017710345e-09
0.515 6.276661527201617e-09
0.52 6.390618946824986e-09
0.525 6.289433412517495e-09
0.53 6.396234954895814e-09
0.535 6.2459662273423105e-09
0.54 6.339727812860607e-09
0.545 6.30414212459317e-09
0.55 6.408563194772362e-09
0.555 6.481910991110587e-09
0.56 6.434575769936911e-09
0.5650000000000001 6.4677696854056825e-09
0.5700000000000001 6.528586192688097e-09
0.5750000000000001 6.601567439724434e-09
0.58 6.418635399244058e-09
0.585 6.384753635194961e-09
0.59 6.512734574219101e-09
0.595 6.538463900865004e-09
0.6 6.5751176661971555e-09
0.605 6.713310725999502e-09
0.61 6.679138000516058e-09
0.615 6.442111133795545e-09
0.62 6.5614494581644515e-09
0.625 6.6308745682332946e-09
0.63 6.473957144370438e-09
0.635 6.611634886246097e-09
0.64 6.6611899583523125e-09
0.645 6.611849679509566e-09
0.65 6.549499937175178e-09
0.655 6.712875592007749e-09
0.66 6.883616637003745e-09
0.665 6.770963670679002e-09
0.67 6.379909233113871e-09
0.675 6.55027414676781e-09
0.68 6.852927600132852e-09
0.685 6.664121681235279e-09
0.6900000000000001 6.4173784335995135e-09
0.6950000000000001 6.62568021563567e-09
0.7000000000000001 6.6966285238885784e-09
0.705 6.514658934893403e-09
0.71 6.735544931386235e-09
0.715 6.455064770136408e-09
0.72 6.454823586290568e-09
0.725 6.609941921271912e-09
0.73 6.623579616986973e-09
0.735 6.688146505443481e-09
0.74 6.5915937904680876e-09
0.745 6.656124440846914e-09
0.75 6.6464724497749064e-09
0.755 6.57187282303413e-09
0.76 6.61452953965517e-09
0.765 6.759222813921134e-09
0.77 6.5023942501472746e-09
0.775 6.661769377231975e-09
0.78 6.521338437088125e-09
0.785 6.3465040491337976e-09
0.79 6.511558698788408e-09
0.795 6.467856265513848e-09
0.8 6.329035065661503e-09
0.805 6.216546049087763e-09
0.81 6.366693368790764e-09
0.8150000000000001 6.434812738209683e-09
0.8200000000000001 6.231895591539188e-09
0.8250000000000001 6.407678468131706e-09
0.8300000000000001 6.527404887255349e-09
0.835 6.2143901220717005e-09
0.84 6.386629678527481e-09
0.845 6.206762020790022e-09
0.85 6.2639643010616335e-09
0.855 6.151181598212385e-09
0.86 6.401313537715333e-09
0.865 6.211241642949083e-09
0.87 6.265786761632021e-09
0.875 6.00045105181731e-09
0.88 6.1191733578461124e-09
0.885 5.929551091221418e-09
0.89 6.1347826147539625e-09
0.895 6.1000925949377065e-09
0.9 6.0006800809182254e-09
0.905 5.8178817090314994e-09
0.91 5.860740762435755e-09
0.915 5.769828043482475e-09
0.92 5.874047605609776e-09
0.925 6.039239065630027e-09
0.93 5.986930606497101e-09
0.935 5.8066216608286905e-09
0.9400000000000001 5.8275066786174184e-09
0.9450000000000001 5.799554230209024e-09
0.9500000000000001 5.649782275928065e-09
0.9550000000000001 5.697614949741223e-09
0.96 5.689583310811635e-09
0.965 5.5146094061506095e-09
0.97 5.4917173919908565e-09
0.975 5.4954863733640854e-09
0.98 5.554968408489589e-09
0.985 5.481573159479371e-09
0.99 5.615326826878925e-09
0.995 5.462270855361402e-09
1.0 5.622536089215923e-09
1.0050000000000001 5.530055120055714e-09
1.01 5.5441007416905304e-09
1.0150000000000001 5.335038920267059e-09
1.02 5.519938222297243e-09
1.025 5.258893494566536e-09
1.03 5.347182249621209e-09
1.035 5.238363818053032e-09
1.04 5.249195170590914e-09
1.045 5.379312289635e-09
1.05 5.137498600595728e-09
1.055 5.106766209243258e-09
1.06 5.0721443963697876e-09
1.065 5.067263734636299e-09
1.07 5.089607387439906e-09
1.075 5.035794726747449e-09
1.08 4.893930069132445e-09
1.085 4.835513106855567e-09
1.09 4.81888000185427e-09
1.095 4.919263719347842e-09
1.1 4.968524268052921e-09
1.105 4.733554447822027e-09
1.11 4.7524981324102286e-09
1.115 4.771172164725885e-09
1.12 4.660581586533729e-09
1.125 4.530800052670992e-09
1.1300000000000001 4.699342374932794e-09
1.135 4.740110810087224e-09
1.1400000000000001 4.668308812869058e-09
1.145 4.470210527472614e-09
1.1500000000000001 4.620605379559662e-09
1.155 4.479239070830789e-09
1.16 4.417533928563635e-09
1.165 4.552313448399538e-09
1.17 4.3419147678038966e-09
1.175 4.465724552632103e-09
1.18 4.3950029341194375e-09
1.185 4.324169541457421e-09
1.19 4.197042434372332e-09
1.195 4.348373061217745e-09
1.2 4.1909893408220605e-09
1.205 4.225414180432152e-09
1.21 4.135455470349449e-09
1.215 4.27192593662831e-09
1.22 4.188338289989682e-09
1.225 4.137190578852196e-09
1.23 3.988594671797857e-09
1.235 4.000815216114504e-09
1.24 3.9322074127411374e-09
1.245 3.8723387988396694e-09
1.25 3.950341244352092e-09
1.2550000000000001 4.153050532747479e-09
1.26 3.998456866856693e-09
1.2650000000000001 3.856455465717139e-09
1.27 3.8343310263073886e-09
1.2750000000000001 3.937417616968749e-09
1.28 3.82338390283711e-09
1.285 3.760968520634976e-09
1.29 3.64654270602316e-09
1.295 3.7072819467082383e-09
1.3 3.6677937623211267e-09
1.305 3.6583182369632097e-09
1.31 3.82597036871717e-09
1.315 3.5808903007091586e-09
1.32 3.547755418802621e-09
1.325 3.5288884137146377e-09
1.33 3.5577786920044996e-09
1.335 3.472865227244916e-09
1.34 3.599820283566644e-09
1.345 3.5610765769289914e-09
1.35 3.4231034968052607e-09
1.355 3.3152239066620714e-09
1.36 3.3242776885293567e-09
1.365 3.426675979637088e-09
1.37 3.422601678624313e-09
1.375 3.324748216500202e-09
1.3800000000000001 3.5390924009548985e-09
1.385 3.267327507776269e-09
1.3900000000000001 3.2287994483973215e-09
1.395 3.1734163351236167e-09
1.4000000000000001 3.1953645344428633e-09
1.405 3.104149181572449e-09
1.41 3.2586129567438223e-09
1.415 3.2263870559347847e-09
1.42 3.108832713532553e-09
1.425 3.1797163473438092e-09
1.43 3.077703423842337e-09
1.435 3.0160416486567633e-09
1.44 3.043285993145215e-09
1.445 3.064307804066442e-09
1.45 2.9811547682802437e-09
1.455 3.0958685131938897e-09
1.46 3.018090071157866e-09
1.465 2.838786698194539e-09
1.47 3.040026677710989e-09
1.475 2.9927488390792705e-09
1.48 2.947886417011418e-09
1.485 2.8372775376054595e-09
1.49 2.7494518430343716e-09
1.495 2.9838159430343403e-09
1.5 2.8793221481099483e-09
1.5050000000000001 2.7894145912749254e-09
1.51 2.813951926098649e-09
1.5150000000000001 2.8362410865563257e-09
1.52 2.8284489540280827e-09
1.5250000000000001 2.765418536081651e-09
1.53 2.868708219967472e-09
1.5350000000000001 2.6667997899971343e-09
1.54 2.706437740054216e-09
1.545 2.688028549993962e-09
1.55 2.666306749711673e-09
1.555 2.66676041230843e-09
1.56 2.8042971050930183e-09
1.565 2.629917815915834e-09
1.57 2.600511760291676e-09
1.575 2.572970774859449e-09
1.58 2.623979623207433e-09
1.585 2.5680756999908782e-09
1.59 2.5783709889361284e-09
1.595 2.521332160734118e-09
1.6 2.462901590798521e-09
1.605 2.4593578469193546e-09
1.61 2.532796572586143e-09
1.615 2.5116535976547217e-09
1.62 2.3973122052550194e-09
1.625 2.4464143227740154e-09
1.6300000000000001 2.460208983044091e-09
1.635 2.3255039146340115e-09
1.6400000000000001 2.4636668073104728e-09
1.645 2.2909645743666302e-09
1.6500000000000001 2.265596985272445e-09
1.655 2.334216667145615e-09
1.6600000000000001 2.4347808239807923e-09
1.665 2.269204521339146e-09
1.67 2.345030227989856e-09
1.675 2.3677281651001025e-09
1.68 2.3267814156070392e-09
1.685 2.3260070237925874e-09
1.69 2.411782951512419e-09
1.695 2.3432936115857973e-09
1.7 2.210339357551845e-09
1.705 2.3197320664436397e-09
1.71 2.2709138449359407e-09
1.715 2.128584334588869e-09
1.72 2.248517921308825e-09
1.725 2.294543776216008e-09
1.73 2.2581912577433544e-09
1.735 2.249162351761095e-09
1.74 2.2911089472078184e-09
1.745 2.099907967346052e-09
1.75 2.082067935219669e-09
1.7550000000000001 2.170607823932029e-09
1.76 2.1218206917915462e-09
1.7650000000000001 2.1261138764916645e-09
1.77 2.1951654048920117e-09
1.7750000000000001 2.1047156228557832e-09
1.78 2.171012624282777e-09
1.7850000000000001 2.135338464575722e-09
1.79 2.090225611741123e-09
1.795 2.1452495876849674e-09
1.8 2.0640355582897457e-09
1.805 1.9778274493674724e-09
1.81 2.085737129048128e-09
1.815 2.0446848517483603e-09
1.82 1.9791277787388846e-09
1.825 2.0286981735628656e-09
1.83 1.978401487285197e-09
1.835 2.035581045947745e-09
1.84 2.0212868118041064e-09
1.845 2.011743900239062e-09
1.85 2.0704924615024344e-09
1.855 2.0902832114395507e-09
1.86 1.9591094739916202e-09
1.865 1.998152237284009e-09
1.87 1.9597155038052373e-09
1.875 1.963076707077354e-09
1.8800000000000001 1.9881149321441054e-09
1.885 1.950423615989169e-09
1.8900000000000001 1.995454078058454e-09
1.895 1.977065924881012e-09
1.9000000000000001 2.0093401011689506e-09
1.905 1.9622924967568484e-09
1.9100000000000001 1.900941982627987e-09
1.915 1.913481611914393e-09
1.92 1.8546140343336644e-09
1.925 1.9277924873693578e-09
1.93 2.003445910630465e-09
1.935 1.8697952959695613e-09
1.94 1.8231521475122933e-09
1.945 1.8587460549098093e-09
1.95 1.8676043423768927e-09
1.955 1.8972220524419083e-09
1.96 1.8299505663365824e-09
1.965 1.8622776482104876e-09
1.97 1.8667191477016866e-09
1.975 1.9173763426136687e-09
1.98 1.7865967910786795e-09
1.985 1.815984457441829e-09
1.99 1.8442132014171643e-09
1.995 1.8260733283846832e-09
2.0 1.7335484833034797e-09
2.005 1.790209956510315e-09
2.0100000000000002 1.8504755083564575e-09
2.015 1.8416350473391508e-09
2.02 1.7818180632698119e-09
2.025 1.7884251370286598e-09
2.0300000000000002 1.8348765824917247e-09
2.035 1.8281383431856443e-09
2.04 1.8377139982403694e-09
2.045 1.8461520652376133e-09
2.05 1.7297351732171617e-09
2.055 1.8182742233743548e-09
2.06 1.7580139539720064e-09
2.065 1.7687332428800292e-09
2.07 1.6670995715931942e-09
2.075 1.694647955088895e-09
2.08 1.792020326263053e-09
2.085 1.7938743560581538e-09
2.09 1.684941536850217e-09
2.095 1.872530423245482e-09
2.1 1.7571364113495422e-09
2.105 1.7418870555359627e-09
2.11 1.7506788360777283e-09
2.115 1.762722155889034e-09
2.12 1.7124969604565025e-09
2.125 1.6758491493484657e-09
2.13 1.771228320269213e-09
2.1350000000000002 1.744288605404533e-09
2.14 1.6823572763197238e-09
2.145 1.7150223054827535e-09
2.15 1.788157267903828e-09
2.1550000000000002 1.6593741622395834e-09
2.16 1.7825601063112478e-09
2.165 1.704403081666365e-09
2.17 1.7332825606641564e-09
2.1750000000000003 1.7434238277229871e-09
2.18 1.696087297825856e-09
2.185 1.7143252008982393e-09
2.19 1.6703150328196055e-09
2.195 1.6671372674284462e-09
2.2 1.6174920479746092e-09
2.205 1.6220250078705494e-09
2.21 1.6430181144612583e-09
2.215 1.6558714623230576e-09
2.22 1.6203783515422096e-09
2.225 1.6671740512415392e-09
2.23 1.727997260825864e-09
2.235 1.634473931343934e-09
2.24 1.6735173377781935e-09
2.245 1.6546054788572157e-09
2.25 1.6636118247240118e-09
2.255 1.6864867501304419e-09
2.2600000000000002 1.6448655262609543e-09
2.265 1.7164169951772606e-09
2.27 1.6619546742939946e-09
2.275 1.7273345828504497e-09
2.2800000000000002 1.6943936436521925e-09
2.285 1.6477664090220793e-09
2.29 1.659818543267647e-09
2.295 1.622229460713377e-09
2.3000000000000003 1.6542795525474078e-09
2.305 1.6095386625957488e-09
2.31 1.621798716297478e-09
2.315 1.7739190037755384e-09
2.32 1.6739839839743383e-09
2.325 1.6580532842989577e-09
2.33 1.634744495097584e-09
2.335 1.6447714937413794e-09
2.34 1.6501758396890532e-09
2.345 1.6547353642324162e-09
2.35 1.6236102851613816e-09
2.355 1.618257815950275e-09
2.36 1.5879540951029788e-09
2.365 1.6525164331995884e-09
2.37 1.6624882081421213e-09
2.375 1.6210223327226717e-09
2.38 1.6112612533923257e-09
2.3850000000000002 1.6195644750087376e-09
2.39 1.6940888470802883e-09
2.395 1.621300964599193e-09
2.4 1.6907561492390677e-09
2.4050000000000002 1.6354827853724206e-09
2.41 1.6435666859323589e-09
2.415 1.6200440396044845e-09
2.42 1.5778995226115108e-09
2.4250000000000003 1.615441592602764e-09
2.43 1.592125184371089e-09
2.435 1.6089045555112628e-09
2.44 1.598002962796533e-09
2.445 1.6074884875409127e-09
2.45 1.566663440148226e-09
2.455 1.5293230691246668e-09
2.46 1.5674918135109467e-09
2.465 1.6677550864396243e-09
2.47 1.5583818284762924e-09
2.475 1.5491113234215111e-09
2.48 1.5840616071628246e-09
2.485 1.5817520200377487e-09
2.49 1.5868726555117827e-09
2.495 1.5946667409592373e-09
2.5 1.6113055460559777e-09
2.505 1.5761787871303566e-09
2.5100000000000002 1.5760761970795487e-09
2.515 1.5663935859082238e-09
2.52 1.5758290863296948e-09
2.525 1.566912602145702e-09
2.5300000000000002 1.5680686432612777e-09
2.535 1.5818515050785864e-09
2.54 1.595709212258956e-09
2.545 1.5719900569583724e-09
2.5500000000000003 1.548013605551957e-09
2.555 1.6020610551867633e-09
2.56 1.6035168254375232e-09
2.565 1.5604616905200277e-09
2.57 1.5626799235665175e-09
2.575 1.6073496454682678e-09
2.58 1.604516728188581e-09
2.585 1.5724707513294233e-09
2.59 1.6019610577935767e-09
2.595 1.5922740022785173e-09
2.6 1.582428671793384e-09
2.605 1.5415059678292885e-09
2.61 1.5504093630954048e-09
2.615 1.5680138627300793e-09
2.62 1.556624474486076e-09
2.625 1.5578221048461505e-09
2.63 1.5430206954089587e-09
2.6350000000000002 1.5989121835421625e-09
2.64 1.535841359540795e-09
2.645 1.6156437701019426e-09
2.65 1.5249749021490924e-09
2.6550000000000002 1.537351716204231e-09
2.66 1.5290427531572677e-09
2.665 1.5093127228082746e-09
2.67 1.491998888347371e-09
2.6750000000000003 1.569840320862122e-09
2.68 1.5577491732516978e-09
2.685 1.5757134164146254e-09
2.69 1.6095146891205355e-09
2.695 1.5593915069796086e-09
2.7 1.5567180238758996e-09
2.705 1.5642440843280972e-09
2.71 1.4858527632815265e-09
2.715 1.550593882704595e-09
2.72 1.5270676226875554e-09
2.725 1.5189894201490053e-09
2.73 1.6037805838507167e-09
2.735 1.574402507756434e-09
2.74 1.510639929187006e-09
2.745 1.5737329228866325e-09
2.75 1.5321118102888591e-09
2.755 1.5774120096059492e-09
2.7600000000000002 1.5072295969431301e-09
2.765 1.5450173639639392e-09
2.77 1.4948950398810385e-09
2.775 1.5362135886683603e-09
2.7800000000000002 1.541947432396862e-09
2.785 1.504494385139568e-09
2.79 1.5359145539082786e-09
2.795 1.539138917824903e-09
2.8000000000000003 1.5488931214275757e-09
2.805 1.5186972358845993e-09
2.81 1.470915160240859e-09
2.815 1.5455867976633108e-09
2.82 1.5539185271320904e-09
2.825 1.5354161520708653e-09
2.83 1.567589522118493e-09
2.835 1.534282195088786e-09
2.84 1.5354284066830497e-09
2.845 1.5221510004534938e-09
2.85 1.506830063140474e-09
2.855 1.497635789676087e-09
2.86 1.5021164975471993e-09
2.865 1.530212679522161e-09
2.87 1.5225435064929198e-09
2.875 1.56892943516924e-09
2.88 1.4823468970459736e-09
2.8850000000000002 1.4686541280445774e-09
2.89 1.509989140069391e-09
2.895 1.4616343203297074e-09
2.9 1.4846951655507597e-09
2.9050000000000002 1.5369152914310148e-09
2.91 1.4962379865352706e-09
2.915 1.5089096266209582e-09
2.92 1.4868163108560647e-09
2.9250000000000003 1.5360803993375523e-09
2.93 1.5335159826646145e-09
2.935 1.5040130234205518e-09
2.94 1.5312064100926968e-09
2.945 1.4854601521436412e-09
2.95 1.4723265719145795e-09
2.955 1.4804852149677145e-09
2.96 1.5248840460581513e-09
2.965 1.5122825882350003e-09
2.97 1.4675379448435145e-09
2.975 1.4826462304159188e-09
2.98 1.4563346611087307e-09
2.985 1.468615835206048e-09
2.99 1.4363154723124518e-09
2.995 1.4596327839352185e-09
3.0 1.4771443104479926e-09
3.005 1.4683065728824766e-09
3.0100000000000002 1.4528856147142154e-09
3.015 1.4665901871512791e-09
3.02 1.4571092587314757e-09
3.025 1.4589747018631114e-09
3.0300000000000002 1.4723300769677196e-09
3.035 1.4607815819122118e-09
3.04 1.4329009264885959e-09
3.045 1.4092376653764888e-09
3.0500000000000003 1.4615435647222368e-09
3.055 1.4544857042314479e-09
3.06 1.5202895104250625e-09
3.065 1.4786086920576913e-09
3.0700000000000003 1.501744082109443e-09
3.075 1.4762506957149924e-09
3.08 1.428514654278844e-09
3.085 1.4538588231553341e-09
3.09 1.412078010864887e-09
3.095 1.4929146840736777e-09
3.1 1.4434655693842419e-09
3.105 1.451666127536261e-09
3.11 1.4311006614821058e-09
3.115 1.4569054856461895e-09
3.12 1.4673771229703834e-09
3.125 1.4460994968537344e-09
3.13 1.4335633699766256e-09
3.1350000000000002 1.3904124575143787e-09
3.14 1.419153752910151e-09
3.145 1.4820994529298763e-09
3.15 1.429635779246947e-09
3.1550000000000002 1.4042578787200411e-09
3.16 1.4549139676006849e-09
3.165 1.4251941040611693e-09
3.17 1.4366077013339923e-09
3.1750000000000003 1.4004721086602492e-09
3.18 1.4425883612819962e-09
3.185 1.4017475795005482e-09
3.19 1.4045602212467654e-09
3.1950000000000003 1.404352793704019e-09
3.2 1.4271298075824472e-09
3.205 1.4611867381583545e-09
3.21 1.4105061505078359e-09
3.215 1.4577603882154941e-09
3.22 1.4319938432074767e-09
3.225 1.3989974545261665e-09
3.23 1.4432378363669956e-09
3.235 1.4243912766601284e-09
3.24 1.4225254781049137e-09
3.245 1.4053552671475853e-09
3.25 1.4644383780563991e-09
3.255 1.4054857948927824e-09
3.2600000000000002 1.4085735798014988e-09
3.265 1.4789316813016862e-09
3.27 1.3951906547842452e-09
3.275 1.3949850012278758e-09
3.2800000000000002 1.4354291248407675e-09
3.285 1.3870743007429227e-09
3.29 1.445275795378866e-09
3.295 1.4016993023955953e-09
3.3000000000000003 1.3677292569979531e-09
3.305 1.3697623034900013e-09
3.31 1.3778182655669698e-09
3.315 1.4024732697363954e-09
3.3200000000000003 1.3825828925357317e-09
3.325 1.3841704638439424e-09
3.33 1.4181828173992078e-09
3.335 1.402406458536245e-09
3.34 1.3604742988219214e-09
3.345 1.3481775729568952e-09
3.35 1.4087047129761024e-09
3.355 1.3669404612826499e-09
3.36 1.3914821367599576e-09
3.365 1.408661720745671e-09
3.37 1.3805377641482709e-09
3.375 1.4138989595422053e-09
3.38 1.3810031323554658e-09
3.3850000000000002 1.3518121962524543e-09
3.39 1.3761844394013915e-09
3.395 1.3922302650741351e-09
3.4 1.3515587024636655e-09
3.4050000000000002 1.3526280401596292e-09
3.41 1.3714055807370368e-09
3.415 1.3569856804079957e-09
3.42 1.4044860690900497e-09
3.4250000000000003 1.3998494973108926e-09
3.43 1.3471712587042942e-09
3.435 1.3889976800120058e-09
3.44 1.4400131388502893e-09
3.4450000000000003 1.3850161532217809e-09
3.45 1.3677961297289932e-09
3.455 1.34502016965635e-09
3.46 1.3131492000825527e-09
3.465 1.3659927606879275e-09
3.47 1.3412973677447878e-09
3.475 1.3679012627500106e-09
3.48 1.32984048159305e-09
3.485 1.3450232776471351e-09
3.49 1.3310514162404072e-09
3.495 1.3329483309654263e-09
3.5 1.3755397130175383e-09
3.505 1.3557767830338828e-09
3.5100000000000002 1.3324063290845432e-09
3.515 1.2895259205518093e-09
3.52 1.359241914667857e-09
3.525 1.3411964249328178e-09
3.5300000000000002 1.3337156030328565e-09
3.535 1.2933592834604175e-09
3.54 1.3278690962175574e-09
3.545 1.304806183383866e-09
3.5500000000000003 1.3218322270103093e-09
3.555 1.3339294404887007e-09
3.56 1.3235107277696721e-09
3.565 1.290662014281667e-09
3.5700000000000003 1.289517682987414e-09
3.575 1.3187410112307733e-09
3.58 1.3123120914102896e-09
3.585 1.3110271271711327e-09
3.59 1.2892838975886324e-09
3.595 1.3144165818913304e-09
3.6 1.2622151628168126e-09
3.605 1.3262246233423925e-09
3.61 1.2844469681343012e-09
3.615 1.2747126168272854e-09
3.62 1.291382049895455e-09
3.625 1.2884855187908992e-09
3.63 1.2917486332352549e-09
3.6350000000000002 1.2923350461061556e-09
3.64 1.3370051188197037e-09
3.645 1.2793648646097722e-09
3.65 1.2804406486985039e-09
3.6550000000000002 1.322315823721294e-09
3.66 1.3073335000536641e-09
3.665 1.309086089985763e-09
3.67 1.287463842986012e-09
3.6750000000000003 1.290801889841577e-09
3.68 1.2657338345164912e-09
3.685 1.248075212056881e-09
3.69 1.2657592621627539e-09
3.6950000000000003 1.275899353226502e-09
3.7 1.2823478994439706e-09
3.705 1.2584496700277706e-09
3.71 1.264242725209759e-09
3.715 1.242288562484057e-09
3.72 1.243942430830948e-09
3.725 1.2955035914547226e-09
3.73 1.268668541254145e-09
3.735 1.2662619927695774e-09
3.74 1.2577547332743253e-09
3.745 1.2204183431880906e-09
3.75 1.2242111788744129e-09
3.755 1.2475363393761834e-09
3.7600000000000002 1.2260377502987803e-09
3.765 1.2522122819722153e-09
3.77 1.2454410750832346e-09
3.775 1.2509607207540842e-09
3.7800000000000002 1.2522666760064007e-09
3.785 1.2389795948053302e-09
3.79 1.2390424553266844e-09
3.795 1.181405178741103e-09
3.8000000000000003 1.2181176187494494e-09
3.805 1.2468151155825718e-09
3.81 1.2461481619758245e-09
3.815 1.2417302874133715e-09
3.8200000000000003 1.1828658094900548e-09
3.825 1.2059096591563448e-09
3.83 1.2634738333015017e-09
3.835 1.2323108447335657e-09
3.84 1.2251701615543566e-09
3.845 1.208571599940286e-09
3.85 1.2304281882718469e-09
3.855 1.2112203178154498e-09
3.86 1.2265478353688965e-09
3.865 1.1879185993743342e-09
3.87 1.2053265685360053e-09
3.875 1.2294608485635002e-09
3.88 1.19913594590695e-09
3.8850000000000002 1.1851200216542537e-09
3.89 1.1803635386362338e-09
3.895 1.18871721204195e-09
3.9 1.1653571325457445e-09
3.9050000000000002 1.1870491416319507e-09
3.91 1.1861501868935028e-09
3.915 1.2140184349150488e-09
3.92 1.2185961574185767e-09
3.9250000000000003 1.18007466181487e-09
3.93 1.1529241487577357e-09
3.935 1.188974246418265e-09
3.94 1.2021337493180181e-09
3.9450000000000003 1.1957513442022282e-09
3.95 1.184899886154944e-09
3.955 1.1971710208344186e-09
3.96 1.1684110218604596e-09
3.9650000000000003 1.1122668126706392e-09
3.97 1.1848121729928204e-09
3.975 1.2093562890563762e-09
3.98 1.1835296314395018e-09
3.985 1.1566396605126212e-09
3.99 1.178290475452436e-09
3.995 1.180702904608476e-09
4.0 1.1616287752434333e-09
4.005 1.1350551548360088e-09
4.01 1.1503412878856692e-09
4.015 1.1499047796715625e-09
4.0200000000000005 1.185204082799404e-09
4.025 1.1490206530311298e-09
4.03 1.194428414670655e-09
4.035 1.1530025740341139e-09
4.04 1.1402744823473493e-09
4.045 1.1873049580801111e-09
4.05 1.1465941945425801e-09
4.055 1.164959695284343e-09
4.0600000000000005 1.138135207856847e-09
4.065 1.1446391185561307e-09
4.07 1.1573926601475644e-09
4.075 1.1185359643567445e-09
4.08 1.1315394749127058e-09
4.085 1.1370278086184838e-09
4.09 1.1192650961065575e-09
4.095 1.114854160959597e-09
4.1 1.1427097738794685e-09
4.105 1.1763926528444294e-09
4.11 1.12490658669677e-09
4.115 1.0985799885928726e-09
4.12 1.142731575466598e-09
4.125 1.1039167044619988e-09
4.13 1.1393659268182339e-09
4.135 1.1397808156667173e-09
4.14 1.0795529690501566e-09
4.1450000000000005 1.119773830140458e-09
4.15 1.1005615152558608e-09
4.155 1.0967670770315124e-09
4.16 1.1110588665878494e-09
4.165 1.1224931672200227e-09
4.17 1.1183078661653343e-09
4.175 1.1189519345251063e-09
4.18 1.1183563939345153e-09
4.1850000000000005 1.1046490499498766e-09
4.19 1.088424881240982e-09
4.195 1.0856652570585948e-09
4.2 1.0541110179102973e-09
4.205 1.0685300807749476e-09
4.21 1.1022051245231446e-09
4.215 1.073981350734848e-09
4.22 1.0718225928931174e-09
4.225 1.094519844135421e-09
4.23 1.0643389160855016e-09
4.235 1.0796312574500676e-09
4.24 1.0912802390225476e-09
4.245 1.0909676122997308e-09
4.25 1.0658908217911486e-09
4.255 1.0632002075220272e-09
4.26 1.053915465795777e-09
4.265 1.0593772205122528e-09
4.2700000000000005 1.0746447687032979e-09
4.275 1.0809977086562428e-09
4.28 1.059518042030502e-09
4.285 1.0563396996906775e-09
4.29 1.064642415377991e-09
4.295 1.0599362244949237e-09
4.3 1.047024941612142e-09
4.305 1.0330668730209157e-09
4.3100000000000005 1.0651468427372397e-09
4.315 1.0408948885060165e-09
4.32 1.0854247995296858e-09
4.325 1.0479964177140606e-09
4.33 1.042767375023107e-09
4.335 1.1232821626567726e-09
4.34 1.0325981068321286e-09
4.345 1.0451908081965218e-09
4.3500000000000005 1.0196967856629834e-09
4.355 1.0336605167503703e-09
4.36 1.010325939873304e-09
4.365 1.0023539137299226e-09
4.37 1.0173995481285616e-09
4.375 1.0473880644812786e-09
4.38 9.953219128357264e-10
4.385 1.0168094961345711e-09
4.39 1.0286393047976633e-09
4.3950000000000005 1.0180455610450195e-09
4.4 9.983057357546538e-10
4.405 1.0395664183669953e-09
4.41 1.0019034545789274e-09
4.415 1.0045096293065407e-09
4.42 9.916527385625003e-10
4.425 9.79442950874068e-10
4.43 9.802031421598065e-10
4.4350000000000005 1.0159108275675394e-09
4.44 9.856587377347389e-10
4.445 1.0014703035133034e-09
4.45 9.942976225535302e-10
4.455 9.881384156188322e-10
4.46 9.767887315734055e-10
4.465 9.759703040171844e-10
4.47 9.78458580136994e-10
4.4750000000000005 9.505811406001114e-10
4.48 9.290765797818658e-10
4.485 9.629268796746865e-10
4.49 9.72308648361741e-10
4.495 9.624556180850214e-10
4.5 9.767152188947574e-10
4.505 9.669030619618365e-10
4.51 9.578565503106698e-10
4.515 9.739197827355489e-10
4.5200000000000005 9.83397196155662e-10
4.525 9.460659723785403e-10
4.53 9.66087320974259e-10
4.535 9.727340856669285e-10
4.54 9.900597690765248e-10
4.545 9.743457056482822e-10
4.55 9.644843225601277e-10
4.555 9.62847674403729e-10
4.5600000000000005 9.270006041020273e-10
4.565 9.401421081698889e-10
4.57 9.336764392571092e-10
4.575 9.515351417301796e-10
4.58 9.359072899093014e-10
4.585 9.274859799167723e-10
4.59 9.110043204467744e-10
4.595 9.280065270922717e-10
4.6000000000000005 9.185275975312104e-10
4.605 9.290665434819461e-10
4.61 9.118344823010817e-10
4.615 9.308849628396064e-10
4.62 9.454509916302873e-10
4.625 9.058412295632136e-10
4.63 9.073751748861492e-10
4.635 9.34238574598668e-10
4.64 9.448183906591117e-10
4.6450000000000005 9.083580040782082e-10
4.65 9.139428452122774e-10
4.655 9.037058034006915e-10
4.66 8.843174448133916e-10
4.665 8.761383227597039e-10
4.67 9.287461445665922e-10
4.675 9.115922479065696e-10
4.68 9.218666240579579e-10
4.6850000000000005 9.399983511764247e-10
4.69 8.957780160886619e-10
4.695 8.614674025846799e-10
4.7 8.871928452935747e-10
4.705 8.844010964584938e-10
4.71 8.915265792940764e-10
4.715 8.939510181338637e-10
4.72 8.846707303324491e-10
4.7250000000000005 8.763825081778652e-10
4.73 8.881661577143657e-10
4.735 8.623287666496997e-10
4.74 8.629236570310707e-10
4.745 8.773618158487695e-10
4.75 8.507701472009054e-10
4.755 8.88373422192038e-10
4.76 8.428280957760472e-10
4.765 8.529375168462597e-10
4.7700000000000005 8.330053955352085e-10
4.775 8.749344722861335e-10
4.78 8.803797170955571e-10
4.785 8.49086658008902e-10
4.79 8.746589006119708e-10
4.795 8.646757657527012e-10
4.8 8.2271053789454e-10
4.805 8.722093355242936e-10
4.8100000000000005 8.582117847266363e-10
4.815 8.741846136235086e-10
4.82 8.437995720706073e-10
4.825 8.344502811378323e-10
4.83 8.571168427278893e-10
4.835 8.689880882163249e-10
4.84 8.469555110768199e-10
4.845 8.382452322154465e-10
4.8500000000000005 8.026357120381879e-10
4.855 8.513396639168183e-10
4.86 8.356716102997146e-10
4.865 8.158654331403364e-10
4.87 8.105402596940701e-10
4.875 8.077883702446933e-10
4.88 8.120380717479208e-10
4.885 8.159504679336593e-10
4.89 8.244837269562315e-10
4.8950000000000005 8.224985105703084e-10
4.9 8.059354557491772e-10
4.905 8.459673216784119e-10
4.91 7.99140096744589e-10
4.915 8.165713490192284e-10
4.92 8.14024293677117e-10
4.925 7.879606458993315e-10
4.93 8.207607203232952e-10
4.9350000000000005 7.992236535977957e-10
4.94 8.106835369435318e-10
4.945 7.844686438143815e-10
4.95 8.178218840268179e-10
4.955 8.035515622272941e-10
4.96 7.699114458611929e-10
4.965 7.899930482822033e-10
4.97 8.193948413694781e-10
4.9750000000000005 8.338626891187427e-10
4.98 8.246533448275938e-10
4.985 7.541208219341951e-10
4.99 7.634283723900667e-10
4.995 7.740669173454406e-10
5.0 8.001352454786379e-10
5.005 7.5511706374219e-10
5.01 7.526092922236359e-10
5.015 7.753226384416484e-10
5.0200000000000005 7.828249514155362e-10
5.025 7.590306209973602e-10
5.03 7.942565145405185e-10
5.035 7.671350058017073e-10
5.04 7.515923565725708e-10
5.045 7.724881348235056e-10
5.05 7.423928135130115e-10
5.055 7.706181537026686e-10
5.0600000000000005 7.525047416028605e-10
5.065 7.456754040535256e-10
5.07 7.545930081806134e-10
5.075 7.755081858480529e-10
5.08 7.358801739458557e-10
5.085 7.519916339406437e-10
5.09 7.47458655726651e-10
5.095 7.208197720580667e-10
5.1000000000000005 7.377087977996101e-10
5.105 7.366445364368849e-10
5.11 7.520047580528308e-10
5.115 7.335583538272844e-10
5.12 7.237707528457062e-10
5.125 7.164931406693694e-10
5.13 7.279063238742733e-10
5.135 7.498432474496354e-10
5.14 7.119500339805118e-10
5.1450000000000005 7.115822898609221e-10
5.15 7.303472548474621e-10
5.155 7.222931099002632e-10
5.16 6.917533484426536e-10
5.165 7.447632020191602e-10
5.17 7.234653630635007e-10
5.175 7.13271759096185e-10
5.18 7.152927621583116e-10
5.1850000000000005 7.318205143356153e-10
5.19 7.211775939532486e-10
5.195 7.24407383890658e-10
5.2 7.179691609101159e-10
5.205 6.918547682408115e-10
5.21 6.861520677184072e-10
5.215 7.1410406951491e-10
5.22 7.366104335141461e-10
5.2250000000000005 7.005992814829831e-10
5.23 7.013266925185951e-10
5.235 7.484347618248903e-10
5.24 6.976091677758693e-10
5.245 6.855110636163057e-10
5.25 6.819160359434174e-10
5.255 6.956141347592807e-10
5.26 6.84782099252224e-10
5.265 6.78439592759668e-10
5.2700000000000005 7.026907607946253e-10
5.275 6.734137944685111e-10
5.28 6.839204508534377e-10
5.285 6.68000073497845e-10
5.29 6.898909218605345e-10
5.295 6.83397873518545e-10
5.3 6.844509217708075e-10
5.305 6.698814892017308e-10
5.3100000000000005 6.997549639623747e-10
5.315 6.66483282347108e-10
5.32 6.700918895907712e-10
5.325 6.608304694724108e-10
5.33 6.600804990329181e-10
5.335 7.000432263263838e-10
5.34 6.82855343241833e-10
5.345 6.607149032319966e-10
5.3500000000000005 6.570410214448949e-10
5.355 6.468339402192729e-10
5.36 6.667267706812611e-10
5.365 6.578273826044757e-10
5.37 6.574710442348937e-10
5.375 6.650190861039021e-10
5.38 6.525133365005067e-10
5.385 6.279585438260819e-10
5.39 6.356237618915807e-10
5.3950000000000005 6.623007552794207e-10
5.4 6.312883413438534e-10
5.405 6.020597105182688e-10
5.41 6.329204278734542e-10
5.415 6.310441541391253e-10
5.42 6.379131588428181e-10
5.425 6.061275000232687e-10
5.43 6.486966924580676e-10
5.4350000000000005 6.210140191171806e-10
5.44 6.414170842993093e-10
5.445 6.461528635226418e-10
5.45 6.312766080135077e-10
5.455 6.142361796365038e-10
5.46 6.043078744333796e-10
5.465 6.252333800022225e-10
5.47 6.184396799001746e-10
5.4750000000000005 6.215782612172998e-10
5.48 6.292034943976759e-10
5.485 6.320376661316378e-10
5.49 6.222324164049123e-10
5.495 6.017050186331623e-10
5.5 6.005122088600926e-10
5.505 6.173289875754404e-10
5.51 6.115637898307777e-10
5.515 6.204731706922816e-10
5.5200000000000005 5.930916608205118e-10
5.525 6.007522077948747e-10
5.53 6.323496340631052e-10
5.535 6.013873790524162e-10
5.54 5.703314506617494e-10
5.545 6.090558609369879e-10
5.55 5.880801599964262e-10
5.555 6.022303015052584e-10
5.5600000000000005 5.94659556298001e-10
5.565 5.823990639501165e-10
5.57 6.040610577198824e-10
5.575 5.807415220338031e-10
5.58 5.731907207709785e-10
5.585 6.006913173239273e-10
5.59 5.906099838554617e-10
5.595 5.659295472406247e-10
5.6000000000000005 5.779679098689221e-10
5.605 5.752312353742866e-10
5.61 5.960742044804805e-10
5.615 5.836796927511412e-10
5.62 5.938843215864452e-10
5.625 5.88731438921239e-10
5.63 5.821173475915849e-10
5.635 5.654395688323429e-10
5.64 5.937938901409077e-10
5.6450000000000005 5.834774774423956e-10
5.65 5.745412506865202e-10
5.655 5.668673529190648e-10
5.66 5.645453896683831e-10
5.665 5.58236187792214e-10
5.67 5.392831757093243e-10
5.675 5.590019828795189e-10
5.68 5.689975242655824e-10
5.6850000000000005 5.636794609543667e-10
5.69 5.364381629436153e-10
5.695 5.578570536447766e-10
5.7 5.470546681054579e-10
5.705 5.474349453253335e-10
5.71 5.517616210112165e-10
5.715 5.490381776546533e-10
5.72 5.568815369337416e-10
5.7250000000000005 5.4020994298746e-10
5.73 5.427722931783004e-10
5.735 5.396948791447001e-10
5.74 5.380823816018668e-10
5.745 5.323369570473562e-10
5.75 5.366857083834345e-10
5.755 5.384736473322246e-10
5.76 5.433404593725656e-10
5.765 5.53958322779011e-10
5.7700000000000005 5.301264504067707e-10
5.775 5.189033400356567e-10
5.78 5.529685242403296e-10
5.785 5.494750064451108e-10
5.79 5.167269241816525e-10
5.795 5.265670206476418e-10
5.8 5.214306114634986e-10
5.805 5.068111602694005e-10
5.8100000000000005 5.17214852962622e-10
5.815 5.22223364646812e-10
5.82 5.164038768584805e-10
5.825 5.10719926223569e-10
5.83 5.1269536693718e-10
5.835 5.099415577751059e-10
5.84 5.211049866448304e-10
5.845 5.333424995583033e-10
5.8500000000000005 5.336702242259613e-10
5.855 5.332065746294817e-10
5.86 5.205301255935158e-10
5.865 5.195507756989857e-10
5.87 5.314608981374266e-10
5.875 5.005467701223258e-10
5.88 5.139782729945467e-10
5.885 5.286817212721393e-10
5.89 5.034942933373799e-10
5.8950000000000005 5.117315468946188e-10
5.9 5.362766313398682e-10
5.905 4.781735578121813e-10
5.91 5.142416018661985e-10
5.915 4.88796315736283e-10
5.92 5.207462823026682e-10
5.925 4.986712454734386e-10
5.93 5.010860595343235e-10
5.9350000000000005 4.992014456787727e-10
5.94 5.153113223594804e-10
5.945 4.872468193819413e-10
5.95 4.841920499687883e-10
5.955 5.104846111516169e-10
5.96 4.790204350271851e-10
5.965 4.966596701658789e-10
5.97 4.939637249510961e-10
5.9750000000000005 4.664094290296662e-10
5.98 4.857592400942554e-10
5.985 4.810110217050416e-10
5.99 4.819839821985209e-10
5.995 4.74722845251122e-10
6.0 4.928723915014921e-10
6.005 4.677050726527952e-10
6.01 4.776199503329054e-10
6.015000000000001 4.5764292426024166e-10
6.0200000000000005 4.824137343079403e-10
6.025 4.641347686062373e-10
6.03 4.684221181893078e-10
6.035 4.839586303400909e-10
6.04 4.858763291832373e-10
6.045 4.773617600074203e-10
6.05 4.5340710345840083e-10
6.055 4.6207130909603043e-10
6.0600000000000005 4.6102345089369337e-10
6.065 4.648509304765136e-10
6.07 4.896124023146381e-10
6.075 4.5196229593926353e-10
6.08 4.619195872412009e-10
6.085 4.786451227220598e-10
6.09 4.704833764157386e-10
6.095 4.512716820725222e-10
6.1000000000000005 4.6191568055218e-10
6.105 4.650088210834621e-10
6.11 4.383875158179374e-10
6.115 4.4370255360226446e-10
6.12 4.4939382273181117e-10
6.125 4.244624743900404e-10
6.13 4.5679737471417767e-10
6.135 4.5347917298305296e-10
6.140000000000001 4.364780332972172e-10
6.1450000000000005 4.5567057254979013e-10
6.15 4.33653281667081e-10
6.155 4.4574830470138887e-10
6.16 4.2973156458171696e-10
6.165 4.3797196354082854e-10
6.17 4.413955171047119e-10
6.175 4.4371449241543584e-10
6.18 4.530808643483651e-10
6.1850000000000005 4.450119922405358e-10
6.19 4.0827969747684055e-10
6.195 4.2952434436252613e-10
6.2 4.272284764943114e-10
6.205 4.217509590574474e-10
6.21 4.681468413178035e-10
6.215 4.1920327588039445e-10
6.22 4.266693705360043e-10
6.2250000000000005 4.499747462586212e-10
6.23 4.5285323356410853e-10
6.235 4.40155601644333e-10
6.24 4.44482964301966e-10
6.245 4.1203997866996086e-10
6.25 4.437431476818871e-10
6.255 4.0393602381911063e-10
6.26 4.228280547874254e-10
6.265000000000001 4.252210008080084e-10
6.2700000000000005 4.1478543074975845e-10
6.275 4.269812458312984e-10
6.28 4.1740991029716466e-10
6.285 4.082455925927565e-10
6.29 4.163824089945731e-10
6.295 4.1494448755264984e-10
6.3 4.0430709196180894e-10
6.305 4.0916220001176705e-10
6.3100000000000005 4.1903740474078404e-10
6.315 4.172098006189021e-10
6.32 4.164121193260942e-10
6.325 3.845839580610892e-10
6.33 3.9209117096678893e-10
6.335 3.9449981106656515e-10
6.34 4.2404920095211927e-10
6.345 4.096810916841018e-10
6.3500000000000005 3.977804502128511e-10
6.355 4.0066736065427825e-10
6.36 3.9031461218024e-10
6.365 3.8306853944968807e-10
6.37 4.0046765288817746e-10
6.375 4.069104182726097e-10
6.38 3.900214296512859e-10
6.385 4.1568234971262844e-10
6.390000000000001 3.9309173184863404e-10
6.3950000000000005 3.94739290024654e-10
6.4 4.0000287132829095e-10
6.405 3.7885988588988615e-10
6.41 3.7246900685070187e-10
6.415 3.9815272353023e-10
6.42 3.996650132014223e-10
6.425 4.029806568338898e-10
6.43 3.7854048253790374e-10
6.4350000000000005 3.8410602396529074e-10
6.44 3.7329423288823453e-10
6.445 3.9083031762155807e-10
6.45 3.8243972458252995e-10
6.455 3.9350616780526527e-10
6.46 3.761385042613936e-10
6.465 3.809248600525255e-10
6.47 3.798634087747974e-10
6.4750000000000005 3.918343411569036e-10
6.48 3.793824320575765e-10
6.485 3.765295114444339e-10
6.49 3.798367196552251e-10
6.495 3.6672855068487663e-10
6.5 3.96012292736932e-10
6.505 3.6681563172416493e-10
6.51 3.849272204471012e-10
6.515000000000001 3.790070590449031e-10
6.5200000000000005 3.799373078649778e-10
6.525 3.7582631681193733e-10
6.53 4.071817424952178e-10
6.535 3.712623800091203e-10
6.54 3.8043040816996233e-10
6.545 3.487814213130287e-10
6.55 3.656483768154529e-10
6.555 3.8259582569260687e-10
6.5600000000000005 3.6394422470558144e-10
6.565 3.6110342190513624e-10
6.57 3.6390703360321177e-10
6.575 3.732615754443014e-10
6.58 3.5967177110435936e-10
6.585 3.7809305847328946e-10
6.59 3.675362829605161e-10
6.595 3.633158496111068e-10
6.6000000000000005 3.6342590313877255e-10
6.605 3.455474110858974e-10
6.61 3.6357361783311515e-10
6.615 3.4907514493362613e-10
6.62 3.4874596949286425e-10
6.625 3.368849782735959e-10
6.63 3.578350667029263e-10
6.635 3.5014844305552883e-10
6.640000000000001 3.6677438120506266e-10
6.6450000000000005 3.6988138457343287e-10
6.65 3.534653872998927e-10
6.655 3.635065798588824e-10
6.66 3.401929394985653e-10
6.665 3.3911613958795785e-10
6.67 3.4632511409176193e-10
6.675 3.550058019055906e-10
6.68 3.3960419488365097e-10
6.6850000000000005 3.294857977797773e-10
6.69 3.5441068229957337e-10
6.695 3.2766309249850695e-10
6.7 3.2661731869283895e-10
6.705 3.3891404739560677e-10
6.71 3.285003606679496e-10
6.715 3.527159303246859e-10
6.72 3.582984426777478e-10
6.7250000000000005 3.4731194817959914e-10
6.73 3.431374850099429e-10
6.735 3.2754445366841554e-10
6.74 3.5285038507647645e-10
6.745 3.382257777268755e-10
6.75 3.2247949884245157e-10
6.755 3.3937245984811567e-10
6.76 3.4584391357717163e-10
6.765000000000001 3.2470371901450896e-10
6.7700000000000005 3.305028402136356e-10
6.775 3.3592256953834216e-10
6.78 3.2540712255675996e-10
6.785 3.251003194167516e-10
6.79 3.4573212403762567e-10
6.795 3.3876089600287407e-10
6.8 3.2385252217177255e-10
6.805 3.282299521433233e-10
6.8100000000000005 3.3397549211428775e-10
6.815 3.2515067132839116e-10
6.82 3.379471666227241e-10
6.825 3.2296162571132843e-10
6.83 3.3083565338516043e-10
6.835 3.3371896702073157e-10
6.84 3.2284736308412446e-10
6.845 3.2728448481213136e-10
6.8500000000000005 3.0558446944628964e-10
6.855 3.17336033043541e-10
6.86 3.3055640571281075e-10
6.865 3.153467944292859e-10
6.87 3.091863820907831e-10
6.875 3.1265533774034865e-10
6.88 3.281281120077896e-10
6.885 3.2328446159181273e-10
6.890000000000001 3.13545252845845e-10
6.8950000000000005 3.260301945560169e-10
6.9 3.134088244601091e-10
6.905 3.0441642742285665e-10
6.91 3.2227964929451915e-10
6.915 3.239629813613021e-10
6.92 3.2121935238388055e-10
6.925 3.2103641618807803e-10
6.93 3.216132371630302e-10
6.9350000000000005 3.1249402688837906e-10
6.94 2.898745957822619e-10
6.945 3.045986050014435e-10
6.95 2.9446555013775116e-10
6.955 2.9178440967757694e-10
6.96 3.139644207884969e-10
6.965 3.043344429017596e-10
6.97 2.819416456358482e-10
6.9750000000000005 3.0940900880667854e-10
6.98 3.011985462640051e-10
6.985 3.097958814438634e-10
6.99 3.176728865646962e-10
6.995 3.027917014859229e-10
7.0 3.0179245405638563e-10
7.005 3.093899032991442e-10
7.01 3.0374573237509343e-10
7.015000000000001 2.8891287771282203e-10
7.0200000000000005 2.822515151931838e-10
7.025 2.9257358738541735e-10
7.03 3.16144538557552e-10
7.035 3.015791859876717e-10
7.04 2.93614972290969e-10
7.045 2.8592983099910016e-10
7.05 3.012218391211463e-10
7.055 3.031850856322229e-10
7.0600000000000005 2.8433137186654633e-10
7.065 2.850302898272733e-10
7.07 3.0569068393801063e-10
7.075 3.0402144790026214e-10
7.08 2.88710163483602e-10
7.085 3.006596463414857e-10
7.09 2.802454515577839e-10
7.095 2.747498120371012e-10
7.1000000000000005 2.948593143769742e-10
7.105 3.0410284104020283e-10
7.11 2.789728816669896e-10
7.115 2.804996973649933e-10
7.12 2.69524652994659e-10
7.125 2.7643282724242157e-10
7.13 2.9740916387462725e-10
7.135 2.6729388029448326e-10
7.140000000000001 2.7667193103271385e-10
7.1450000000000005 2.863571399982117e-10
7.15 2.9166763301945954e-10
7.155 3.418380692510739e-10
7.16 2.8225483791554206e-10
7.165 2.827018247676568e-10
7.17 2.6001081378151496e-10
7.175 2.714186009427633e-10
7.18 2.868682891586079e-10
7.1850000000000005 2.6051055328924036e-10
7.19 2.762509765779402e-10
7.195 2.854979579779476e-10
7.2 2.685347496740855e-10
7.205 2.7423400138878023e-10
7.21 2.700609059242823e-10
7.215 2.646984419906806e-10
7.22 2.775724310361067e-10
7.2250000000000005 2.7736322993446995e-10
7.23 2.708205551702894e-10
7.235 2.7380001154797393e-10
7.24 2.834858246119748e-10
7.245 2.7172975807011393e-10
7.25 2.606166798300607e-10
7.255 2.749235860302063e-10
7.26 2.6485200667761173e-10
7.265000000000001 2.7409478522576587e-10
7.2700000000000005 2.7811853821650247e-10
7.275 2.711977443494015e-10
7.28 2.8397886457371996e-10
7.285 2.472060288375148e-10
7.29 2.723358903696626e-10
7.295 2.5923528838126176e-10
7.3 2.637368995086562e-10
7.305 2.630386204301046e-10
7.3100000000000005 2.5427635589623936e-10
7.315 2.781983479263529e-10
7.32 2.6768006137433997e-10
7.325 2.617403443447688e-10
7.33 2.5623653369263185e-10
7.335 2.740439700381508e-10
7.34 2.647617199245855e-10
7.345 2.54090598348424e-10
7.3500000000000005 2.6000580475697143e-10
7.355 2.3234693744294742e-10
7.36 2.5209292982317404e-10
7.365 2.476403859317997e-10
7.37 2.499767988686025e-10
7.375 2.605761672393715e-10
7.38 2.526802795915331e-10
7.385 2.692941805980721e-10
7.390000000000001 2.6807229807707437e-10
7.3950000000000005 2.4968460226088596e-10
7.4 2.5918666628920373e-10
7.405 2.5088024839170864e-10
7.41 2.419355924960325e-10
7.415 2.6130719481663346e-10
7.42 2.352243101583055e-10
7.425 2.4498133925892986e-10
7.43 2.3888219283877746e-10
7.4350000000000005 2.392184732355975e-10
7.44 2.225293077891116e-10
7.445 2.3467036158886747e-10
7.45 2.4324855384171025e-10
7.455 2.3514000162500797e-10
7.46 2.592190319257896e-10
7.465 2.3104894338704715e-10
7.47 2.353170025202031e-10
7.4750000000000005 2.3260342415371494e-10
7.48 2.388842161177728e-10
7.485 2.528211061933168e-10
7.49 2.557172614141262e-10
7.495 2.3001348823412165e-10
7.5 2.4277528118312664e-10
7.505 2.4844941109125235e-10
7.51 2.2953157681115335e-10
7.515000000000001 2.416878047716181e-10
7.5200000000000005 2.4764168034855956e-10
7.525 2.401754215100101e-10
7.53 2.409298848921833e-10
7.535 2.4937424154781954e-10
7.54 2.3839243295745525e-10
7.545 2.2467744499536793e-10
7.55 2.354959279359886e-10
7.555 2.4364681919673926e-10
7.5600000000000005 2.319617134573267e-10
7.565 2.2096377047312792e-10
7.57 2.683142193127401e-10
7.575 2.2015707773036711e-10
7.58 2.3370303857625815e-10
7.585 2.2671157087437582e-10
7.59 2.3234782075660532e-10
7.595 2.2938735968772706e-10
7.6000000000000005 2.3427936971425886e-10
7.605 2.318668473676916e-10
7.61 2.2794988082564284e-10
7.615 2.5069764061656156e-10
7.62 2.1746855297462702e-10
7.625 2.2691812404472253e-10
7.63 2.2565625024545966e-10
7.635 2.3614341321865284e-10
7.640000000000001 2.360049977977147e-10
7.6450000000000005 2.2384997720035293e-10
7.65 2.1484296765352435e-10
7.655 2.2445007057467092e-10
7.66 2.2824089133985678e-10
7.665 2.2435210862291682e-10
7.67 2.2470872399482046e-10
7.675 2.1918844156878696e-10
7.68 2.267853561082512e-10
7.6850000000000005 2.406681271196115e-10
7.69 2.19418181628305e-10
7.695 2.281356687431166e-10
7.7 2.430450315410089e-10
7.705 2.2727089110046885e-10
7.71 2.2325593306097953e-10
7.715 2.1962967112884906e-10
7.72 2.2701501106349015e-10
7.7250000000000005 2.060174184637971e-10
7.73 2.2332250603933246e-10
7.735 2.2649420970332764e-10
7.74 2.1882806431194385e-10
7.745 2.2612680314513713e-10
7.75 2.369964799743924e-10
7.755 2.1748955598824493e-10
7.76 2.1919538886099064e-10
7.765000000000001 2.0532661391385976e-10
7.7700000000000005 2.310361875507798e-10
7.775 2.1791496343396803e-10
7.78 1.9955551850627935e-10
7.785 2.0600427201768778e-10
7.79 1.991141395510365e-10
7.795 2.2035664739778595e-10
7.8 2.150965305197087e-10
7.805000000000001 2.1867810000767986e-10
7.8100000000000005 2.1101353268080958e-10
7.815 2.1067200727507683e-10
7.82 2.237596813765266e-10
7.825 2.0714311011373275e-10
7.83 2.281909382426621e-10
7.835 2.0900056077699462e-10
7.84 2.2759333895338592e-10
7.845 2.2169934618820217e-10
7.8500000000000005 2.0035996321312567e-10
7.855 1.9665166723499185e-10
7.86 2.127298077509523e-10
7.865 1.950416552180976e-10
7.87 1.9879844600427657e-10
7.875 2.083493143246142e-10
7.88 2.0763014358818975e-10
7.885 1.9303758648921742e-10
7.890000000000001 2.096738046372213e-10
7.8950000000000005 1.984828173797422e-10
7.9 2.0368241885754243e-10
7.905 1.9326840822825057e-10
7.91 2.0883540833651776e-10
7.915 2.1301207576887476e-10
7.92 1.8470614430792628e-10
7.925 1.9867106334422728e-10
7.930000000000001 2.1043415883545213e-10
7.9350000000000005 1.9843927151019269e-10
7.94 2.142217378423441e-10
7.945 1.9924620608154895e-10
7.95 1.9819433694462662e-10
7.955 1.9115220756682448e-10
7.96 1.870109208383817e-10
7.965 2.010212129791249e-10
7.97 1.9327504570318446e-10
7.9750000000000005 1.8982656730680744e-10
7.98 1.984693185477365e-10
7.985 1.9542250968646559e-10
7.99 2.0033520268533856e-10
7.995 1.804199745121632e-10
8.0 1.881139345124504e-10
8.25 9.2654816553324e-09
8.5 8.314573695361352e-09
8.75 7.469236695099532e-09
9.0 6.7573495533254616e-09
9.25 6.095173846579799e-09
9.5 5.5111160690769524e-09
9.75 5.033833938402732e-09
10.0 4.580826586470246e-09
10.25 4.08103082929196e-09
10.5 3.775293951477924e-09
10.75 3.398515196437903e-09
11.0 2.9676496852637713e-09
11.25 2.7145745752852175e-09
11.5 2.45055557723572e-09
11.75 2.1956843622664484e-09
12.0 2.063642910893193e-09
12.25 1.8294059408705324e-09
12.5 1.6694345396533812e-09
12.75 1.5298644892053628e-09
13.0 1.3648738629289505e-09
13.25 1.2774067419346158e-09
13.5 1.1481604292937457e-09
13.75 1.0011882509331652e-09
14.0 9.842286976447726e-10
14.25 8.590484376053457e-10
14.5 7.81196136337906e-10
14.75 7.122590630088057e-10
15.0 6.575712599437605e-10
15.25 6.577967573892295e-10
15.5 5.496609781442844e-10
15.75 5.264141128537138e-10
16.0 5.000734913191502e-10
16.25 4.0870595546185826e-10
16.5 3.855844822811746e-10
16.75 4.0746834227426877e-10
17.0 3.3424877538751047e-10
17.25 2.882804291456841e-10
17.5 2.945848271647577e-10
17.75 2.744227645314391e-10
18.0 2.365875595989417e-10
18.25 2.081160032009093e-10
18.5 2.0077715123185714e-10
18.75 1.9484433762588751e-10
19.0 1.8160280814423703e-10
19.25 1.6787039505752158e-10
19.5 1.2433299250242616e-10
19.75 1.5634448885965707e-10
