0.005 4.396656085791878e-11
0.01 4.5484288714933e-09
0.015 2.223250475495834e-08
0.02 3.7427451194911754e-08
0.025 5.152520711869702e-08
0.03 6.5675265318088e-08
0.035 7.99640536028736e-08
0.04 9.428227714044187e-08
0.045 1.083315443605668e-07
0.05 1.208054674905726e-07
0.055 1.2986759077815223e-07
0.06 1.3608990796676055e-07
0.065 1.399140587342418e-07
0.07 1.3970341555001236e-07
0.075 1.3272318562798803e-07
0.08 1.2200333517762533e-07
0.085 1.1048282689372747e-07
0.09 1.0036452721247638e-07
0.095 9.181703972360275e-08
0.1 8.460870638576589e-08
0.105 7.859934899921093e-08
0.11 7.361984454672688e-08
0.115 6.974506050733112e-08
0.12 6.667234303224348e-08
0.125 6.442765595400063e-08
0.13 6.246021459638651e-08
0.135 6.117177880764597e-08
0.14 5.996121654999229e-08
0.145 5.91117458636363e-08
0.15 5.843625680446444e-08
0.155 5.777331619005976e-08
0.16 5.729023076527263e-08
0.165 5.663284344665717e-08
0.17 5.6270356057641004e-08
0.17500000000000002 5.581076947375677e-08
0.18 5.542948568124886e-08
0.185 5.501406528832583e-08
0.19 5.46106607171051e-08
0.195 5.419521310953431e-08
0.2 5.3925736821891644e-08
0.20500000000000002 5.366549088339383e-08
0.21 5.338384864888331e-08
0.215 5.319728985434738e-08
0.22 5.291858241268185e-08
0.225 5.259771769717889e-08
0.23 5.237566599189008e-08
0.23500000000000001 5.222585372548587e-08
0.24 5.209328473694347e-08
0.245 5.207447562333057e-08
0.25 5.174178573483802e-08
0.255 5.1657874867763627e-08
0.26 5.139734443216419e-08
0.265 5.148278471245617e-08
0.27 5.1598339351472644e-08
0.275 5.127117275096466e-08
0.28 5.104861708261165e-08
0.28500000000000003 5.090571039347812e-08
0.29 5.090908224738377e-08
0.295 5.081798036398212e-08
0.3 5.0382758466739093e-08
0.305 5.0330854672757535e-08
0.31 5.034514627082145e-08
0.315 5.020731530732783e-08
0.32 5.00813946697448e-08
0.325 5.02982498817265e-08
0.33 5.0107963675699516e-08
0.335 5.001812300086594e-08
0.34 4.9846863034967574e-08
0.34500000000000003 5.0042917030374e-08
0.35000000000000003 5.0077493241313215e-08
0.355 4.979656090828362e-08
0.36 4.966853668130213e-08
0.365 4.9578728674857926e-08
0.37 4.975991459023563e-08
0.375 4.994358419550461e-08
0.38 4.9613526898414334e-08
0.385 4.95847231415239e-08
0.39 4.959287990850423e-08
0.395 4.937088010323309e-08
0.4 5.0033223033095295e-08
0.405 4.971419360412614e-08
0.41000000000000003 4.9698633597347294e-08
0.41500000000000004 4.988250011960573e-08
0.42 4.95543433912649e-08
0.425 5.017078035313288e-08
0.43 4.9838348130481373e-08
0.435 5.021150081014842e-08
0.44 4.995913474019551e-08
0.445 5.001282366711151e-08
0.45 5.031953833920472e-08
0.455 5.050975338325157e-08
0.46 5.049855331399496e-08
0.465 5.07508642654931e-08
0.47000000000000003 5.040013221949346e-08
0.47500000000000003 5.0655683596173064e-08
0.48 5.0678478181466386e-08
0.485 5.0510711352829693e-08
0.49 5.044093198612522e-08
0.495 5.091101957798334e-08
0.5 5.1041552232262004e-08
0.505 5.1090779533469645e-08
0.51 5.122183245745526e-08
0.515 5.073210842025966e-08
0.52 5.102010871853635e-08
0.525 5.115567572435805e-08
0.53 5.141762048840931e-08
0.535 5.10241290840623e-08
0.54 5.1338785386701095e-08
0.545 5.093054787191677e-08
0.55 5.138824563036819e-08
0.555 5.162213057971506e-08
0.56 5.18416649130735e-08
0.5650000000000001 5.155557360183707e-08
0.5700000000000001 5.128742142686268e-08
0.5750000000000001 5.1352550955993464e-08
0.58 5.121849556847997e-08
0.585 5.1413297318037814e-08
0.59 5.122535798930011e-08
0.595 5.1531155524630806e-08
0.6 5.137185164598608e-08
0.605 5.1564237302937393e-08
0.61 5.112800979359232e-08
0.615 5.139000171259588e-08
0.62 5.107683259498654e-08
0.625 5.12527110260133e-08
0.63 5.1334844640516745e-08
0.635 5.1604948466692226e-08
0.64 5.172805863352094e-08
0.645 5.13686296763009e-08
0.65 5.1398888086362626e-08
0.655 5.1553027740257745e-08
0.66 5.137005323412872e-08
0.665 5.106605416226778e-08
0.67 5.159261385453819e-08
0.675 5.108136404221693e-08
0.68 5.12953313436504e-08
0.685 5.13951298373541e-08
0.6900000000000001 5.1292894387415804e-08
0.6950000000000001 5.1398778903037275e-08
0.7000000000000001 5.133741401768086e-08
0.705 5.1445626097423363e-08
0.71 5.077961654350837e-08
0.715 5.190233252226417e-08
0.72 5.071690697866177e-08
0.725 5.102769620318341e-08
0.73 5.134946976174016e-08
0.735 5.087601365499696e-08
0.74 5.114389199574247e-08
0.745 5.028089174263281e-08
0.75 5.038518919247992e-08
0.755 5.0444018129178524e-08
0.76 5.044111070246535e-08
0.765 5.033867422212874e-08
0.77 5.016188748348178e-08
0.775 5.0239999383148824e-08
0.78 4.9978227298739225e-08
0.785 5.0282170924715247e-08
0.79 5.00974331575851e-08
0.795 4.99186843100156e-08
0.8 5.015606485212845e-08
0.805 4.99144944621819e-08
0.81 4.90364152009211e-08
0.8150000000000001 4.952162517792378e-08
0.8200000000000001 4.985047969555532e-08
0.8250000000000001 4.9323067965224863e-08
0.8300000000000001 4.891754965659028e-08
0.835 4.855468123549521e-08
0.84 4.8552442695638665e-08
0.845 4.8284376358606365e-08
0.85 4.8604651312284e-08
0.855 4.8140977642169794e-08
0.86 4.8236586160248996e-08
0.865 4.825861092490856e-08
0.87 4.808629024253685e-08
0.875 4.70940944111235e-08
0.88 4.717973449142999e-08
0.885 4.731619568922341e-08
0.89 4.689540191122859e-08
0.895 4.680536147237859e-08
0.9 4.6408925616229864e-08
0.905 4.63464462236191e-08
0.91 4.6420510300102455e-08
0.915 4.546006395057238e-08
0.92 4.5472005526063004e-08
0.925 4.499288735806429e-08
0.93 4.524654957872818e-08
0.935 4.508187842290316e-08
0.9400000000000001 4.438526032574182e-08
0.9450000000000001 4.443790235544934e-08
0.9500000000000001 4.424901274367448e-08
0.9550000000000001 4.386556196521305e-08
0.96 4.37045217882619e-08
0.965 4.3589345415610256e-08
0.97 4.352140929212498e-08
0.975 4.271098490691616e-08
0.98 4.276207998482906e-08
0.985 4.25402936393772e-08
0.99 4.240530105410225e-08
0.995 4.205506796653888e-08
1.0 4.233903200589127e-08
1.0050000000000001 4.1429745211252064e-08
1.01 4.101052028671465e-08
1.0150000000000001 4.104935353484926e-08
1.02 4.069311496884662e-08
1.025 4.064766303567829e-08
1.03 4.0019812082910626e-08
1.035 4.007438958286701e-08
1.04 3.9833003329858665e-08
1.045 3.9813336010796515e-08
1.05 3.9638747027609764e-08
1.055 3.902892083293187e-08
1.06 3.895838808950901e-08
1.065 3.882875474851438e-08
1.07 3.805520400022247e-08
1.075 3.780897460695801e-08
1.08 3.805844983451528e-08
1.085 3.806477598616811e-08
1.09 3.733282144503178e-08
1.095 3.731648943821733e-08
1.1 3.676749097118594e-08
1.105 3.670955869501352e-08
1.11 3.681407450469505e-08
1.115 3.639875624676723e-08
1.12 3.6188866412267927e-08
1.125 3.6105414299900754e-08
1.1300000000000001 3.574863601785997e-08
1.135 3.596176748166389e-08
1.1400000000000001 3.521750848558111e-08
1.145 3.4886574281421836e-08
1.1500000000000001 3.456420486299603e-08
1.155 3.473246933459286e-08
1.16 3.443738577756998e-08
1.165 3.426404944096645e-08
1.17 3.398245866526519e-08
1.175 3.389017321538145e-08
1.18 3.320108268712745e-08
1.185 3.3410186552491354e-08
1.19 3.271705202943856e-08
1.195 3.322836082258404e-08
1.2 3.285913147921583e-08
1.205 3.2475881040659154e-08
1.21 3.229213409798352e-08
1.215 3.1858958083687544e-08
1.22 3.148132958196139e-08
1.225 3.149275765303671e-08
1.23 3.194597788364921e-08
1.235 3.148225455658648e-08
1.24 3.079019169136474e-08
1.245 3.095662000868306e-08
1.25 3.1226567313503295e-08
1.2550000000000001 3.044280361484018e-08
1.26 3.0520788000886054e-08
1.2650000000000001 3.028651607385581e-08
1.27 3.0195531821918606e-08
1.2750000000000001 2.941972286318809e-08
1.28 2.959203165903821e-08
1.285 2.9697777442174585e-08
1.29 2.954308843486173e-08
1.295 2.9117790041900108e-08
1.3 2.934678898363083e-08
1.305 2.869164965040421e-08
1.31 2.861976313460706e-08
1.315 2.8582380541807205e-08
1.32 2.8459125636339597e-08
1.325 2.8593399541381993e-08
1.33 2.797046662963264e-08
1.335 2.8048160517205288e-08
1.34 2.749625582514388e-08
1.345 2.7529558303227677e-08
1.35 2.785090799085842e-08
1.355 2.7628025621926714e-08
1.36 2.7552231335086133e-08
1.365 2.711279557830866e-08
1.37 2.669275953679573e-08
1.375 2.7118599294110546e-08
1.3800000000000001 2.6632932998717327e-08
1.385 2.668087640462569e-08
1.3900000000000001 2.6459186441354867e-08
1.395 2.6164784513410913e-08
1.4000000000000001 2.6000389086657393e-08
1.405 2.5792673709523464e-08
1.41 2.5505135878077177e-08
1.415 2.6030658728431725e-08
1.42 2.5839133023832407e-08
1.425 2.5587773630062858e-08
1.43 2.5434868773326162e-08
1.435 2.5647263490621265e-08
1.44 2.4954097284975984e-08
1.445 2.548298949213248e-08
1.45 2.4860055829510648e-08
1.455 2.483931181244948e-08
1.46 2.4729537441373402e-08
1.465 2.4566389228467475e-08
1.47 2.4635649821218255e-08
1.475 2.4305907317160128e-08
1.48 2.410282853065486e-08
1.485 2.4138089773262478e-08
1.49 2.4237290839910787e-08
1.495 2.4013488858364066e-08
1.5 2.37968498254762e-08
1.5050000000000001 2.3342067962953912e-08
1.51 2.3418543548106566e-08
1.5150000000000001 2.3431633702547754e-08
1.52 2.3417938902168305e-08
1.5250000000000001 2.335054237621847e-08
1.53 2.3543883639240702e-08
1.5350000000000001 2.306905573543948e-08
1.54 2.287109297400062e-08
1.545 2.309768927318084e-08
1.55 2.2951379097636105e-08
1.555 2.2550692571833828e-08
1.56 2.2552673127373114e-08
1.565 2.2706716538799138e-08
1.57 2.251864014617174e-08
1.575 2.2211088498987282e-08
1.58 2.2452247174995684e-08
1.585 2.2539988904183926e-08
1.59 2.2097813263725902e-08
1.595 2.1982398564456492e-08
1.6 2.195997109855637e-08
1.605 2.153055287156703e-08
1.61 2.164808073435747e-08
1.615 2.1660074477116315e-08
1.62 2.228866848967604e-08
1.625 2.140556237020488e-08
1.6300000000000001 2.1650301653489468e-08
1.635 2.132991038873913e-08
1.6400000000000001 2.1382695502637718e-08
1.645 2.1404806929167492e-08
1.6500000000000001 2.1010852916378325e-08
1.655 2.115543776504571e-08
1.6600000000000001 2.1025824885226483e-08
1.665 2.088476865752404e-08
1.67 2.136213242929039e-08
1.675 2.059959400442391e-08
1.68 2.051467244861028e-08
1.685 2.0829958219384738e-08
1.69 2.0949356201211775e-08
1.695 2.084624925550259e-08
1.7 2.0328987127457963e-08
1.705 2.0449516718639424e-08
1.71 1.9884013225015393e-08
1.715 2.0486061504925083e-08
1.72 2.0066167589300177e-08
1.725 1.9800886281722255e-08
1.73 2.0163263380057057e-08
1.735 2.0101542957682297e-08
1.74 1.9304677764478776e-08
1.745 1.9966727995638232e-08
1.75 1.9586147142985896e-08
1.7550000000000001 1.9612077503597277e-08
1.76 1.9441894747885655e-08
1.7650000000000001 1.9444629818039017e-08
1.77 1.9395030749132795e-08
1.7750000000000001 1.9091197360804436e-08
1.78 1.9655919217428988e-08
1.7850000000000001 1.9169275565109746e-08
1.79 1.888577164862349e-08
1.795 1.8841042398438488e-08
1.8 1.910874614606236e-08
1.805 1.9346670306182904e-08
1.81 1.874069690543457e-08
1.815 1.8741800030848906e-08
1.82 1.894137096043483e-08
1.825 1.8254579188034245e-08
1.83 1.8758217429347675e-08
1.835 1.8382201567850345e-08
1.84 1.8525512705300396e-08
1.845 1.839630475350335e-08
1.85 1.86184554398181e-08
1.855 1.8326024286045216e-08
1.86 1.8162492899461787e-08
1.865 1.8133433461760908e-08
1.87 1.8020205698982412e-08
1.875 1.8005582946615102e-08
1.8800000000000001 1.8040563642705815e-08
1.885 1.7782238203287143e-08
1.8900000000000001 1.806669930034147e-08
1.895 1.795482286822449e-08
1.9000000000000001 1.762592705538233e-08
1.905 1.751320063208972e-08
1.9100000000000001 1.7205919013410983e-08
1.915 1.7256175056818224e-08
1.92 1.7373611051813997e-08
1.925 1.723418235749846e-08
1.93 1.753045193621624e-08
1.935 1.6878589774789894e-08
1.94 1.6803393454726972e-08
1.945 1.700705004409817e-08
1.95 1.7253933086622935e-08
1.955 1.7024360550511203e-08
1.96 1.6811626587509383e-08
1.965 1.6151590910547772e-08
1.97 1.6767730154232323e-08
1.975 1.6762078512372308e-08
1.98 1.658382444464089e-08
1.985 1.645735020918918e-08
1.99 1.6525091764416805e-08
1.995 1.644183178895865e-08
2.0 1.6506791365760413e-08
2.005 1.628333159642951e-08
2.0100000000000002 1.6301988583685304e-08
2.015 1.6587304420230584e-08
2.02 1.613577006699386e-08
2.025 1.5677027892121392e-08
2.0300000000000002 1.6167394349756138e-08
2.035 1.6062083710378e-08
2.04 1.564706060048748e-08
2.045 1.5920722494512378e-08
2.05 1.572291065596611e-08
2.055 1.588716825394162e-08
2.06 1.5759900032145014e-08
2.065 1.57591407954378e-08
2.07 1.5789030966274893e-08
2.075 1.5384112548827077e-08
2.08 1.5607341709500917e-08
2.085 1.5227822672152995e-08
2.09 1.5108322170733307e-08
2.095 1.5149187945347968e-08
2.1 1.5339862591812708e-08
2.105 1.5245025260970384e-08
2.11 1.4992836421059295e-08
2.115 1.4849315349107414e-08
2.12 1.5213378746020592e-08
2.125 1.4915362996577734e-08
2.13 1.4695962659097165e-08
2.1350000000000002 1.4843106646315069e-08
2.14 1.4670532205437947e-08
2.145 1.4652126113245284e-08
2.15 1.4389045404763591e-08
2.1550000000000002 1.4502942754148476e-08
2.16 1.4581550403130427e-08
2.165 1.4256135075800886e-08
2.17 1.4380360375816789e-08
2.1750000000000003 1.4555905243132791e-08
2.18 1.4623816106015296e-08
2.185 1.4144433506975808e-08
2.19 1.428652274115268e-08
2.195 1.4169839548677838e-08
2.2 1.447091585626269e-08
2.205 1.4276820291293315e-08
2.21 1.4073518882753918e-08
2.215 1.4115658573410525e-08
2.22 1.414166279314664e-08
2.225 1.3676101487182812e-08
2.23 1.370766368905898e-08
2.235 1.390907182454173e-08
2.24 1.398560010817344e-08
2.245 1.3522287996602357e-08
2.25 1.364705270242754e-08
2.255 1.3826819680707272e-08
2.2600000000000002 1.3707850566492132e-08
2.265 1.3702510462474113e-08
2.27 1.3150274596809948e-08
2.275 1.3337557551356626e-08
2.2800000000000002 1.3347192048353098e-08
2.285 1.3200726837810734e-08
2.29 1.3147475717184991e-08
2.295 1.3513135115404604e-08
2.3000000000000003 1.3218043730673927e-08
2.305 1.3571606097714344e-08
2.31 1.3192495650136483e-08
2.315 1.3278976354743389e-08
2.32 1.3188221679718913e-08
2.325 1.311375659252336e-08
2.33 1.2965131249446482e-08
2.335 1.3028785526160975e-08
2.34 1.2779954533799495e-08
2.345 1.3183290303097121e-08
2.35 1.2886657547241777e-08
2.355 1.2650970980713885e-08
2.36 1.2481191889860545e-08
2.365 1.2662306652928857e-08
2.37 1.2445868776889269e-08
2.375 1.2567385866500156e-08
2.38 1.2575735080692792e-08
2.3850000000000002 1.249052704453778e-08
2.39 1.22986137460819e-08
2.395 1.2123775045857918e-08
2.4 1.2708735011373743e-08
2.4050000000000002 1.2230406948267117e-08
2.41 1.2341252568239235e-08
2.415 1.2258825146666984e-08
2.42 1.2267316994871184e-08
2.4250000000000003 1.1828108142706173e-08
2.43 1.225902491617065e-08
2.435 1.2267731476348537e-08
2.44 1.2116747405284234e-08
2.445 1.220099998477967e-08
2.45 1.189791651841287e-08
2.455 1.197049515838028e-08
2.46 1.1841030733333201e-08
2.465 1.1854632729169121e-08
2.47 1.1730470360202543e-08
2.475 1.1962155787390573e-08
2.48 1.155177587124597e-08
2.485 1.1506827407376095e-08
2.49 1.1870082810917593e-08
2.495 1.1380970224960681e-08
2.5 1.1651685888832008e-08
2.505 1.106765727311086e-08
2.5100000000000002 1.1540802597264317e-08
2.515 1.1371194228208103e-08
2.52 1.1096594818992054e-08
2.525 1.1530874724215774e-08
2.5300000000000002 1.1395781315662286e-08
2.535 1.1440255032188609e-08
2.54 1.124610432426271e-08
2.545 1.1451775516889245e-08
2.5500000000000003 1.1125317601195166e-08
2.555 1.1086089568641414e-08
2.56 1.1341190856022086e-08
2.565 1.109759876693789e-08
2.57 1.0942545252827347e-08
2.575 1.071161093274001e-08
2.58 1.1069459597258754e-08
2.585 1.0689703714009357e-08
2.59 1.0796187843404772e-08
2.595 1.0723564101131494e-08
2.6 1.061985814271109e-08
2.605 1.0782723326154001e-08
2.61 1.0666966735572093e-08
2.615 1.0846167038470516e-08
2.62 1.0442306601418984e-08
2.625 1.0221505725763286e-08
2.63 1.0522067069671662e-08
2.6350000000000002 1.0264716079729646e-08
2.64 1.0759446742324515e-08
2.645 1.0665825632682801e-08
2.65 1.014872065202661e-08
2.6550000000000002 1.0382912021448533e-08
2.66 1.007119333648876e-08
2.665 1.01096182906754e-08
2.67 1.0366343808511203e-08
2.6750000000000003 1.0014138398517266e-08
2.68 9.953507134159305e-09
2.685 1.0270277729585939e-08
2.69 1.0221076148584874e-08
2.695 9.950400427131678e-09
2.7 1.03324897991068e-08
2.705 9.717812116607571e-09
2.71 9.849879526555524e-09
2.715 9.74689645039442e-09
2.72 1.0094825475479823e-08
2.725 9.8141302211707e-09
2.73 9.851084425122862e-09
2.735 9.850469637860824e-09
2.74 9.849176587602483e-09
2.745 9.375083273040504e-09
2.75 9.540207847343052e-09
2.755 9.553010409290783e-09
2.7600000000000002 9.523670926342017e-09
2.765 9.658411697763463e-09
2.77 9.265566685542991e-09
2.775 9.547737181489295e-09
2.7800000000000002 9.300232380930015e-09
2.785 9.229386346172342e-09
2.79 9.471533441069801e-09
2.795 9.242047811265938e-09
2.8000000000000003 9.220322820863369e-09
2.805 9.307117941573806e-09
2.81 9.331588788900685e-09
2.815 9.29251377956423e-09
2.82 9.372026398023673e-09
2.825 9.182986866862881e-09
2.83 9.128076491303136e-09
2.835 9.177557438836149e-09
2.84 9.154697686805496e-09
2.845 9.001693182157957e-09
2.85 8.987588538329313e-09
2.855 9.021193143788469e-09
2.86 8.95582112466486e-09
2.865 8.792117960389169e-09
2.87 8.974189435917174e-09
2.875 9.020871165859024e-09
2.88 8.815114540777385e-09
2.8850000000000002 9.13173624985185e-09
2.89 8.912515092911206e-09
2.895 8.867269190405233e-09
2.9 8.524098258582227e-09
2.9050000000000002 8.773497082161177e-09
2.91 8.552722807713692e-09
2.915 8.286928003800564e-09
2.92 8.270652192527249e-09
2.9250000000000003 8.76621726087852e-09
2.93 8.569196586007486e-09
2.935 8.549213709497914e-09
2.94 8.470427693782336e-09
2.945 8.468592854565613e-09
2.95 8.330270719630031e-09
2.955 8.287304227906522e-09
2.96 8.475685489900537e-09
2.965 8.133993958445837e-09
2.97 8.528736729715961e-09
2.975 8.435803196307365e-09
2.98 8.13006526085206e-09
2.985 8.295757310792856e-09
2.99 8.077012299181314e-09
2.995 8.097456298064933e-09
3.0 8.075004982235962e-09
3.005 8.040494795601207e-09
3.0100000000000002 7.92628275438005e-09
3.015 7.957974586960122e-09
3.02 7.820473260160586e-09
3.025 7.929026860547531e-09
3.0300000000000002 7.741868655863234e-09
3.035 8.170564622239344e-09
3.04 8.053995792829778e-09
3.045 7.820609085316544e-09
3.0500000000000003 7.961367029270261e-09
3.055 7.610951610285937e-09
3.06 7.48063320361794e-09
3.065 7.618457461499614e-09
3.0700000000000003 7.714159992467153e-09
3.075 7.748925487530545e-09
3.08 7.518328874455899e-09
3.085 7.509534671609216e-09
3.09 7.584885171466348e-09
3.095 7.430060042840954e-09
3.1 7.691953484259672e-09
3.105 7.635056705927204e-09
3.11 7.269751255441235e-09
3.115 7.334332600859272e-09
3.12 7.477212004755112e-09
3.125 7.286259786219483e-09
3.13 7.617021898025664e-09
3.1350000000000002 7.483534967937991e-09
3.14 7.544436927024874e-09
3.145 7.291480119730506e-09
3.15 7.323044528415051e-09
3.1550000000000002 7.369434471926937e-09
3.16 7.337480326782775e-09
3.165 6.934808706717921e-09
3.17 7.179668071385102e-09
3.1750000000000003 7.160006263170966e-09
3.18 7.066395254692241e-09
3.185 7.036726663429095e-09
3.19 7.195997695010825e-09
3.1950000000000003 6.891484387332124e-09
3.2 6.904310385493284e-09
3.205 6.984728334651216e-09
3.21 7.012232681326324e-09
3.215 6.823149214147944e-09
3.22 7.154403744371461e-09
3.225 6.955099633325305e-09
3.23 6.918020439828906e-09
3.235 6.7271732964096e-09
3.24 6.618417126216336e-09
3.245 6.638300414228024e-09
3.25 6.84204899212297e-09
3.255 7.043561222673822e-09
3.2600000000000002 6.526427620788295e-09
3.265 6.815819603081145e-09
3.27 6.604570183626984e-09
3.275 6.601117416238775e-09
3.2800000000000002 6.990483071736161e-09
3.285 6.672756495389935e-09
3.29 6.4747638701702625e-09
3.295 6.654375366627016e-09
3.3000000000000003 6.4666276207289895e-09
3.305 6.384519072482463e-09
3.31 6.512783966694169e-09
3.315 6.537687987233626e-09
3.3200000000000003 6.473392207605533e-09
3.325 6.427514802127706e-09
3.33 6.265976905929144e-09
3.335 6.682065573926629e-09
3.34 6.448020792465116e-09
3.345 6.453534528087865e-09
3.35 6.2979269931365775e-09
3.355 6.331793446599858e-09
3.36 6.118619267873609e-09
3.365 6.5197217455150685e-09
3.37 6.176470826381206e-09
3.375 6.263821643298496e-09
3.38 6.1659139325788925e-09
3.3850000000000002 6.070130129872996e-09
3.39 6.104953401706201e-09
3.395 6.189623894236938e-09
3.4 6.188629421946825e-09
3.4050000000000002 5.9776796771507555e-09
3.41 6.169591829925692e-09
3.415 6.192433411526834e-09
3.42 6.148449088814363e-09
3.4250000000000003 5.962223452553583e-09
3.43 6.065153727961776e-09
3.435 5.972848525649954e-09
3.44 5.866786136334076e-09
3.4450000000000003 5.9563895280953125e-09
3.45 5.690671364780394e-09
3.455 5.958132329331614e-09
3.46 5.905151641675002e-09
3.465 6.042829509572372e-09
3.47 5.972238005810841e-09
3.475 5.974686551266811e-09
3.48 5.912667289554491e-09
3.485 5.571485641335792e-09
3.49 5.7710661061212536e-09
3.495 5.664059837960202e-09
3.5 5.846639190640704e-09
3.505 5.837001504295868e-09
3.5100000000000002 5.691977121997721e-09
3.515 5.635775893092772e-09
3.52 5.654395134340302e-09
3.525 5.502565918097279e-09
3.5300000000000002 5.4042442993053206e-09
3.535 5.4231437959554346e-09
3.54 5.6827998973054495e-09
3.545 5.554638666801999e-09
3.5500000000000003 5.530939779715942e-09
3.555 5.4522144986451786e-09
3.56 5.4451008195158765e-09
3.565 5.490082264431358e-09
3.5700000000000003 5.5300971995258635e-09
3.575 5.367213012912145e-09
3.58 5.571585864060614e-09
3.585 5.506595481912058e-09
3.59 5.612421606785852e-09
3.595 5.429972482830734e-09
3.6 5.305745325158621e-09
3.605 5.2377849115338644e-09
3.61 5.360413276181605e-09
3.615 5.301315898653026e-09
3.62 5.2589734957261645e-09
3.625 5.269098830833285e-09
3.63 5.446823382038603e-09
3.6350000000000002 5.202781309691774e-09
3.64 5.163297599593312e-09
3.645 5.065300199428131e-09
3.65 5.285139614647974e-09
3.6550000000000002 5.341342799251948e-09
3.66 5.130549847449936e-09
3.665 5.0468361265602784e-09
3.67 5.145823771469753e-09
3.6750000000000003 5.074698791965028e-09
3.68 5.15983893364013e-09
3.685 5.032392177970355e-09
3.69 5.0668980446646674e-09
3.6950000000000003 5.251780113024174e-09
3.7 5.209111191335514e-09
3.705 5.072616549587605e-09
3.71 5.045859896328101e-09
3.715 5.055728804465164e-09
3.72 5.041395417060731e-09
3.725 4.91068306968099e-09
3.73 4.860844395628981e-09
3.735 4.925439822119401e-09
3.74 4.953469271442965e-09
3.745 5.079150837387145e-09
3.75 4.861859636014134e-09
3.755 4.798533352315337e-09
3.7600000000000002 4.771568356359777e-09
3.765 4.920228662456887e-09
3.77 4.965134195648118e-09
3.775 4.867862076125856e-09
3.7800000000000002 4.8081647517843125e-09
3.785 4.916331815429577e-09
3.79 4.935204766393165e-09
3.795 4.887336585371368e-09
3.8000000000000003 4.647133051960621e-09
3.805 4.916761503813888e-09
3.81 4.677752056334519e-09
3.815 4.646056667899187e-09
3.8200000000000003 4.796507578074562e-09
3.825 4.955701903865016e-09
3.83 4.856961245857268e-09
3.835 4.742283311985346e-09
3.84 4.678647224007636e-09
3.845 4.475841046725372e-09
3.85 4.642235169275198e-09
3.855 4.623142609527519e-09
3.86 4.469055227153069e-09
3.865 4.493059187757754e-09
3.87 4.864090262425376e-09
3.875 4.5832518272607574e-09
3.88 4.559891775975037e-09
3.8850000000000002 4.588194477956131e-09
3.89 4.560463806138899e-09
3.895 4.5775088015304226e-09
3.9 4.649640620293709e-09
3.9050000000000002 4.606423200265681e-09
3.91 4.407151101920532e-09
3.915 4.561852802264824e-09
3.92 4.4521565774021166e-09
3.9250000000000003 4.372016683917731e-09
3.93 4.238776890458858e-09
3.935 4.698634852384245e-09
3.94 4.314208879829044e-09
3.9450000000000003 4.490602071756485e-09
3.95 4.345107172908709e-09
3.955 4.424745700160136e-09
3.96 4.286936963129638e-09
3.9650000000000003 4.266735061792004e-09
3.97 4.5792504192043326e-09
3.975 4.245779095683816e-09
3.98 4.3698344314898094e-09
3.985 4.4939808669399965e-09
3.99 4.486726708320983e-09
3.995 4.249486572459263e-09
4.0 4.385333494595478e-09
4.005 4.381484782551126e-09
4.01 4.345483374571733e-09
4.015 4.227539256091281e-09
4.0200000000000005 4.383877353629053e-09
4.025 4.266347375951002e-09
4.03 4.414239735347388e-09
4.035 4.4169296449050644e-09
4.04 4.156488066361934e-09
4.045 4.16873128514492e-09
4.05 4.175918219050988e-09
4.055 3.955658866258873e-09
4.0600000000000005 4.300653941345968e-09
4.065 4.195588507820757e-09
4.07 4.373542902311694e-09
4.075 4.3741427113412045e-09
4.08 4.146659357508057e-09
4.085 4.185709629795881e-09
4.09 4.33294489836916e-09
4.095 4.149200075407629e-09
4.1 4.071317693586396e-09
4.105 4.32914579347962e-09
4.11 4.217790975781165e-09
4.115 4.128065306104676e-09
4.12 4.289139110579692e-09
4.125 4.178148032721184e-09
4.13 4.246820217029848e-09
4.135 4.21286797029389e-09
4.14 4.224100420166739e-09
4.1450000000000005 4.078813442736608e-09
4.15 4.218711653719508e-09
4.155 4.21433377732277e-09
4.16 4.270788848517679e-09
4.165 3.943304336732287e-09
4.17 4.2058521536808964e-09
4.175 4.408306617692963e-09
4.18 3.949014196951136e-09
4.1850000000000005 4.001470330320785e-09
4.19 4.132753737892845e-09
4.195 4.153054449822527e-09
4.2 4.054941978742165e-09
4.205 3.993871274236409e-09
4.21 4.055877745865091e-09
4.215 4.048660400907594e-09
4.22 4.208120234745807e-09
4.225 4.1163778781941285e-09
4.23 4.246651744841848e-09
4.235 4.0025883176820094e-09
4.24 4.037999271506225e-09
4.245 3.804947349788129e-09
4.25 4.137774812028536e-09
4.255 4.123418822111233e-09
4.26 4.260778534137595e-09
4.265 4.028892419388831e-09
4.2700000000000005 4.006019723988432e-09
4.275 3.880083016383726e-09
4.28 3.9433726295039755e-09
4.285 3.816177699077487e-09
4.29 3.872068402000441e-09
4.295 3.8341752566133175e-09
4.3 3.993006050920817e-09
4.305 4.137795048864127e-09
4.3100000000000005 3.9241869544982406e-09
4.315 3.84681252846465e-09
4.32 3.971343557319275e-09
4.325 3.836483271110547e-09
4.33 3.6942190801334566e-09
4.335 3.992632808033593e-09
4.34 3.940687486378914e-09
4.345 3.961900255513331e-09
4.3500000000000005 4.016182190263172e-09
4.355 3.97850027645509e-09
4.36 3.9410896353387985e-09
4.365 3.883749022108195e-09
4.37 3.866192211018323e-09
4.375 3.755017725257919e-09
4.38 3.849902115805569e-09
4.385 4.005152389071626e-09
4.39 3.989050645255197e-09
4.3950000000000005 3.967722873963406e-09
4.4 3.6270917976115084e-09
4.405 3.85813424444622e-09
4.41 3.743795799104962e-09
4.415 4.082749828746564e-09
4.42 3.912299404451367e-09
4.425 3.877207505955199e-09
4.43 3.739916085615685e-09
4.4350000000000005 3.847961952067554e-09
4.44 3.863259046918689e-09
4.445 3.778961123918059e-09
4.45 3.71591526043068e-09
4.455 3.873801757964894e-09
4.46 3.702015622199e-09
4.465 3.662444374252453e-09
4.47 3.769078247157144e-09
4.4750000000000005 3.767725758261076e-09
4.48 3.6660683615652136e-09
4.485 3.878337653368635e-09
4.49 3.885847656347982e-09
4.495 3.801875040363512e-09
4.5 3.817825298824896e-09
4.505 3.942075850534577e-09
4.51 3.6468509242987998e-09
4.515 3.6576584912128863e-09
4.5200000000000005 3.5187223776318893e-09
4.525 3.939541577701045e-09
4.53 3.757874359303065e-09
4.535 3.787319053904155e-09
4.54 3.6842544854623365e-09
4.545 3.6026199227859676e-09
4.55 3.6801696347520632e-09
4.555 3.8507708942767644e-09
4.5600000000000005 3.733064428150506e-09
4.565 3.7998112826682306e-09
4.57 3.6935493148208532e-09
4.575 3.6936085575306254e-09
4.58 3.5976235828875796e-09
4.585 3.837735635964395e-09
4.59 3.553491797021567e-09
4.595 3.6037960229615067e-09
4.6000000000000005 3.729073537098211e-09
4.605 3.816798042013178e-09
4.61 3.6022695798461068e-09
4.615 3.432956784333981e-09
4.62 3.609493011931094e-09
4.625 3.836892739009717e-09
4.63 3.4965643126852795e-09
4.635 3.755058889343229e-09
4.64 3.4502051010250272e-09
4.6450000000000005 3.523325730798527e-09
4.65 3.5506250580922594e-09
4.655 3.5566236179704e-09
4.66 3.5561030588604166e-09
4.665 3.4925228144104966e-09
4.67 3.438395111442572e-09
4.675 3.418155480156833e-09
4.68 3.4360664184816267e-09
4.6850000000000005 3.635799267085883e-09
4.69 3.5331558013717464e-09
4.695 3.6643797008328745e-09
4.7 3.638480204982649e-09
4.705 3.608167863276537e-09
4.71 3.590275147168607e-09
4.715 3.494410475409558e-09
4.72 3.552048443040683e-09
4.7250000000000005 3.5208184876501333e-09
4.73 3.630145767845635e-09
4.735 3.578908965585369e-09
4.74 3.5745956697644396e-09
4.745 3.537602812177526e-09
4.75 3.54014283078656e-09
4.755 3.252192678779477e-09
4.76 3.561751004408012e-09
4.765 3.5510042349226873e-09
4.7700000000000005 3.2837636122029735e-09
4.775 3.6876183341897032e-09
4.78 3.3812612095214725e-09
4.785 3.4345924120278424e-09
4.79 3.447525258034629e-09
4.795 3.395915839542469e-09
4.8 3.4715535677817006e-09
4.805 3.46435924783382e-09
4.8100000000000005 3.5428737089172818e-09
4.815 3.4751751705175563e-09
4.82 3.4903298196213617e-09
4.825 3.3514699182474676e-09
4.83 3.400156405636819e-09
4.835 3.3454433093851844e-09
4.84 3.3824395307281823e-09
4.845 3.3605122932126716e-09
4.8500000000000005 3.5069507417646556e-09
4.855 3.5319969271964127e-09
4.86 3.2670792161891393e-09
4.865 3.423056063535098e-09
4.87 3.36714830250882e-09
4.875 3.4956770759479084e-09
4.88 3.3547023244046987e-09
4.885 3.1800217681465746e-09
4.89 3.0284968169539383e-09
4.8950000000000005 3.2680788293575657e-09
4.9 3.475281615903806e-09
4.905 3.122795610623124e-09
4.91 3.3256238597213987e-09
4.915 3.3630403522634438e-09
4.92 3.361474014128077e-09
4.925 3.383212978206038e-09
4.93 3.210570598440514e-09
4.9350000000000005 3.393738721754465e-09
4.94 3.226321018103439e-09
4.945 3.3397633317069494e-09
4.95 3.1877039052879023e-09
4.955 3.2559217135494035e-09
4.96 3.3453153807744213e-09
4.965 3.245182798235313e-09
4.97 3.3331066086020328e-09
4.9750000000000005 3.22255941917865e-09
4.98 3.0888899335018186e-09
4.985 2.975851143284238e-09
4.99 3.2534973641057687e-09
4.995 3.0025765886397797e-09
5.0 3.337560980960793e-09
5.005 3.1725433525163456e-09
5.01 3.1460861115327467e-09
5.015 3.2735480030227722e-09
5.0200000000000005 3.1042648182967385e-09
5.025 2.979354969868366e-09
5.03 3.3166298134868245e-09
5.035 2.9185332530453507e-09
5.04 3.0958203406646016e-09
5.045 3.1356989319596163e-09
5.05 3.175089366678159e-09
5.055 3.0890882800439625e-09
5.0600000000000005 3.1522137885015776e-09
5.065 3.1224173255481255e-09
5.07 3.1661125858087053e-09
5.075 3.0125182016957154e-09
5.08 3.1479001400747995e-09
5.085 3.27604016942257e-09
5.09 3.0530360898896407e-09
5.095 3.1637840555712348e-09
5.1000000000000005 3.0051748670040224e-09
5.105 3.060199789510163e-09
5.11 2.9871192111065136e-09
5.115 2.958073507139844e-09
5.12 2.9988515104863005e-09
5.125 3.0604531814300805e-09
5.13 3.048267296147235e-09
5.135 3.114639933664178e-09
5.14 3.098204730323809e-09
5.1450000000000005 3.180816398384044e-09
5.15 3.082101452745308e-09
5.155 3.0254524433587096e-09
5.16 3.134890769623449e-09
5.165 2.9960074427721565e-09
5.17 2.8337298046993535e-09
5.175 2.9087003113028637e-09
5.18 3.0316882588163947e-09
5.1850000000000005 2.9655463369673224e-09
5.19 2.949775424036742e-09
5.195 2.905109232527875e-09
5.2 3.043393876565381e-09
5.205 2.8581781165134615e-09
5.21 2.963806488215482e-09
5.215 2.8702377562452466e-09
5.22 2.875180200018292e-09
5.2250000000000005 2.8510109543534035e-09
5.23 2.921437192195865e-09
5.235 2.855639629740534e-09
5.24 2.8981035023040678e-09
5.245 2.895160558601578e-09
5.25 3.1420003851437512e-09
5.255 2.884210116892212e-09
5.26 2.8745566666068587e-09
5.265 3.0148826178196627e-09
5.2700000000000005 2.9945605033047638e-09
5.275 2.715002266308681e-09
5.28 2.8966505116532196e-09
5.285 2.9663778691132666e-09
5.29 2.7439660287004565e-09
5.295 3.016259063127371e-09
5.3 2.8193908465815144e-09
5.305 2.900608542150748e-09
5.3100000000000005 3.023930461583792e-09
5.315 2.8702147230899176e-09
5.32 2.8506053937808485e-09
5.325 2.7172280469637388e-09
5.33 2.638579004383292e-09
5.335 2.685229938994929e-09
5.34 2.6968066131083995e-09
5.345 2.7391787958683893e-09
5.3500000000000005 2.7468465632503196e-09
5.355 2.7967901235391617e-09
5.36 2.832823695648602e-09
5.365 2.775379287832492e-09
5.37 2.735832746737058e-09
5.375 2.956173103032683e-09
5.38 2.728509747231381e-09
5.385 2.704733838032277e-09
5.39 2.8981178339908797e-09
5.3950000000000005 2.782062407199553e-09
5.4 2.9758898227197787e-09
5.405 2.7686393037514525e-09
5.41 2.722586747541943e-09
5.415 2.6849876912000514e-09
5.42 2.679546697145539e-09
5.425 2.717671124707624e-09
5.43 2.757237283841507e-09
5.4350000000000005 2.64365850256814e-09
5.44 2.7075858212527044e-09
5.445 2.74540889718767e-09
5.45 2.6984157395191636e-09
5.455 2.5654919122469026e-09
5.46 2.6752533631354504e-09
5.465 2.632113282597404e-09
5.47 2.6638906603446477e-09
5.4750000000000005 2.6941060219975642e-09
5.48 2.583792575501639e-09
5.485 2.6374862836480486e-09
5.49 2.5709303345702125e-09
5.495 2.6248784314685078e-09
5.5 2.6776164526555585e-09
5.505 2.558243099372781e-09
5.51 2.671106953531499e-09
5.515 2.7812980812418537e-09
5.5200000000000005 2.695916378126652e-09
5.525 2.699948726355689e-09
5.53 2.5640738439041903e-09
5.535 2.544052349506195e-09
5.54 2.527978316213846e-09
5.545 2.594394400133586e-09
5.55 2.5174952971048966e-09
5.555 2.5913073156598903e-09
5.5600000000000005 2.5188479556994978e-09
5.565 2.5519377807641335e-09
5.57 2.454778705638873e-09
5.575 2.5795411656576347e-09
5.58 2.4132053212880327e-09
5.585 2.4576954213707737e-09
5.59 2.6695673287661454e-09
5.595 2.5261283081324486e-09
5.6000000000000005 2.528165796941401e-09
5.605 2.4835597412907534e-09
5.61 2.3634769106884805e-09
5.615 2.5746155301273673e-09
5.62 2.5757917717240372e-09
5.625 2.417436958770059e-09
5.63 2.4667395986871444e-09
5.635 2.4561260385785745e-09
5.64 2.3583496833984323e-09
5.6450000000000005 2.536813219085588e-09
5.65 2.421991849793269e-09
5.655 2.4874709914733414e-09
5.66 2.4472426974843522e-09
5.665 2.479219376914678e-09
5.67 2.339759768347596e-09
5.675 2.5561206945313e-09
5.68 2.549354214857865e-09
5.6850000000000005 2.4145745204974368e-09
5.69 2.458195261362193e-09
5.695 2.4565867836479925e-09
5.7 2.259438517705066e-09
5.705 2.344952533634915e-09
5.71 2.3804447143673252e-09
5.715 2.4003816750574196e-09
5.72 2.3721077697878325e-09
5.7250000000000005 2.2377579050320425e-09
5.73 2.2115134908244174e-09
5.735 2.4211780423460803e-09
5.74 2.294542328296191e-09
5.745 2.2663528107907264e-09
5.75 2.347555001581812e-09
5.755 2.3241637680920475e-09
5.76 2.3674448348155974e-09
5.765 2.474386725803898e-09
5.7700000000000005 2.2432153527208247e-09
5.775 2.13572899384264e-09
5.78 2.3056569542095452e-09
5.785 2.1553086839346765e-09
5.79 2.3996009172916595e-09
5.795 2.4729462622272013e-09
5.8 2.441922986258164e-09
5.805 2.3463515135299918e-09
5.8100000000000005 2.292340203131908e-09
5.815 2.2662948790922e-09
5.82 2.337471826202235e-09
5.825 2.288398394145581e-09
5.83 2.3418271133724643e-09
5.835 2.314125716420344e-09
5.84 2.226215859854984e-09
5.845 2.3345105420724985e-09
5.8500000000000005 2.4099590808327387e-09
5.855 2.3632498804707e-09
5.86 2.2392171383813566e-09
5.865 2.1916316825478878e-09
5.87 2.3927382389684344e-09
5.875 2.1881451610079217e-09
5.88 2.2364471416002414e-09
5.885 2.098003382019393e-09
5.89 2.2985168486093856e-09
5.8950000000000005 2.1688195963808117e-09
5.9 2.2055314265170108e-09
5.905 2.1699865022256564e-09
5.91 2.253128730817402e-09
5.915 2.1242748119398273e-09
5.92 2.2428211913067303e-09
5.925 2.2727412234173617e-09
5.93 2.211374715813189e-09
5.9350000000000005 2.2044676038403303e-09
5.94 2.2849533968030937e-09
5.945 2.210329301509786e-09
5.95 2.0875860878286604e-09
5.955 2.1068929904965766e-09
5.96 2.1540732478601987e-09
5.965 2.0702177810199087e-09
5.97 2.1139322812368966e-09
5.9750000000000005 2.249284952964074e-09
5.98 2.2255757626714346e-09
5.985 2.115350174439281e-09
5.99 2.2341535600088656e-09
5.995 2.157386909925936e-09
6.0 2.185808604992688e-09
6.005 2.067800199714108e-09
6.01 2.10725746348931e-09
6.015000000000001 2.046740252384184e-09
6.0200000000000005 2.1924741193997214e-09
6.025 2.0558632544009766e-09
6.03 2.0323207908969718e-09
6.035 2.1012391550042787e-09
6.04 2.2821236828346394e-09
6.045 2.1071359574348997e-09
6.05 2.1343692710038252e-09
6.055 2.08569558816623e-09
6.0600000000000005 2.0052036033660146e-09
6.065 2.055219229749711e-09
6.07 2.190008456668299e-09
6.075 2.0850479068255984e-09
6.08 2.0110041220681037e-09
6.085 2.1619420002131747e-09
6.09 2.0191259171812074e-09
6.095 1.863950542459289e-09
6.1000000000000005 2.000795130985353e-09
6.105 1.958429557182769e-09
6.11 2.000847129863279e-09
6.115 1.9975581859268534e-09
6.12 2.019620535577314e-09
6.125 2.0210390488092644e-09
6.13 1.988681086883289e-09
6.135 2.0181552767861383e-09
6.140000000000001 2.130542750526264e-09
6.1450000000000005 2.1286228741620442e-09
6.15 1.9031616907601957e-09
6.155 2.014011138482892e-09
6.16 2.0569869137899216e-09
6.165 2.0218235742299617e-09
6.17 2.0394526574140852e-09
6.175 1.921644808094701e-09
6.18 1.8653868426302217e-09
6.1850000000000005 1.9077176443953e-09
6.19 1.964806174859228e-09
6.195 2.0053634591786166e-09
6.2 2.0798437124583137e-09
6.205 1.900388895548853e-09
6.21 1.9967528261276827e-09
6.215 1.9696841809623136e-09
6.22 2.0090503682961895e-09
6.2250000000000005 1.830612070931594e-09
6.23 1.869540222496228e-09
6.235 1.9700980630266887e-09
6.24 1.8715024427975704e-09
6.245 1.8497313346155825e-09
6.25 1.911996020780314e-09
6.255 1.9218263823371113e-09
6.26 1.9373647462009355e-09
6.265000000000001 1.9413545022250107e-09
6.2700000000000005 1.8674452627208247e-09
6.275 1.880922482567896e-09
6.28 1.8592053957472043e-09
6.285 1.8994407079481515e-09
6.29 1.994980500703454e-09
6.295 1.8518949272550848e-09
6.3 1.8121009367725133e-09
6.305 1.9567289451368875e-09
6.3100000000000005 1.9472109511500075e-09
6.315 1.90742453876507e-09
6.32 1.8833776053972193e-09
6.325 1.904829642733492e-09
6.33 1.9612158679916083e-09
6.335 1.9573261808746536e-09
6.34 1.8305480664091975e-09
6.345 1.9197592438915443e-09
6.3500000000000005 1.9854861448823104e-09
6.355 1.8541451463596184e-09
6.36 1.94975612256659e-09
6.365 1.9580094189365326e-09
6.37 1.877823412965291e-09
6.375 2.0331089139344115e-09
6.38 1.960673895298808e-09
6.385 1.7929886905994086e-09
6.390000000000001 1.882140262545672e-09
6.3950000000000005 1.8188497130195502e-09
6.4 1.7815643236313907e-09
6.405 1.7680782456362228e-09
6.41 1.8178565387293958e-09
6.415 1.7726603566400005e-09
6.42 1.7974330414237449e-09
6.425 1.717183039752441e-09
6.43 1.7807091735978921e-09
6.4350000000000005 1.7722052450852172e-09
6.44 1.92850246723915e-09
6.445 1.7794928420414543e-09
6.45 1.7586857069051484e-09
6.455 1.8511146447672441e-09
6.46 1.8544613368488062e-09
6.465 1.8549578387975431e-09
6.47 1.7563551201469039e-09
6.4750000000000005 1.9241985881661056e-09
6.48 1.883694513769331e-09
6.485 1.7306438951860292e-09
6.49 1.7821808012243266e-09
6.495 1.790968303625801e-09
6.5 1.7937556750832748e-09
6.505 1.7465734067044562e-09
6.51 1.7697866127187795e-09
6.515000000000001 1.793244236205043e-09
6.5200000000000005 1.8522405259323917e-09
6.525 1.668823425603148e-09
6.53 1.7762819287742963e-09
6.535 1.8227426992781421e-09
6.54 1.7487313752809228e-09
6.545 1.7882443765485257e-09
6.55 1.7170811780214161e-09
6.555 1.8706456876346886e-09
6.5600000000000005 1.7576075075258724e-09
6.565 1.753688931479619e-09
6.57 1.6790538942802075e-09
6.575 1.661564070550557e-09
6.58 1.6622514098539424e-09
6.585 1.7704022872939906e-09
6.59 1.7528443744610135e-09
6.595 1.685809185191759e-09
6.6000000000000005 1.7205710261035186e-09
6.605 1.7659450028780128e-09
6.61 1.6989657177131084e-09
6.615 1.8046614449828951e-09
6.62 1.6829666211079508e-09
6.625 1.7039508653449437e-09
6.63 1.8006718289079502e-09
6.635 1.6656852903624573e-09
6.640000000000001 1.7045263395600207e-09
6.6450000000000005 1.8151391197700883e-09
6.65 1.5946318222661417e-09
6.655 1.7872296162287008e-09
6.66 1.7166704717240177e-09
6.665 1.799929585552231e-09
6.67 1.7293185753477142e-09
6.675 1.6226067435826042e-09
6.68 1.751031896181792e-09
6.6850000000000005 1.6984636148867764e-09
6.69 1.743588973345621e-09
6.695 1.7035388053800943e-09
6.7 1.636152797519685e-09
6.705 1.6957187150482176e-09
6.71 1.7881272217252561e-09
6.715 1.6399646115219437e-09
6.72 1.6252065757833224e-09
6.7250000000000005 1.6291412893185582e-09
6.73 1.6480787433754686e-09
6.735 1.718862882385451e-09
6.74 1.6630954144970208e-09
6.745 1.6178363353236758e-09
6.75 1.6874600684188788e-09
6.755 1.581849704494373e-09
6.76 1.6534095782908045e-09
6.765000000000001 1.7029579908979215e-09
6.7700000000000005 1.7247310600393555e-09
6.775 1.729510729769579e-09
6.78 1.6309331878678392e-09
6.785 1.7704046066936053e-09
6.79 1.5950026201744905e-09
6.795 1.7813683219951948e-09
6.8 1.6043582107104653e-09
6.805 1.7025365165706883e-09
6.8100000000000005 1.6146239668614479e-09
6.815 1.6199810102657758e-09
6.82 1.6308463386767216e-09
6.825 1.6384536793138073e-09
6.83 1.6541160107012644e-09
6.835 1.6074632668564569e-09
6.84 1.7170423671905858e-09
6.845 1.6258405035122753e-09
6.8500000000000005 1.632800317611919e-09
6.855 1.6808473744824511e-09
6.86 1.5888088277119948e-09
6.865 1.5502997093904503e-09
6.87 1.7264043420107142e-09
6.875 1.6617952148026788e-09
6.88 1.4995265554688687e-09
6.885 1.517691174882113e-09
6.890000000000001 1.6055634175238079e-09
6.8950000000000005 1.680659236039254e-09
6.9 1.4836259060923605e-09
6.905 1.6345566432054021e-09
6.91 1.615972999643955e-09
6.915 1.5877522106992759e-09
6.92 1.5854270504758152e-09
6.925 1.5983946033109216e-09
6.93 1.606682206789838e-09
6.9350000000000005 1.4981092788357239e-09
6.94 1.6220658728434892e-09
6.945 1.404372885831115e-09
6.95 1.5862867129279116e-09
6.955 1.519468087068298e-09
6.96 1.6777549888352553e-09
6.965 1.7029766452663347e-09
6.97 1.5147831230640208e-09
6.9750000000000005 1.5100971425107375e-09
6.98 1.5535258181887548e-09
6.985 1.613667235853928e-09
6.99 1.5866534102570679e-09
6.995 1.6412785846917329e-09
7.0 1.5313786726205876e-09
7.005 1.506253369212591e-09
7.01 1.5018469580887459e-09
7.015000000000001 1.4956417632595058e-09
7.0200000000000005 1.502511178166042e-09
7.025 1.5352689053909928e-09
7.03 1.4778090461438504e-09
7.035 1.590050854071567e-09
7.04 1.4251703439711057e-09
7.045 1.480492811379044e-09
7.05 1.5689072891289664e-09
7.055 1.5668931416291271e-09
7.0600000000000005 1.5160196772076297e-09
7.065 1.4222982489006877e-09
7.07 1.5551466583424522e-09
7.075 1.4926822366219943e-09
7.08 1.498687942231082e-09
7.085 1.6274759124036163e-09
7.09 1.4880518661194634e-09
7.095 1.4488619294856912e-09
7.1000000000000005 1.5325894473029737e-09
7.105 1.5163272687262785e-09
7.11 1.5092360439100714e-09
7.115 1.4200385238765288e-09
7.12 1.4190863319229456e-09
7.125 1.4712643660724966e-09
7.13 1.4072268324610725e-09
7.135 1.45085839731505e-09
7.140000000000001 1.4409208423759074e-09
7.1450000000000005 1.3436235145999244e-09
7.15 1.4380674316945946e-09
7.155 1.5670297772007199e-09
7.16 1.3976420196298016e-09
7.165 1.4653297510896848e-09
7.17 1.45177352786046e-09
7.175 1.4643036445832918e-09
7.18 1.3741500994646085e-09
7.1850000000000005 1.51658762632088e-09
7.19 1.5269092591622092e-09
7.195 1.3826716839532483e-09
7.2 1.421180253608444e-09
7.205 1.4447558229085652e-09
7.21 1.6093929502749183e-09
7.215 1.3426278552856267e-09
7.22 1.4572797396955525e-09
7.2250000000000005 1.5140364201091463e-09
7.23 1.3792378147257156e-09
7.235 1.5483338067831066e-09
7.24 1.5229409724060067e-09
7.245 1.434141892606402e-09
7.25 1.4866322810026977e-09
7.255 1.4475719051921802e-09
7.26 1.39644260190257e-09
7.265000000000001 1.4014438095165689e-09
7.2700000000000005 1.568146555588776e-09
7.275 1.338721257990896e-09
7.28 1.5120655918005306e-09
7.285 1.4633999599645871e-09
7.29 1.3535863985503337e-09
7.295 1.4401684234713834e-09
7.3 1.3860349985604075e-09
7.305 1.361615573013482e-09
7.3100000000000005 1.361299089713737e-09
7.315 1.5223618407315069e-09
7.32 1.2922985525162856e-09
7.325 1.4334339547541646e-09
7.33 1.3537962933263195e-09
7.335 1.373938739566213e-09
7.34 1.4043836966796563e-09
7.345 1.2851746145326465e-09
7.3500000000000005 1.4441652122937679e-09
7.355 1.4437735634517277e-09
7.36 1.387468862419798e-09
7.365 1.4271003657874166e-09
7.37 1.5116254521298018e-09
7.375 1.4185357467014097e-09
7.38 1.392455689945487e-09
7.385 1.4013802939824847e-09
7.390000000000001 1.4469166543967135e-09
7.3950000000000005 1.3947208229863502e-09
7.4 1.3970582645134143e-09
7.405 1.3404420506329402e-09
7.41 1.3116935702252845e-09
7.415 1.3358322452775548e-09
7.42 1.342484887885209e-09
7.425 1.3056497652955227e-09
7.43 1.4238352166068653e-09
7.4350000000000005 1.3548629066713393e-09
7.44 1.3483426664334532e-09
7.445 1.382242714667402e-09
7.45 1.393725823998918e-09
7.455 1.3324459752658942e-09
7.46 1.4263444226926217e-09
7.465 1.3202282220771318e-09
7.47 1.2713480811899712e-09
7.4750000000000005 1.38712644061125e-09
7.48 1.4948869847048426e-09
7.485 1.362187243714011e-09
7.49 1.394654705762876e-09
7.495 1.2989055648064906e-09
7.5 1.411562108131478e-09
7.505 1.3730850457348644e-09
7.51 1.3078679942532085e-09
7.515000000000001 1.3050737469671604e-09
7.5200000000000005 1.2822377697900883e-09
7.525 1.3411872623185883e-09
7.53 1.5039881417290516e-09
7.535 1.3275885852189063e-09
7.54 1.288104221723093e-09
7.545 1.3558240783410504e-09
7.55 1.3791020536910922e-09
7.555 1.3483001870992298e-09
7.5600000000000005 1.3057466459058443e-09
7.565 1.388110398635636e-09
7.57 1.2721055068817722e-09
7.575 1.4229923229236534e-09
7.58 1.2370965493053246e-09
7.585 1.3696113515737448e-09
7.59 1.4026414412936338e-09
7.595 1.3580372770358008e-09
7.6000000000000005 1.3228167056106823e-09
7.605 1.3307092385975643e-09
7.61 1.3763356668142714e-09
7.615 1.3482755328438115e-09
7.62 1.2894979505470056e-09
7.625 1.3342347988055768e-09
7.63 1.296019817502019e-09
7.635 1.2936667312725012e-09
7.640000000000001 1.3300585520514681e-09
7.6450000000000005 1.2464702903082848e-09
7.65 1.3167727036465712e-09
7.655 1.2763110918853988e-09
7.66 1.3590918852096559e-09
7.665 1.3262389755480486e-09
7.67 1.3959376568169717e-09
7.675 1.3961057426897646e-09
7.68 1.3322771075274643e-09
7.6850000000000005 1.2866800024857193e-09
7.69 1.4051043237012571e-09
7.695 1.2305906194907742e-09
7.7 1.2811904222884442e-09
7.705 1.2663272206169844e-09
7.71 1.1790716661431307e-09
7.715 1.2415425659502047e-09
7.72 1.259231114050257e-09
7.7250000000000005 1.2306469101929665e-09
7.73 1.2798494823510312e-09
7.735 1.4300796478483355e-09
7.74 1.297149018709405e-09
7.745 1.2427523852266302e-09
7.75 1.2083254014738788e-09
7.755 1.3102676846363702e-09
7.76 1.258180089501962e-09
7.765000000000001 1.2050474256958422e-09
7.7700000000000005 1.1609437645777084e-09
7.775 1.2391910068060128e-09
7.78 1.2973466377525817e-09
7.785 1.2146833835931487e-09
7.79 1.2175530632520235e-09
7.795 1.26092061207204e-09
7.8 1.240210598468496e-09
7.805000000000001 1.3053545848992158e-09
7.8100000000000005 1.2894784783568734e-09
7.815 1.2395787923122055e-09
7.82 1.2529468499108964e-09
7.825 1.2696842207982008e-09
7.83 1.2629981188174744e-09
7.835 1.2200788547373757e-09
7.84 1.2591119196120255e-09
7.845 1.1905362735727875e-09
7.8500000000000005 1.1769271219576466e-09
7.855 1.3003832136729082e-09
7.86 1.1305972667935353e-09
7.865 1.2268201469157048e-09
7.87 1.3236279474921252e-09
7.875 1.1900761485063468e-09
7.88 1.3654545886186022e-09
7.885 1.2372829336164172e-09
7.890000000000001 1.2878646085085663e-09
7.8950000000000005 1.1686816099495383e-09
7.9 1.3675587771407188e-09
7.905 1.2803026491718142e-09
7.91 1.2685647956479975e-09
7.915 1.1306156197716234e-09
7.92 1.2029190318440383e-09
7.925 1.1987634518903728e-09
7.930000000000001 1.337368506122641e-09
7.9350000000000005 1.2581163535824089e-09
7.94 1.2082583480459814e-09
7.945 1.1418128962674338e-09
7.95 1.251074980136401e-09
7.955 1.2143386110296843e-09
7.96 1.2412645846279347e-09
7.965 1.2475661014250153e-09
7.97 1.1814648130951058e-09
7.9750000000000005 1.132215811625449e-09
7.98 1.2387809702351887e-09
7.985 1.153353202168894e-09
7.99 1.2187572242516474e-09
7.995 1.2467279157752988e-09
8.0 1.2624612916131901e-09
8.25 5.8169010949284494e-08
8.5 5.57781844212832e-08
8.75 5.133664679052258e-08
9.0 4.913637118537211e-08
9.25 4.6127156088257045e-08
9.5 4.34275663518931e-08
9.75 4.029580298611103e-08
10.0 3.717433413196681e-08
10.25 3.52862087856635e-08
10.5 3.278976562086548e-08
10.75 3.062964363675047e-08
11.0 2.874012393117563e-08
11.25 2.705412901670156e-08
11.5 2.603627409533496e-08
11.75 2.4014563228105953e-08
12.0 2.2839350776359323e-08
12.25 2.1594477262144992e-08
12.5 2.028972279912547e-08
12.75 1.920578616647644e-08
13.0 1.8230478534924317e-08
13.25 1.6847191931465125e-08
13.5 1.61287280612284e-08
13.75 1.4827059572338058e-08
14.0 1.42076628756988e-08
14.25 1.3065880084489099e-08
14.5 1.2372782191992433e-08
14.75 1.1920795852166699e-08
15.0 1.1168355187633329e-08
15.25 1.0466599421660485e-08
15.5 9.963295990686207e-09
15.75 9.12146630243789e-09
16.0 8.672649310814619e-09
16.25 7.969862970827868e-09
16.5 7.251075197028728e-09
16.75 7.2185892203535215e-09
17.0 6.683725858247562e-09
17.25 6.268961213120624e-09
17.5 5.8820510260386935e-09
17.75 5.566726490769985e-09
18.0 5.13125242805375e-09
18.25 4.898051735997191e-09
18.5 4.61648563053618e-09
18.75 4.377823618446552e-09
19.0 3.999538626898132e-09
19.25 3.680668250957344e-09
19.5 3.4926635926063525e-09
19.75 3.3027050205390606e-09
