0.125 1.1747546935617191e-07 5.788694475593376e-06 0.0 4.150291245411072e-08 3.509842898985919e-06 0.0
0.375 2.630783279646466e-07 1.3644193024074407e-05 0.0 4.497453962785724e-08 2.5155300204512606e-06 0.0
0.625 3.2648317981968145e-07 3.8069059027856466e-05 0.0 4.1244864583236374e-08 2.562876790988153e-06 0.0
0.875 3.039149322873977e-07 4.7914435115126454e-05 0.0 3.852527483214858e-08 2.3486263475892705e-06 0.0
1.125 2.344093754164529e-07 2.695918245219897e-05 0.0 3.672656892463136e-08 1.7957503382285529e-06 0.0
1.375 1.6780314364047774e-07 1.0925393599007448e-05 0.0 3.567029319004983e-08 1.346547080806727e-06 0.0
1.625 1.2342424505409295e-07 4.415789249662793e-06 0.0 3.521874039673747e-08 1.0796835489880326e-06 0.0
1.875 9.881043052495253e-08 2.078237803682249e-06 0.0 3.449630228887958e-08 8.975581675009089e-07 0.0
2.125 8.663221321475853e-08 1.3765255273911611e-06 0.0 3.396856597636664e-08 7.470120358190346e-07 0.0
2.375 8.153642878840912e-08 1.0465545363254975e-06 0.0 3.3145632185692233e-08 6.293340290108414e-07 0.0
2.625 7.814756105513728e-08 8.500279970612088e-07 0.0 3.199105610867787e-08 5.270261344668752e-07 0.0
2.875 7.550808947223133e-08 7.256193234138474e-07 0.0 3.077009050920701e-08 4.425372316402018e-07 0.0
3.125 7.213310161881534e-08 6.346645271269101e-07 0.0 2.9394065316485618e-08 3.6934256434010764e-07 0.0
3.375 6.905155053486163e-08 5.750522043370141e-07 0.0 2.7810271342783576e-08 3.120847858568221e-07 0.0
3.625 6.464805006883477e-08 5.345882003975177e-07 0.0 2.5988979420539138e-08 2.6448575858206106e-07 0.0
3.875 6.025797209517283e-08 5.068574838613754e-07 0.0 2.4314156917122633e-08 2.301502834645853e-07 0.0
4.125 5.600770545890568e-08 4.929919929713707e-07 0.0 2.2408366825394146e-08 2.0913275005743486e-07 0.0
4.375 5.099194768976888e-08 4.916357888154556e-07 0.0 2.0829058002618843e-08 1.9418892444855054e-07 0.0
4.625 4.6047084328768006e-08 5.006348494407248e-07 0.0 1.904126214136682e-08 1.8138059891834597e-07 0.0
4.875 4.1312239460169184e-08 5.161730670295386e-07 0.0 1.7542720207040522e-08 1.671531335584875e-07 0.0
5.125 3.668996115069514e-08 5.341618752987786e-07 0.0 1.6046010531618253e-08 1.5201963015957133e-07 0.0
5.375 3.254404907249784e-08 5.501915012297122e-07 0.0 1.4666988436564235e-08 1.38432694306128e-07 0.0
5.625 2.875072511194926e-08 5.630249409374662e-07 0.0 1.3374020105046527e-08 1.238253329460943e-07 0.0
5.875 2.5586109784216964e-08 5.616825923457274e-07 0.0 1.2309819407469285e-08 1.1253451093547226e-07 0.0
6.125 2.2570039188078437e-08 5.497868726306305e-07 0.0 1.116120602313956e-08 1.0082836813183956e-07 0.0
6.375 1.987660956757768e-08 5.168322717838923e-07 0.0 1.0297921004481152e-08 9.324464030623348e-08 0.0
6.625 1.781051058645755e-08 4.742239142676738e-07 0.0 9.429869993735196e-09 8.613735512948291e-08 0.0
6.875 1.5943858369773135e-08 4.2237234473361335e-07 0.0 8.53338177326027e-09 8.080465591981941e-08 0.0
7.125 1.4266048411253225e-08 3.691641160017716e-07 0.0 7.884743441802095e-09 7.395626633068305e-08 0.0
7.375 1.2691720566195435e-08 3.2416626943936604e-07 0.0 7.205902549729945e-09 6.959988638263166e-08 0.0
7.625 1.1543176827818949e-08 2.88642695975002e-07 0.0 6.575499674822645e-09 6.597806180862782e-08 0.0
7.875 1.0257353763591823e-08 2.603105933642421e-07 0.0 6.1392343053185156e-09 6.188411388087346e-08 0.0
8.125 9.2654816553324e-09 2.363690298762776e-07 0.0 5.529233232526949e-09 5.8169010949284494e-08 0.0
8.375 8.314573695361352e-09 2.159342045069192e-07 0.0 5.041701731445045e-09 5.57781844212832e-08 0.0
8.625 7.469236695099532e-09 1.9762080018593907e-07 0.0 4.7078707119811206e-09 5.133664679052258e-08 0.0
8.875 6.7573495533254616e-09 1.8163986292356693e-07 0.0 4.174133365801212e-09 4.913637118537211e-08 0.0
9.125 6.095173846579799e-09 1.6683199764198608e-07 0.0 3.8328130236221486e-09 4.6127156088257045e-08 0.0
9.375 5.5111160690769524e-09 1.5351176696449945e-07 0.0 3.5618113741193117e-09 4.34275663518931e-08 0.0
9.625 5.033833938402732e-09 1.4159599050323724e-07 0.0 3.1865503106900753e-09 4.029580298611103e-08 0.0
9.875 4.580826586470246e-09 1.3074713918899754e-07 0.0 2.9608629661898012e-09 3.717433413196681e-08 0.0
10.125 4.08103082929196e-09 1.210071275709298e-07 0.0 2.742142261258516e-09 3.52862087856635e-08 0.0
10.375 3.775293951477924e-09 1.1138471909542147e-07 0.0 2.53276263411678e-09 3.278976562086548e-08 0.0
10.625 3.398515196437903e-09 1.0359679384860052e-07 0.0 2.3025329867759368e-09 3.062964363675047e-08 0.0
10.875 2.9676496852637713e-09 9.52913492260464e-08 0.0 2.102168394414351e-09 2.874012393117563e-08 0.0
11.125 2.7145745752852175e-09 8.860734887448532e-08 0.0 1.9567782515518915e-09 2.705412901670156e-08 0.0
11.375 2.45055557723572e-09 8.148621751942265e-08 0.0 1.719721869287659e-09 2.603627409533496e-08 0.0
11.625 2.1956843622664484e-09 7.53216063923504e-08 0.0 1.6162746780310455e-09 2.4014563228105953e-08 0.0
11.875 2.063642910893193e-09 6.908424716069448e-08 0.0 1.4338619662871979e-09 2.2839350776359323e-08 0.0
12.125 1.8294059408705324e-09 6.381954630427072e-08 0.0 1.3472491225796005e-09 2.1594477262144992e-08 0.0
12.375 1.6694345396533812e-09 5.920102494444377e-08 0.0 1.230196690766698e-09 2.028972279912547e-08 0.0
12.625 1.5298644892053628e-09 5.45457561625273e-08 0.0 1.1566222425141958e-09 1.920578616647644e-08 0.0
12.875 1.3648738629289505e-09 5.0428574456235845e-08 0.0 1.0709471785212136e-09 1.8230478534924317e-08 0.0
13.125 1.2774067419346158e-09 4.681743019188683e-08 0.0 9.856526692242035e-10 1.6847191931465125e-08 0.0
13.375 1.1481604292937457e-09 4.29963569302136e-08 0.0 9.041252518379527e-10 1.61287280612284e-08 0.0
13.625 1.0011882509331652e-09 4.006006534999513e-08 0.0 8.072734668776723e-10 1.4827059572338058e-08 0.0
13.875 9.842286976447726e-10 3.674105166387038e-08 0.0 7.298245934911232e-10 1.42076628756988e-08 0.0
14.125 8.590484376053457e-10 3.397153026447811e-08 0.0 7.051443300050901e-10 1.3065880084489099e-08 0.0
14.375 7.81196136337906e-10 3.1427531131136795e-08 0.0 6.950903177264722e-10 1.2372782191992433e-08 0.0
14.625 7.122590630088057e-10 2.8989393782868446e-08 0.0 6.006138473509745e-10 1.1920795852166699e-08 0.0
14.875 6.575712599437605e-10 2.676183391555028e-08 0.0 5.360792594066587e-10 1.1168355187633329e-08 0.0
15.125 6.577967573892295e-10 2.483317873785196e-08 0.0 4.65697837128403e-10 1.0466599421660485e-08 0.0
15.375 5.496609781442844e-10 2.2774075206904027e-08 0.0 4.873047412604444e-10 9.963295990686207e-09 0.0
15.625 5.264141128537138e-10 2.1196549420312005e-08 0.0 3.930584549485866e-10 9.12146630243789e-09 0.0
15.875 5.000734913191502e-10 1.9447698493463395e-08 0.0 4.03076829072815e-10 8.672649310814619e-09 0.0
16.125 4.0870595546185826e-10 1.7803248454197956e-08 0.0 3.96025129912539e-10 7.969862970827868e-09 0.0
16.375 3.855844822811746e-10 1.657510494810055e-08 0.0 3.065656024998516e-10 7.251075197028728e-09 0.0
16.625 4.0746834227426877e-10 1.527240958106179e-08 0.0 3.1219343082186165e-10 7.2185892203535215e-09 0.0
16.875 3.3424877538751047e-10 1.4036992802666142e-08 0.0 2.87995520862771e-10 6.683725858247562e-09 0.0
17.125 2.882804291456841e-10 1.3176648221952238e-08 0.0 2.593046577927766e-10 6.268961213120624e-09 0.0
17.375 2.945848271647577e-10 1.2030542020330281e-08 0.0 2.3007700744850478e-10 5.8820510260386935e-09 0.0
17.625 2.744227645314391e-10 1.1273125049800066e-08 0.0 2.4970908096749763e-10 5.566726490769985e-09 0.0
17.875 2.365875595989417e-10 1.0374689324860642e-08 0.0 2.1201449877825919e-10 5.13125242805375e-09 0.0
18.125 2.081160032009093e-10 9.658268465557305e-09 0.0 1.7996617572351102e-10 4.898051735997191e-09 0.0
18.375 2.0077715123185714e-10 8.911241254440762e-09 0.0 1.7811549667729302e-10 4.61648563053618e-09 0.0
18.625 1.9484433762588751e-10 8.155768389727137e-09 0.0 1.6516991588877371e-10 4.377823618446552e-09 0.0
18.875 1.8160280814423703e-10 7.634772246682626e-09 0.0 1.3909660333498033e-10 3.999538626898132e-09 0.0
19.125 1.6787039505752158e-10 6.986725688746629e-09 0.0 1.3874478009965717e-10 3.680668250957344e-09 0.0
19.375 1.2433299250242616e-10 6.575194835050359e-09 0.0 1.3115588355653066e-10 3.4926635926063525e-09 0.0
19.625 1.5634448885965707e-10 6.1190733392566455e-09 0.0 1.3234430110006026e-10 3.3027050205390606e-09 0.0
19.875 1.372836015899515e-10 5.803071607801787e-09 0.0 1.1371524840792516e-10 3.0645981193031076e-09 0.0
20.125 1.189489936410093e-10 5.265415501072622e-09 0.0 1.0556312695998303e-10 2.957753334539358e-09 0.0
20.375 1.3076956696241226e-10 4.946374126172771e-09 0.0 8.795021760827045e-11 2.6954245442391213e-09 0.0
20.625 9.679303557087254e-11 4.6553832828630245e-09 0.0 1.0904200631352119e-10 2.532587898173558e-09 0.0
20.875 9.931926693075862e-11 4.2158104535647335e-09 0.0 8.874298586860162e-11 2.47200591773784e-09 0.0
21.125 7.552382877672848e-11 4.01650957199474e-09 0.0 7.479121104111205e-11 2.39836130157896e-09 0.0
21.375 1.0309843116798802e-10 3.7327375855616105e-09 0.0 6.493242555510873e-11 2.1840984020380393e-09 0.0
21.625 5.507401846037958e-11 3.474945780605026e-09 0.0 7.738029847374658e-11 2.1675419250152213e-09 0.0
21.875 5.559047507766308e-11 3.2636344148185064e-09 0.0 5.898298047435019e-11 1.9775023589894095e-09 0.0
22.125 6.548263842386666e-11 3.117616386857739e-09 0.0 5.0664228386057574e-11 1.8482701270564803e-09 0.0
22.375 5.917809163742237e-11 2.892535539890795e-09 0.0 5.4441632993166145e-11 1.748545586559024e-09 0.0
22.625 4.668148496888738e-11 2.691481139518639e-09 0.0 5.25307992450676e-11 1.7036094974962704e-09 0.0
22.875 5.6004250078002535e-11 2.5074136501476592e-09 0.0 5.199894882252674e-11 1.5566396931924403e-09 0.0
23.125 3.9450376363708776e-11 2.4093763286511887e-09 0.0 2.7834185152673034e-11 1.5141227842918478e-09 0.0
23.375 3.306080472627898e-11 2.1921825305113023e-09 0.0 3.328916428432124e-11 1.3987742759441363e-09 0.0
23.625 2.870460881040469e-11 2.035125410497889e-09 0.0 3.3033566329176226e-11 1.3723431848288504e-09 0.0
23.875 3.2050731094092386e-11 1.876093979436077e-09 0.0 4.580747501762988e-11 1.378386554536556e-09 0.0
24.125 4.4679740332642075e-11 1.948782786692082e-09 0.0 2.9133656078883534e-11 1.1952451689618155e-09 0.0
24.375 2.1919462431077916e-11 1.6938360247659286e-09 0.0 2.964924520757956e-11 1.2060029892478584e-09 0.0
24.625 2.6923238068209676e-11 1.4922678517902366e-09 0.0 4.6068478965389926e-11 1.0997203238219055e-09 0.0
24.875 3.024138638238131e-11 1.4824521381882883e-09 0.0 2.9069556207596997e-11 1.0321893388877385e-09 0.0
25.125 2.0158556880858816e-11 1.392198279740653e-09 0.0 2.776394774618116e-11 9.790660794961812e-10 0.0
25.375 2.099772423178796e-11 1.2584470234028894e-09 0.0 2.2511770077142307e-11 9.336324454625348e-10 0.0
25.625 2.8066341106153087e-11 1.1987322428766748e-09 0.0 1.8580197572552583e-11 8.978190300667657e-10 0.0
25.875 2.0200199735714228e-11 1.0955854477191702e-09 0.0 3.085568934678841e-11 8.603899405826798e-10 0.0
26.125 1.164715055257531e-11 1.0731617958210647e-09 0.0 1.8911704998082306e-11 7.427019377166349e-10 0.0
26.375 1.7597663250370147e-11 9.962451421082673e-10 0.0 1.676745502533343e-11 7.006281633573638e-10 0.0
26.625 8.700573116383941e-12 9.588535534093857e-10 0.0 1.456147095481199e-11 7.055483975439853e-10 0.0
26.875 2.250689806937064e-11 9.036189029319463e-10 0.0 1.3334078568606127e-11 6.918679559763062e-10 0.0
27.125 1.4526414667020933e-11 8.280397203535752e-10 0.0 1.521405974357372e-11 6.062193078900332e-10 0.0
27.375 2.5443797975823992e-11 8.087624504298071e-10 0.0 2.290113702151694e-11 6.175127338684219e-10 0.0
27.625 9.752040086998463e-12 7.803742397747339e-10 0.0 1.0578842200496353e-11 6.425639965501851e-10 0.0
27.875 9.075590857569134e-12 6.739855459627248e-10 0.0 1.3615770400074897e-11 5.2765400342488e-10 0.0
28.125 1.4068723227400058e-11 6.656426178445499e-10 0.0 1.5048390232850968e-11 5.045579555748438e-10 0.0
28.375 8.222351909001084e-12 6.703129970353313e-10 0.0 1.0139381871768769e-11 4.820166036643146e-10 0.0
28.625 5.813403995026471e-12 5.784798710130989e-10 0.0 1.2062415649978886e-12 4.321777531711175e-10 0.0
28.875 1.4688414665074873e-11 5.326005999885032e-10 0.0 7.978169150350787e-12 4.5252774796836567e-10 0.0
29.125 1.5097873325499515e-11 4.893010669463627e-10 0.0 4.466178965089724e-12 4.40207432221866e-10 0.0
29.375 6.1307228137654385e-12 4.702906396684508e-10 0.0 1.118137589978923e-11 4.277570089216509e-10 0.0
29.625 1.5332327445372771e-12 4.692660785222791e-10 0.0 6.696633109292507e-12 3.792742966580974e-10 0.0
29.875 0.0 4.014122439126223e-10 0.0 6.157812740056586e-12 3.558812893452282e-10 0.0
30.125 1.0422235346659112e-11 4.291185215859452e-10 0.0 5.4573947078179206e-12 3.5657065175379804e-10 0.0
30.375 3.2679524195767315e-12 3.8738440467524795e-10 0.0 7.533592972818432e-12 3.039105351691207e-10 0.0
30.625 2.8481643696237973e-12 3.66174272871041e-10 0.0 8.363687463654183e-12 3.131179138003336e-10 0.0
30.875 4.835189651862065e-12 3.5250582416880737e-10 0.0 9.826234306215748e-12 2.8949801305674174e-10 0.0
31.125 7.191955136990823e-12 3.104093946509724e-10 0.0 3.0568569956595093e-12 2.7100304088851393e-10 0.0
31.375 3.826889262787554e-12 3.140149274562737e-10 0.0 5.86212986919064e-12 2.5338441532419015e-10 0.0
31.625 2.1922417252002703e-12 2.6452997144789626e-10 0.0 4.125486834610918e-12 2.548923037552679e-10 0.0
31.875 0.0 2.5109816919097317e-10 0.0 4.377447308906187e-12 2.1845718163358575e-10 0.0
32.125 2.3287285050913486e-12 2.478109942596046e-10 0.0 1.5999895142194171e-12 2.2737955235112614e-10 0.0
32.375 2.5972891647849476e-12 2.391157483192551e-10 0.0 7.912191057693515e-12 2.278050114618384e-10 0.0
32.625 3.6722632546757465e-12 2.0541606180310115e-10 0.0 1.8644349107212906e-12 2.0429822338956792e-10 0.0
32.875 0.0 2.1753039994776062e-10 0.0 3.911032612418166e-12 2.056110174674069e-10 0.0
33.125 3.650596399591819e-12 1.88220453128887e-10 0.0 1.8547738525088416e-12 1.8305230629911208e-10 0.0
33.375 4.586182039400371e-12 1.7819208765758538e-10 0.0 6.31939904609319e-12 1.8334669050970862e-10 0.0
33.625 1.7088985292830686e-12 1.874947354652991e-10 0.0 1.6870895714897648e-12 1.6518380055350983e-10 0.0
33.875 0.0 1.698932880020248e-10 0.0 3.356501178724828e-12 1.7220835896107064e-10 0.0
34.125 0.0 1.685591567413468e-10 0.0 5.024544886600631e-12 1.6264109552749627e-10 0.0
34.375 0.0 1.4359148742950886e-10 0.0 0.0 1.240907480888158e-10 0.0
34.625 0.0 1.223920152408442e-10 0.0 0.0 1.5981684364460163e-10 0.0
34.875 1.8147001548158451e-12 1.1870348034499995e-10 0.0 3.614348549988725e-12 1.3823947714537305e-10 0.0
35.125 0.0 1.2021139819080253e-10 0.0 0.0 1.2635988904996165e-10 0.0
35.375 9.157957191951582e-12 1.226415978219588e-10 0.0 0.0 1.195182343200772e-10 0.0
35.625 3.7812716310377216e-12 1.1214020804517892e-10 0.0 2.260952007804182e-12 1.1602775230607787e-10 0.0
35.875 0.0 1.3140448936657717e-10 0.0 0.0 1.0174244528492504e-10 0.0
36.125 1.957561725434608e-12 1.2027588028365253e-10 0.0 0.0 1.0865904942044226e-10 0.0
36.375 0.0 9.496778303161827e-11 0.0 0.0 1.0520133398085338e-10 0.0
36.625 1.7609180930654818e-12 8.540985863379262e-11 0.0 2.37487207634161e-12 9.815641891446917e-11 0.0
36.875 2.1149835059379515e-12 9.52310352582891e-11 0.0 4.08840615580744e-12 8.13277626038253e-11 0.0
37.125 4.7225421925323934e-12 1.0210227876577177e-10 0.0 0.0 9.82268470322888e-11 0.0
37.375 2.8887389313798387e-12 8.453472325964404e-11 0.0 0.0 8.403758286334264e-11 0.0
37.625 0.0 6.988997259140298e-11 0.0 2.947201213870206e-12 7.171103647742425e-11 0.0
37.875 0.0 5.769399984758627e-11 0.0 1.9646876566697362e-12 7.242571956259289e-11 0.0
38.125 0.0 5.403360150044482e-11 0.0 2.4443670455740226e-12 7.351164903271479e-11 0.0
38.375 0.0 6.924381164481141e-11 0.0 0.0 6.424988283841544e-11 0.0
38.625 0.0 5.755158951324985e-11 0.0 0.0 7.375927030051459e-11 0.0
38.875 0.0 5.5060129483883506e-11 0.0 0.0 8.620385161581418e-11 0.0
39.125 0.0 5.071801303876168e-11 0.0 0.0 5.000656082717062e-11 0.0
39.375 0.0 4.623002698311058e-11 0.0 0.0 7.001922803006657e-11 0.0
39.625 0.0 4.470477594702739e-11 0.0 0.0 5.811233311880358e-11 0.0
39.875 0.0 3.620980337171267e-11 0.0 0.0 4.924575221470393e-11 0.0
40.125 0.0 2.1021495579321628e-11 0.0 0.0 4.729627590235077e-11 0.0
40.375 0.0 4.113943725226649e-11 0.0 0.0 2.8981316724071567e-11 0.0
40.625 0.0 4.122052694612215e-11 0.0 0.0 6.194921726588274e-11 0.0
40.875 0.0 2.3483218298711914e-11 0.0 0.0 4.828448758810658e-11 0.0
41.125 0.0 3.200641251748455e-11 0.0 0.0 4.678239979974905e-11 0.0
41.375 0.0 2.1347972796607046e-11 0.0 3.170076628488277e-12 3.454208047783416e-11 0.0
41.625 0.0 2.4848622592466898e-11 0.0 0.0 5.106737235298966e-11 0.0
41.875 0.0 4.4314220174456275e-11 0.0 0.0 2.7514368974490053e-11 0.0
42.125 0.0 2.5794441175540218e-11 0.0 0.0 3.964744135333336e-11 0.0
42.375 0.0 3.482369834338872e-11 0.0 3.1665792538033696e-12 3.715300989918613e-11 0.0
42.625 0.0 1.240172916774252e-11 0.0 0.0 2.9249940956016985e-11 0.0
42.875 0.0 2.3779155310255325e-11 0.0 0.0 3.996605039773592e-11 0.0
43.125 0.0 1.6512374626283303e-11 0.0 2.5043394153583184e-12 2.1807565288517583e-11 0.0
43.375 0.0 2.8575841517987288e-11 0.0 0.0 3.04483430910825e-11 0.0
43.625 0.0 2.3402388309770406e-11 0.0 0.0 1.2281579698708594e-11 0.0
43.875 0.0 1.7735498270361677e-11 0.0 0.0 1.7166235251216773e-11 0.0
44.125 0.0 4.934241418598685e-12 0.0 0.0 1.4873896787030186e-11 0.0
44.375 0.0 1.1801232223805204e-11 0.0 0.0 1.5713497239163195e-11 0.0
44.625 0.0 5.450826442071204e-12 0.0 0.0 1.013534238715953e-11 0.0
44.875 0.0 4.511551851079379e-12 0.0 0.0 1.3315987201676846e-11 0.0
45.125 0.0 1.4668015469182945e-11 0.0 0.0 1.3017046544219084e-11 0.0
45.375 0.0 0.0 0.0 3.2068172015499077e-12 1.840947658220531e-11 0.0
45.625 0.0 1.2726415486855473e-11 0.0 0.0 1.8266685048102282e-11 0.0
45.875 0.0 4.9054819154456206e-12 0.0 0.0 1.070692413366855e-11 0.0
46.125 0.0 2.592685889336246e-12 0.0 0.0 1.3940391466884182e-11 0.0
46.375 0.0 7.897883572941248e-12 0.0 0.0 1.9967476121128956e-11 0.0
46.625 0.0 2.563086917084932e-12 0.0 0.0 7.816674479929564e-12 0.0
46.875 0.0 1.0977525687402167e-11 0.0 0.0 1.1633388018293912e-11 0.0
47.125 0.0 5.261872182884272e-12 0.0 0.0 8.502486752529624e-12 0.0
47.375 0.0 8.808456058792026e-12 0.0 0.0 1.1915871369138984e-11 0.0
47.625 0.0 6.111312874426369e-12 0.0 0.0 1.4082091652607259e-11 0.0
47.875 0.0 1.1357695302890437e-11 0.0 0.0 2.3040197560172594e-11 0.0
48.125 0.0 2.7402868835730457e-12 0.0 0.0 1.237114121154576e-11 0.0
48.375 4.400019466049312e-12 1.5286816108920652e-11 0.0 0.0 1.1647119829111054e-11 0.0
48.625 0.0 2.6449285486219964e-12 0.0 0.0 1.2677709199537285e-11 0.0
48.875 0.0 5.431381030172089e-12 0.0 0.0 6.609220022091384e-12 0.0
49.125 0.0 2.100470678348074e-11 0.0 0.0 2.5197139869072503e-11 0.0
49.375 0.0 8.76149675201688e-12 0.0 0.0 6.727641730242197e-12 0.0
49.625 0.0 9.335011864776497e-12 0.0 0.0 3.51431310881882e-12 0.0
49.875 0.0 1.3491079114034516e-11 0.0 0.0 6.404304723953982e-12 0.0
50.125 0.0 0.0 0.0 0.0 6.213139869750541e-12 0.0
50.375 0.0 9.598426193761123e-12 0.0 0.0 7.242416418131625e-12 0.0
50.625 0.0 6.0044745964196796e-12 0.0 0.0 3.0733246643358045e-12 0.0
50.875 0.0 0.0 0.0 0.0 3.264573067667867e-12 0.0
51.125 0.0 9.66353306376064e-12 0.0 0.0 6.959226600601724e-12 0.0
51.375 0.0 3.333896542696665e-12 0.0 0.0 3.0190142415506684e-12 0.0
51.625 0.0 0.0 0.0 0.0 0.0 0.0
51.875 0.0 6.0219613997841046e-12 0.0 0.0 0.0 0.0
52.125 0.0 6.148145222479112e-12 0.0 0.0 0.0 0.0
52.375 0.0 6.9621355376072345e-12 0.0 0.0 3.119042625202867e-12 0.0
52.625 0.0 3.2813045282139646e-12 0.0 0.0 0.0 0.0
52.875 0.0 0.0 0.0 0.0 3.455628178310602e-12 0.0
53.125 0.0 0.0 0.0 0.0 0.0 0.0
53.375 0.0 0.0 0.0 0.0 0.0 0.0
53.625 0.0 8.7119455683485e-12 0.0 0.0 3.94355986735231e-12 0.0
53.875 0.0 3.5165858352734254e-12 0.0 0.0 0.0 0.0
54.125 0.0 7.920394756356043e-12 0.0 0.0 0.0 0.0
54.375 0.0 3.326519646754318e-12 0.0 0.0 0.0 0.0
54.625 0.0 0.0 0.0 0.0 0.0 0.0
54.875 0.0 0.0 0.0 0.0 0.0 0.0
55.125 0.0 0.0 0.0 0.0 3.73710409755976e-12 0.0
55.375 0.0 0.0 0.0 0.0 0.0 0.0
55.625 0.0 0.0 0.0 0.0 0.0 0.0
55.875 0.0 0.0 0.0 0.0 0.0 0.0
56.125 0.0 0.0 0.0 0.0 0.0 0.0
56.375 0.0 7.410366208658881e-12 0.0 0.0 1.2294016658647489e-11 0.0
56.625 0.0 4.721681164000262e-12 0.0 0.0 0.0 0.0
56.875 0.0 0.0 0.0 0.0 0.0 0.0
57.125 0.0 0.0 0.0 0.0 4.261942997691407e-12 0.0
57.375 0.0 0.0 0.0 0.0 3.728087074162714e-12 0.0
57.625 0.0 7.80467614646004e-12 0.0 0.0 0.0 0.0
57.875 0.0 8.65434499698022e-12 0.0 0.0 4.074012818603125e-12 0.0
58.125 0.0 0.0 0.0 0.0 4.433536682624923e-12 0.0
58.375 0.0 0.0 0.0 0.0 0.0 0.0
58.625 0.0 0.0 0.0 0.0 4.510475834781218e-12 0.0
58.875 0.0 0.0 0.0 0.0 0.0 0.0
59.125 0.0 0.0 0.0 0.0 0.0 0.0
59.375 0.0 0.0 0.0 0.0 0.0 0.0
59.625 0.0 0.0 0.0 0.0 0.0 0.0
59.875 0.0 0.0 0.0 0.0 0.0 0.0
60.125 0.0 0.0 0.0 0.0 0.0 0.0
60.375 0.0 0.0 0.0 0.0 0.0 0.0
60.625 0.0 0.0 0.0 0.0 0.0 0.0
60.875 0.0 4.25233316973808e-12 0.0 0.0 0.0 0.0
61.125 0.0 0.0 0.0 0.0 0.0 0.0
61.375 0.0 0.0 0.0 0.0 0.0 0.0
61.625 0.0 0.0 0.0 0.0 0.0 0.0
61.875 0.0 0.0 0.0 0.0 0.0 0.0
62.125 0.0 0.0 0.0 0.0 5.681839188796723e-12 0.0
62.375 0.0 0.0 0.0 0.0 0.0 0.0
62.625 0.0 0.0 0.0 0.0 0.0 0.0
62.875 0.0 0.0 0.0 0.0 0.0 0.0
63.125 0.0 0.0 0.0 0.0 0.0 0.0
63.375 0.0 0.0 0.0 0.0 0.0 0.0
63.625 0.0 0.0 0.0 0.0 0.0 0.0
63.875 0.0 0.0 0.0 0.0 0.0 0.0
64.125 0.0 0.0 0.0 0.0 0.0 0.0
64.375 0.0 0.0 0.0 0.0 0.0 0.0
64.625 0.0 0.0 0.0 0.0 0.0 0.0
64.875 0.0 0.0 0.0 0.0 0.0 0.0
65.125 0.0 0.0 0.0 0.0 0.0 0.0
65.375 0.0 0.0 0.0 0.0 0.0 0.0
65.625 0.0 0.0 0.0 0.0 0.0 0.0
65.875 0.0 0.0 0.0 0.0 0.0 0.0
66.125 0.0 0.0 0.0 0.0 0.0 0.0
66.375 0.0 0.0 0.0 0.0 0.0 0.0
66.625 0.0 0.0 0.0 0.0 0.0 0.0
66.875 0.0 0.0 0.0 0.0 0.0 0.0
67.125 0.0 0.0 0.0 0.0 0.0 0.0
67.375 0.0 0.0 0.0 0.0 0.0 0.0
67.625 0.0 0.0 0.0 0.0 0.0 0.0
67.875 0.0 0.0 0.0 0.0 0.0 0.0
68.125 0.0 0.0 0.0 0.0 0.0 0.0
68.375 0.0 0.0 0.0 0.0 0.0 0.0
68.625 0.0 0.0 0.0 0.0 0.0 0.0
68.875 0.0 0.0 0.0 0.0 0.0 0.0
69.125 0.0 0.0 0.0 0.0 0.0 0.0
69.375 0.0 0.0 0.0 0.0 0.0 0.0
69.625 0.0 0.0 0.0 0.0 0.0 0.0
69.875 0.0 0.0 0.0 0.0 0.0 0.0
70.125 0.0 0.0 0.0 0.0 0.0 0.0
70.375 0.0 0.0 0.0 0.0 0.0 0.0
70.625 0.0 0.0 0.0 0.0 0.0 0.0
70.875 0.0 0.0 0.0 0.0 0.0 0.0
71.125 0.0 0.0 0.0 0.0 0.0 0.0
71.375 0.0 0.0 0.0 0.0 0.0 0.0
71.625 0.0 0.0 0.0 0.0 0.0 0.0
71.875 0.0 0.0 0.0 0.0 0.0 0.0
72.125 0.0 0.0 0.0 0.0 0.0 0.0
72.375 0.0 0.0 0.0 0.0 0.0 0.0
72.625 0.0 0.0 0.0 0.0 0.0 0.0
72.875 0.0 0.0 0.0 0.0 0.0 0.0
73.125 0.0 0.0 0.0 0.0 0.0 0.0
73.375 0.0 0.0 0.0 0.0 0.0 0.0
73.625 0.0 0.0 0.0 0.0 0.0 0.0
73.875 0.0 0.0 0.0 0.0 0.0 0.0
74.125 0.0 0.0 0.0 0.0 0.0 0.0
74.375 0.0 0.0 0.0 0.0 0.0 0.0
74.625 0.0 0.0 0.0 0.0 0.0 0.0
74.875 0.0 0.0 0.0 0.0 0.0 0.0
75.125 0.0 0.0 0.0 0.0 0.0 0.0
75.375 0.0 0.0 0.0 0.0 0.0 0.0
75.625 0.0 0.0 0.0 0.0 0.0 0.0
75.875 0.0 0.0 0.0 0.0 0.0 0.0
76.125 0.0 0.0 0.0 0.0 0.0 0.0
76.375 0.0 0.0 0.0 0.0 0.0 0.0
76.625 0.0 0.0 0.0 0.0 0.0 0.0
76.875 0.0 0.0 0.0 0.0 0.0 0.0
77.125 0.0 0.0 0.0 0.0 0.0 0.0
77.375 0.0 0.0 0.0 0.0 0.0 0.0
77.625 0.0 0.0 0.0 0.0 0.0 0.0
77.875 0.0 0.0 0.0 0.0 0.0 0.0
78.125 0.0 0.0 0.0 0.0 0.0 0.0
78.375 0.0 0.0 0.0 0.0 0.0 0.0
78.625 0.0 0.0 0.0 0.0 0.0 0.0
78.875 0.0 0.0 0.0 0.0 0.0 0.0
79.125 0.0 0.0 0.0 0.0 0.0 0.0
79.375 0.0 0.0 0.0 0.0 0.0 0.0
79.625 0.0 0.0 0.0 0.0 0.0 0.0
