0.005 2.13481434477597e-11
0.01 1.2339717097934363e-10
0.015 2.599741901093727e-10
0.02 3.958918368320394e-10
0.025 5.259012746303085e-10
0.03 6.367355245734217e-10
0.035 7.514909434551545e-10
0.04 8.581388790335112e-10
0.045 9.372016396974714e-10
0.05 9.98224725445895e-10
0.055 1.057636613129884e-09
0.06 1.0833767059553119e-09
0.065 1.106456349890427e-09
0.07 1.1240288672854627e-09
0.075 1.119138311192301e-09
0.08 1.1046153874012485e-09
0.085 1.0752182673398096e-09
0.09 1.058266353337907e-09
0.095 1.0246335241414565e-09
0.1 9.964418676260948e-10
0.105 9.49594627881254e-10
0.11 9.183998596787564e-10
0.115 8.90516013165331e-10
0.12 8.588378945512644e-10
0.125 8.404616694285912e-10
0.13 8.35907388514126e-10
0.135 8.15202249689998e-10
0.14 8.011412259223538e-10
0.145 7.917029438846497e-10
0.15 8.066983162436592e-10
0.155 7.998375776173255e-10
0.16 8.036984600704104e-10
0.165 7.903042526590319e-10
0.17 7.93899866999981e-10
0.17500000000000002 7.808928953158715e-10
0.18 8.009194817893553e-10
0.185 8.203151407735894e-10
0.19 8.266902509394018e-10
0.195 8.206742445338821e-10
0.2 8.401345288716674e-10
0.20500000000000002 8.423783650481482e-10
0.21 8.515638209879583e-10
0.215 8.572372992391219e-10
0.22 8.591575192247059e-10
0.225 8.712581596529285e-10
0.23 8.607067819155453e-10
0.23500000000000001 8.719855861660355e-10
0.24 8.663870662395897e-10
0.245 8.821464868725425e-10
0.25 8.961459047294687e-10
0.255 8.970527909647658e-10
0.26 9.004869914693627e-10
0.265 8.900593883799996e-10
0.27 9.161706021926177e-10
0.275 9.250511755000967e-10
0.28 8.960663829938116e-10
0.28500000000000003 8.947546210436387e-10
0.29 9.316740210031896e-10
0.295 9.112011818505906e-10
0.3 9.125884666694584e-10
0.305 9.115375719429864e-10
0.31 9.214614334663967e-10
0.315 9.36733890771612e-10
0.32 9.224788138874357e-10
0.325 9.36750699457794e-10
0.33 8.986086417360513e-10
0.335 9.230514468665451e-10
0.34 9.246954699982043e-10
0.34500000000000003 9.325748090298869e-10
0.35000000000000003 9.184800582183823e-10
0.355 9.37254516174658e-10
0.36 9.050504723342099e-10
0.365 9.261510479156334e-10
0.37 8.725115922533936e-10
0.375 9.048186608263485e-10
0.38 8.971926369734143e-10
0.385 8.968217499725356e-10
0.39 9.069387380158935e-10
0.395 8.888147015718588e-10
0.4 8.983158643667e-10
0.405 8.583079133672403e-10
0.41000000000000003 8.771529236539373e-10
0.41500000000000004 8.854254045672756e-10
0.42 9.091288903173137e-10
0.425 9.133307510023176e-10
0.43 8.746409453697375e-10
0.435 8.942270779706449e-10
0.44 8.976258468883377e-10
0.445 8.901497065851087e-10
0.45 8.784439708842772e-10
0.455 8.792745615130622e-10
0.46 8.904807193583759e-10
0.465 9.052201187512355e-10
0.47000000000000003 8.633600729891698e-10
0.47500000000000003 8.768660928117451e-10
0.48 8.702250295342518e-10
0.485 8.583953516016907e-10
0.49 8.615794554442694e-10
0.495 8.798635219468568e-10
0.5 8.754928354529031e-10
0.505 8.699118035973264e-10
0.51 8.493577414852563e-10
0.515 8.617119813571045e-10
0.52 8.491123908934654e-10
0.525 8.773068911033295e-10
0.53 8.375385598866906e-10
0.535 8.564393951074067e-10
0.54 8.439815925841737e-10
0.545 8.491859767883935e-10
0.55 8.663125243581738e-10
0.555 8.521398255954509e-10
0.56 8.315348896305507e-10
0.5650000000000001 8.417123696507127e-10
0.5700000000000001 8.254021604031102e-10
0.5750000000000001 8.422318639899243e-10
0.58 8.552949264960531e-10
0.585 8.507362473279726e-10
0.59 8.149874293003545e-10
0.595 8.288799189185571e-10
0.6 8.275791575468775e-10
0.605 8.474653390019803e-10
0.61 8.255928884810774e-10
0.615 8.016777086628325e-10
0.62 8.097270362893171e-10
0.625 8.061745966325164e-10
0.63 8.333568388618913e-10
0.635 8.417831922265786e-10
0.64 8.004953829671709e-10
0.645 8.32235150426669e-10
0.65 8.161902148603704e-10
0.655 8.250643390090534e-10
0.66 7.970361674625932e-10
0.665 7.991705233024362e-10
0.67 8.000219984553954e-10
0.675 7.715305820647805e-10
0.68 8.454318853913882e-10
0.685 7.92037232624405e-10
0.6900000000000001 8.096165814657255e-10
0.6950000000000001 8.122525810480681e-10
0.7000000000000001 8.103623545213567e-10
0.705 8.163619895968996e-10
0.71 7.892972493405673e-10
0.715 8.16345314949692e-10
0.72 8.240025799528166e-10
0.725 8.095088122894329e-10
0.73 7.967714457012779e-10
0.735 8.249746606700713e-10
0.74 7.697533077710282e-10
0.745 7.65151938468749e-10
0.75 8.241170447193531e-10
0.755 7.692069694557667e-10
0.76 7.630010202069085e-10
0.765 8.263427215948896e-10
0.77 7.444064949459239e-10
0.775 7.512230039475082e-10
0.78 7.905108481788962e-10
0.785 8.1368653542657e-10
0.79 8.018885389114218e-10
0.795 7.588893759717995e-10
0.8 7.887476536959388e-10
0.805 7.547254348014262e-10
0.81 8.017151857172682e-10
0.8150000000000001 7.679071422493673e-10
0.8200000000000001 7.658687064700327e-10
0.8250000000000001 7.854903744745426e-10
0.8300000000000001 7.908301196935487e-10
0.835 7.733326665110364e-10
0.84 7.717427010867424e-10
0.845 7.720877637314192e-10
0.85 7.910424021944853e-10
0.855 7.743501195779334e-10
0.86 7.829789082574539e-10
0.865 7.716178352171259e-10
0.87 7.54059984043375e-10
0.875 7.975526430923285e-10
0.88 7.502614098323249e-10
0.885 7.210814129407961e-10
0.89 8.26713200494018e-10
0.895 7.664515995481764e-10
0.9 8.116968250376069e-10
0.905 7.629154251298671e-10
0.91 7.918018957959685e-10
0.915 7.884446843420621e-10
0.92 7.541854694431289e-10
0.925 7.22497789192881e-10
0.93 7.594882102017704e-10
0.935 7.565072276351648e-10
0.9400000000000001 7.582323316027882e-10
0.9450000000000001 7.395079949503436e-10
0.9500000000000001 7.594258777628977e-10
0.9550000000000001 7.196426421493842e-10
0.96 7.712015745863357e-10
0.965 7.86406787787063e-10
0.97 7.684372224122673e-10
0.975 7.330927261681578e-10
0.98 7.857533199386832e-10
0.985 7.419486323486101e-10
0.99 7.695421521216121e-10
0.995 7.409443540047555e-10
1.0 7.758889172681937e-10
1.0050000000000001 7.596399069295736e-10
1.01 7.648324263593997e-10
1.0150000000000001 7.50090289419388e-10
1.02 7.199886824836386e-10
1.025 7.240529062044906e-10
1.03 7.434906501785582e-10
1.035 7.779481422051054e-10
1.04 7.669135000051966e-10
1.045 7.403236576613179e-10
1.05 7.623982666134345e-10
1.055 6.912028916459045e-10
1.06 7.46264468676763e-10
1.065 7.112033463754319e-10
1.07 7.424342061029097e-10
1.075 7.68043448297797e-10
1.08 7.166188089116311e-10
1.085 7.187602770926074e-10
1.09 7.721522577367782e-10
1.095 7.235742519862315e-10
1.1 7.6215606630111e-10
1.105 7.115445925398692e-10
1.11 7.29646086419746e-10
1.115 7.357827012377335e-10
1.12 7.214307607057858e-10
1.125 7.098501822010358e-10
1.1300000000000001 6.98695687921015e-10
1.135 7.354236556941554e-10
1.1400000000000001 7.460934692334282e-10
1.145 7.191608889170762e-10
1.1500000000000001 7.110033547454653e-10
1.155 7.426791693733784e-10
1.16 7.367556841511542e-10
1.165 7.307068950122512e-10
1.17 7.380618082454584e-10
1.175 7.412968665019388e-10
1.18 7.561304083365845e-10
1.185 7.517858224004336e-10
1.19 7.091464998089101e-10
1.195 7.082707116970854e-10
1.2 7.190292348848933e-10
1.205 7.284623628967815e-10
1.21 7.215506053312012e-10
1.215 7.539899671413809e-10
1.22 7.323832545608417e-10
1.225 7.619704303086084e-10
1.23 7.249527928630858e-10
1.235 7.090399364938354e-10
1.24 7.161109065995799e-10
1.245 7.356454328128615e-10
1.25 7.278803044085243e-10
1.2550000000000001 7.416345674269874e-10
1.26 7.028432763287666e-10
1.2650000000000001 7.320011887987803e-10
1.27 7.073541761886573e-10
1.2750000000000001 7.128991025325569e-10
1.28 8.198864094997802e-10
1.285 7.117951540832679e-10
1.29 7.30459102816775e-10
1.295 7.206418754465279e-10
1.3 7.327929657759856e-10
1.305 7.243013253709806e-10
1.31 6.996926862860179e-10
1.315 7.185173569746642e-10
1.32 7.170480701676185e-10
1.325 7.271346096846402e-10
1.33 7.095308494746325e-10
1.335 6.938619672073355e-10
1.34 7.18285583419022e-10
1.345 7.061823958118162e-10
1.35 7.190961213858084e-10
1.355 7.132924032466853e-10
1.36 7.04279524457215e-10
1.365 7.203166119201309e-10
1.37 7.080001226368853e-10
1.375 7.136119665519934e-10
1.3800000000000001 7.2928371537401e-10
1.385 7.028738008918685e-10
1.3900000000000001 7.1151702399364e-10
1.395 6.837324993613841e-10
1.4000000000000001 7.083165914230361e-10
1.405 7.345241139917972e-10
1.41 7.259379411568821e-10
1.415 7.20599793209819e-10
1.42 7.331513035992071e-10
1.425 7.074127140792027e-10
1.43 7.037817637349196e-10
1.435 6.93662897665793e-10
1.44 7.221665569720056e-10
1.445 7.130036229349556e-10
1.45 7.089312520581663e-10
1.455 6.922998939552158e-10
1.46 7.052590596110984e-10
1.465 7.133845823374992e-10
1.47 6.845157558988715e-10
1.475 6.936482943789222e-10
1.48 7.081689804703573e-10
1.485 6.92712929490209e-10
1.49 6.892938562689085e-10
1.495 7.002734279861107e-10
1.5 6.863814057124281e-10
1.5050000000000001 7.465667316930306e-10
1.51 7.145767175732805e-10
1.5150000000000001 6.967724133517577e-10
1.52 6.997978782126658e-10
1.5250000000000001 7.197500894699888e-10
1.53 7.518002408089391e-10
1.5350000000000001 7.119294277409725e-10
1.54 7.18350556045647e-10
1.545 6.983258591721929e-10
1.55 6.964152042247887e-10
1.555 7.081442115000087e-10
1.56 7.056602643263002e-10
1.565 6.949928835939836e-10
1.57 6.993566119203567e-10
1.575 7.057303972957549e-10
1.58 6.999434543739487e-10
1.585 7.434782448789642e-10
1.59 7.017624499678851e-10
1.595 7.425387323334164e-10
1.6 7.039761381769374e-10
1.605 6.677501662732525e-10
1.61 6.822484618442582e-10
1.615 6.86951359741468e-10
1.62 7.274013055185512e-10
1.625 6.980797574219968e-10
1.6300000000000001 6.938688255246498e-10
1.635 7.013910527636248e-10
1.6400000000000001 6.782486902971739e-10
1.645 7.034787006750142e-10
1.6500000000000001 6.949994285910089e-10
1.655 6.818201273915898e-10
1.6600000000000001 7.124590393197013e-10
1.665 7.395870930283833e-10
1.67 6.97598944913407e-10
1.675 6.844065880262389e-10
1.68 6.935633212724248e-10
1.685 7.25855720579314e-10
1.69 6.952575753829741e-10
1.695 6.973847126809976e-10
1.7 7.19217432581115e-10
1.705 6.85548454303e-10
1.71 7.146922016381237e-10
1.715 7.114719950419689e-10
1.72 6.79332137067096e-10
1.725 7.025450997251744e-10
1.73 6.971202886593916e-10
1.735 6.976440572539978e-10
1.74 6.969355511663117e-10
1.745 7.228815530968815e-10
1.75 6.69132248297562e-10
1.7550000000000001 6.969399200993088e-10
1.76 6.830773273045653e-10
1.7650000000000001 6.915590688743209e-10
1.77 7.156148953609651e-10
1.7750000000000001 6.933062463792284e-10
1.78 6.925031471343168e-10
1.7850000000000001 7.017289811799919e-10
1.79 6.877377811929695e-10
1.795 6.9920131862391e-10
1.8 6.990081428132384e-10
1.805 6.695184581382038e-10
1.81 6.983182456995343e-10
1.815 6.907215440443624e-10
1.82 6.890158524301769e-10
1.825 6.901981839463042e-10
1.83 6.769890727738325e-10
1.835 6.824231138993058e-10
1.84 7.093514752030501e-10
1.845 7.265966817940873e-10
1.85 6.962145744676735e-10
1.855 6.900151912526206e-10
1.86 6.698057200216086e-10
1.865 6.833908424651079e-10
1.87 6.958679596005043e-10
1.875 6.81225770975539e-10
1.8800000000000001 7.005582681920461e-10
1.885 7.115406114244023e-10
1.8900000000000001 6.913361786895311e-10
1.895 6.522272548607743e-10
1.9000000000000001 7.162415926251176e-10
1.905 6.991947470925496e-10
1.9100000000000001 6.825735150759238e-10
1.915 6.759105993752921e-10
1.92 7.075763799494503e-10
1.925 6.77455936632067e-10
1.93 7.162411065019364e-10
1.935 6.86979909613252e-10
1.94 6.820218810253602e-10
1.945 6.895680562128892e-10
1.95 6.638028526889968e-10
1.955 6.833058242459242e-10
1.96 6.874889344894884e-10
1.965 6.54797182396743e-10
1.97 6.836800096419386e-10
1.975 6.84081624171566e-10
1.98 6.834957272185686e-10
1.985 6.774141108332695e-10
1.99 6.835526105263734e-10
1.995 6.867812021494195e-10
2.0 7.081466575719704e-10
2.005 6.669358507604478e-10
2.0100000000000002 6.793907639548988e-10
2.015 7.051089409448065e-10
2.02 6.809603759219752e-10
2.025 6.898513443810364e-10
2.0300000000000002 6.877274193373033e-10
2.035 6.91086393379676e-10
2.04 7.016231538748756e-10
2.045 6.669997118587409e-10
2.05 6.767823374114896e-10
2.055 6.703207110038592e-10
2.06 6.70493767823736e-10
2.065 6.890861589702925e-10
2.07 6.81597087320675e-10
2.075 6.893865072113368e-10
2.08 6.77546156892147e-10
2.085 6.923893315673381e-10
2.09 6.724907112709205e-10
2.095 6.828896387377581e-10
2.1 6.723261785879575e-10
2.105 6.792961960434203e-10
2.11 6.73603148540939e-10
2.115 6.894700544982541e-10
2.12 7.087582770522479e-10
2.125 6.919001549221655e-10
2.13 6.959771759711803e-10
2.1350000000000002 6.735177234196399e-10
2.14 6.656175623889945e-10
2.145 6.686738517346119e-10
2.15 6.725346710635637e-10
2.1550000000000002 6.731405454296628e-10
2.16 6.691428284777736e-10
2.165 6.636086204882125e-10
2.17 6.893144350887199e-10
2.1750000000000003 6.980579319827181e-10
2.18 6.602536508953298e-10
2.185 6.9005367885412e-10
2.19 6.756223559263446e-10
2.195 6.622176613878489e-10
2.2 6.755578181047731e-10
2.205 6.906308298247447e-10
2.21 6.765369861121882e-10
2.215 6.614088809565672e-10
2.22 6.667639735355944e-10
2.225 6.829685213202461e-10
2.23 6.748666572304384e-10
2.235 7.052061648131889e-10
2.24 6.769610155937104e-10
2.245 6.456961929668542e-10
2.25 6.66215870531314e-10
2.255 6.758603584679221e-10
2.2600000000000002 6.836762713719031e-10
2.265 6.556635253246205e-10
2.27 6.448924784816832e-10
2.275 6.361659743366155e-10
2.2800000000000002 6.61122217622838e-10
2.285 6.925273458338971e-10
2.29 6.788214447582627e-10
2.295 6.782099184348792e-10
2.3000000000000003 6.624281262500552e-10
2.305 6.705337933774648e-10
2.31 6.864213483256229e-10
2.315 6.733527603098792e-10
2.32 6.815493766583543e-10
2.325 6.372025925294707e-10
2.33 6.660995276155115e-10
2.335 6.743486625423616e-10
2.34 6.534675819080133e-10
2.345 6.740218632303661e-10
2.35 6.721862209364585e-10
2.355 6.678702966767327e-10
2.36 6.610282603955151e-10
2.365 6.929243809901242e-10
2.37 6.711731273605278e-10
2.375 6.595404508153367e-10
2.38 6.763791130179915e-10
2.3850000000000002 6.568088245280608e-10
2.39 6.810884569712618e-10
2.395 6.626720233907553e-10
2.4 6.622273229994726e-10
2.4050000000000002 6.967552236562815e-10
2.41 6.750069164618607e-10
2.415 6.598534986776106e-10
2.42 6.507786501767415e-10
2.4250000000000003 6.521592221554513e-10
2.43 6.486985597008701e-10
2.435 6.788955476295531e-10
2.44 6.340510666092618e-10
2.445 6.413228802466288e-10
2.45 6.355606839672896e-10
2.455 6.477636592614468e-10
2.46 6.564783082464837e-10
2.465 6.533339930546575e-10
2.47 6.53594621699556e-10
2.475 6.377747510522582e-10
2.48 6.835256838593242e-10
2.485 6.672604519327341e-10
2.49 6.427802414480991e-10
2.495 6.338324253213754e-10
2.5 6.459421550727931e-10
2.505 6.533554654466698e-10
2.5100000000000002 6.550562991952006e-10
2.515 6.338775878033457e-10
2.52 6.525904056895464e-10
2.525 6.437121763686079e-10
2.5300000000000002 6.38539315210578e-10
2.535 6.75871729002231e-10
2.54 6.434065014390775e-10
2.545 6.465683491199071e-10
2.5500000000000003 6.745579772498051e-10
2.555 6.32296259917233e-10
2.56 6.602846095195944e-10
2.565 6.261061627569327e-10
2.57 6.395144236004916e-10
2.575 6.573823938010353e-10
2.58 6.387404824369907e-10
2.585 6.605387449813605e-10
2.59 6.342260696794564e-10
2.595 6.266037392040089e-10
2.6 6.124361124888792e-10
2.605 6.81759348806356e-10
2.61 6.435850547371347e-10
2.615 6.718686051259514e-10
2.62 6.475208066865497e-10
2.625 6.320449785598152e-10
2.63 6.598805502861714e-10
2.6350000000000002 6.349113458057032e-10
2.64 6.247196743005349e-10
2.645 6.582821853324795e-10
2.65 6.415862233633569e-10
2.6550000000000002 6.443788689938695e-10
2.66 6.077208105843094e-10
2.665 6.506123662494204e-10
2.67 6.40160255676481e-10
2.6750000000000003 6.514456648990849e-10
2.68 6.306922082238586e-10
2.685 6.355377117632117e-10
2.69 6.21240085019766e-10
2.695 6.144156144045099e-10
2.7 5.969146283471651e-10
2.705 6.395693413113802e-10
2.71 6.322089415080927e-10
2.715 6.380501241392901e-10
2.72 6.323562979019157e-10
2.725 6.309681289273646e-10
2.73 6.287646344730984e-10
2.735 6.223026652604782e-10
2.74 6.420452882407232e-10
2.745 6.210414283890359e-10
2.75 6.088074664498028e-10
2.755 6.319178492562521e-10
2.7600000000000002 6.630187837785753e-10
2.765 6.246937363329859e-10
2.77 6.308440200911621e-10
2.775 6.42059986872056e-10
2.7800000000000002 6.316619822458262e-10
2.785 6.220620933110654e-10
2.79 6.222251020475398e-10
2.795 6.300476613922907e-10
2.8000000000000003 6.041694289420459e-10
2.805 6.370702451184981e-10
2.81 6.289228242318162e-10
2.815 6.061822545027113e-10
2.82 6.085657400477396e-10
2.825 6.07259084789863e-10
2.83 6.238827278341671e-10
2.835 6.132177970608816e-10
2.84 6.155825845128072e-10
2.845 5.963303194009387e-10
2.85 6.141924221855192e-10
2.855 6.077026588181838e-10
2.86 6.098037612623863e-10
2.865 6.09686157637396e-10
2.87 5.930678377288976e-10
2.875 6.254143428993634e-10
2.88 6.261104914206055e-10
2.8850000000000002 6.016776171144127e-10
2.89 6.243083498470146e-10
2.895 6.100941601049367e-10
2.9 6.316879206047661e-10
2.9050000000000002 6.327818644132241e-10
2.91 6.332723180798146e-10
2.915 6.222665837718841e-10
2.92 6.134603492696691e-10
2.9250000000000003 5.949151629803178e-10
2.93 6.076325141396304e-10
2.935 6.128827160368316e-10
2.94 5.811907407328544e-10
2.945 6.07987435824951e-10
2.95 6.095700726027544e-10
2.955 6.131472356577786e-10
2.96 5.828870183876438e-10
2.965 5.967336895281008e-10
2.97 6.092582064260549e-10
2.975 6.162422591825416e-10
2.98 6.187849430096661e-10
2.985 6.077187727757335e-10
2.99 6.005101331544534e-10
2.995 6.068460554024219e-10
3.0 6.085424964379847e-10
3.005 6.173783594852783e-10
3.0100000000000002 5.968671864392385e-10
3.015 5.849145171409208e-10
3.02 6.314796411649468e-10
3.025 5.949092985362603e-10
3.0300000000000002 6.037159206317426e-10
3.035 5.959422024694108e-10
3.04 5.865457753211831e-10
3.045 5.865773077733673e-10
3.0500000000000003 5.982938581964067e-10
3.055 5.963097781867383e-10
3.06 5.871172576214783e-10
3.065 6.035822593713133e-10
3.0700000000000003 5.735141125123678e-10
3.075 5.987361515171373e-10
3.08 5.948154459074572e-10
3.085 5.916889795861981e-10
3.09 6.056715117379092e-10
3.095 5.915552003872008e-10
3.1 5.9508984458742e-10
3.105 5.855064418421358e-10
3.11 5.984012012397716e-10
3.115 5.960670200018403e-10
3.12 5.93679042321193e-10
3.125 5.773654618850321e-10
3.13 5.809305452282395e-10
3.1350000000000002 5.74745686398182e-10
3.14 6.016101194485588e-10
3.145 5.838693115040615e-10
3.15 5.694247636722136e-10
3.1550000000000002 5.895504304485656e-10
3.16 5.867336663844237e-10
3.165 5.695507373695625e-10
3.17 5.655320870150737e-10
3.1750000000000003 5.641578368277392e-10
3.18 6.047430624146511e-10
3.185 5.957443989772281e-10
3.19 5.791484510279643e-10
3.1950000000000003 5.680907849421649e-10
3.2 5.820779274637813e-10
3.205 5.90717794632058e-10
3.21 5.743300466279263e-10
3.215 5.836771772924004e-10
3.22 5.756421656655061e-10
3.225 5.733980378679783e-10
3.23 5.931345199759641e-10
3.235 5.689236938480074e-10
3.24 5.963769474451056e-10
3.245 5.678838665220608e-10
3.25 5.683474816222558e-10
3.255 5.6380697027579e-10
3.2600000000000002 5.760477999214935e-10
3.265 5.595930703969053e-10
3.27 5.747425187294896e-10
3.275 5.727920162592155e-10
3.2800000000000002 5.566018465090528e-10
3.285 5.894814355517728e-10
3.29 5.678735705573673e-10
3.295 5.514007828814603e-10
3.3000000000000003 5.610094592276998e-10
3.305 5.612438066083346e-10
3.31 5.645168867912384e-10
3.315 5.653311821310486e-10
3.3200000000000003 5.535182950742033e-10
3.325 5.648116016669645e-10
3.33 6.298828822744212e-10
3.335 5.479186693009351e-10
3.34 5.677212901937213e-10
3.345 5.615843023770271e-10
3.35 5.555590038224159e-10
3.355 5.573036127754431e-10
3.36 5.498392288068399e-10
3.365 5.499699307879313e-10
3.37 5.489023520801999e-10
3.375 5.568649172213608e-10
3.38 5.428150319448528e-10
3.3850000000000002 5.469340310527792e-10
3.39 5.53644562194142e-10
3.395 5.520059457416391e-10
3.4 5.642150631297286e-10
3.4050000000000002 5.598126020244707e-10
3.41 5.516428682317407e-10
3.415 5.452424511957835e-10
3.42 5.567132597387153e-10
3.4250000000000003 5.585490496683576e-10
3.43 5.4244670989566e-10
3.435 5.497176188463466e-10
3.44 5.685678490554807e-10
3.4450000000000003 5.560529724925884e-10
3.45 5.258154195847332e-10
3.455 5.534357486630455e-10
3.46 5.525509498088944e-10
3.465 5.583962368958716e-10
3.47 5.380272114772315e-10
3.475 5.335354249126073e-10
3.48 5.313586266952752e-10
3.485 5.477626329322238e-10
3.49 5.271678733391074e-10
3.495 5.360143117874098e-10
3.5 5.495294592525664e-10
3.505 5.354947795850145e-10
3.5100000000000002 5.243340209857712e-10
3.515 5.222703684417992e-10
3.52 5.254956024876501e-10
3.525 5.364917628329526e-10
3.5300000000000002 5.410522971284877e-10
3.535 5.447783990257261e-10
3.54 5.400713061062255e-10
3.545 5.196261548546883e-10
3.5500000000000003 5.269249710915558e-10
3.555 5.499197001296529e-10
3.56 5.329672171731954e-10
3.565 5.061880595910204e-10
3.5700000000000003 5.407919773314916e-10
3.575 5.437887250740423e-10
3.58 5.177519388455433e-10
3.585 5.449457470345615e-10
3.59 5.441813096779587e-10
3.595 5.255693225121959e-10
3.6 5.218067029071431e-10
3.605 5.403181809961405e-10
3.61 5.106387420859386e-10
3.615 4.844710440186607e-10
3.62 5.217688010616297e-10
3.625 4.951155580915428e-10
3.63 4.985829428100149e-10
3.6350000000000002 5.203883495798625e-10
3.64 5.272504485978684e-10
3.645 5.266896427844782e-10
3.65 5.264242898598951e-10
3.6550000000000002 5.169630079994875e-10
3.66 5.255984053470766e-10
3.665 4.972699163126122e-10
3.67 5.125269076217386e-10
3.6750000000000003 5.015817659750106e-10
3.68 5.172026853481713e-10
3.685 5.124632203771446e-10
3.69 5.102518278582643e-10
3.6950000000000003 5.049284669908588e-10
3.7 5.16437495800948e-10
3.705 5.122826461875553e-10
3.71 5.281802079831841e-10
3.715 5.12639139546933e-10
3.72 5.134021887290976e-10
3.725 5.048970528880868e-10
3.73 5.253529611993106e-10
3.735 4.948840232789364e-10
3.74 4.971367094323729e-10
3.745 4.939562639749898e-10
3.75 4.949261649846559e-10
3.755 5.102553864219893e-10
3.7600000000000002 5.082772625262694e-10
3.765 4.872129153982417e-10
3.77 4.90284333672601e-10
3.775 4.999165638337513e-10
3.7800000000000002 4.899561128337112e-10
3.785 5.014159333269579e-10
3.79 5.140360621608248e-10
3.795 4.75675730569144e-10
3.8000000000000003 5.10508360350495e-10
3.805 5.091423995995378e-10
3.81 4.924474054756296e-10
3.815 5.05112716284566e-10
3.8200000000000003 4.892939578401341e-10
3.825 4.904869118560504e-10
3.83 4.992703620463723e-10
3.835 4.876376579213251e-10
3.84 4.800658517558063e-10
3.845 4.910149158531709e-10
3.85 4.784586685792992e-10
3.855 4.966386269030431e-10
3.86 4.976231412660532e-10
3.865 5.017137782445388e-10
3.87 4.75192079551522e-10
3.875 4.913897111220965e-10
3.88 4.661668169551316e-10
3.8850000000000002 4.781700979821403e-10
3.89 5.101244260167745e-10
3.895 4.766415786420322e-10
3.9 4.620993406138717e-10
3.9050000000000002 5.068726695737287e-10
3.91 5.022025266621198e-10
3.915 4.735401014783547e-10
3.92 4.910512806566769e-10
3.9250000000000003 4.96754882931362e-10
3.93 4.4645366532821165e-10
3.935 4.916700694790581e-10
3.94 4.826758280129384e-10
3.9450000000000003 4.882704161074593e-10
3.95 4.905007388087585e-10
3.955 4.6257142141934593e-10
3.96 4.891655796986049e-10
3.9650000000000003 4.731659492937205e-10
3.97 4.689733920619868e-10
3.975 4.856996541001061e-10
3.98 4.608896815594195e-10
3.985 4.69001279545793e-10
3.99 4.6550289033605546e-10
3.995 4.518027885812295e-10
4.0 4.511629958846153e-10
4.005 4.617842264318091e-10
4.01 4.5512723684365644e-10
4.015 4.4916742480699505e-10
4.0200000000000005 4.587517898595737e-10
4.025 4.669357629637874e-10
4.03 4.6424254494531913e-10
4.035 4.610589945902873e-10
4.04 4.5980030185721507e-10
4.045 4.4831442135560155e-10
4.05 4.669286854699868e-10
4.055 4.5696323665853237e-10
4.0600000000000005 4.512559286610578e-10
4.065 4.6535056448529414e-10
4.07 4.5423589160649256e-10
4.075 4.4978509492198635e-10
4.08 4.731313143475573e-10
4.085 4.4644445687465137e-10
4.09 4.852184538285851e-10
4.095 4.793529279109884e-10
4.1 4.537488639752956e-10
4.105 4.730255781984173e-10
4.11 4.570380321858601e-10
4.115 4.419766314457048e-10
4.12 4.572272984671979e-10
4.125 4.3455833923303627e-10
4.13 4.376574687255965e-10
4.135 4.4054519457555827e-10
4.14 4.3810891708523126e-10
4.1450000000000005 4.5813882760863376e-10
4.15 4.668839578400674e-10
4.155 4.365259934310295e-10
4.16 4.3427751183509253e-10
4.165 4.342159169911419e-10
4.17 4.2964559259450375e-10
4.175 4.363995375092915e-10
4.18 4.511149194013188e-10
4.1850000000000005 4.423425936943306e-10
4.19 4.507803017036081e-10
4.195 4.404855943228588e-10
4.2 4.401466414425412e-10
4.205 4.255348679621201e-10
4.21 4.5733894870049664e-10
4.215 4.109937248121523e-10
4.22 4.284902160669873e-10
4.225 4.3528768070319354e-10
4.23 4.380077022019333e-10
4.235 4.200652697838656e-10
4.24 4.3017327640620723e-10
4.245 4.1893744546620416e-10
4.25 4.3484472260529194e-10
4.255 4.335286383472502e-10
4.26 4.2145091181019243e-10
4.265 4.177197864955802e-10
4.2700000000000005 4.6209306692075454e-10
4.275 4.15865227957628e-10
4.28 4.2561319842372315e-10
4.285 4.155923210634548e-10
4.29 4.081687823938444e-10
4.295 4.330019585196732e-10
4.3 4.4294505457038033e-10
4.305 4.331684989918255e-10
4.3100000000000005 4.215520737085834e-10
4.315 4.280215746062354e-10
4.32 4.2187502049746015e-10
4.325 4.363892650888148e-10
4.33 4.315773063381913e-10
4.335 4.047677331407825e-10
4.34 4.0888465621789813e-10
4.345 4.2267632218066267e-10
4.3500000000000005 4.3517693032332677e-10
4.355 4.2467258449598456e-10
4.36 4.2788728341112326e-10
4.365 4.024920079310721e-10
4.37 4.0093955221324257e-10
4.375 4.238517741142403e-10
4.38 4.5314909207482877e-10
4.385 3.9973505163290766e-10
4.39 4.121524017322725e-10
4.3950000000000005 4.345908378858572e-10
4.4 4.194553332777501e-10
4.405 4.1647472828497995e-10
4.41 4.1419332469854304e-10
4.415 3.8903249611447874e-10
4.42 4.27912628716644e-10
4.425 4.219320557473366e-10
4.43 4.0525484631524354e-10
4.4350000000000005 4.038897748578785e-10
4.44 3.969984239767278e-10
4.445 4.0825868891695495e-10
4.45 4.214637373519935e-10
4.455 4.125173355384026e-10
4.46 4.053739135592033e-10
4.465 3.912822506023595e-10
4.47 4.068672833838535e-10
4.4750000000000005 4.0208614380985594e-10
4.48 3.98262413938904e-10
4.485 3.884171664024423e-10
4.49 4.055800047619784e-10
4.495 4.0438556603985876e-10
4.5 3.8988097323566026e-10
4.505 3.8884676496042113e-10
4.51 3.993346908106743e-10
4.515 3.967318436381994e-10
4.5200000000000005 3.720944005357979e-10
4.525 3.9835416003787344e-10
4.53 4.093544038319778e-10
4.535 3.838832030468778e-10
4.54 3.8817312841677165e-10
4.545 3.8071247261630177e-10
4.55 3.781246304873754e-10
4.555 3.7675434944891796e-10
4.5600000000000005 3.8469753930243996e-10
4.565 3.9814809468634744e-10
4.57 4.0452892234289364e-10
4.575 3.874873152100754e-10
4.58 4.241422839275005e-10
4.585 3.820301457269018e-10
4.59 3.8369592621848365e-10
4.595 3.8484226573765826e-10
4.6000000000000005 3.954238517501121e-10
4.605 3.9371887211879206e-10
4.61 3.711782755034209e-10
4.615 3.8763912119239623e-10
4.62 3.6886892564083223e-10
4.625 3.7574512979227726e-10
4.63 3.8560206041900675e-10
4.635 4.0876925485800743e-10
4.64 3.709064940828449e-10
4.6450000000000005 3.8451670234857826e-10
4.65 3.8276756185643845e-10
4.655 3.8012759434155844e-10
4.66 3.949326393985957e-10
4.665 3.8560349579211767e-10
4.67 3.499507921635301e-10
4.675 3.784203243882165e-10
4.68 3.599265669606762e-10
4.6850000000000005 3.757498547305193e-10
4.69 3.736054936579547e-10
4.695 3.613133779200817e-10
4.7 3.5558117045835765e-10
4.705 3.7772854092039566e-10
4.71 3.639170923703781e-10
4.715 3.910983764608744e-10
4.72 3.815879582723151e-10
4.7250000000000005 3.589577283145521e-10
4.73 3.6302390686267237e-10
4.735 3.584266659070794e-10
4.74 3.612930726967556e-10
4.745 3.459713452507613e-10
4.75 3.7697335395323235e-10
4.755 3.684853180359833e-10
4.76 3.516846862727775e-10
4.765 3.4287287106009295e-10
4.7700000000000005 3.7587482400432156e-10
4.775 3.61430707110459e-10
4.78 3.597412077186527e-10
4.785 3.6802405238218135e-10
4.79 3.5865898000796367e-10
4.795 3.6468557698558693e-10
4.8 3.5165040277006393e-10
4.805 3.5521821242573013e-10
4.8100000000000005 3.697286637099821e-10
4.815 3.698568838267163e-10
4.82 3.5060915761233435e-10
4.825 3.580993598179237e-10
4.83 3.7364532317716587e-10
4.835 3.630781533817829e-10
4.84 3.6893192535861493e-10
4.845 3.5906804358773625e-10
4.8500000000000005 3.494095001435361e-10
4.855 3.495879138824115e-10
4.86 3.599349955179412e-10
4.865 3.557162019944728e-10
4.87 3.737142485322509e-10
4.875 3.488607137769852e-10
4.88 3.345297128070324e-10
4.885 3.55006722034899e-10
4.89 3.535099791676014e-10
4.8950000000000005 3.423162159983575e-10
4.9 3.534954082098436e-10
4.905 3.5513953689499755e-10
4.91 3.400527082054394e-10
4.915 3.328764268886275e-10
4.92 3.483343043195635e-10
4.925 3.401541721585158e-10
4.93 3.438415836142064e-10
4.9350000000000005 3.4786952369619323e-10
4.94 3.4460260482668907e-10
4.945 3.3926037271355227e-10
4.95 3.3912291621303645e-10
4.955 3.5025274969020463e-10
4.96 3.4001195673038183e-10
4.965 3.498342219399927e-10
4.97 3.173521111562768e-10
4.9750000000000005 3.24948987544297e-10
4.98 3.385827544981468e-10
4.985 3.3285375347614034e-10
4.99 3.391369118704047e-10
4.995 3.4656204225805457e-10
5.0 3.2450460703439964e-10
5.005 3.35441607493476e-10
5.01 3.389912134964778e-10
5.015 3.404513891009943e-10
5.0200000000000005 3.5941795352131966e-10
5.025 3.1996394202017526e-10
5.03 3.324487278865456e-10
5.035 3.4430269641391435e-10
5.04 3.2360348133031383e-10
5.045 3.424766657755698e-10
5.05 3.4716383578067367e-10
5.055 3.165167472981877e-10
5.0600000000000005 3.3606091397241975e-10
5.065 3.250329600278739e-10
5.07 3.23314606185101e-10
5.075 3.4435591029407746e-10
5.08 3.091937617197437e-10
5.085 3.1516333546851173e-10
5.09 3.174341779853188e-10
5.095 3.196221771347336e-10
5.1000000000000005 3.244728317143473e-10
5.105 3.0055763954248307e-10
5.11 3.399597709885554e-10
5.115 3.357227800967028e-10
5.12 3.134555658720006e-10
5.125 3.290080408813541e-10
5.13 3.358503293888506e-10
5.135 3.244370744367275e-10
5.14 2.9833031291971205e-10
5.1450000000000005 3.281982205609585e-10
5.15 3.1027050072436766e-10
5.155 3.29602528938854e-10
5.16 3.149933629468384e-10
5.165 3.3428591105573565e-10
5.17 3.12756710525987e-10
5.175 2.929820376643295e-10
5.18 3.011579774765017e-10
5.1850000000000005 3.029651847549708e-10
5.19 3.064681595952942e-10
5.195 3.237380870618359e-10
5.2 3.1214842077249166e-10
5.205 3.127465754357491e-10
5.21 3.2357855305048813e-10
5.215 3.0683091507527153e-10
5.22 3.1104658127241103e-10
5.2250000000000005 3.049471258703471e-10
5.23 3.034220488940422e-10
5.235 2.983398346533946e-10
5.24 2.981473838003179e-10
5.245 3.0287232591481676e-10
5.25 3.217616368270885e-10
5.255 3.204671904467014e-10
5.26 2.995566074599016e-10
5.265 3.1310257809105424e-10
5.2700000000000005 3.0282618572767807e-10
5.275 2.9289685584795664e-10
5.28 3.0723606819375744e-10
5.285 2.941002321072836e-10
5.29 2.9325124640477174e-10
5.295 3.104048018171749e-10
5.3 2.9683569971832283e-10
5.305 2.9337016584231114e-10
5.3100000000000005 3.1303493632416666e-10
5.315 3.28136798184675e-10
5.32 3.1428372981398e-10
5.325 2.977265743344969e-10
5.33 3.0073793351984807e-10
5.335 3.0107134429198925e-10
5.34 3.017046989679766e-10
5.345 3.0438690331383666e-10
5.3500000000000005 2.8429637832329765e-10
5.355 2.9873267677821584e-10
5.36 2.78939660270963e-10
5.365 2.865148490252618e-10
5.37 2.8467996995934083e-10
5.375 2.998636824513589e-10
5.38 2.8996301044247314e-10
5.385 2.974317119078194e-10
5.39 2.8207702882480566e-10
5.3950000000000005 2.96325583313127e-10
5.4 2.848930365663338e-10
5.405 2.876939816296095e-10
5.41 2.6780930097535633e-10
5.415 3.004604960231097e-10
5.42 2.87822029393073e-10
5.425 2.7738337736265765e-10
5.43 2.772223963265212e-10
5.4350000000000005 2.838637003326273e-10
5.44 2.7906519249179983e-10
5.445 2.903057314262351e-10
5.45 2.8002632426448344e-10
5.455 3.01259695444992e-10
5.46 3.0082040629775735e-10
5.465 2.9550468166408347e-10
5.47 2.788206208814467e-10
5.4750000000000005 2.8033179988409944e-10
5.48 2.893502791127657e-10
5.485 2.8451234091872796e-10
5.49 2.9143680232185684e-10
5.495 2.7259533984946227e-10
5.5 2.7185580169269224e-10
5.505 2.6746303885269054e-10
5.51 2.7004085625089144e-10
5.515 2.862780518589278e-10
5.5200000000000005 2.716712233123108e-10
5.525 2.770296673904959e-10
5.53 2.828100972331466e-10
5.535 2.6802106923500665e-10
5.54 2.70369779073436e-10
5.545 2.839297781176192e-10
5.55 2.7142404102369586e-10
5.555 2.7349272877135675e-10
5.5600000000000005 2.8255599214269477e-10
5.565 2.5498307127203753e-10
5.57 2.6796770123388195e-10
5.575 2.592748018149141e-10
5.58 2.835505187648886e-10
5.585 2.619426428717686e-10
5.59 2.716030014951726e-10
5.595 2.9103007986986905e-10
5.6000000000000005 2.9943131419589693e-10
5.605 2.764080836628954e-10
5.61 2.643505290571688e-10
5.615 2.788956758309931e-10
5.62 2.664964502152235e-10
5.625 2.7746044883495636e-10
5.63 2.655306803034122e-10
5.635 2.97783093428816e-10
5.64 2.5618652866723607e-10
5.6450000000000005 2.766716184498707e-10
5.65 2.6637927685650503e-10
5.655 2.5560637613323676e-10
5.66 2.7807306988876404e-10
5.665 2.751312464792822e-10
5.67 2.608032741914375e-10
5.675 2.5711612740501516e-10
5.68 2.514389297853853e-10
5.6850000000000005 2.402513480564147e-10
5.69 2.4575336536992453e-10
5.695 2.5581560537989967e-10
5.7 2.3854954518211633e-10
5.705 2.4179224605599167e-10
5.71 2.470789222154309e-10
5.715 2.639816258637007e-10
5.72 2.671357634794591e-10
5.7250000000000005 2.594046820482305e-10
5.73 2.661689139294704e-10
5.735 2.5118620177602405e-10
5.74 2.6436670402588486e-10
5.745 2.4547368702260643e-10
5.75 2.878606306704729e-10
5.755 2.487794550698221e-10
5.76 2.6580341483870424e-10
5.765 2.418896549932139e-10
5.7700000000000005 2.537063734271372e-10
5.775 2.593289147987446e-10
5.78 2.55822072141338e-10
5.785 2.6787008420422205e-10
5.79 2.40540142505881e-10
5.795 2.526825215982148e-10
5.8 2.258817173726575e-10
5.805 2.4529935556753905e-10
5.8100000000000005 2.602373253997145e-10
5.815 2.565386489791681e-10
5.82 2.547489075900664e-10
5.825 2.6144923636900647e-10
5.83 2.533984902235866e-10
5.835 2.4877245779207504e-10
5.84 2.6334280935891724e-10
5.845 2.627280446419247e-10
5.8500000000000005 2.575665464997346e-10
5.855 2.2298366318744858e-10
5.86 2.718726373432447e-10
5.865 2.453548259867658e-10
5.87 2.445899991113096e-10
5.875 2.5811945901148707e-10
5.88 2.453009206968136e-10
5.885 2.469727893828366e-10
5.89 2.3538311647609495e-10
5.8950000000000005 2.416211779412434e-10
5.9 2.4930988607549816e-10
5.905 2.4330425578590126e-10
5.91 2.425867396279175e-10
5.915 2.2873489103439953e-10
5.92 2.40150556988215e-10
5.925 2.3910384248501406e-10
5.93 2.4432287083403763e-10
5.9350000000000005 2.291547139282493e-10
5.94 2.352761711374133e-10
5.945 2.363564860573078e-10
5.95 2.3442256524736956e-10
5.955 2.4402530763506476e-10
5.96 2.275850384424959e-10
5.965 2.4173908169463434e-10
5.97 2.440396179711133e-10
5.9750000000000005 2.3793396068511036e-10
5.98 2.641068135240191e-10
5.985 2.332205769746438e-10
5.99 2.412763745894291e-10
5.995 2.4531167795579433e-10
6.0 2.192732162867437e-10
6.005 2.332119688086496e-10
6.01 2.313188482588998e-10
6.015000000000001 2.1941677320469936e-10
6.0200000000000005 2.2660596727858521e-10
6.025 2.3414333397942533e-10
6.03 2.149150445804982e-10
6.035 2.3461408983662444e-10
6.04 2.2826261792884083e-10
6.045 2.4180340727770334e-10
6.05 2.3045433963022342e-10
6.055 2.3600537909644755e-10
6.0600000000000005 2.344596785132539e-10
6.065 2.3616917213989256e-10
6.07 2.341091768141008e-10
6.075 2.347984202321186e-10
6.08 2.230675620065896e-10
6.085 2.254721665755563e-10
6.09 2.2787208859644099e-10
6.095 2.2655095967391263e-10
6.1000000000000005 2.3547720260169363e-10
6.105 2.3210862917339506e-10
6.11 2.2513879179987894e-10
6.115 2.187378586422756e-10
6.12 2.1442648050745976e-10
6.125 2.2409958648886634e-10
6.13 2.2106109610256088e-10
6.135 2.1774759813383546e-10
6.140000000000001 2.1804876866802064e-10
6.1450000000000005 2.275627677945554e-10
6.15 2.302239127314888e-10
6.155 2.353203288807301e-10
6.16 2.2477623912308756e-10
6.165 2.2618056242953557e-10
6.17 2.0775736870692437e-10
6.175 2.185927609022287e-10
6.18 2.2422754021837386e-10
6.1850000000000005 2.1555547500856805e-10
6.19 2.1722529344340572e-10
6.195 2.1141888787824923e-10
6.2 2.096395334525257e-10
6.205 2.149448706017243e-10
6.21 2.086062861259892e-10
6.215 1.9762351783905869e-10
6.22 2.0297977270252147e-10
6.2250000000000005 2.0829740124140678e-10
6.23 2.3512281500790706e-10
6.235 2.172419250568638e-10
6.24 2.1375020109966476e-10
6.245 2.1723104460838492e-10
6.25 2.1683051173591564e-10
6.255 2.269713505840107e-10
6.26 2.1780446129808011e-10
6.265000000000001 2.2439996576105522e-10
6.2700000000000005 2.1321769624701126e-10
6.275 2.0505137721766218e-10
6.28 2.1208189661587525e-10
6.285 2.0906180869154544e-10
6.29 2.0464858761878963e-10
6.295 2.0914592417255253e-10
6.3 2.0127861717867698e-10
6.305 2.1753776677722143e-10
6.3100000000000005 2.1948830045459596e-10
6.315 2.0984698149675723e-10
6.32 2.1781148800777997e-10
6.325 2.0646466125536252e-10
6.33 2.06465150236421e-10
6.335 1.9732156605396905e-10
6.34 2.1355477141874416e-10
6.345 2.0952571927957998e-10
6.3500000000000005 2.028109848892269e-10
6.355 2.2062479754354393e-10
6.36 2.0751422000939462e-10
6.365 2.0096855518590986e-10
6.37 2.0214984319629881e-10
6.375 2.2463415914326167e-10
6.38 1.9803157746795847e-10
6.385 2.1841784042503843e-10
6.390000000000001 2.1363875663827968e-10
6.3950000000000005 2.0828138541221798e-10
6.4 2.0258225673730733e-10
6.405 1.964534365549261e-10
6.41 2.0729518988591163e-10
6.415 2.004445038852932e-10
6.42 2.049802629144942e-10
6.425 2.0516523106599515e-10
6.43 2.0303514498476311e-10
6.4350000000000005 1.8890024976055162e-10
6.44 2.084462633715892e-10
6.445 2.0580156717452436e-10
6.45 2.0964730925614124e-10
6.455 1.901484910342004e-10
6.46 2.048771058971403e-10
6.465 1.9174817040173802e-10
6.47 1.9172414194742154e-10
6.4750000000000005 1.9841007204541114e-10
6.48 1.9541614068909155e-10
6.485 1.941734575385611e-10
6.49 2.0333975958504002e-10
6.495 1.8518991299503754e-10
6.5 1.913921264791889e-10
6.505 1.9092557851761928e-10
6.51 1.9695202872002568e-10
6.515000000000001 1.8623238399345397e-10
6.5200000000000005 1.9051566538634924e-10
6.525 1.781575184400601e-10
6.53 1.957779330297456e-10
6.535 1.8984224681844993e-10
6.54 2.0264355065112665e-10
6.545 1.7790133091374318e-10
6.55 2.0217984637152013e-10
6.555 1.8995625894116996e-10
6.5600000000000005 1.907924751892431e-10
6.565 1.8675287839466097e-10
6.57 1.87908260058768e-10
6.575 1.958828427550568e-10
6.58 1.9224147066884497e-10
6.585 1.9177653273375206e-10
6.59 1.8701387552414018e-10
6.595 1.96790216267584e-10
6.6000000000000005 1.9989920951669103e-10
6.605 1.9028833225492584e-10
6.61 1.6955518595153767e-10
6.615 1.9939690785883243e-10
6.62 1.7907630537975464e-10
6.625 1.8474622378336295e-10
6.63 1.8692209803499108e-10
6.635 1.7904657711886663e-10
6.640000000000001 1.9558156871114396e-10
6.6450000000000005 2.0067781707746208e-10
6.65 1.8975180803254126e-10
6.655 1.750316216455151e-10
6.66 1.8067720647372987e-10
6.665 1.8845358821024673e-10
6.67 2.0111319590077948e-10
6.675 1.8695922031001402e-10
6.68 1.957477291889253e-10
6.6850000000000005 1.866595841051306e-10
6.69 1.9957995208990633e-10
6.695 1.8852761391754426e-10
6.7 1.7596032140144352e-10
6.705 1.997028786068679e-10
6.71 1.6935436529639995e-10
6.715 1.9754085240390337e-10
6.72 1.9438665934293257e-10
6.7250000000000005 1.8024889623529874e-10
6.73 1.8901601301302714e-10
6.735 1.8215525661431504e-10
6.74 1.7393781779542362e-10
6.745 1.8631659393642543e-10
6.75 1.7331570015194406e-10
6.755 1.8497092307699734e-10
6.76 1.8293334438868845e-10
6.765000000000001 1.7440116679436853e-10
6.7700000000000005 1.8324568984700738e-10
6.775 1.700302313799721e-10
6.78 1.734494462320544e-10
6.785 1.8428040244566255e-10
6.79 1.7115417777610852e-10
6.795 1.7499430454810493e-10
6.8 1.6758179123686437e-10
6.805 1.6220659161917264e-10
6.8100000000000005 1.7331590636743945e-10
6.815 1.6741201430159748e-10
6.82 1.940665295695192e-10
6.825 1.8346348306110616e-10
6.83 1.6193909529270224e-10
6.835 1.8165497730117022e-10
6.84 1.755248144870555e-10
6.845 1.6512086436057576e-10
6.8500000000000005 1.7072032450401527e-10
6.855 1.7173109380083004e-10
6.86 1.7160725873324864e-10
6.865 1.8675749016743446e-10
6.87 1.6805695024624277e-10
6.875 1.7499011853692657e-10
6.88 1.7013378607899188e-10
6.885 1.7216106012357615e-10
6.890000000000001 1.7802278177137112e-10
6.8950000000000005 1.691324624827816e-10
6.9 1.5633314824839603e-10
6.905 1.6038810641704216e-10
6.91 1.6853560756359253e-10
6.915 1.6094814762593633e-10
6.92 1.6838893818314652e-10
6.925 1.6536375637771213e-10
6.93 1.637109208491723e-10
6.9350000000000005 1.6922086728905333e-10
6.94 1.7747253473036112e-10
6.945 1.7017688567438684e-10
6.95 1.611849302395166e-10
6.955 1.6582781429139213e-10
6.96 1.6861306831300097e-10
6.965 1.605857608935127e-10
6.97 1.7852879946060654e-10
6.9750000000000005 1.6250025421472664e-10
6.98 1.641797274725717e-10
6.985 1.6077415527691696e-10
6.99 1.6046930860340758e-10
6.995 1.633521114997599e-10
7.0 1.6176784950447188e-10
7.005 1.4875152061626954e-10
7.01 1.7231962405966203e-10
7.015000000000001 1.6523642805424402e-10
7.0200000000000005 1.702619177718569e-10
7.025 1.78020785913315e-10
7.03 1.6034428482246246e-10
7.035 1.6767180499772983e-10
7.04 1.6413151945154185e-10
7.045 1.457598071335879e-10
7.05 1.564774714405683e-10
7.055 1.5608251775725474e-10
7.0600000000000005 1.5518217825866329e-10
7.065 1.5461155961413608e-10
7.07 1.5735760850501085e-10
7.075 1.549602885842278e-10
7.08 1.6862049881285216e-10
7.085 1.6628789994598697e-10
7.09 1.569424825861768e-10
7.095 1.5846097492518117e-10
7.1000000000000005 1.6303779743608373e-10
7.105 1.5407140207856289e-10
7.11 1.8328679342368434e-10
7.115 1.5598590215206984e-10
7.12 1.572161237234581e-10
7.125 1.5536240375434766e-10
7.13 1.559301095447995e-10
7.135 1.4432317835790493e-10
7.140000000000001 1.6235649751765744e-10
7.1450000000000005 1.4733657880592438e-10
7.15 1.6194658785404035e-10
7.155 1.400150931815208e-10
7.16 1.575363206047694e-10
7.165 1.6323960218492774e-10
7.17 1.492384661736934e-10
7.175 1.520342610255495e-10
7.18 1.510983266119387e-10
7.1850000000000005 1.5462661348570295e-10
7.19 1.596238949804155e-10
7.195 1.604330080739792e-10
7.2 1.6460269241903978e-10
7.205 1.5365720963812636e-10
7.21 1.5193417378488238e-10
7.215 1.6766273089145542e-10
7.22 1.4997597323838904e-10
7.2250000000000005 1.449443956056497e-10
7.23 1.7101027949606088e-10
7.235 1.4860422370949478e-10
7.24 1.593800158886855e-10
7.245 1.347118843922252e-10
7.25 1.5207972851632596e-10
7.255 1.4813369400276962e-10
7.26 1.418248629696231e-10
7.265000000000001 1.6091754190830585e-10
7.2700000000000005 1.5161865643583318e-10
7.275 1.334497499811007e-10
7.28 1.5192676503675244e-10
7.285 1.368589711065704e-10
7.29 1.3983013480938515e-10
7.295 1.7070985491476e-10
7.3 1.5185551369080698e-10
7.305 1.511515779745784e-10
7.3100000000000005 1.6052510743990542e-10
7.315 1.4318534719585453e-10
7.32 1.3924172630797377e-10
7.325 1.5920442399633016e-10
7.33 1.4560274383711128e-10
7.335 1.4485071639422394e-10
7.34 1.4319339435850934e-10
7.345 1.415017888961825e-10
7.3500000000000005 1.499037717598565e-10
7.355 1.40764120157904e-10
7.36 1.3911793535666452e-10
7.365 1.4454777869444615e-10
7.37 1.4946525098997098e-10
7.375 1.423104094146236e-10
7.38 1.412667625275764e-10
7.385 1.358528807478599e-10
7.390000000000001 1.395430276076752e-10
7.3950000000000005 1.5110947883856043e-10
7.4 1.3927430548732873e-10
7.405 1.387886313673091e-10
7.41 1.4885817232308852e-10
7.415 1.4451041270484143e-10
7.42 1.3889377085189218e-10
7.425 1.3034664047103422e-10
7.43 1.4439794700401381e-10
7.4350000000000005 1.3488287403801277e-10
7.44 1.4585817183899827e-10
7.445 1.4992921078454528e-10
7.45 1.395043253235975e-10
7.455 1.2650665215228893e-10
7.46 1.4409582679581734e-10
7.465 1.2972309259086495e-10
7.47 1.4757673972456992e-10
7.4750000000000005 1.4373152711031892e-10
7.48 1.4197153084221702e-10
7.485 1.5110249418722246e-10
7.49 1.4142790856143894e-10
7.495 1.3072301852563765e-10
7.5 1.4433530969319205e-10
7.505 1.2987995115766073e-10
7.51 1.2884623071193425e-10
7.515000000000001 1.4012255759781604e-10
7.5200000000000005 1.3222453041202285e-10
7.525 1.260176136991447e-10
7.53 1.3433886901230393e-10
7.535 1.368558277143028e-10
7.54 1.3675667303450386e-10
7.545 1.4935085180016268e-10
7.55 1.2848444443042295e-10
7.555 1.3237110292335388e-10
7.5600000000000005 1.2841977984663972e-10
7.565 1.3447871940157148e-10
7.57 1.2287807282920668e-10
7.575 1.2066072759197166e-10
7.58 1.310127694240905e-10
7.585 1.1839851627670708e-10
7.59 1.317935874607247e-10
7.595 1.4483362755327597e-10
7.6000000000000005 1.4093071310574673e-10
7.605 1.292004366785382e-10
7.61 1.4960156729354865e-10
7.615 1.2570270592635028e-10
7.62 1.4697344218753818e-10
7.625 1.3408427834650362e-10
7.63 1.2389606110042759e-10
7.635 1.316361747178794e-10
7.640000000000001 1.3622599747908876e-10
7.6450000000000005 1.2912990137408857e-10
7.65 1.3560668790262976e-10
7.655 1.3838732022895977e-10
7.66 1.3059187243522287e-10
7.665 1.2641651029115085e-10
7.67 1.3723836342193085e-10
7.675 1.2933963349536298e-10
7.68 1.363425805651386e-10
7.6850000000000005 1.3327961150401334e-10
7.69 1.2743591956759e-10
7.695 1.29908562702688e-10
7.7 1.3895726266647249e-10
7.705 1.3455416488553284e-10
7.71 1.371251986990527e-10
7.715 1.32144290682955e-10
7.72 1.254867064825881e-10
7.7250000000000005 1.2263761453007192e-10
7.73 1.1216928090314827e-10
7.735 1.0946315248036299e-10
7.74 1.2391523489373425e-10
7.745 1.3985076902453284e-10
7.75 1.195432063719795e-10
7.755 1.256410717634881e-10
7.76 1.2212322860499164e-10
7.765000000000001 1.1482194359678054e-10
7.7700000000000005 1.3012242013899373e-10
7.775 1.208733276307076e-10
7.78 1.2093110306483104e-10
7.785 1.3023588932482385e-10
7.79 1.235234910252946e-10
7.795 1.3294001589744593e-10
7.8 1.3062358985539759e-10
7.805000000000001 1.3159406197469997e-10
7.8100000000000005 1.2027498655000998e-10
7.815 1.3591421872363884e-10
7.82 1.3309781839022742e-10
7.825 1.17801140037791e-10
7.83 1.311678198679909e-10
7.835 1.197160789400982e-10
7.84 1.3489642168275148e-10
7.845 1.2785913628976696e-10
7.8500000000000005 1.2235830245024583e-10
7.855 1.2711385812544101e-10
7.86 1.2509752113809503e-10
7.865 1.1487224678675956e-10
7.87 1.3403539943936427e-10
7.875 1.2988439934586738e-10
7.88 1.2343649299747446e-10
7.885 1.2584331771516952e-10
7.890000000000001 1.1515507508263426e-10
7.8950000000000005 1.157576015104483e-10
7.9 1.1627843764905217e-10
7.905 1.2767648278033837e-10
7.91 1.3363175762136875e-10
7.915 1.1710347616864104e-10
7.92 1.2313491546340394e-10
7.925 1.2103730374916637e-10
7.930000000000001 1.0816764715146945e-10
7.9350000000000005 1.1845186034908788e-10
7.94 1.3068566549816672e-10
7.945 1.262612450781589e-10
7.95 1.2018555005994886e-10
7.955 1.1790512272080997e-10
7.96 1.3115772047733118e-10
7.965 1.1633990430187828e-10
7.97 1.2525271745741877e-10
7.9750000000000005 1.0746958134445855e-10
7.98 1.2000667550347287e-10
7.985 1.0186137697309042e-10
7.99 1.1054269547618831e-10
7.995 1.1713897267079648e-10
8.0 1.1123321887303711e-10
8.25 5.529233232526949e-09
8.5 5.041701731445045e-09
8.75 4.7078707119811206e-09
9.0 4.174133365801212e-09
9.25 3.8328130236221486e-09
9.5 3.5618113741193117e-09
9.75 3.1865503106900753e-09
10.0 2.9608629661898012e-09
10.25 2.742142261258516e-09
10.5 2.53276263411678e-09
10.75 2.3025329867759368e-09
11.0 2.102168394414351e-09
11.25 1.9567782515518915e-09
11.5 1.719721869287659e-09
11.75 1.6162746780310455e-09
12.0 1.4338619662871979e-09
12.25 1.3472491225796005e-09
12.5 1.230196690766698e-09
12.75 1.1566222425141958e-09
13.0 1.0709471785212136e-09
13.25 9.856526692242035e-10
13.5 9.041252518379527e-10
13.75 8.072734668776723e-10
14.0 7.298245934911232e-10
14.25 7.051443300050901e-10
14.5 6.950903177264722e-10
14.75 6.006138473509745e-10
15.0 5.360792594066587e-10
15.25 4.65697837128403e-10
15.5 4.873047412604444e-10
15.75 3.930584549485866e-10
16.0 4.03076829072815e-10
16.25 3.96025129912539e-10
16.5 3.065656024998516e-10
16.75 3.1219343082186165e-10
17.0 2.87995520862771e-10
17.25 2.593046577927766e-10
17.5 2.3007700744850478e-10
17.75 2.4970908096749763e-10
18.0 2.1201449877825919e-10
18.25 1.7996617572351102e-10
18.5 1.7811549667729302e-10
18.75 1.6516991588877371e-10
19.0 1.3909660333498033e-10
19.25 1.3874478009965717e-10
19.5 1.3115588355653066e-10
19.75 1.3234430110006026e-10
