0.005 2.1270974848467054e-11
0.01 1.2350643488826539e-10
0.015 2.6077476854438584e-10
0.02 3.9507413869465977e-10
0.025 5.215508172375147e-10
0.03 6.393764537073805e-10
0.035 7.530725616633363e-10
0.04 8.597294710084678e-10
0.045 9.427403048228262e-10
0.05 9.981548361663905e-10
0.055 1.0565220221957072e-09
0.06 1.0870358785367591e-09
0.065 1.1105803629027681e-09
0.07 1.118539880202393e-09
0.075 1.121724079189936e-09
0.08 1.1041066838799142e-09
0.085 1.0767100900955936e-09
0.09 1.0596493876420509e-09
0.095 1.022780753263548e-09
0.1 9.917744587871787e-10
0.105 9.43137218962871e-10
0.11 9.134508375311301e-10
0.115 9.03490804172304e-10
0.12 8.644862270478496e-10
0.125 8.243612934728526e-10
0.13 8.245935820508468e-10
0.135 8.208399581466046e-10
0.14 7.996366308694492e-10
0.145 8.080433793397766e-10
0.15 7.804242400515974e-10
0.155 7.808374798773641e-10
0.16 7.978177172865604e-10
0.165 8.121806302537035e-10
0.17 7.788666720510634e-10
0.17500000000000002 7.930415393553401e-10
0.18 8.062403545176603e-10
0.185 8.311408732371066e-10
0.19 8.085018511361212e-10
0.195 8.063613774083014e-10
0.2 8.223246764557473e-10
0.20500000000000002 8.452577798465817e-10
0.21 8.422179979688492e-10
0.215 8.519699827276637e-10
0.22 8.378704924316273e-10
0.225 8.852232351838339e-10
0.23 8.571726320596725e-10
0.23500000000000001 8.775961205297956e-10
0.24 8.710835025313361e-10
0.245 8.915219058276439e-10
0.25 8.986728586422807e-10
0.255 8.628384906505198e-10
0.26 8.915262881975908e-10
0.265 8.909074299915222e-10
0.27 9.034262421824789e-10
0.275 9.152322162373296e-10
0.28 9.359282874960107e-10
0.28500000000000003 8.985206605997538e-10
0.29 8.909777319705947e-10
0.295 9.137621334116096e-10
0.3 9.223268080026417e-10
0.305 9.43998647923063e-10
0.31 9.077206285332246e-10
0.315 9.333560610279138e-10
0.32 9.112693384151331e-10
0.325 9.31012685107337e-10
0.33 8.941865593375993e-10
0.335 9.53031785880967e-10
0.34 9.245937422266889e-10
0.34500000000000003 9.233345261735084e-10
0.35000000000000003 9.257148368342681e-10
0.355 8.959242908917537e-10
0.36 8.918279344473595e-10
0.365 8.988484794207758e-10
0.37 9.260596183562255e-10
0.375 9.194718400867746e-10
0.38 9.319289271455303e-10
0.385 9.477311303618107e-10
0.39 9.086071045546114e-10
0.395 9.172863542978338e-10
0.4 8.84109033056615e-10
0.405 9.222934490435247e-10
0.41000000000000003 8.890288369900552e-10
0.41500000000000004 8.759548662114842e-10
0.42 8.789322691273064e-10
0.425 8.972838548628255e-10
0.43 8.920352157719825e-10
0.435 8.91489174510236e-10
0.44 8.912810319957725e-10
0.445 8.668405103735177e-10
0.45 8.647836163401522e-10
0.455 8.885391810433926e-10
0.46 8.768398451796721e-10
0.465 8.778702369755303e-10
0.47000000000000003 8.690465033969594e-10
0.47500000000000003 8.632019144501625e-10
0.48 8.969758950683178e-10
0.485 8.479037723281456e-10
0.49 8.902631513117943e-10
0.495 8.796445124062664e-10
0.5 8.923505911818899e-10
0.505 8.583967822358798e-10
0.51 8.868766241858854e-10
0.515 8.408729642058066e-10
0.52 8.396420397855835e-10
0.525 8.77747070223662e-10
0.53 8.472478367005533e-10
0.535 8.317823239978415e-10
0.54 8.784688250687494e-10
0.545 8.820562127677775e-10
0.55 8.093647749899538e-10
0.555 8.076454019487141e-10
0.56 8.686104679833746e-10
0.5650000000000001 8.515922473504182e-10
0.5700000000000001 8.535526270773632e-10
0.5750000000000001 8.563435137872725e-10
0.58 8.497812871229925e-10
0.585 8.811630491576134e-10
0.59 8.509806009553996e-10
0.595 8.543131960917127e-10
0.6 8.618167597365609e-10
0.605 8.430627521666569e-10
0.61 8.335152161993747e-10
0.615 8.719946012532129e-10
0.62 8.652515597233243e-10
0.625 7.95101893631876e-10
0.63 8.747004599835221e-10
0.635 8.301263275629908e-10
0.64 7.944251000307376e-10
0.645 8.207892775045483e-10
0.65 8.373412299315458e-10
0.655 8.030253469010211e-10
0.66 8.166415392908567e-10
0.665 8.394383064998043e-10
0.67 8.265232361004958e-10
0.675 8.564897310350038e-10
0.68 8.070725912088292e-10
0.685 8.029079314968623e-10
0.6900000000000001 8.258696785681916e-10
0.6950000000000001 8.214275137264351e-10
0.7000000000000001 8.236677911852503e-10
0.705 8.578285041114142e-10
0.71 8.066996728264533e-10
0.715 7.867856251069762e-10
0.72 8.324989063827887e-10
0.725 8.034565781884282e-10
0.73 7.829817870419132e-10
0.735 8.14166921757114e-10
0.74 8.232553404286594e-10
0.745 8.710416921601574e-10
0.75 8.111809006571472e-10
0.755 8.126898416012532e-10
0.76 8.016095233539321e-10
0.765 8.142707159285911e-10
0.77 7.772286549314345e-10
0.775 7.800752035207312e-10
0.78 8.115961470750908e-10
0.785 7.775590117022785e-10
0.79 8.145718206914064e-10
0.795 8.068209065640662e-10
0.8 8.025349837899595e-10
0.805 8.177479576074408e-10
0.81 7.946334224180789e-10
0.8150000000000001 7.660678107194612e-10
0.8200000000000001 7.565102541309526e-10
0.8250000000000001 7.737254397517672e-10
0.8300000000000001 8.356554071164038e-10
0.835 7.787624671701588e-10
0.84 8.251343504412756e-10
0.845 7.704732596418418e-10
0.85 8.154227522042129e-10
0.855 8.233815010520121e-10
0.86 7.608167047326493e-10
0.865 7.797876686446696e-10
0.87 7.815340337619391e-10
0.875 7.833984467593195e-10
0.88 7.759277988281971e-10
0.885 7.965990661544876e-10
0.89 7.855142324391146e-10
0.895 8.054642781166666e-10
0.9 8.04097574866471e-10
0.905 7.739532944455705e-10
0.91 7.939227159411808e-10
0.915 7.760957235057053e-10
0.92 7.837710547136951e-10
0.925 8.040558638942986e-10
0.93 7.8945015629361e-10
0.935 8.229800532685428e-10
0.9400000000000001 7.770197726183357e-10
0.9450000000000001 8.131746783767271e-10
0.9500000000000001 8.113392430137887e-10
0.9550000000000001 7.462251933846988e-10
0.96 8.193090979660527e-10
0.965 8.288183851366119e-10
0.97 7.647360217938056e-10
0.975 7.864366796326609e-10
0.98 7.689318712325748e-10
0.985 7.690504636883049e-10
0.99 7.732888460042433e-10
0.995 8.108793723021767e-10
1.0 7.494403078118736e-10
1.0050000000000001 7.717155690710265e-10
1.01 7.166708386158461e-10
1.0150000000000001 7.543676651041002e-10
1.02 7.270326935525593e-10
1.025 7.951084853313762e-10
1.03 7.96426323464502e-10
1.035 7.634392170178329e-10
1.04 7.615335020445903e-10
1.045 7.923781549957556e-10
1.05 7.894154331083339e-10
1.055 7.907292267899938e-10
1.06 7.745931430739667e-10
1.065 8.138438592737001e-10
1.07 7.795765605259664e-10
1.075 7.361663510147167e-10
1.08 7.427998331189832e-10
1.085 7.423706634923304e-10
1.09 7.478454798375519e-10
1.095 7.746816131755588e-10
1.1 7.706916292799642e-10
1.105 8.050674715336124e-10
1.11 7.674179316128558e-10
1.115 7.841555855463851e-10
1.12 7.904485590590939e-10
1.125 7.539931834212878e-10
1.1300000000000001 7.435241907647169e-10
1.135 7.212519460416676e-10
1.1400000000000001 7.916248686780123e-10
1.145 8.031859614893355e-10
1.1500000000000001 7.820771349600474e-10
1.155 7.752261423429576e-10
1.16 7.691498193648269e-10
1.165 7.408501318036256e-10
1.17 7.696655771731592e-10
1.175 7.516213986413518e-10
1.18 7.717817920048921e-10
1.185 7.281158962163363e-10
1.19 7.807365289332576e-10
1.195 8.028115854800813e-10
1.2 7.435147449020669e-10
1.205 7.593970893732518e-10
1.21 7.430641937226809e-10
1.215 7.805513041566679e-10
1.22 7.584289886219044e-10
1.225 7.666672764324801e-10
1.23 8.345511889075563e-10
1.235 7.657561494597013e-10
1.24 7.628519862865636e-10
1.245 7.361080079558057e-10
1.25 7.574540853043676e-10
1.2550000000000001 7.643266983480842e-10
1.26 7.289609456191816e-10
1.2650000000000001 7.579430037885421e-10
1.27 7.638947612483594e-10
1.2750000000000001 7.693486273066365e-10
1.28 7.569130924449047e-10
1.285 7.706097355856619e-10
1.29 7.533682117439649e-10
1.295 7.523235676083726e-10
1.3 7.915661819843307e-10
1.305 7.366949135066483e-10
1.31 7.778056384351197e-10
1.315 7.495030555064851e-10
1.32 7.440586041621045e-10
1.325 7.544458492382403e-10
1.33 7.669528971820262e-10
1.335 7.630518177967611e-10
1.34 7.643684710319786e-10
1.345 7.801328768612012e-10
1.35 7.634680698104972e-10
1.355 7.622201582870727e-10
1.36 7.274679892336537e-10
1.365 7.0626590293805e-10
1.37 7.762728257560412e-10
1.375 7.571566836009044e-10
1.3800000000000001 7.296888907872472e-10
1.385 7.768186357334504e-10
1.3900000000000001 7.380496370901759e-10
1.395 7.577171893706848e-10
1.4000000000000001 7.169702361739735e-10
1.405 7.119265236733482e-10
1.41 7.250250876250293e-10
1.415 7.968063740393388e-10
1.42 7.519990431019319e-10
1.425 7.521662338005183e-10
1.43 7.199312347005095e-10
1.435 7.392514528389233e-10
1.44 7.686326250352711e-10
1.445 7.428395320332642e-10
1.45 7.392412303595978e-10
1.455 7.372800351789918e-10
1.46 7.504810865280632e-10
1.465 7.186214003987965e-10
1.47 7.536565841901836e-10
1.475 7.353840996877765e-10
1.48 7.24855052879774e-10
1.485 7.450794262244376e-10
1.49 7.459348677372235e-10
1.495 7.47763884781758e-10
1.5 7.652288083154891e-10
1.5050000000000001 7.257840294371042e-10
1.51 7.276717762084292e-10
1.5150000000000001 8.002944179371847e-10
1.52 7.229982490327565e-10
1.5250000000000001 7.573329084763014e-10
1.53 6.996105805747264e-10
1.5350000000000001 7.744054427894303e-10
1.54 7.343880961063546e-10
1.545 7.486730974130804e-10
1.55 7.551105662710032e-10
1.555 7.605798899725538e-10
1.56 7.28996753474331e-10
1.565 7.464699483333588e-10
1.57 7.597414693779814e-10
1.575 7.169575863051678e-10
1.58 7.534860455991984e-10
1.585 7.67573299048286e-10
1.59 7.402544012382364e-10
1.595 7.412334474873575e-10
1.6 7.242438536692477e-10
1.605 7.361732794168852e-10
1.61 7.220952795312606e-10
1.615 7.157195880678931e-10
1.62 6.883654379622995e-10
1.625 7.394617983076722e-10
1.6300000000000001 7.543763196997042e-10
1.635 7.226891886749808e-10
1.6400000000000001 7.563514362416506e-10
1.645 7.194153269532947e-10
1.6500000000000001 7.321079300612113e-10
1.655 7.468202253778026e-10
1.6600000000000001 7.700767258120332e-10
1.665 7.551876128109916e-10
1.67 7.052397733735928e-10
1.675 7.421432589756474e-10
1.68 7.492973858413635e-10
1.685 7.562061792684842e-10
1.69 7.185190654222497e-10
1.695 7.608616192234872e-10
1.7 7.792892657233856e-10
1.705 7.255202416956037e-10
1.71 7.042184279349356e-10
1.715 7.292067110544109e-10
1.72 7.384025785254878e-10
1.725 7.112796000456819e-10
1.73 7.19876899295392e-10
1.735 7.418140166615776e-10
1.74 7.90162443402523e-10
1.745 7.292818453883808e-10
1.75 7.20956276939918e-10
1.7550000000000001 7.11266437132566e-10
1.76 7.270505194941948e-10
1.7650000000000001 7.251487285033309e-10
1.77 7.446329263312933e-10
1.7750000000000001 7.168878794712231e-10
1.78 7.146012291808084e-10
1.7850000000000001 7.432599345030195e-10
1.79 7.079950882721086e-10
1.795 7.093892489096182e-10
1.8 7.234953531439027e-10
1.805 7.342943823750305e-10
1.81 7.198063917736044e-10
1.815 7.050555545151909e-10
1.82 7.372658344273666e-10
1.825 7.541593277113077e-10
1.83 7.139271598918394e-10
1.835 7.065302608453616e-10
1.84 7.293678524425385e-10
1.845 7.42913825691081e-10
1.85 6.983770661298768e-10
1.855 6.847083985555772e-10
1.86 7.364463231387692e-10
1.865 7.661721020945117e-10
1.87 7.152280058759537e-10
1.875 7.226751185841296e-10
1.8800000000000001 7.373355889856898e-10
1.885 7.261680971194497e-10
1.8900000000000001 7.306915675325971e-10
1.895 7.242492006272284e-10
1.9000000000000001 7.058321610024053e-10
1.905 7.263779819488574e-10
1.9100000000000001 7.526538251401382e-10
1.915 7.2169543730838e-10
1.92 7.004600770359736e-10
1.925 7.272568094046016e-10
1.93 7.379073409407765e-10
1.935 7.300363538151716e-10
1.94 7.080554324316328e-10
1.945 7.426292476630999e-10
1.95 7.235854324046991e-10
1.955 7.288846475174437e-10
1.96 7.165697187082813e-10
1.965 6.90223957339932e-10
1.97 7.025620584537923e-10
1.975 7.007207584095858e-10
1.98 7.417824573466104e-10
1.985 7.450308114903059e-10
1.99 7.371508944350676e-10
1.995 6.946502910992885e-10
2.0 6.913070274420836e-10
2.005 7.187947144179542e-10
2.0100000000000002 6.955217103854424e-10
2.015 7.135225941441455e-10
2.02 7.232589128663997e-10
2.025 7.105991873234228e-10
2.0300000000000002 7.305240556812539e-10
2.035 7.12051946909996e-10
2.04 7.383143874754356e-10
2.045 7.464166817170717e-10
2.05 6.966376388059002e-10
2.055 6.985627653929279e-10
2.06 6.934921094730865e-10
2.065 7.258554663266043e-10
2.07 7.314408401585077e-10
2.075 7.245078677235081e-10
2.08 7.390079651530589e-10
2.085 7.211745984709221e-10
2.09 7.178196590243911e-10
2.095 7.154570857214224e-10
2.1 7.314534145988716e-10
2.105 6.909876490060125e-10
2.11 7.041698306334525e-10
2.115 7.302579316963138e-10
2.12 6.910440436460037e-10
2.125 7.156952842580654e-10
2.13 7.299070812217111e-10
2.1350000000000002 7.400366308441058e-10
2.14 7.076796773841212e-10
2.145 7.306094185183714e-10
2.15 6.895545401767319e-10
2.1550000000000002 7.087563046847012e-10
2.16 6.843396010194898e-10
2.165 7.766843018694783e-10
2.17 7.196593209196026e-10
2.1750000000000003 6.822178052329617e-10
2.18 7.099118875315928e-10
2.185 6.981477935142296e-10
2.19 6.86159767755388e-10
2.195 7.203618204171924e-10
2.2 7.197579781601329e-10
2.205 7.05052824522769e-10
2.21 7.238747737371754e-10
2.215 7.380474337985814e-10
2.22 6.848122581290876e-10
2.225 7.036369053977661e-10
2.23 6.951274811915736e-10
2.235 6.791114921392654e-10
2.24 7.551494781558764e-10
2.245 7.048443895141842e-10
2.25 7.014683076341868e-10
2.255 7.094917830400916e-10
2.2600000000000002 6.849585978626207e-10
2.265 7.256770380528984e-10
2.27 6.923503998925879e-10
2.275 7.224964417814991e-10
2.2800000000000002 6.859092232230278e-10
2.285 7.071084333991665e-10
2.29 6.86610215762414e-10
2.295 7.458699340003344e-10
2.3000000000000003 7.160004537288416e-10
2.305 7.39576361614937e-10
2.31 6.928498250065782e-10
2.315 6.848141291267703e-10
2.32 7.539701893364993e-10
2.325 6.960062865581404e-10
2.33 7.073736439357879e-10
2.335 7.006503528553804e-10
2.34 7.13179247111086e-10
2.345 6.874423613119244e-10
2.35 7.075854266940321e-10
2.355 6.76073841634229e-10
2.36 7.171699016943396e-10
2.365 6.867091661792959e-10
2.37 7.082787778836452e-10
2.375 6.833687649138111e-10
2.38 7.084520701083546e-10
2.3850000000000002 7.442047127017446e-10
2.39 6.94723450423429e-10
2.395 6.815154654259287e-10
2.4 7.370902184001818e-10
2.4050000000000002 6.891860687292269e-10
2.41 7.045232307045972e-10
2.415 6.883917747719036e-10
2.42 7.037844375358006e-10
2.4250000000000003 6.751083480638265e-10
2.43 6.816458918013084e-10
2.435 6.995056646861202e-10
2.44 7.19746916598248e-10
2.445 6.938370861061751e-10
2.45 6.970465827473835e-10
2.455 6.77629269181821e-10
2.46 6.753470428993163e-10
2.465 6.861181281982716e-10
2.47 6.953274982861449e-10
2.475 7.171207148649525e-10
2.48 6.932788080009671e-10
2.485 6.961784557805513e-10
2.49 7.063089575237721e-10
2.495 6.846108512560092e-10
2.5 6.97153037229048e-10
2.505 7.009383711048785e-10
2.5100000000000002 7.144306792581204e-10
2.515 6.959650966195257e-10
2.52 7.180499078934848e-10
2.525 7.132391189471641e-10
2.5300000000000002 6.984151995023165e-10
2.535 6.856746422264635e-10
2.54 7.158677003777843e-10
2.545 6.869412834269544e-10
2.5500000000000003 6.950402450525874e-10
2.555 6.956440419310526e-10
2.56 6.902844647654415e-10
2.565 6.805629141738451e-10
2.57 6.605129837465258e-10
2.575 6.881899441201657e-10
2.58 6.963955099940722e-10
2.585 7.329188736114098e-10
2.59 7.058246899755297e-10
2.595 6.767929409375652e-10
2.6 6.789770776373638e-10
2.605 6.94842314545169e-10
2.61 6.609425855054466e-10
2.615 6.781911419867405e-10
2.62 6.77195628307858e-10
2.625 7.241945222075904e-10
2.63 7.239139273527266e-10
2.6350000000000002 6.903791125237632e-10
2.64 6.902572483959692e-10
2.645 6.920979141110503e-10
2.65 7.039341158384742e-10
2.6550000000000002 6.882981848981176e-10
2.66 6.989214894566197e-10
2.665 6.596587995233955e-10
2.67 6.808702280534636e-10
2.6750000000000003 6.812533050597994e-10
2.68 6.929044496558072e-10
2.685 6.615858174338582e-10
2.69 6.752678592808419e-10
2.695 7.023359942394539e-10
2.7 6.541654581584365e-10
2.705 7.110109656478311e-10
2.71 6.616674106922368e-10
2.715 6.83897219710749e-10
2.72 6.965579259119043e-10
2.725 7.055085992052922e-10
2.73 6.67757633963872e-10
2.735 6.488507384726582e-10
2.74 6.503148401885619e-10
2.745 7.21328601221765e-10
2.75 6.761857071418274e-10
2.755 6.80411170910899e-10
2.7600000000000002 6.776331526893191e-10
2.765 6.871614478272095e-10
2.77 6.783434221363044e-10
2.775 6.797708021397427e-10
2.7800000000000002 6.744039069520135e-10
2.785 6.770017701392188e-10
2.79 6.497706368453437e-10
2.795 6.999532068385429e-10
2.8000000000000003 6.633974766467357e-10
2.805 6.835633670007439e-10
2.81 6.635119523650759e-10
2.815 6.588382488168947e-10
2.82 6.834735688162371e-10
2.825 6.700421458697826e-10
2.83 7.00588766497619e-10
2.835 6.691177816352746e-10
2.84 6.686475106957444e-10
2.845 6.879248315626811e-10
2.85 6.669579874295988e-10
2.855 6.630387664954874e-10
2.86 6.580114427693829e-10
2.865 6.695039324044173e-10
2.87 6.916723992355195e-10
2.875 6.754310951654344e-10
2.88 6.569307729934282e-10
2.8850000000000002 6.553301756586324e-10
2.89 6.657065311950652e-10
2.895 6.547032798579534e-10
2.9 6.807806822676773e-10
2.9050000000000002 6.635844435759675e-10
2.91 6.642238797117317e-10
2.915 7.176548251931771e-10
2.92 6.505713756170921e-10
2.9250000000000003 7.24142349880561e-10
2.93 6.54189128791827e-10
2.935 6.351551181157033e-10
2.94 6.399609416298261e-10
2.945 6.658849388321033e-10
2.95 6.697093148576147e-10
2.955 6.625864418455027e-10
2.96 6.369406761448303e-10
2.965 6.481019589990833e-10
2.97 6.651074299143057e-10
2.975 6.542416601540825e-10
2.98 6.798589467348461e-10
2.985 6.705589381530387e-10
2.99 6.847918877670783e-10
2.995 6.754500056065505e-10
3.0 6.66079926577029e-10
3.005 6.601830483439114e-10
3.0100000000000002 6.633602281388364e-10
3.015 6.566041075156143e-10
3.02 6.532629083300549e-10
3.025 7.104704641387907e-10
3.0300000000000002 6.816223357537833e-10
3.035 6.66354202933861e-10
3.04 6.873807351202737e-10
3.045 6.327206452339515e-10
3.0500000000000003 6.593385474277848e-10
3.055 6.873631414936286e-10
3.06 6.58318571170337e-10
3.065 6.513109994912739e-10
3.0700000000000003 6.408458268490167e-10
3.075 6.595585877964164e-10
3.08 6.547406985353297e-10
3.085 6.415067697052111e-10
3.09 6.407436449017193e-10
3.095 6.70811720582278e-10
3.1 6.519819841953617e-10
3.105 6.73034397662558e-10
3.11 6.681328909150192e-10
3.115 6.452136956090047e-10
3.12 6.772203049245913e-10
3.125 6.598430841610687e-10
3.13 6.838308516753146e-10
3.1350000000000002 6.29502877073286e-10
3.14 6.523911764409979e-10
3.145 6.771748833846634e-10
3.15 6.851207094574273e-10
3.1550000000000002 6.342592055054211e-10
3.16 6.516160435333671e-10
3.165 6.624070801689021e-10
3.17 6.705073117423356e-10
3.1750000000000003 6.821239432340726e-10
3.18 6.271086903686019e-10
3.185 6.745730475613786e-10
3.19 6.45167513715792e-10
3.1950000000000003 6.424490100223409e-10
3.2 6.447328648016231e-10
3.205 6.426441478496026e-10
3.21 6.505743845467106e-10
3.215 6.333080617726046e-10
3.22 6.365916975327867e-10
3.225 6.766722824902722e-10
3.23 6.454213749807596e-10
3.235 6.576272142248067e-10
3.24 6.642441973667084e-10
3.245 6.323105067594171e-10
3.25 6.381912799248302e-10
3.255 6.69748790689699e-10
3.2600000000000002 6.661349063823649e-10
3.265 6.501934345324322e-10
3.27 6.688808210874894e-10
3.275 6.752716968555589e-10
3.2800000000000002 6.62403296089081e-10
3.285 6.559686132472877e-10
3.29 6.342526208703491e-10
3.295 6.211677429338054e-10
3.3000000000000003 6.608841634848788e-10
3.305 6.445472993743852e-10
3.31 6.570462950552258e-10
3.315 6.674358373012278e-10
3.3200000000000003 6.206456727000346e-10
3.325 6.55037861944062e-10
3.33 7.123077478281567e-10
3.335 6.40978931101844e-10
3.34 6.391210425089436e-10
3.345 6.268445203257922e-10
3.35 6.38309238351473e-10
3.355 6.1914610525715e-10
3.36 6.37362338738332e-10
3.365 6.560668637285915e-10
3.37 6.11035585401257e-10
3.375 6.619699966783799e-10
3.38 6.375291458462032e-10
3.3850000000000002 6.396915627325093e-10
3.39 6.46664003946201e-10
3.395 6.641432626754768e-10
3.4 6.406260604161296e-10
3.4050000000000002 6.284262676996595e-10
3.41 5.956869764621322e-10
3.415 6.568506314036009e-10
3.42 6.364922566531823e-10
3.4250000000000003 6.673084054728457e-10
3.43 7.187616201082254e-10
3.435 6.510390052006065e-10
3.44 6.389303490289105e-10
3.4450000000000003 6.675749976824205e-10
3.45 6.252036388922203e-10
3.455 6.227083435381133e-10
3.46 6.393043048259969e-10
3.465 6.430873211858383e-10
3.47 6.531304032634077e-10
3.475 6.42990227653324e-10
3.48 6.297637292943619e-10
3.485 6.278838672151157e-10
3.49 6.490292112630066e-10
3.495 6.419563146534201e-10
3.5 6.297593118310032e-10
3.505 6.35929642242872e-10
3.5100000000000002 6.488241799609472e-10
3.515 6.383799322187556e-10
3.52 6.351302410984056e-10
3.525 6.521388717245435e-10
3.5300000000000002 6.306336132201678e-10
3.535 6.424797445301159e-10
3.54 6.162948356869517e-10
3.545 6.07248103176652e-10
3.5500000000000003 6.028239694630751e-10
3.555 6.499285778229523e-10
3.56 6.595257729631121e-10
3.565 5.983909456785149e-10
3.5700000000000003 6.217831761797729e-10
3.575 6.037544055708579e-10
3.58 6.13674795105281e-10
3.585 6.237006565351696e-10
3.59 6.1895009123315e-10
3.595 6.021115583250151e-10
3.6 5.953735807528813e-10
3.605 6.14485414749616e-10
3.61 6.159609295985738e-10
3.615 6.38204531604949e-10
3.62 6.104649893320592e-10
3.625 6.176786243103085e-10
3.63 6.536725860995099e-10
3.6350000000000002 6.16576589841207e-10
3.64 6.109109821129433e-10
3.645 6.071250525539357e-10
3.65 6.174069695403502e-10
3.6550000000000002 6.216131679073409e-10
3.66 6.225536820036083e-10
3.665 6.275381769650362e-10
3.67 6.231906704056345e-10
3.6750000000000003 6.033285104351405e-10
3.68 6.217798260502676e-10
3.685 6.183670398229068e-10
3.69 5.835152534956754e-10
3.6950000000000003 5.8453797441275e-10
3.7 6.087846495755053e-10
3.705 6.301537856612206e-10
3.71 6.059344030911258e-10
3.715 6.125245282099467e-10
3.72 6.156148509645611e-10
3.725 6.318598375517841e-10
3.73 6.232718140229618e-10
3.735 5.946183612248866e-10
3.74 5.941205975280593e-10
3.745 6.185643560614127e-10
3.75 6.104570270295906e-10
3.755 6.039515968599601e-10
3.7600000000000002 6.109629345838865e-10
3.765 5.935894691140752e-10
3.77 6.101161270234868e-10
3.775 6.202149214792602e-10
3.7800000000000002 6.288287873412409e-10
3.785 5.8255660006184e-10
3.79 6.018003835075332e-10
3.795 6.010124580798789e-10
3.8000000000000003 5.872880659198789e-10
3.805 6.267038972950094e-10
3.81 5.82190194889128e-10
3.815 6.020730948763065e-10
3.8200000000000003 5.968287677563516e-10
3.825 6.083062235243772e-10
3.83 5.975621413552005e-10
3.835 5.886698285290348e-10
3.84 6.195564651790173e-10
3.845 6.07068531851294e-10
3.85 6.185426873522959e-10
3.855 5.883716364969949e-10
3.86 5.904144786552688e-10
3.865 6.064591745203118e-10
3.87 6.055036720090412e-10
3.875 6.055872512498934e-10
3.88 6.104964959939979e-10
3.8850000000000002 6.11306112388522e-10
3.89 6.172775474259821e-10
3.895 6.104656674020536e-10
3.9 6.024151753980708e-10
3.9050000000000002 5.951426008645459e-10
3.91 5.823449938525813e-10
3.915 5.853519254200679e-10
3.92 6.131753642547546e-10
3.9250000000000003 5.837144655073861e-10
3.93 5.921237820156654e-10
3.935 6.005299514727723e-10
3.94 5.759471988970492e-10
3.9450000000000003 5.718065295353578e-10
3.95 6.043437013187687e-10
3.955 5.895902992952202e-10
3.96 5.81100369682236e-10
3.9650000000000003 5.695301958846081e-10
3.97 5.863370663814294e-10
3.975 5.563598095839373e-10
3.98 5.975221340506177e-10
3.985 5.863118664983009e-10
3.99 6.00911093317891e-10
3.995 5.779146044823338e-10
4.0 6.107657227224437e-10
4.005 5.92951223551434e-10
4.01 6.143832495335225e-10
4.015 6.20227081680817e-10
4.0200000000000005 6.113900770103599e-10
4.025 5.943077206816282e-10
4.03 5.681846893928183e-10
4.035 5.804464353080817e-10
4.04 5.73204074581943e-10
4.045 5.982049702996663e-10
4.05 5.965963310695461e-10
4.055 5.657424737430197e-10
4.0600000000000005 5.923909926347214e-10
4.065 5.777022217048559e-10
4.07 5.711843875143656e-10
4.075 5.909049572890997e-10
4.08 5.942148472548231e-10
4.085 6.159224788492848e-10
4.09 5.866053549628547e-10
4.095 5.771958815018482e-10
4.1 6.012004375771746e-10
4.105 5.928941608655271e-10
4.11 5.94054443075467e-10
4.115 5.687477193816292e-10
4.12 5.928012151595272e-10
4.125 6.038979034458543e-10
4.13 5.780282570338158e-10
4.135 5.679772605973008e-10
4.14 5.807705524189338e-10
4.1450000000000005 6.038434991576828e-10
4.15 5.689524703976924e-10
4.155 6.076875087279687e-10
4.16 5.571671473370276e-10
4.165 5.493278589976704e-10
4.17 5.646907983137042e-10
4.175 5.576396767230115e-10
4.18 5.613505224297128e-10
4.1850000000000005 5.65524693360808e-10
4.19 5.861783168946663e-10
4.195 5.593297850059056e-10
4.2 5.786685322004953e-10
4.205 5.737271206929448e-10
4.21 5.856556701408295e-10
4.215 5.626627519776791e-10
4.22 5.764641860943755e-10
4.225 5.926417462746477e-10
4.23 5.877241723978997e-10
4.235 5.606016206864608e-10
4.24 5.57627556839691e-10
4.245 6.015330139118817e-10
4.25 5.6817529793507e-10
4.255 5.334845894751216e-10
4.26 5.595669939102321e-10
4.265 6.102562906175312e-10
4.2700000000000005 5.365795341569673e-10
4.275 5.527039000291167e-10
4.28 5.752557569023804e-10
4.285 5.505186693568017e-10
4.29 5.564186403268154e-10
4.295 5.578157382737004e-10
4.3 5.693226068542429e-10
4.305 5.594038358445106e-10
4.3100000000000005 5.486386216358597e-10
4.315 5.378949926472965e-10
4.32 5.801084761009626e-10
4.325 5.735792098130219e-10
4.33 5.458150318754313e-10
4.335 5.416039835728139e-10
4.34 5.619784183950871e-10
4.345 5.507648574895815e-10
4.3500000000000005 5.436971808539234e-10
4.355 5.475984622094891e-10
4.36 5.41523825212732e-10
4.365 5.503756987462744e-10
4.37 5.487368956865641e-10
4.375 5.561879190411551e-10
4.38 5.594270323231139e-10
4.385 5.320283402467315e-10
4.39 5.586623495270541e-10
4.3950000000000005 5.455802047125562e-10
4.4 5.662577561712689e-10
4.405 5.484077512282957e-10
4.41 5.281838510732753e-10
4.415 5.535752590303916e-10
4.42 5.34539864085843e-10
4.425 5.511227349683725e-10
4.43 5.799812141346085e-10
4.4350000000000005 5.574917277319707e-10
4.44 5.341933301540667e-10
4.445 5.557478218757113e-10
4.45 5.407210337615915e-10
4.455 5.270153905719466e-10
4.46 5.790314871722056e-10
4.465 5.310100937562924e-10
4.47 5.145974669594792e-10
4.4750000000000005 5.435461146813296e-10
4.48 5.221696155331396e-10
4.485 5.693679677255805e-10
4.49 5.278296982971804e-10
4.495 5.359546778597376e-10
4.5 5.504329931714882e-10
4.505 5.195567452803132e-10
4.51 5.284818730934106e-10
4.515 5.466001818088449e-10
4.5200000000000005 5.283872419503714e-10
4.525 5.240927097047881e-10
4.53 5.450489784101059e-10
4.535 5.330982162496e-10
4.54 5.351105528965886e-10
4.545 5.585844958508688e-10
4.55 5.083104766750214e-10
4.555 5.463275618152326e-10
4.5600000000000005 5.531136522816975e-10
4.565 5.456695915533798e-10
4.57 5.063179256552104e-10
4.575 5.479913191073188e-10
4.58 5.269824748033368e-10
4.585 5.627055962987205e-10
4.59 5.535693320776839e-10
4.595 5.180485923640503e-10
4.6000000000000005 5.333929317045792e-10
4.605 5.387945354427595e-10
4.61 5.335584662559502e-10
4.615 5.315516298842135e-10
4.62 5.421571155712923e-10
4.625 5.596860906647963e-10
4.63 5.253408705744422e-10
4.635 5.1338199290612e-10
4.64 5.491762697625171e-10
4.6450000000000005 5.327247252046313e-10
4.65 4.935831710222723e-10
4.655 5.04774574417615e-10
4.66 4.804965338978918e-10
4.665 5.10274229806259e-10
4.67 5.299752471403993e-10
4.675 5.283661465308601e-10
4.68 5.411417285742116e-10
4.6850000000000005 5.550608166501163e-10
4.69 5.135098708412933e-10
4.695 5.094741030720753e-10
4.7 5.171359649737249e-10
4.705 5.144151795481175e-10
4.71 5.138618722323136e-10
4.715 5.084716211569121e-10
4.72 5.331105083276044e-10
4.7250000000000005 5.075409500590731e-10
4.73 5.145606814848198e-10
4.735 5.20413835695761e-10
4.74 5.468754396521626e-10
4.745 5.349156719551558e-10
4.75 5.102247240146308e-10
4.755 5.343952992915603e-10
4.76 4.931151168168864e-10
4.765 5.014021375171271e-10
4.7700000000000005 5.182007314865445e-10
4.775 5.194534631044916e-10
4.78 5.137267906084426e-10
4.785 5.22018588212422e-10
4.79 4.919468596999086e-10
4.795 4.921114684906141e-10
4.8 4.980969742388817e-10
4.805 5.243967672047474e-10
4.8100000000000005 5.126200270094718e-10
4.815 5.206960857033833e-10
4.82 5.495298244415253e-10
4.825 5.114666875198817e-10
4.83 4.908352631954518e-10
4.835 4.971770748960343e-10
4.84 5.077303341926547e-10
4.845 5.139344410193262e-10
4.8500000000000005 5.375222108226961e-10
4.855 5.190675718399244e-10
4.86 4.870866654758622e-10
4.865 5.093073114369039e-10
4.87 5.042516308845839e-10
4.875 5.078690811982823e-10
4.88 4.779813652124382e-10
4.885 5.282513993252583e-10
4.89 4.731193703163634e-10
4.8950000000000005 4.961705692485991e-10
4.9 4.907225421913117e-10
4.905 4.962107730472256e-10
4.91 5.024105596008526e-10
4.915 4.946965713347274e-10
4.92 4.822128945148012e-10
4.925 4.837637114404483e-10
4.93 5.066584420696212e-10
4.9350000000000005 4.955676690694276e-10
4.94 4.993720293958755e-10
4.945 4.75569484934274e-10
4.95 4.922925760838478e-10
4.955 4.971745844463843e-10
4.96 5.004519206900666e-10
4.965 4.991406325432389e-10
4.97 5.096484294798818e-10
4.9750000000000005 5.10252720185315e-10
4.98 4.952316352870425e-10
4.985 4.83219272635557e-10
4.99 4.847972016471532e-10
4.995 4.861322574080344e-10
5.0 4.745487760285313e-10
5.005 5.077615055322476e-10
5.01 4.803171379737821e-10
5.015 4.870650786683131e-10
5.0200000000000005 4.781834654080941e-10
5.025 4.876034995734125e-10
5.03 4.783381683075035e-10
5.035 4.905693153376585e-10
5.04 4.889866631221811e-10
5.045 5.186545880803622e-10
5.05 4.817068086822036e-10
5.055 4.75441200160423e-10
5.0600000000000005 4.772159319700279e-10
5.065 4.957079557244121e-10
5.07 4.985388079064307e-10
5.075 4.6104445547350474e-10
5.08 4.6497805971568125e-10
5.085 4.865783269493426e-10
5.09 4.793226663490248e-10
5.095 4.822975373301004e-10
5.1000000000000005 4.760046459719616e-10
5.105 4.824378132524933e-10
5.11 4.731193188263551e-10
5.115 4.894801713107703e-10
5.12 4.840108615057796e-10
5.125 4.776583362499982e-10
5.13 4.802114544848489e-10
5.135 5.202443735378081e-10
5.14 4.701609586403496e-10
5.1450000000000005 4.66220579425339e-10
5.15 4.5750988635334825e-10
5.155 4.849464004464594e-10
5.16 4.659315288012152e-10
5.165 4.663080812565931e-10
5.17 4.871721525804512e-10
5.175 4.5836066899497343e-10
5.18 4.70647964140498e-10
5.1850000000000005 4.723128277280841e-10
5.19 4.520368543814109e-10
5.195 4.733245904205887e-10
5.2 4.791194978665459e-10
5.205 4.886581619093517e-10
5.21 4.695687278374315e-10
5.215 4.65759122841637e-10
5.22 4.788773958782186e-10
5.2250000000000005 4.5248781950259424e-10
5.23 4.66992485587663e-10
5.235 4.706413727615741e-10
5.24 4.545456995936095e-10
5.245 4.4729367710251734e-10
5.25 4.6467912014848487e-10
5.255 4.768061603481242e-10
5.26 4.850044391879578e-10
5.265 4.3864700990461827e-10
5.2700000000000005 4.5117597984700914e-10
5.275 4.4564672290620765e-10
5.28 4.3393581704022084e-10
5.285 4.672167370953652e-10
5.29 4.447914102538975e-10
5.295 4.6153072566542677e-10
5.3 4.5054009124112507e-10
5.305 4.399385575985125e-10
5.3100000000000005 4.61434963508964e-10
5.315 4.500935400561499e-10
5.32 4.594803170291141e-10
5.325 4.6144302626167066e-10
5.33 4.726121859481496e-10
5.335 4.677957603101789e-10
5.34 4.5072922068080195e-10
5.345 4.544345845657758e-10
5.3500000000000005 4.663968617764277e-10
5.355 4.55404605359396e-10
5.36 4.678891256706752e-10
5.365 4.492130850313437e-10
5.37 4.5338993697897434e-10
5.375 4.793328856336622e-10
5.38 4.5866028383870684e-10
5.385 4.349709546886729e-10
5.39 4.451469398882424e-10
5.3950000000000005 4.915822130052054e-10
5.4 4.5551179018434374e-10
5.405 4.722332237929249e-10
5.41 4.3706649310824106e-10
5.415 4.4099146760398076e-10
5.42 4.5317236546239607e-10
5.425 4.311495801514219e-10
5.43 4.5667896747602864e-10
5.4350000000000005 4.320221168982755e-10
5.44 4.524692621279095e-10
5.445 4.524753968691832e-10
5.45 4.220878088675718e-10
5.455 4.544324251395082e-10
5.46 4.401706991648239e-10
5.465 4.595726411889145e-10
5.47 4.5737689538809934e-10
5.4750000000000005 4.3595942739611185e-10
5.48 4.302155985704829e-10
5.485 4.5013476020349686e-10
5.49 4.538411083150269e-10
5.495 4.467143855097191e-10
5.5 4.319515845512713e-10
5.505 4.346612354636845e-10
5.51 4.157259714569457e-10
5.515 4.339000815527735e-10
5.5200000000000005 4.3644648563516065e-10
5.525 4.325018093492742e-10
5.53 4.269694259050349e-10
5.535 4.244964854050595e-10
5.54 4.474504901689179e-10
5.545 4.13588398282952e-10
5.55 4.439602627631013e-10
5.555 4.139966964950227e-10
5.5600000000000005 4.196907165927795e-10
5.565 4.1487065360151733e-10
5.57 4.301477597241596e-10
5.575 4.287346764287862e-10
5.58 4.636657125337438e-10
5.585 4.398487517980687e-10
5.59 4.4923932900245136e-10
5.595 4.301212084688384e-10
5.6000000000000005 4.36810722184776e-10
5.605 4.369787910978619e-10
5.61 4.1101975802758774e-10
5.615 4.267624232426352e-10
5.62 4.1101711672201536e-10
5.625 4.3471127602549255e-10
5.63 4.475051451824069e-10
5.635 4.036290786895159e-10
5.64 4.2255157199004897e-10
5.6450000000000005 4.398708477131387e-10
5.65 4.053664295575968e-10
5.655 4.0219634705533426e-10
5.66 4.341641704355341e-10
5.665 4.2086981866212076e-10
5.67 4.322771237540349e-10
5.675 4.3130939376928876e-10
5.68 4.383138339610223e-10
5.6850000000000005 4.199477696694882e-10
5.69 4.3635429109340464e-10
5.695 4.126165956977141e-10
5.7 4.006489171832405e-10
5.705 3.9982784884669753e-10
5.71 4.1240869656304943e-10
5.715 4.0046713530412357e-10
5.72 4.183413278527985e-10
5.7250000000000005 4.167870455359757e-10
5.73 4.1764628209265494e-10
5.735 4.100203920846835e-10
5.74 3.9510971586594753e-10
5.745 3.9932221816446966e-10
5.75 4.3372064928436343e-10
5.755 4.130879696614923e-10
5.76 4.5071736611229557e-10
5.765 4.256022657655269e-10
5.7700000000000005 4.0321170908823874e-10
5.775 3.900879686607369e-10
5.78 4.222350569414724e-10
5.785 4.124716850886889e-10
5.79 4.3822403315244355e-10
5.795 3.9083206438892454e-10
5.8 4.0410897485941455e-10
5.805 4.1170210464399936e-10
5.8100000000000005 4.0890941758758455e-10
5.815 4.074839153728032e-10
5.82 4.5102958791355356e-10
5.825 3.782590987719895e-10
5.83 4.1270694437251465e-10
5.835 4.046155102763188e-10
5.84 3.9577924584428867e-10
5.845 3.889731199372624e-10
5.8500000000000005 4.076610757249663e-10
5.855 3.9481190312974506e-10
5.86 4.1697207383999887e-10
5.865 4.0839178648657215e-10
5.87 3.934859739330103e-10
5.875 4.065476274505484e-10
5.88 3.86706863343412e-10
5.885 3.896213324136992e-10
5.89 4.1422992605288496e-10
5.8950000000000005 3.886695635133789e-10
5.9 4.010562906029277e-10
5.905 4.039493182493132e-10
5.91 3.9792617634491504e-10
5.915 3.737125029138505e-10
5.92 4.059333193881184e-10
5.925 3.846604004590034e-10
5.93 4.105083470753195e-10
5.9350000000000005 3.9308419657896705e-10
5.94 3.826309310246879e-10
5.945 4.212920496824177e-10
5.95 4.0785165984382013e-10
5.955 4.203943485208538e-10
5.96 3.830932346462739e-10
5.965 3.8946912931154135e-10
5.97 3.867703550400804e-10
5.9750000000000005 3.8455244241528797e-10
5.98 4.0651546871490625e-10
5.985 4.0793224641321624e-10
5.99 3.84812098362656e-10
5.995 3.9205954204519957e-10
6.0 3.8607970121515534e-10
6.005 3.857122336887443e-10
6.01 3.9273176696552207e-10
6.015000000000001 3.903927834653249e-10
6.0200000000000005 3.7951988626384575e-10
6.025 3.919378363640386e-10
6.03 3.7349379079543254e-10
6.035 4.13189622814008e-10
6.04 3.9304600371207497e-10
6.045 3.878535289190008e-10
6.05 3.773306065724468e-10
6.055 3.891413595359923e-10
6.0600000000000005 3.914358339542464e-10
6.065 3.783208929216234e-10
6.07 4.0102820199210807e-10
6.075 4.074410886242183e-10
6.08 3.6074345557285046e-10
6.085 3.9778681802437457e-10
6.09 3.896386937238841e-10
6.095 3.82897534546112e-10
6.1000000000000005 3.874403477741757e-10
6.105 3.7803723544019006e-10
6.11 4.0199143829639235e-10
6.115 4.3238146661019166e-10
6.12 3.774271270316827e-10
6.125 3.786830419637839e-10
6.13 3.729030956246348e-10
6.135 3.825457647019683e-10
6.140000000000001 3.773458837803324e-10
6.1450000000000005 3.979466707876951e-10
6.15 3.8102175111736476e-10
6.155 3.7907752052571977e-10
6.16 3.660153325975014e-10
6.165 3.6881513280119957e-10
6.17 3.7159891008551863e-10
6.175 3.8385712594189673e-10
6.18 3.8301055498661445e-10
6.1850000000000005 3.9718488400705995e-10
6.19 3.8618551424258335e-10
6.195 3.6869307324031376e-10
6.2 3.7784917180892154e-10
6.205 3.630609805403704e-10
6.21 3.7551814585568564e-10
6.215 3.6866833688646946e-10
6.22 3.612745210615233e-10
6.2250000000000005 3.681891066096083e-10
6.23 3.5510572947241876e-10
6.235 3.967867991912614e-10
6.24 3.622567129357345e-10
6.245 3.4807602996231324e-10
6.25 3.66442348481486e-10
6.255 3.5946863778025265e-10
6.26 3.6496061257958557e-10
6.265000000000001 3.515787505189389e-10
6.2700000000000005 3.7062750133863597e-10
6.275 3.936678516861094e-10
6.28 3.8307701064349405e-10
6.285 3.701828855834329e-10
6.29 3.6284674177654567e-10
6.295 3.790008163548441e-10
6.3 3.4971837027968774e-10
6.305 3.5625601811003434e-10
6.3100000000000005 3.7854870376919296e-10
6.315 3.7931482100819877e-10
6.32 3.593488767654201e-10
6.325 3.740539693364672e-10
6.33 3.5059446222294697e-10
6.335 3.3261349818053397e-10
6.34 3.6936886766536685e-10
6.345 3.6611925525218655e-10
6.3500000000000005 3.3572835659007725e-10
6.355 3.593171698969903e-10
6.36 3.5414493572182e-10
6.365 3.916279805669769e-10
6.37 3.562236321565042e-10
6.375 3.554053317181119e-10
6.38 3.487247459441931e-10
6.385 3.5812490732229647e-10
6.390000000000001 3.4554759870961434e-10
6.3950000000000005 3.3236000558799984e-10
6.4 3.299384338581048e-10
6.405 3.7434221346386854e-10
6.41 3.4014287027287157e-10
6.415 3.902405189627196e-10
6.42 3.5123903334270896e-10
6.425 3.4539641706194085e-10
6.43 3.4433531361432145e-10
6.4350000000000005 3.410280932355518e-10
6.44 3.367591282640574e-10
6.445 3.334938894060752e-10
6.45 4.0030943140432994e-10
6.455 3.4127789182720743e-10
6.46 3.5507976752869254e-10
6.465 3.699929669834707e-10
6.47 3.61011794601452e-10
6.4750000000000005 3.3444056039611756e-10
6.48 3.429571670099384e-10
6.485 3.2207372935097944e-10
6.49 3.4677766467353513e-10
6.495 3.524854006142786e-10
6.5 3.485305256970541e-10
6.505 3.2960524282161084e-10
6.51 3.5355930925433974e-10
6.515000000000001 3.1891184739730966e-10
6.5200000000000005 3.5948891578794003e-10
6.525 3.43740183646578e-10
6.53 3.5011317869485555e-10
6.535 3.5432537207544993e-10
6.54 3.187697364747989e-10
6.545 3.510135817920245e-10
6.55 3.288312799180062e-10
6.555 3.405517795440297e-10
6.5600000000000005 3.5127658689142456e-10
6.565 3.630050104163126e-10
6.57 3.3161440150624343e-10
6.575 3.3211030445391895e-10
6.58 3.2984188623801056e-10
6.585 3.6447747803980607e-10
6.59 3.3388962533552194e-10
6.595 3.350183064559087e-10
6.6000000000000005 3.325280450407346e-10
6.605 3.344114506202799e-10
6.61 3.418642259489881e-10
6.615 3.2461633795513905e-10
6.62 3.345581775225087e-10
6.625 3.1370158227510694e-10
6.63 3.1958111103657966e-10
6.635 3.3827112914810476e-10
6.640000000000001 3.5126465810420007e-10
6.6450000000000005 3.3061806763170485e-10
6.65 3.50383085853611e-10
6.655 3.3880886368296003e-10
6.66 3.3467246620123036e-10
6.665 3.310818772989593e-10
6.67 3.2688969551503644e-10
6.675 3.220460431241661e-10
6.68 3.279072408778519e-10
6.6850000000000005 3.5053985302502733e-10
6.69 3.3499649626977687e-10
6.695 3.2406873629730365e-10
6.7 3.404876133320359e-10
6.705 3.4486884771847924e-10
6.71 3.3434869688397857e-10
6.715 3.412795081590738e-10
6.72 3.5985862262594197e-10
6.7250000000000005 3.426985431419347e-10
6.73 3.3524283731667806e-10
6.735 3.1731138604731476e-10
6.74 3.2847420465533154e-10
6.745 3.3921588379218433e-10
6.75 3.2694902307031025e-10
6.755 3.221897046860492e-10
6.76 3.208816107106825e-10
6.765000000000001 3.2264190822687866e-10
6.7700000000000005 3.250067112362587e-10
6.775 3.315681196084793e-10
6.78 3.3065591741950885e-10
6.785 3.3563678170760795e-10
6.79 3.3137353117533537e-10
6.795 3.1315687236496184e-10
6.8 3.275274917757798e-10
6.805 3.4408234151240266e-10
6.8100000000000005 2.97325223553559e-10
6.815 3.109145906678055e-10
6.82 3.1129570964544683e-10
6.825 3.599583005279848e-10
6.83 3.2710019240274183e-10
6.835 2.97562146882414e-10
6.84 3.055192997951297e-10
6.845 3.2391044578839307e-10
6.8500000000000005 2.8897971423648943e-10
6.855 3.131262429404592e-10
6.86 2.9737609828491127e-10
6.865 3.436209591484866e-10
6.87 3.067007925355905e-10
6.875 3.146320816901872e-10
6.88 3.3399106565215963e-10
6.885 3.182637374507326e-10
6.890000000000001 3.460579463100601e-10
6.8950000000000005 2.9372637894767973e-10
6.9 2.9603131657959157e-10
6.905 3.042736183287037e-10
6.91 3.0442928850007204e-10
6.915 3.2546060394534445e-10
6.92 3.241459650505041e-10
6.925 3.0070026368386393e-10
6.93 3.2417424318138786e-10
6.9350000000000005 3.053729795772931e-10
6.94 3.1119061641711863e-10
6.945 2.9143418882799834e-10
6.95 2.8876585938395444e-10
6.955 2.981101434902109e-10
6.96 3.2163582075419317e-10
6.965 3.0301049081088224e-10
6.97 3.087814309697793e-10
6.9750000000000005 3.1966620741427995e-10
6.98 3.159573151871014e-10
6.985 3.239570753531568e-10
6.99 3.1288942226880886e-10
6.995 3.145791447489781e-10
7.0 3.135321102653845e-10
7.005 2.995508387139865e-10
7.01 3.0639815124539256e-10
7.015000000000001 3.2863873955615276e-10
7.0200000000000005 2.9187539070471954e-10
7.025 2.776081785681514e-10
7.03 3.110400726888228e-10
7.035 2.934485767546875e-10
7.04 3.0708004575395707e-10
7.045 2.9007744323388035e-10
7.05 2.841732844940726e-10
7.055 2.8330309856942665e-10
7.0600000000000005 2.9342941635405167e-10
7.065 3.0165726009961143e-10
7.07 2.9496972452425874e-10
7.075 2.797960992918153e-10
7.08 3.237133508501759e-10
7.085 3.0700191957301484e-10
7.09 3.049455237539571e-10
7.095 2.9266252992707953e-10
7.1000000000000005 2.7688464850934683e-10
7.105 2.962439030918078e-10
7.11 3.0479196523911884e-10
7.115 2.9178023882606676e-10
7.12 2.7582382807810094e-10
7.125 2.9065502974371096e-10
7.13 3.0745660062493505e-10
7.135 2.7793195740409645e-10
7.140000000000001 2.7580926344046556e-10
7.1450000000000005 2.9253889124357333e-10
7.15 2.7645252185932176e-10
7.155 2.762263164966787e-10
7.16 2.9403463845696204e-10
7.165 3.115765062530586e-10
7.17 2.775465862073334e-10
7.175 3.073482655188873e-10
7.18 2.8096670839252434e-10
7.1850000000000005 2.879632463597175e-10
7.19 2.835968583984014e-10
7.195 3.0970420158341e-10
7.2 3.062904725377354e-10
7.205 2.9158307084832295e-10
7.21 2.7852241951449044e-10
7.215 3.066343435778915e-10
7.22 2.813142143191152e-10
7.2250000000000005 2.824189447753079e-10
7.23 3.013144283138102e-10
7.235 2.8277591969387726e-10
7.24 2.813373667197489e-10
7.245 2.804697830569056e-10
7.25 2.86162980414995e-10
7.255 2.926575490589389e-10
7.26 2.8598227149253684e-10
7.265000000000001 2.6647705953723626e-10
7.2700000000000005 2.8475202648771426e-10
7.275 2.791412578745306e-10
7.28 2.7367634641794823e-10
7.285 2.639493412619919e-10
7.29 2.799931047468429e-10
7.295 2.680772152606001e-10
7.3 2.727514122127668e-10
7.305 2.574549950099433e-10
7.3100000000000005 2.555190672117175e-10
7.315 3.118896391450244e-10
7.32 2.7377483167419943e-10
7.325 2.9792977896585717e-10
7.33 2.9002276792596417e-10
7.335 2.97116745698525e-10
7.34 3.057354734502385e-10
7.345 2.858142902469963e-10
7.3500000000000005 3.0103456695660305e-10
7.355 2.690556024609941e-10
7.36 2.8529614067068053e-10
7.365 2.8116318734986876e-10
7.37 2.7775489736551604e-10
7.375 2.896658897580766e-10
7.38 2.850346067838762e-10
7.385 2.7652740307483897e-10
7.390000000000001 2.7582397472605925e-10
7.3950000000000005 2.883736700644136e-10
7.4 2.7756432055427556e-10
7.405 2.822108818458065e-10
7.41 2.6782866211147325e-10
7.415 2.7739659022914113e-10
7.42 2.8100304921548397e-10
7.425 2.679103735809851e-10
7.43 2.764032544134397e-10
7.4350000000000005 2.6373170083527323e-10
7.44 2.8121127706290356e-10
7.445 2.75394096335481e-10
7.45 2.939207677875859e-10
7.455 2.9401964458109667e-10
7.46 2.535799965133094e-10
7.465 2.731928817680084e-10
7.47 2.6056488663530895e-10
7.4750000000000005 2.861755142423203e-10
7.48 2.7383821451735156e-10
7.485 2.6009119322387337e-10
7.49 2.876680170135961e-10
7.495 2.634673755627916e-10
7.5 2.7843174509144886e-10
7.505 2.771400806303481e-10
7.51 2.7239198454680835e-10
7.515000000000001 2.5541876092881117e-10
7.5200000000000005 2.6400966829915224e-10
7.525 2.572726312999723e-10
7.53 2.612883506623194e-10
7.535 2.641543987327341e-10
7.54 2.592557377040914e-10
7.545 2.7330246825993844e-10
7.55 2.484457647100496e-10
7.555 2.907440683030527e-10
7.5600000000000005 2.5855436678528133e-10
7.565 2.7750090553681785e-10
7.57 2.6425262099940466e-10
7.575 2.7736736062244795e-10
7.58 2.824855470230406e-10
7.585 2.6392537005487696e-10
7.59 2.631857037245834e-10
7.595 2.692263684221466e-10
7.6000000000000005 2.6791537852494257e-10
7.605 2.934568679042489e-10
7.61 2.8465342655144553e-10
7.615 2.3978948054031506e-10
7.62 2.798404933890635e-10
7.625 2.604173991190839e-10
7.63 2.6589534016806077e-10
7.635 2.851851845853638e-10
7.640000000000001 2.480734049000635e-10
7.6450000000000005 2.677819653042865e-10
7.65 2.6028253557316733e-10
7.655 2.570268011175494e-10
7.66 2.446712237378032e-10
7.665 2.602475428697789e-10
7.67 2.61697270285531e-10
7.675 2.6796709455525537e-10
7.68 2.519936609756947e-10
7.6850000000000005 2.338190307101553e-10
7.69 2.637447791081825e-10
7.695 2.58053666643773e-10
7.7 2.4922094312006855e-10
7.705 2.599378511453397e-10
7.71 2.454188068355373e-10
7.715 2.441764978702741e-10
7.72 2.408763034869266e-10
7.7250000000000005 2.423886138334053e-10
7.73 2.527134303958662e-10
7.735 2.474119209584457e-10
7.74 2.3742224311030735e-10
7.745 2.3937435084591337e-10
7.75 2.462510910965602e-10
7.755 2.2389210428321234e-10
7.76 2.489716587821585e-10
7.765000000000001 2.503257310391756e-10
7.7700000000000005 2.6396117747973243e-10
7.775 2.386744422963789e-10
7.78 2.5884736032560617e-10
7.785 2.4353601275599776e-10
7.79 2.5107184935422207e-10
7.795 2.5647557522836685e-10
7.8 2.514438995274632e-10
7.805000000000001 2.7067811998644757e-10
7.8100000000000005 2.868856380897831e-10
7.815 2.3503805630412356e-10
7.82 2.671306017809881e-10
7.825 2.3044478678843254e-10
7.83 2.5930410579932635e-10
7.835 2.422783468074791e-10
7.84 2.4029567931414467e-10
7.845 2.524581337916654e-10
7.8500000000000005 2.5969981899878784e-10
7.855 2.275852864757722e-10
7.86 2.4924153803296284e-10
7.865 2.4840364390983256e-10
7.87 2.4346319778720267e-10
7.875 2.446161873208948e-10
7.88 2.4126045318859007e-10
7.885 2.506744496816083e-10
7.890000000000001 2.4630127656954803e-10
7.8950000000000005 2.6050114893898596e-10
7.9 2.375733467467323e-10
7.905 2.472502702402161e-10
7.91 2.5082354026078903e-10
7.915 2.44523634431978e-10
7.92 2.395250482723516e-10
7.925 2.4749703752612325e-10
7.930000000000001 2.533196167183677e-10
7.9350000000000005 2.565288019286266e-10
7.94 2.495802306302457e-10
7.945 2.3270309194240097e-10
7.95 2.2317657801628742e-10
7.955 2.2865152192080055e-10
7.96 2.3144241423463954e-10
7.965 2.3656499237744013e-10
7.97 2.5581881120993867e-10
7.9750000000000005 2.2872836685144582e-10
7.98 2.6120187010057063e-10
7.985 2.4873858394674034e-10
7.99 2.4915538137503215e-10
7.995 2.5236510168870873e-10
8.0 2.2318832913596393e-10
8.25 1.1703298534122436e-08
8.5 1.080164872795652e-08
8.75 1.0171090891837823e-08
9.0 9.786806710053144e-09
9.25 9.112442331942838e-09
9.5 8.511611684842737e-09
9.75 8.062975426763455e-09
10.0 7.436111602269367e-09
10.25 7.026380433829623e-09
10.5 6.6480243225014175e-09
10.75 6.3644382852658055e-09
11.0 5.771437030071974e-09
11.25 5.536106363857481e-09
11.5 5.158284148034957e-09
11.75 4.854166369320208e-09
12.0 4.467500271530798e-09
12.25 4.2766131560982575e-09
12.5 4.052872370790095e-09
12.75 3.823449566553028e-09
13.0 3.67506581979177e-09
13.25 3.386686501079465e-09
13.5 3.1833620976151443e-09
13.75 2.9580462789194144e-09
14.0 2.7887604217343326e-09
14.25 2.5807105363500298e-09
14.5 2.488812437740446e-09
14.75 2.3681387414217e-09
15.0 2.150450682324232e-09
15.25 2.0466197234328654e-09
15.5 1.906706279816988e-09
15.75 1.8460764172075434e-09
16.0 1.6892221536794577e-09
16.25 1.5250842688789638e-09
16.5 1.5052380298729634e-09
16.75 1.38151809641878e-09
17.0 1.2683642924223714e-09
17.25 1.2140932782197808e-09
17.5 1.1739247799822038e-09
17.75 1.1159853078507041e-09
18.0 9.921106395571535e-10
18.25 1.0138202312650624e-09
18.5 9.682211353492782e-10
18.75 8.984645707768668e-10
19.0 8.089314215559963e-10
19.25 7.20925923695965e-10
19.5 7.936216732777767e-10
19.75 6.777564075397752e-10
