0.005 4.135578606317111e-11
0.01 3.716722192443506e-09
0.015 1.8900072248248863e-08
0.02 3.1609626203757835e-08
0.025 4.2327606506366414e-08
0.03 5.2613516715438823e-08
0.035 6.186781290163837e-08
0.04 7.029586894047334e-08
0.045 7.809132962612908e-08
0.05 8.522772134699265e-08
0.055 9.175213586030761e-08
0.06 9.819655217425452e-08
0.065 1.0463637270538337e-07
0.07 1.1145492841462287e-07
0.075 1.1280049961746745e-07
0.08 1.1153322806783754e-07
0.085 1.097704074286455e-07
0.09 1.0916928132836897e-07
0.095 1.0972134560145155e-07
0.1 1.1071163592399635e-07
0.105 1.1192055607215694e-07
0.11 1.13433539432434e-07
0.115 1.1519013662048556e-07
0.12 1.1705445497509536e-07
0.125 1.1945324000379947e-07
0.13 1.2162969901851644e-07
0.135 1.2441250741509445e-07
0.14 1.2691996994196257e-07
0.145 1.2966197282191756e-07
0.15 1.321597698381195e-07
0.155 1.3430318586524777e-07
0.16 1.3613323090126474e-07
0.165 1.3780127699825824e-07
0.17 1.3927732725988287e-07
0.17500000000000002 1.4044301388619126e-07
0.18 1.4192517336043466e-07
0.185 1.4305635460564594e-07
0.19 1.4418282853015546e-07
0.195 1.4520811082214666e-07
0.2 1.468093218647024e-07
0.20500000000000002 1.4795478577904645e-07
0.21 1.4914907899175573e-07
0.215 1.5052920753431087e-07
0.22 1.5197169768859019e-07
0.225 1.538422907872953e-07
0.23 1.5504327496037324e-07
0.23500000000000001 1.5697794211464704e-07
0.24 1.5842521896341876e-07
0.245 1.603027012723088e-07
0.25 1.6181377874097702e-07
0.255 1.6340441424955506e-07
0.26 1.6523416486485253e-07
0.265 1.6634658376700847e-07
0.27 1.680741716358583e-07
0.275 1.6950739425443958e-07
0.28 1.7128868037392208e-07
0.28500000000000003 1.728759157617053e-07
0.29 1.7408592676234345e-07
0.295 1.754700707711047e-07
0.3 1.776221275953805e-07
0.305 1.7877790557916742e-07
0.31 1.8045983701253128e-07
0.315 1.8233380442762686e-07
0.32 1.8465030092640923e-07
0.325 1.861317061509924e-07
0.33 1.8835894337151114e-07
0.335 1.9036265505313497e-07
0.34 1.924679271753588e-07
0.34500000000000003 1.9560611301413973e-07
0.35000000000000003 1.977322884041752e-07
0.355 1.998991356551687e-07
0.36 2.0322220981002008e-07
0.365 2.0629121630813327e-07
0.37 2.092189565728725e-07
0.375 2.1246079001343153e-07
0.38 2.1643575795775356e-07
0.385 2.1944693259607626e-07
0.39 2.234121093760022e-07
0.395 2.2725271843481217e-07
0.4 2.3121096536436257e-07
0.405 2.3538620426582923e-07
0.41000000000000003 2.392471385497344e-07
0.41500000000000004 2.4383110701374605e-07
0.42 2.480923001420894e-07
0.425 2.5348107106350093e-07
0.43 2.57550210572161e-07
0.435 2.624586759703909e-07
0.44 2.6812517572089616e-07
0.445 2.726719914714527e-07
0.45 2.7920228940424754e-07
0.455 2.8435733666160665e-07
0.46 2.8935564422549957e-07
0.465 2.9560053738051517e-07
0.47000000000000003 3.0109898104809704e-07
0.47500000000000003 3.070086155835201e-07
0.48 3.125319965923796e-07
0.485 3.182522229738537e-07
0.49 3.249246575278072e-07
0.495 3.300021156683824e-07
0.5 3.369106708069319e-07
0.505 3.427484141450533e-07
0.51 3.4781641462545015e-07
0.515 3.54828309863706e-07
0.52 3.60906348670715e-07
0.525 3.668572262375796e-07
0.53 3.729723591003932e-07
0.535 3.7841988410029174e-07
0.54 3.84762852435592e-07
0.545 3.8974383827589234e-07
0.55 3.963607176289028e-07
0.555 4.0192910181470024e-07
0.56 4.0800878689530403e-07
0.5650000000000001 4.1382881244478677e-07
0.5700000000000001 4.200601327780582e-07
0.5750000000000001 4.2534172198636734e-07
0.58 4.3131764795053245e-07
0.585 4.36346001314936e-07
0.59 4.429499124087175e-07
0.595 4.4851802367479946e-07
0.6 4.531666482339223e-07
0.605 4.599392936387768e-07
0.61 4.6532711665933973e-07
0.615 4.717919269464302e-07
0.62 4.777866481064157e-07
0.625 4.837814130472694e-07
0.63 4.904994469422892e-07
0.635 4.963442315649956e-07
0.64 5.038867667318315e-07
0.645 5.107818963716551e-07
0.65 5.184151220652488e-07
0.655 5.250988033514561e-07
0.66 5.339144757241491e-07
0.665 5.408071025874386e-07
0.67 5.492727191475683e-07
0.675 5.56474980617788e-07
0.68 5.662242725825906e-07
0.685 5.74135575249587e-07
0.6900000000000001 5.843701780368863e-07
0.6950000000000001 5.909703293260453e-07
0.7000000000000001 6.008118672488008e-07
0.705 6.098778644002706e-07
0.71 6.177024378803212e-07
0.715 6.270128968019368e-07
0.72 6.373421117050081e-07
0.725 6.471199685592531e-07
0.73 6.552550372899583e-07
0.735 6.63916360862765e-07
0.74 6.761495085592397e-07
0.745 6.841993665749682e-07
0.75 6.933638339871725e-07
0.755 6.998045457156504e-07
0.76 7.094771847379143e-07
0.765 7.192871470111181e-07
0.77 7.293450614195913e-07
0.775 7.356271698123774e-07
0.78 7.45037202468404e-07
0.785 7.515280234572422e-07
0.79 7.62643967931422e-07
0.795 7.709714658031881e-07
0.8 7.785019239047309e-07
0.805 7.878077150047304e-07
0.81 7.961315941628418e-07
0.8150000000000001 8.02787834252142e-07
0.8200000000000001 8.133524706482752e-07
0.8250000000000001 8.197269082195066e-07
0.8300000000000001 8.271484771352777e-07
0.835 8.359405036501352e-07
0.84 8.418887934886061e-07
0.845 8.521450877307805e-07
0.85 8.580616924538755e-07
0.855 8.665414485529087e-07
0.86 8.750323841537063e-07
0.865 8.792695724080628e-07
0.87 8.89183546260841e-07
0.875 8.964368629780996e-07
0.88 9.036765914151446e-07
0.885 9.093003215221974e-07
0.89 9.172488565948369e-07
0.895 9.246068745015914e-07
0.9 9.303083873274674e-07
0.905 9.356173163954967e-07
0.91 9.43115026764744e-07
0.915 9.499267790025304e-07
0.92 9.559797139836306e-07
0.925 9.59319236943963e-07
0.93 9.679755188850633e-07
0.935 9.725342467312973e-07
0.9400000000000001 9.767877973301584e-07
0.9450000000000001 9.839302397619986e-07
0.9500000000000001 9.897413567309188e-07
0.9550000000000001 9.959356111071526e-07
0.96 1.0003919244049562e-06
0.965 1.0046276658207529e-06
0.97 1.009199970434343e-06
0.975 1.0138349854667394e-06
0.98 1.0175422719641877e-06
0.985 1.0215781776050153e-06
0.99 1.0252685787866565e-06
0.995 1.031340811546487e-06
1.0 1.0336088898401704e-06
1.0050000000000001 1.036969360796445e-06
1.01 1.043004335397233e-06
1.0150000000000001 1.0432123972976724e-06
1.02 1.0458916167397642e-06
1.025 1.047592759220506e-06
1.03 1.0523961630470008e-06
1.035 1.0559843776038349e-06
1.04 1.0583462065380654e-06
1.045 1.062347460526169e-06
1.05 1.0630018831405174e-06
1.055 1.0675376434807522e-06
1.06 1.0660788678648295e-06
1.065 1.0714835045135092e-06
1.07 1.0695620052466543e-06
1.075 1.0724200496520797e-06
1.08 1.0731139764861374e-06
1.085 1.0756989574919443e-06
1.09 1.0743373859805362e-06
1.095 1.0740759452790348e-06
1.1 1.073064684188214e-06
1.105 1.0736188467088105e-06
1.11 1.0768979229071895e-06
1.115 1.0769464856548443e-06
1.12 1.0752647356430388e-06
1.125 1.074648066072242e-06
1.1300000000000001 1.0738690451650618e-06
1.135 1.0710688571513227e-06
1.1400000000000001 1.074871648328613e-06
1.145 1.0736517880481204e-06
1.1500000000000001 1.067987053281427e-06
1.155 1.068029454490664e-06
1.16 1.0671319302469657e-06
1.165 1.0666658655059491e-06
1.17 1.0650759218044081e-06
1.175 1.0620909368442114e-06
1.18 1.062131732037579e-06
1.185 1.0591071565381269e-06
1.19 1.058726976408577e-06
1.195 1.0559648265276908e-06
1.2 1.052887297071878e-06
1.205 1.0504226483310757e-06
1.21 1.0472669670608018e-06
1.215 1.044607922755093e-06
1.22 1.0431195287851622e-06
1.225 1.0396590059643883e-06
1.23 1.033638853129834e-06
1.235 1.0349161043295358e-06
1.24 1.0316676077251573e-06
1.245 1.0306778423942428e-06
1.25 1.02600182318495e-06
1.2550000000000001 1.0226123203968173e-06
1.26 1.016496373021981e-06
1.2650000000000001 1.017214033522495e-06
1.27 1.0126776371697386e-06
1.2750000000000001 1.0103207200534241e-06
1.28 1.003895609949051e-06
1.285 1.0026476992207964e-06
1.29 9.969972782213492e-07
1.295 9.926113744894754e-07
1.3 9.890882244560174e-07
1.305 9.853902842026264e-07
1.31 9.805765917003763e-07
1.315 9.769910719794458e-07
1.32 9.720036892930905e-07
1.325 9.686045334066764e-07
1.33 9.63332257096649e-07
1.335 9.578021198325346e-07
1.34 9.528231736276148e-07
1.345 9.493381461928264e-07
1.35 9.439193048343246e-07
1.355 9.383963287265144e-07
1.36 9.36421426869821e-07
1.365 9.310653367171729e-07
1.37 9.232301258900145e-07
1.375 9.20440705160305e-07
1.3800000000000001 9.146360736831874e-07
1.385 9.103232613516363e-07
1.3900000000000001 9.057917391291499e-07
1.395 8.975694762828967e-07
1.4000000000000001 8.927971165357598e-07
1.405 8.878557736914211e-07
1.41 8.818886763327193e-07
1.415 8.774954940834084e-07
1.42 8.714677290334013e-07
1.425 8.657285184802159e-07
1.43 8.568371818719888e-07
1.435 8.534634985788759e-07
1.44 8.484695398563465e-07
1.445 8.417902588011755e-07
1.45 8.354126873234041e-07
1.455 8.294682120423326e-07
1.46 8.226504227261685e-07
1.465 8.160046056556823e-07
1.47 8.081812914202338e-07
1.475 8.026143973360147e-07
1.48 7.973350713036073e-07
1.485 7.899293629703827e-07
1.49 7.837775908301437e-07
1.495 7.774575937254277e-07
1.5 7.719843884628539e-07
1.5050000000000001 7.642018964823818e-07
1.51 7.585101894152205e-07
1.5150000000000001 7.523364025936047e-07
1.52 7.429064941143417e-07
1.5250000000000001 7.379871629157161e-07
1.53 7.276148620146139e-07
1.5350000000000001 7.232481755998387e-07
1.54 7.157514966467262e-07
1.545 7.082027138577473e-07
1.55 7.024416676644524e-07
1.555 6.97154847607131e-07
1.56 6.892834779984958e-07
1.565 6.843999441177642e-07
1.57 6.725582547974753e-07
1.575 6.646357061483106e-07
1.58 6.597776265369418e-07
1.585 6.51580724426133e-07
1.59 6.479583948438635e-07
1.595 6.402486545699236e-07
1.6 6.338242091953053e-07
1.605 6.26479420547884e-07
1.61 6.212376050899424e-07
1.615 6.138880879948624e-07
1.62 6.081738296639802e-07
1.625 5.984877649988394e-07
1.6300000000000001 5.923958705855011e-07
1.635 5.865356747900155e-07
1.6400000000000001 5.793092746981397e-07
1.645 5.723510151491844e-07
1.6500000000000001 5.660193255632698e-07
1.655 5.580867203256414e-07
1.6600000000000001 5.534280761127995e-07
1.665 5.470704212405452e-07
1.67 5.387721756811485e-07
1.675 5.331960343089547e-07
1.68 5.276495495333152e-07
1.685 5.22129177242326e-07
1.69 5.138192207082759e-07
1.695 5.070460542666181e-07
1.7 5.039593587215653e-07
1.705 4.974969532031816e-07
1.71 4.893516667525287e-07
1.715 4.860235763325473e-07
1.72 4.787696099755401e-07
1.725 4.738839195852904e-07
1.73 4.667629863047826e-07
1.735 4.617291791208398e-07
1.74 4.5744641687451803e-07
1.745 4.4963323982141045e-07
1.75 4.457322372010471e-07
1.7550000000000001 4.4128899537052526e-07
1.76 4.349580617841588e-07
1.7650000000000001 4.2898946182250047e-07
1.77 4.219645472795885e-07
1.7750000000000001 4.1767788507821986e-07
1.78 4.123124204045261e-07
1.7850000000000001 4.065581523573587e-07
1.79 4.030325148342171e-07
1.795 3.9892872417831935e-07
1.8 3.9299891665907345e-07
1.805 3.892765989315804e-07
1.81 3.812506484846009e-07
1.815 3.762765062385714e-07
1.82 3.704315072883471e-07
1.825 3.684286942420839e-07
1.83 3.6469976458350635e-07
1.835 3.5817832415867913e-07
1.84 3.5514952059255466e-07
1.845 3.5286986544523514e-07
1.85 3.475086700589093e-07
1.855 3.41613608229759e-07
1.86 3.3918418860477834e-07
1.865 3.322702840989629e-07
1.87 3.2952850904533956e-07
1.875 3.2485943396190895e-07
1.8800000000000001 3.201757038996915e-07
1.885 3.1539610021131695e-07
1.8900000000000001 3.1307578927994134e-07
1.895 3.0778121049832475e-07
1.9000000000000001 3.0498588048276893e-07
1.905 3.002890992228554e-07
1.9100000000000001 2.9917754557419855e-07
1.915 2.934461646867794e-07
1.92 2.90942055442279e-07
1.925 2.841535331388016e-07
1.93 2.829809006827272e-07
1.935 2.8037491496183905e-07
1.94 2.756180416771536e-07
1.945 2.7059044401826697e-07
1.95 2.694301287515793e-07
1.955 2.639313870833751e-07
1.96 2.619368579436486e-07
1.965 2.5919460826380224e-07
1.97 2.5571400998768615e-07
1.975 2.528727681194566e-07
1.98 2.4931496542770856e-07
1.985 2.466901773634791e-07
1.99 2.4228157272319033e-07
1.995 2.4062109096207906e-07
2.0 2.3740509960194374e-07
2.005 2.3357395598985392e-07
2.0100000000000002 2.3112152512207144e-07
2.015 2.300617263652891e-07
2.02 2.2655750346872972e-07
2.025 2.230244505307786e-07
2.0300000000000002 2.2121982592655515e-07
2.035 2.1720795246879894e-07
2.04 2.1653810171024485e-07
2.045 2.1329292211945161e-07
2.05 2.0946529180088376e-07
2.055 2.085993089635306e-07
2.06 2.0533030925757426e-07
2.065 2.050521035873629e-07
2.07 2.0042561824659984e-07
2.075 1.975293272888842e-07
2.08 1.962032158568008e-07
2.085 1.9359241847370118e-07
2.09 1.9143867333686532e-07
2.095 1.8890222253395558e-07
2.1 1.8726495858639377e-07
2.105 1.849391585906579e-07
2.11 1.8293276222460558e-07
2.115 1.7978766826672306e-07
2.12 1.7811200201057797e-07
2.125 1.7630324815954584e-07
2.13 1.7595135100699677e-07
2.1350000000000002 1.734193760396578e-07
2.14 1.7071618282972894e-07
2.145 1.687263490214054e-07
2.15 1.678632886985044e-07
2.1550000000000002 1.653149054532672e-07
2.16 1.6348874096375642e-07
2.165 1.6192742163516884e-07
2.17 1.6073173598074181e-07
2.1750000000000003 1.5873272138708491e-07
2.18 1.5727024232016833e-07
2.185 1.5399246518957004e-07
2.19 1.528010151696882e-07
2.195 1.5139922211858432e-07
2.2 1.5041544558690726e-07
2.205 1.484191617368297e-07
2.21 1.4779830071339356e-07
2.215 1.4496161304624146e-07
2.22 1.437117962880616e-07
2.225 1.4304329886394943e-07
2.23 1.4140420800810428e-07
2.235 1.3991856393178222e-07
2.24 1.38762320639687e-07
2.245 1.382353075930997e-07
2.25 1.3632531387194757e-07
2.255 1.348069630626295e-07
2.2600000000000002 1.3387872972375355e-07
2.265 1.3183369548222715e-07
2.27 1.3116021140699342e-07
2.275 1.3038924571075896e-07
2.2800000000000002 1.298248531966169e-07
2.285 1.2708170973168713e-07
2.29 1.2518881734620902e-07
2.295 1.2599187287946554e-07
2.3000000000000003 1.2303914172006396e-07
2.305 1.2348837311414e-07
2.31 1.2176197066739401e-07
2.315 1.2094313451467957e-07
2.32 1.2063895117816852e-07
2.325 1.192234417652852e-07
2.33 1.175472544784637e-07
2.335 1.1641137795459193e-07
2.34 1.1616322497637777e-07
2.345 1.1568757461316244e-07
2.35 1.1428182309617807e-07
2.355 1.1324246555822817e-07
2.36 1.1232055629282189e-07
2.365 1.111896454062912e-07
2.37 1.1018002996075835e-07
2.375 1.0912622590445175e-07
2.38 1.0837634587145911e-07
2.3850000000000002 1.0827338739413354e-07
2.39 1.072045820311771e-07
2.395 1.0581941340256545e-07
2.4 1.0571147160925576e-07
2.4050000000000002 1.0468035311040229e-07
2.41 1.0379137227140388e-07
2.415 1.0260076028621461e-07
2.42 1.0249928529063389e-07
2.4250000000000003 1.0181115863088369e-07
2.43 1.0030642816123357e-07
2.435 9.998779637129464e-08
2.44 9.956387080489419e-08
2.445 9.949516893814772e-08
2.45 9.809766227375347e-08
2.455 9.68375950554508e-08
2.46 9.650873664485239e-08
2.465 9.598530842580271e-08
2.47 9.583253284257003e-08
2.475 9.512121085609391e-08
2.48 9.401460876617029e-08
2.485 9.480865633857951e-08
2.49 9.278448513171872e-08
2.495 9.272119246620742e-08
2.5 9.147272915678932e-08
2.505 9.109156883252795e-08
2.5100000000000002 8.973563696854383e-08
2.515 9.017301639553595e-08
2.52 9.074912585383075e-08
2.525 8.941445993399083e-08
2.5300000000000002 8.836224781002174e-08
2.535 8.80816782917052e-08
2.54 8.764410578018317e-08
2.545 8.685505617337809e-08
2.5500000000000003 8.58526950671361e-08
2.555 8.542918120088027e-08
2.56 8.486735335583487e-08
2.565 8.48255885548255e-08
2.57 8.41266559535245e-08
2.575 8.298032300626747e-08
2.58 8.282499332558933e-08
2.585 8.201822057106881e-08
2.59 8.175396787506621e-08
2.595 8.186955384461046e-08
2.6 8.122373986870236e-08
2.605 8.093071085709547e-08
2.61 8.05441063234381e-08
2.615 8.091484491421962e-08
2.62 7.977141774795827e-08
2.625 7.978143227341583e-08
2.63 7.871021226992485e-08
2.6350000000000002 7.763294295121118e-08
2.64 7.707977064065591e-08
2.645 7.697784610631354e-08
2.65 7.720877874283831e-08
2.6550000000000002 7.703935647886885e-08
2.66 7.586272374421425e-08
2.665 7.592455049528122e-08
2.67 7.596420772332654e-08
2.6750000000000003 7.466482333010334e-08
2.68 7.427000925159217e-08
2.685 7.403325833998252e-08
2.69 7.317335154099153e-08
2.695 7.325141702198202e-08
2.7 7.196212171623046e-08
2.705 7.408569577818947e-08
2.71 7.214867280486855e-08
2.715 7.307732274967553e-08
2.72 7.241671738590978e-08
2.725 7.053936348794097e-08
2.73 7.128769477707274e-08
2.735 7.059318913875636e-08
2.74 7.020837247860797e-08
2.745 7.015572386144922e-08
2.75 6.965584617128492e-08
2.755 6.878595060296355e-08
2.7600000000000002 6.947949694374996e-08
2.765 6.837704957297583e-08
2.77 6.908758378771911e-08
2.775 6.843669508524006e-08
2.7800000000000002 6.771885370101685e-08
2.785 6.741480638237506e-08
2.79 6.774227328425725e-08
2.795 6.724845167617314e-08
2.8000000000000003 6.601698638307691e-08
2.805 6.599650900617523e-08
2.81 6.593242279205313e-08
2.815 6.65588318144842e-08
2.82 6.52565123119135e-08
2.825 6.471845046279727e-08
2.83 6.483859579402191e-08
2.835 6.426519479823684e-08
2.84 6.39206787769563e-08
2.845 6.432363452595937e-08
2.85 6.361980877668324e-08
2.855 6.365690821725769e-08
2.86 6.361761890332597e-08
2.865 6.226656891306948e-08
2.87 6.280981373237292e-08
2.875 6.221002883616092e-08
2.88 6.24838661269194e-08
2.8850000000000002 6.177706637330322e-08
2.89 6.198227815226777e-08
2.895 6.062387012028696e-08
2.9 6.104690800701283e-08
2.9050000000000002 6.091139773248054e-08
2.91 6.066193116504365e-08
2.915 6.015761067037373e-08
2.92 5.927994132347711e-08
2.9250000000000003 6.023830755547005e-08
2.93 5.876476827811987e-08
2.935 6.003998410555361e-08
2.94 5.9183068309067794e-08
2.945 5.977861988616806e-08
2.95 5.942021335176164e-08
2.955 5.814366413645031e-08
2.96 5.799381327115033e-08
2.965 5.8538050184741956e-08
2.97 5.7949061130771016e-08
2.975 5.722676737533673e-08
2.98 5.706512222841786e-08
2.985 5.744530251685745e-08
2.99 5.713573924850969e-08
2.995 5.668569433298528e-08
3.0 5.631673998114739e-08
3.005 5.62951207825291e-08
3.0100000000000002 5.518988654628952e-08
3.015 5.595747641324176e-08
3.02 5.5049790548812035e-08
3.025 5.449022906499167e-08
3.0300000000000002 5.4981234655456114e-08
3.035 5.449580061376227e-08
3.04 5.490792458708578e-08
3.045 5.459575181991113e-08
3.0500000000000003 5.457245166525639e-08
3.055 5.465215977080898e-08
3.06 5.344960617503253e-08
3.065 5.345344604163469e-08
3.0700000000000003 5.352167694083905e-08
3.075 5.303472122279869e-08
3.08 5.30022642915519e-08
3.085 5.301566543644289e-08
3.09 5.293944447863585e-08
3.095 5.259653146498752e-08
3.1 5.2180959879004424e-08
3.105 5.1483747320401695e-08
3.11 5.210414154551026e-08
3.115 5.126742636850036e-08
3.12 5.1573012126380113e-08
3.125 5.1665265603980226e-08
3.13 5.107509320168355e-08
3.1350000000000002 5.15581838178314e-08
3.14 4.980935142577926e-08
3.145 5.037683775465518e-08
3.15 5.066055500673769e-08
3.1550000000000002 4.953196511656785e-08
3.16 4.994749657569918e-08
3.165 4.9967422346351966e-08
3.17 4.9932295110679894e-08
3.1750000000000003 4.961757560884806e-08
3.18 4.853588712865515e-08
3.185 4.929529530415693e-08
3.19 4.881410161208386e-08
3.1950000000000003 4.909822467921937e-08
3.2 4.8608432635959424e-08
3.205 4.7969026112554194e-08
3.21 4.863036441948424e-08
3.215 4.858447729115664e-08
3.22 4.782696280630158e-08
3.225 4.737337218774745e-08
3.23 4.7585154336822276e-08
3.235 4.743464351831342e-08
3.24 4.798209539732056e-08
3.245 4.7109961785266974e-08
3.25 4.64641984143805e-08
3.255 4.7031918829005195e-08
3.2600000000000002 4.716785119477562e-08
3.265 4.662435734473614e-08
3.27 4.6310573582226324e-08
3.275 4.605680993132877e-08
3.2800000000000002 4.615091563280582e-08
3.285 4.5471326682862605e-08
3.29 4.580341682720595e-08
3.295 4.60180440402028e-08
3.3000000000000003 4.4870494411252697e-08
3.305 4.568750073166042e-08
3.31 4.5631065187004656e-08
3.315 4.5213429747045364e-08
3.3200000000000003 4.4938395000754136e-08
3.325 4.452616787444348e-08
3.33 4.43990356067739e-08
3.335 4.418882118104169e-08
3.34 4.4286503898237216e-08
3.345 4.4333685494809093e-08
3.35 4.402029955096772e-08
3.355 4.327990265707169e-08
3.36 4.355525872511099e-08
3.365 4.32198622367004e-08
3.37 4.3433020564498486e-08
3.375 4.31985435710745e-08
3.38 4.283511215322325e-08
3.3850000000000002 4.304627071697033e-08
3.39 4.251095573315021e-08
3.395 4.2276609419836565e-08
3.4 4.2913611843747606e-08
3.4050000000000002 4.278862601177222e-08
3.41 4.2233592355618394e-08
3.415 4.160642245341658e-08
3.42 4.251855106618773e-08
3.4250000000000003 4.1196305993276814e-08
3.43 4.242197608291503e-08
3.435 4.198614053789592e-08
3.44 4.134771095138804e-08
3.4450000000000003 4.0957083291731055e-08
3.45 4.1223194109599804e-08
3.455 4.068797405109408e-08
3.46 4.1099688215902555e-08
3.465 4.130444492702732e-08
3.47 4.114167131738834e-08
3.475 4.0178781747066845e-08
3.48 3.94527676982963e-08
3.485 4.048114330627188e-08
3.49 4.0112077614736024e-08
3.495 3.9933108283416396e-08
3.5 4.053177368725009e-08
3.505 3.949723425316953e-08
3.5100000000000002 3.9797450425012605e-08
3.515 3.975374508503718e-08
3.52 3.973075800427052e-08
3.525 3.9548187961825825e-08
3.5300000000000002 3.861300530382522e-08
3.535 3.895039323030104e-08
3.54 3.867893518307066e-08
3.545 3.896966146189199e-08
3.5500000000000003 3.9131999139129045e-08
3.555 3.890563590825804e-08
3.56 3.842510035630955e-08
3.565 3.8322688919294855e-08
3.5700000000000003 3.8177251661068606e-08
3.575 3.8556192347984686e-08
3.58 3.7991319981285596e-08
3.585 3.777515462231247e-08
3.59 3.7899293022366254e-08
3.595 3.747299653616305e-08
3.6 3.729940352639582e-08
3.605 3.712841171761288e-08
3.61 3.741924172560193e-08
3.615 3.7109009160188255e-08
3.62 3.751521135743555e-08
3.625 3.678314631724764e-08
3.63 3.6850416501793994e-08
3.6350000000000002 3.647412357422946e-08
3.64 3.6632533325543125e-08
3.645 3.6423118122664346e-08
3.65 3.656609042480935e-08
3.6550000000000002 3.6134757598744487e-08
3.66 3.5787562716922064e-08
3.665 3.644039052617904e-08
3.67 3.6636502269782296e-08
3.6750000000000003 3.60727833220375e-08
3.68 3.644605070924122e-08
3.685 3.577723107047646e-08
3.69 3.5290490994811805e-08
3.6950000000000003 3.52070083290018e-08
3.7 3.6014908025417016e-08
3.705 3.577856441658959e-08
3.71 3.533389047198311e-08
3.715 3.478346879447822e-08
3.72 3.493332486884697e-08
3.725 3.526236870134669e-08
3.73 3.444650094684973e-08
3.735 3.4522968899986423e-08
3.74 3.4074875121931e-08
3.745 3.4574065101849485e-08
3.75 3.3690607008841294e-08
3.755 3.516294937890584e-08
3.7600000000000002 3.4227093963889863e-08
3.765 3.399143772702748e-08
3.77 3.4000747803662634e-08
3.775 3.381229670217181e-08
3.7800000000000002 3.401316144887105e-08
3.785 3.3840694239914664e-08
3.79 3.342608080236668e-08
3.795 3.378487466576811e-08
3.8000000000000003 3.398337693100358e-08
3.805 3.33177681588042e-08
3.81 3.3766144269130285e-08
3.815 3.354068637137046e-08
3.8200000000000003 3.343569391797793e-08
3.825 3.303543207451772e-08
3.83 3.3145697595897655e-08
3.835 3.3038859461314366e-08
3.84 3.2669458967523477e-08
3.845 3.288722703457301e-08
3.85 3.2721373610260996e-08
3.855 3.2644152472207746e-08
3.86 3.2275475851888595e-08
3.865 3.320225135612025e-08
3.87 3.2460524474476446e-08
3.875 3.221403685914946e-08
3.88 3.21393020491031e-08
3.8850000000000002 3.25471395760359e-08
3.89 3.1979844499560864e-08
3.895 3.1984452485010896e-08
3.9 3.219754967447983e-08
3.9050000000000002 3.1258914840133435e-08
3.91 3.156548657442847e-08
3.915 3.15345859945317e-08
3.92 3.123461473667947e-08
3.9250000000000003 3.0908235841687104e-08
3.93 3.134266846343136e-08
3.935 3.129148679406363e-08
3.94 3.18693493293429e-08
3.9450000000000003 3.1083910042280695e-08
3.95 3.1339096703661654e-08
3.955 3.064445643671683e-08
3.96 3.0392515356888e-08
3.9650000000000003 3.072679115396851e-08
3.97 3.070704161814794e-08
3.975 3.04348192262509e-08
3.98 3.0092589601208734e-08
3.985 3.1183305729257096e-08
3.99 3.006793075993622e-08
3.995 3.059982087625977e-08
4.0 3.01994621460883e-08
4.005 3.000511891675605e-08
4.01 2.9772865896796154e-08
4.015 3.093675771667318e-08
4.0200000000000005 2.9576591715530304e-08
4.025 2.9758969876838987e-08
4.03 2.9793710256134573e-08
4.035 3.0072244526664034e-08
4.04 2.9293434591966418e-08
4.045 2.9488542472635543e-08
4.05 2.9025368776601997e-08
4.055 2.8449447207600743e-08
4.0600000000000005 2.916835256182086e-08
4.065 2.9493448812452323e-08
4.07 2.91372546277898e-08
4.075 2.882110915972542e-08
4.08 2.8941143098559222e-08
4.085 2.82306731467451e-08
4.09 2.8384066430268993e-08
4.095 2.8897235616325723e-08
4.1 2.8598460566300755e-08
4.105 2.8915786441339073e-08
4.11 2.8266535654291598e-08
4.115 2.8806971600741834e-08
4.12 2.7473340047710203e-08
4.125 2.834287103489765e-08
4.13 2.8342313339640472e-08
4.135 2.8579553899164108e-08
4.14 2.845681591003541e-08
4.1450000000000005 2.795908036546374e-08
4.15 2.843974196301537e-08
4.155 2.8347441273767445e-08
4.16 2.7396442684974912e-08
4.165 2.7925501814384788e-08
4.17 2.725625584255156e-08
4.175 2.7978026269358415e-08
4.18 2.7127446136234958e-08
4.1850000000000005 2.7626511420344358e-08
4.19 2.7503056092922373e-08
4.195 2.7215747675926845e-08
4.2 2.669082474203605e-08
4.205 2.7743726567555477e-08
4.21 2.685602684867319e-08
4.215 2.7009224247848874e-08
4.22 2.7754931270825087e-08
4.225 2.7325863387386877e-08
4.23 2.693727705761861e-08
4.235 2.6404605933336675e-08
4.24 2.695224757317327e-08
4.245 2.6993424932929422e-08
4.25 2.692375993683083e-08
4.255 2.7039485377500592e-08
4.26 2.663368470214568e-08
4.265 2.6451034234777073e-08
4.2700000000000005 2.6021252303076792e-08
4.275 2.650451396639414e-08
4.28 2.644603801182675e-08
4.285 2.6129424498168986e-08
4.29 2.6311291030451447e-08
4.295 2.631764117149672e-08
4.3 2.6426047551496306e-08
4.305 2.6258088880537628e-08
4.3100000000000005 2.5860300014185295e-08
4.315 2.5777004179708768e-08
4.32 2.5455732646139963e-08
4.325 2.638241364943454e-08
4.33 2.590546844339224e-08
4.335 2.5541609211043744e-08
4.34 2.5091179781092045e-08
4.345 2.565834635378351e-08
4.3500000000000005 2.541978532664946e-08
4.355 2.5465179771485146e-08
4.36 2.493444825089248e-08
4.365 2.548920178907636e-08
4.37 2.5750007625273774e-08
4.375 2.4778299816703772e-08
4.38 2.5428537010282213e-08
4.385 2.467148478657389e-08
4.39 2.5595525202807978e-08
4.3950000000000005 2.496117847305792e-08
4.4 2.4116156382803546e-08
4.405 2.4547096699614578e-08
4.41 2.4478663680791672e-08
4.415 2.466856085751418e-08
4.42 2.5003920993392006e-08
4.425 2.426223407791693e-08
4.43 2.4460700233688307e-08
4.4350000000000005 2.4304998139863077e-08
4.44 2.452056923012066e-08
4.445 2.4532830246467702e-08
4.45 2.433060087513696e-08
4.455 2.4417208422812903e-08
4.46 2.4318735769726675e-08
4.465 2.4658038524278137e-08
4.47 2.3685338140852866e-08
4.4750000000000005 2.4058508476100017e-08
4.48 2.4063680018768407e-08
4.485 2.3890276904157355e-08
4.49 2.3871130194679943e-08
4.495 2.387014425701603e-08
4.5 2.3876101249921955e-08
4.505 2.390584413620575e-08
4.51 2.394357632287084e-08
4.515 2.3439072337646238e-08
4.5200000000000005 2.2949334433201928e-08
4.525 2.3889177588216756e-08
4.53 2.3638066611563784e-08
4.535 2.315132601355637e-08
4.54 2.2986876848840806e-08
4.545 2.304741250553821e-08
4.55 2.311500621916227e-08
4.555 2.3358136126009892e-08
4.5600000000000005 2.2869639526444337e-08
4.565 2.2875099867801712e-08
4.57 2.3315228744405794e-08
4.575 2.285050515543697e-08
4.58 2.3358398827446717e-08
4.585 2.26908416524126e-08
4.59 2.2869022226823037e-08
4.595 2.277566393940601e-08
4.6000000000000005 2.2535637427893683e-08
4.605 2.30166834426298e-08
4.61 2.306719456214116e-08
4.615 2.2674504267039263e-08
4.62 2.2713293109012803e-08
4.625 2.2730382916836133e-08
4.63 2.279278557191216e-08
4.635 2.253589607779093e-08
4.64 2.2678451523052494e-08
4.6450000000000005 2.2406371364092882e-08
4.65 2.2247260590945454e-08
4.655 2.2235514930637437e-08
4.66 2.1925042621966688e-08
4.665 2.2522185850031805e-08
4.67 2.1928100014741816e-08
4.675 2.2268376622632868e-08
4.68 2.218423511040421e-08
4.6850000000000005 2.193098775344726e-08
4.69 2.178316168224618e-08
4.695 2.1608246960064372e-08
4.7 2.222864487623669e-08
4.705 2.1945110029018536e-08
4.71 2.1638544160383154e-08
4.715 2.2180904773104694e-08
4.72 2.148271715672016e-08
4.7250000000000005 2.197109606312944e-08
4.73 2.1523550861181988e-08
4.735 2.13306495259821e-08
4.74 2.1470376975105107e-08
4.745 2.165324703497309e-08
4.75 2.1415984093587935e-08
4.755 2.1770083718822598e-08
4.76 2.1505132594126497e-08
4.765 2.1132714804126506e-08
4.7700000000000005 2.1314239237735144e-08
4.775 2.1171270643817264e-08
4.78 2.1170027580010587e-08
4.785 2.1061819896424787e-08
4.79 2.1486742081750802e-08
4.795 2.1064056468697738e-08
4.8 2.1213079279151234e-08
4.805 2.1373635667961678e-08
4.8100000000000005 2.1276933624390662e-08
4.815 2.0833550678242672e-08
4.82 2.1314499214225672e-08
4.825 2.08358595863674e-08
4.83 2.09513084461014e-08
4.835 2.0816653536903665e-08
4.84 2.10587674308544e-08
4.845 2.0409268588911165e-08
4.8500000000000005 2.1217978469745393e-08
4.855 2.0460204057279112e-08
4.86 2.0802420903793927e-08
4.865 2.00533613988775e-08
4.87 2.0625404841736868e-08
4.875 2.0544303494774413e-08
4.88 2.0499320954714274e-08
4.885 2.030522071556182e-08
4.89 2.0555422224052334e-08
4.8950000000000005 2.031012879156577e-08
4.9 2.029441175466006e-08
4.905 2.0236565790411016e-08
4.91 1.995427730426766e-08
4.915 1.9784310437972335e-08
4.92 2.029475413894252e-08
4.925 2.0191933674863838e-08
4.93 1.9940828448610967e-08
4.9350000000000005 1.999506604264311e-08
4.94 1.9689881398491208e-08
4.945 2.023606359066995e-08
4.95 2.003828968629195e-08
4.955 2.003319841576588e-08
4.96 2.046978555245821e-08
4.965 1.9899316146085433e-08
4.97 1.9499374219851876e-08
4.9750000000000005 1.999684969692342e-08
4.98 1.9554222829855317e-08
4.985 1.9693623104674886e-08
4.99 1.9433426280961414e-08
4.995 2.0267315323713132e-08
5.0 1.949775701731434e-08
5.005 1.974654033435282e-08
5.01 1.9593638153950263e-08
5.015 1.9273146706091784e-08
5.0200000000000005 1.9296240166706774e-08
5.025 1.9156882529379293e-08
5.03 1.9224474392782816e-08
5.035 1.929447321904786e-08
5.04 1.9347449543077863e-08
5.045 1.908442748282849e-08
5.05 1.9477418434280807e-08
5.055 1.9395884094717193e-08
5.0600000000000005 1.894995171957865e-08
5.065 1.891942758278014e-08
5.07 1.936280843686025e-08
5.075 1.8970853987229855e-08
5.08 1.9489566993181155e-08
5.085 1.9058031841797117e-08
5.09 1.9293999121909965e-08
5.095 1.9012734420390026e-08
5.1000000000000005 1.900482757424686e-08
5.105 1.92370719686349e-08
5.11 1.8786998406965934e-08
5.115 1.8866948613607296e-08
5.12 1.883176484572335e-08
5.125 1.895743210609156e-08
5.13 1.837679702153343e-08
5.135 1.873521486632341e-08
5.14 1.8750002590245916e-08
5.1450000000000005 1.9027363545989995e-08
5.15 1.882748072127577e-08
5.155 1.829119663779738e-08
5.16 1.872038000011292e-08
5.165 1.8791937382524146e-08
5.17 1.8806501970851645e-08
5.175 1.8934510998560517e-08
5.18 1.8544714094931422e-08
5.1850000000000005 1.8374350625615324e-08
5.19 1.8160840255608158e-08
5.195 1.855238592379849e-08
5.2 1.847889558015275e-08
5.205 1.8535901493605068e-08
5.21 1.823345765933048e-08
5.215 1.8726822038838088e-08
5.22 1.794355722550446e-08
5.2250000000000005 1.8714486580079043e-08
5.23 1.829261926504876e-08
5.235 1.8009564529928293e-08
5.24 1.8181641175117638e-08
5.245 1.8185806080579325e-08
5.25 1.800095747319884e-08
5.255 1.8158361846041e-08
5.26 1.8247516819845847e-08
5.265 1.821942037255293e-08
5.2700000000000005 1.8430389834019125e-08
5.275 1.7857013462231325e-08
5.28 1.7951292926196736e-08
5.285 1.8033928258695583e-08
5.29 1.8279317271507924e-08
5.295 1.7984776104228314e-08
5.3 1.776934200657373e-08
5.305 1.7531365849577802e-08
5.3100000000000005 1.7574057157147896e-08
5.315 1.7854501539688882e-08
5.32 1.7992179921841065e-08
5.325 1.791727659239469e-08
5.33 1.7787175512242138e-08
5.335 1.765282408789405e-08
5.34 1.7496636055996965e-08
5.345 1.7740015886498284e-08
5.3500000000000005 1.7357924890953698e-08
5.355 1.7522098996321327e-08
5.36 1.7638821789337267e-08
5.365 1.7019954482357753e-08
5.37 1.7380547852535412e-08
5.375 1.7348643563476824e-08
5.38 1.758072913623834e-08
5.385 1.7501517643665308e-08
5.39 1.7471961886937675e-08
5.3950000000000005 1.7882432994056896e-08
5.4 1.77419306837097e-08
5.405 1.7237221606017867e-08
5.41 1.765830632674493e-08
5.415 1.739876978326943e-08
5.42 1.7558069658286454e-08
5.425 1.7156514431603382e-08
5.43 1.7503868219576685e-08
5.4350000000000005 1.7427664465619432e-08
5.44 1.7143517704126928e-08
5.445 1.690591718877296e-08
5.45 1.76247176470795e-08
5.455 1.7204700608869836e-08
5.46 1.716858967425662e-08
5.465 1.7137634250601815e-08
5.47 1.7369872736694437e-08
5.4750000000000005 1.731505037054588e-08
5.48 1.7113648854146843e-08
5.485 1.702827576496657e-08
5.49 1.6994625432373984e-08
5.495 1.6569861249871058e-08
5.5 1.689496583678819e-08
5.505 1.6762625348211792e-08
5.51 1.6819450963219187e-08
5.515 1.6947972129919437e-08
5.5200000000000005 1.7343163368302483e-08
5.525 1.6735215888821132e-08
5.53 1.654042459503e-08
5.535 1.700857872650787e-08
5.54 1.6740535597556226e-08
5.545 1.7135904150871624e-08
5.55 1.680461397851497e-08
5.555 1.7152956746985837e-08
5.5600000000000005 1.6964835324955207e-08
5.565 1.6877867169231854e-08
5.57 1.6923096997377513e-08
5.575 1.679680595869507e-08
5.58 1.6598541735890182e-08
5.585 1.6582517266267284e-08
5.59 1.67899022562879e-08
5.595 1.6756800663594666e-08
5.6000000000000005 1.6502693551800256e-08
5.605 1.6769050832360453e-08
5.61 1.6805213685910882e-08
5.615 1.639375909792155e-08
5.62 1.680043105461951e-08
5.625 1.674948071516388e-08
5.63 1.6559660972371977e-08
5.635 1.629027468456689e-08
5.64 1.6712326091811624e-08
5.6450000000000005 1.6431467968372746e-08
5.65 1.63863085531669e-08
5.655 1.6476473341370888e-08
5.66 1.672940184422046e-08
5.665 1.625430318292685e-08
5.67 1.604441268079624e-08
5.675 1.6310944458298457e-08
5.68 1.6454247270636227e-08
5.6850000000000005 1.6251768340773638e-08
5.69 1.6329046128495148e-08
5.695 1.683013824808927e-08
5.7 1.6369423792235208e-08
5.705 1.6538683148926516e-08
5.71 1.631647656075415e-08
5.715 1.6222467549778415e-08
5.72 1.625104749096521e-08
5.7250000000000005 1.6372815406018872e-08
5.73 1.6209850212238246e-08
5.735 1.6634424620064415e-08
5.74 1.6284653176729873e-08
5.745 1.6467877081574973e-08
5.75 1.637836759530845e-08
5.755 1.652638405105124e-08
5.76 1.6454970927165796e-08
5.765 1.6129193628403682e-08
5.7700000000000005 1.6496762906706672e-08
5.775 1.5995141055267213e-08
5.78 1.576665319620027e-08
5.785 1.6085997902202964e-08
5.79 1.6225958997398387e-08
5.795 1.6201601384342107e-08
5.8 1.5894220569195103e-08
5.805 1.6057886761819352e-08
5.8100000000000005 1.5926043561625027e-08
5.815 1.6186498181249685e-08
5.82 1.5951060390713403e-08
5.825 1.5863394927953543e-08
5.83 1.5642403999508296e-08
5.835 1.6093199482087284e-08
5.84 1.5817841454974925e-08
5.845 1.58765692852794e-08
5.8500000000000005 1.5738476571334994e-08
5.855 1.5292220533351745e-08
5.86 1.5752309170113224e-08
5.865 1.5858796731262136e-08
5.87 1.5886468251429794e-08
5.875 1.6020340510305233e-08
5.88 1.5404382126035054e-08
5.885 1.5825384250893347e-08
5.89 1.5796581098962652e-08
5.8950000000000005 1.5969626341367182e-08
5.9 1.6026645720039648e-08
5.905 1.5797634928839127e-08
5.91 1.608216959009022e-08
5.915 1.5742005716381137e-08
5.92 1.6038993947193018e-08
5.925 1.550823142783537e-08
5.93 1.5842740401680502e-08
5.9350000000000005 1.5718644390106724e-08
5.94 1.5997241611973302e-08
5.945 1.5717707405576453e-08
5.95 1.5641172354531575e-08
5.955 1.557033400714214e-08
5.96 1.5870648093619813e-08
5.965 1.5746458561276987e-08
5.97 1.543024707133991e-08
5.9750000000000005 1.5885771610773903e-08
5.98 1.5516936236343708e-08
5.985 1.5720319557576994e-08
5.99 1.5745454822890214e-08
5.995 1.577400021491945e-08
6.0 1.5432615070579907e-08
6.005 1.5299266543970404e-08
6.01 1.558865355913774e-08
6.015000000000001 1.5199601723805825e-08
6.0200000000000005 1.5766507915211837e-08
6.025 1.5450924410823678e-08
6.03 1.5817239232471348e-08
6.035 1.5760545669297627e-08
6.04 1.596915677098542e-08
6.045 1.545670303006879e-08
6.05 1.5730055442553275e-08
6.055 1.532309592953883e-08
6.0600000000000005 1.571082005775749e-08
6.065 1.5315982154152132e-08
6.07 1.5289362983862767e-08
6.075 1.547647643716675e-08
6.08 1.5245555196209392e-08
6.085 1.5551064724887327e-08
6.09 1.4939194351684944e-08
6.095 1.5514203589051627e-08
6.1000000000000005 1.5111739273405486e-08
6.105 1.523833347260199e-08
6.11 1.5418965248900995e-08
6.115 1.5461835213393537e-08
6.12 1.5424800239337166e-08
6.125 1.5431587988676913e-08
6.13 1.518954985458706e-08
6.135 1.5273591504648585e-08
6.140000000000001 1.531519053930991e-08
6.1450000000000005 1.5447081072245004e-08
6.15 1.5209336717865633e-08
6.155 1.5268568545195818e-08
6.16 1.522093245240004e-08
6.165 1.530387263431155e-08
6.17 1.5149052674585197e-08
6.175 1.5175491205169207e-08
6.18 1.5430959687767312e-08
6.1850000000000005 1.50560353908979e-08
6.19 1.5249448802591316e-08
6.195 1.5047665635524922e-08
6.2 1.50224716013733e-08
6.205 1.522987162121502e-08
6.21 1.5008861299363256e-08
6.215 1.5033626582007023e-08
6.22 1.5156919738773463e-08
6.2250000000000005 1.5250187384272902e-08
6.23 1.5044784039064697e-08
6.235 1.501039947351086e-08
6.24 1.535152179433805e-08
6.245 1.5383893377895447e-08
6.25 1.515204908417632e-08
6.255 1.54488987672862e-08
6.26 1.52244372859991e-08
6.265000000000001 1.5314410649032133e-08
6.2700000000000005 1.5311858660111764e-08
6.275 1.4972299482033327e-08
6.28 1.4785162958848579e-08
6.285 1.5375583591635825e-08
6.29 1.535111955890195e-08
6.295 1.5152233359012003e-08
6.3 1.511476420912424e-08
6.305 1.5132945010255904e-08
6.3100000000000005 1.5048205814585182e-08
6.315 1.5350839666908894e-08
6.32 1.502300522422245e-08
6.325 1.50813655698607e-08
6.33 1.4577053458331702e-08
6.335 1.4593841284405803e-08
6.34 1.5186468725588068e-08
6.345 1.509947124437606e-08
6.3500000000000005 1.544974125199877e-08
6.355 1.4956679514346046e-08
6.36 1.500133276946717e-08
6.365 1.493283870689834e-08
6.37 1.494347670840297e-08
6.375 1.4697419856829334e-08
6.38 1.4738379128288658e-08
6.385 1.5041027450151866e-08
6.390000000000001 1.51391160425902e-08
6.3950000000000005 1.4730304301804585e-08
6.4 1.4707945731877118e-08
6.405 1.5172464380516562e-08
6.41 1.5112268775012577e-08
6.415 1.4929161116384715e-08
6.42 1.4804428117845251e-08
6.425 1.50181968879096e-08
6.43 1.5215259521633303e-08
6.4350000000000005 1.474872361152084e-08
6.44 1.4701910323185162e-08
6.445 1.4737959745803177e-08
6.45 1.48029616941216e-08
6.455 1.4880054210135594e-08
6.46 1.493042582591142e-08
6.465 1.4978832395033512e-08
6.47 1.4703852142320246e-08
6.4750000000000005 1.4856278410488187e-08
6.48 1.4578626776414246e-08
6.485 1.4857420037707854e-08
6.49 1.4578118760912116e-08
6.495 1.51779623012299e-08
6.5 1.509003175895246e-08
6.505 1.4956165792396263e-08
6.51 1.482971756319926e-08
6.515000000000001 1.4634797751246678e-08
6.5200000000000005 1.4523009289201834e-08
6.525 1.4541939853435142e-08
6.53 1.4624023796803852e-08
6.535 1.4669139745088117e-08
6.54 1.479226492632285e-08
6.545 1.4851313869073734e-08
6.55 1.4608813821326487e-08
6.555 1.4363764435567697e-08
6.5600000000000005 1.4689047014343956e-08
6.565 1.4468864544060685e-08
6.57 1.4771821817475687e-08
6.575 1.4736887500562768e-08
6.58 1.4659223700053424e-08
6.585 1.4376294713760592e-08
6.59 1.472077838786369e-08
6.595 1.4592076521249058e-08
6.6000000000000005 1.4624743220903517e-08
6.605 1.4721314751237505e-08
6.61 1.4607632331500781e-08
6.615 1.4504903150850384e-08
6.62 1.4596601785886254e-08
6.625 1.455507187146932e-08
6.63 1.4428704128647607e-08
6.635 1.4300257171056055e-08
6.640000000000001 1.4514997910788815e-08
6.6450000000000005 1.4492034080809477e-08
6.65 1.4396564901829692e-08
6.655 1.4575717577359109e-08
6.66 1.4226591945157531e-08
6.665 1.4881188919380946e-08
6.67 1.4670738232711281e-08
6.675 1.4597593080559205e-08
6.68 1.477702899974203e-08
6.6850000000000005 1.4501666846975019e-08
6.69 1.444045920653944e-08
6.695 1.4451482214223764e-08
6.7 1.4440440210359025e-08
6.705 1.44439284434216e-08
6.71 1.489927957621905e-08
6.715 1.4138823508377485e-08
6.72 1.4412034046742725e-08
6.7250000000000005 1.4488048599228108e-08
6.73 1.4074944344677376e-08
6.735 1.4713106328856603e-08
6.74 1.4084534874106505e-08
6.745 1.4021546322483774e-08
6.75 1.4246887258146946e-08
6.755 1.4488854962239569e-08
6.76 1.4366952839996398e-08
6.765000000000001 1.4235742692897217e-08
6.7700000000000005 1.407979418888332e-08
6.775 1.4262959123664043e-08
6.78 1.4506818784378741e-08
6.785 1.4011887758536156e-08
6.79 1.4302181198622894e-08
6.795 1.4452535125387749e-08
6.8 1.4534949123191371e-08
6.805 1.4530443146602256e-08
6.8100000000000005 1.4250802520762609e-08
6.815 1.4181937783394707e-08
6.82 1.4055047808111356e-08
6.825 1.4013417329667706e-08
6.83 1.429334988054182e-08
6.835 1.4406245269546314e-08
6.84 1.4083530207298785e-08
6.845 1.4011661724802509e-08
6.8500000000000005 1.4495484535707747e-08
6.855 1.4234491107386794e-08
6.86 1.3939071398945257e-08
6.865 1.4178608263379718e-08
6.87 1.4163087863479616e-08
6.875 1.3888751154859357e-08
6.88 1.4082438628273507e-08
6.885 1.4170077940593108e-08
6.890000000000001 1.4589923089557401e-08
6.8950000000000005 1.413914899738716e-08
6.9 1.4342434275696489e-08
6.905 1.4140018800205787e-08
6.91 1.4174749111203045e-08
6.915 1.4194319389321789e-08
6.92 1.4259537798097337e-08
6.925 1.416815215696184e-08
6.93 1.4249932911476367e-08
6.9350000000000005 1.4171978116258302e-08
6.94 1.384626208060754e-08
6.945 1.3830919115499532e-08
6.95 1.4350846248821367e-08
6.955 1.400225324524368e-08
6.96 1.3838213623337825e-08
6.965 1.3654688650737952e-08
6.97 1.390028801920394e-08
6.9750000000000005 1.4068108777214303e-08
6.98 1.4187360654443452e-08
6.985 1.3970661020051565e-08
6.99 1.3901559727084502e-08
6.995 1.3760689904285353e-08
7.0 1.3859902137739126e-08
7.005 1.3720287375484356e-08
7.01 1.3664209532424166e-08
7.015000000000001 1.4008099077879196e-08
7.0200000000000005 1.4108138495259683e-08
7.025 1.3817469648186639e-08
7.03 1.3806563100020721e-08
7.035 1.354202414827116e-08
7.04 1.3711148831142758e-08
7.045 1.4111336455252857e-08
7.05 1.4023844187808394e-08
7.055 1.3683619754702747e-08
7.0600000000000005 1.3809971857881313e-08
7.065 1.3682229051491687e-08
7.07 1.3536222096585307e-08
7.075 1.3888985556674342e-08
7.08 1.3927584045044761e-08
7.085 1.4240249153020398e-08
7.09 1.3707397358318357e-08
7.095 1.3903236296744774e-08
7.1000000000000005 1.3956977319308405e-08
7.105 1.3475669726222438e-08
7.11 1.3812419822838609e-08
7.115 1.3825318524212383e-08
7.12 1.401445737209028e-08
7.125 1.3316175853909643e-08
7.13 1.3668667883637075e-08
7.135 1.3538944170956096e-08
7.140000000000001 1.3514885364292056e-08
7.1450000000000005 1.3469718124700808e-08
7.15 1.3752044588386307e-08
7.155 1.3887429290878807e-08
7.16 1.3389280030119558e-08
7.165 1.349872871147339e-08
7.17 1.3547411987462732e-08
7.175 1.3889854273528507e-08
7.18 1.356389321755482e-08
7.1850000000000005 1.3588376883592335e-08
7.19 1.3625711131955348e-08
7.195 1.3714638273609934e-08
7.2 1.3185283634683438e-08
7.205 1.3482152419695265e-08
7.21 1.3536654988046831e-08
7.215 1.3680709720239538e-08
7.22 1.3455393186839772e-08
7.2250000000000005 1.3674174049403828e-08
7.23 1.3343544978800098e-08
7.235 1.3606234284257735e-08
7.24 1.3093639862962008e-08
7.245 1.3467170366492957e-08
7.25 1.3376546652091225e-08
7.255 1.3415436826387725e-08
7.26 1.3576240340471213e-08
7.265000000000001 1.349603447831877e-08
7.2700000000000005 1.336631031004065e-08
7.275 1.3582754560648791e-08
7.28 1.3328825983964641e-08
7.285 1.3377374189997125e-08
7.29 1.3590272342518167e-08
7.295 1.3323149073415721e-08
7.3 1.302311638228389e-08
7.305 1.3125339734898882e-08
7.3100000000000005 1.3401110821709808e-08
7.315 1.3113303578788224e-08
7.32 1.336225129433772e-08
7.325 1.3138195445291647e-08
7.33 1.3241073301423541e-08
7.335 1.2874829774092693e-08
7.34 1.3209726969839677e-08
7.345 1.2916377158521853e-08
7.3500000000000005 1.3136853496904214e-08
7.355 1.3150898658866946e-08
7.36 1.3245901013832159e-08
7.365 1.3153393976226323e-08
7.37 1.308181623331458e-08
7.375 1.341416515844681e-08
7.38 1.3045962146248322e-08
7.385 1.3168018153023071e-08
7.390000000000001 1.3141307800320832e-08
7.3950000000000005 1.3107222489279416e-08
7.4 1.2763203533001865e-08
7.405 1.3432325423471315e-08
7.41 1.3054832336277837e-08
7.415 1.3460514858938284e-08
7.42 1.3295866169778161e-08
7.425 1.3037817927858826e-08
7.43 1.3342854853260384e-08
7.4350000000000005 1.2989190986342523e-08
7.44 1.2940822391536253e-08
7.445 1.293999987410373e-08
7.45 1.3039541375872917e-08
7.455 1.3139436626430645e-08
7.46 1.3152447886566166e-08
7.465 1.3002239991865814e-08
7.47 1.2994199586882143e-08
7.4750000000000005 1.2818661725754183e-08
7.48 1.3218932003522986e-08
7.485 1.273258347473198e-08
7.49 1.3098240241072114e-08
7.495 1.2628616803322762e-08
7.5 1.2953806657525431e-08
7.505 1.2816796510286154e-08
7.51 1.2950629907955147e-08
7.515000000000001 1.2984344976550657e-08
7.5200000000000005 1.2573191332266146e-08
7.525 1.2942973037490431e-08
7.53 1.2587061972551119e-08
7.535 1.2651086135079197e-08
7.54 1.2658957693002218e-08
7.545 1.2614789643215005e-08
7.55 1.2523040919910714e-08
7.555 1.2837419227454425e-08
7.5600000000000005 1.2916856913982123e-08
7.565 1.253444889210898e-08
7.57 1.2837314413447945e-08
7.575 1.2763444868838685e-08
7.58 1.2598326762617627e-08
7.585 1.2734156070757084e-08
7.59 1.2476952180073321e-08
7.595 1.2556226106684244e-08
7.6000000000000005 1.2717992373562516e-08
7.605 1.2666334405911249e-08
7.61 1.26181800408332e-08
7.615 1.2376543967427971e-08
7.62 1.2345144541199195e-08
7.625 1.2641997892831907e-08
7.63 1.2631899312221702e-08
7.635 1.2315803474416053e-08
7.640000000000001 1.254166754581915e-08
7.6450000000000005 1.259482388391218e-08
7.65 1.2571570064980904e-08
7.655 1.263840231582257e-08
7.66 1.23692205463352e-08
7.665 1.2340933091009701e-08
7.67 1.2796299017105045e-08
7.675 1.2681556726175432e-08
7.68 1.257128793966127e-08
7.6850000000000005 1.263580647731142e-08
7.69 1.238286060764792e-08
7.695 1.246168020460743e-08
7.7 1.2347348842554272e-08
7.705 1.2360135566158123e-08
7.71 1.2406648457834194e-08
7.715 1.1997509160735422e-08
7.72 1.2299443450308133e-08
7.7250000000000005 1.2169068617666177e-08
7.73 1.2378183612177448e-08
7.735 1.232391838221247e-08
7.74 1.2093127569783326e-08
7.745 1.227209918266174e-08
7.75 1.2229548141107534e-08
7.755 1.2240418986196245e-08
7.76 1.2297891771508808e-08
7.765000000000001 1.227662933016267e-08
7.7700000000000005 1.2281807294244234e-08
7.775 1.198917936635133e-08
7.78 1.217446597045748e-08
7.785 1.2240891735247961e-08
7.79 1.2109559501797277e-08
7.795 1.2229320370163222e-08
7.8 1.2184878887401729e-08
7.805000000000001 1.238151083462473e-08
7.8100000000000005 1.2181376834710587e-08
7.815 1.2224299610323082e-08
7.82 1.2181390052158974e-08
7.825 1.1902740903949984e-08
7.83 1.1941889031923462e-08
7.835 1.2134837346828435e-08
7.84 1.1816050980770456e-08
7.845 1.1800872883012387e-08
7.8500000000000005 1.2031892455980586e-08
7.855 1.1943290406597113e-08
7.86 1.2145406239952186e-08
7.865 1.1994279548015189e-08
7.87 1.1884492032895203e-08
7.875 1.1850435761497984e-08
7.88 1.1825494497566184e-08
7.885 1.1571743424035472e-08
7.890000000000001 1.1689813940813757e-08
7.8950000000000005 1.1842084136039698e-08
7.9 1.1671685508895948e-08
7.905 1.19658579928355e-08
7.91 1.1813591675730913e-08
7.915 1.1470442502151275e-08
7.92 1.1542595946152143e-08
7.925 1.1428423939292342e-08
7.930000000000001 1.1534131072038739e-08
7.9350000000000005 1.180214921585717e-08
7.94 1.152181700052203e-08
7.945 1.1680829401597614e-08
7.95 1.1671147205390316e-08
7.955 1.1357828501425583e-08
7.96 1.1595846488240134e-08
7.965 1.1525784642691095e-08
7.97 1.1647552547990949e-08
7.9750000000000005 1.1503770560183436e-08
7.98 1.1524653883888556e-08
7.985 1.1402848523682104e-08
7.99 1.1309265532422786e-08
7.995 1.1559105194161076e-08
8.0 1.1549949075947123e-08
8.25 5.513058397637941e-07
8.5 5.087540000659483e-07
8.75 4.6646308872802936e-07
9.0 4.271460690268148e-07
9.25 3.910639712077962e-07
9.5 3.5945271748007383e-07
9.75 3.331371813978566e-07
10.0 3.081781883160154e-07
10.25 2.881920757521941e-07
10.5 2.6850656597799567e-07
10.75 2.5196535646556514e-07
11.0 2.3635693990827922e-07
11.25 2.24168888838288e-07
11.5 2.1072381688390588e-07
11.75 1.9908852793483958e-07
12.0 1.8741637250669759e-07
12.25 1.7801634224747105e-07
12.5 1.6934020687398534e-07
12.75 1.600686131995916e-07
13.0 1.5250134783815333e-07
13.25 1.4395459218740638e-07
13.5 1.3748895085110487e-07
13.75 1.3061906354622775e-07
14.0 1.2427520353225895e-07
14.25 1.1893679824969e-07
14.5 1.1289845730209924e-07
14.75 1.081634990935877e-07
15.0 1.025133959032417e-07
15.25 9.906992834925125e-08
15.5 9.398433660740127e-08
15.75 8.8862900343863e-08
16.0 8.55763536115732e-08
16.25 8.120584619141492e-08
16.5 7.828957531545326e-08
16.75 7.396146580156941e-08
17.0 7.097243965210814e-08
17.25 6.830463500781491e-08
17.5 6.495068711710915e-08
17.75 6.242543964248298e-08
18.0 5.97761689013892e-08
18.25 5.687051983591624e-08
18.5 5.390600118318279e-08
18.75 5.223892054121283e-08
19.0 5.004990525148294e-08
19.25 4.7154584295664375e-08
19.5 4.549770401196559e-08
19.75 4.365833303355499e-08
