0.005 4.392443746801023e-11
0.01 4.547097232986933e-09
0.015 2.222815367523518e-08
0.02 3.740168202420396e-08
0.025 5.1485809472221514e-08
0.03 6.561673603464826e-08
0.035 7.987265566342743e-08
0.04 9.413671411206058e-08
0.045 1.0813779018318585e-07
0.05 1.205769846921114e-07
0.055 1.2966443476544975e-07
0.06 1.3593284473706408e-07
0.065 1.4018439325092634e-07
0.07 1.4088550644989535e-07
0.075 1.3511482654746845e-07
0.08 1.2519468759244397e-07
0.085 1.1362308128589833e-07
0.09 1.0218290093322994e-07
0.095 9.193719868325475e-08
0.1 8.328113355907307e-08
0.105 7.617964510498909e-08
0.11 7.091963158078504e-08
0.115 6.70703235722615e-08
0.12 6.430711295485363e-08
0.125 6.238831364065546e-08
0.13 6.07960807447903e-08
0.135 5.967458681544075e-08
0.14 5.871595864215402e-08
0.145 5.787844812247487e-08
0.15 5.7245408397784624e-08
0.155 5.6728005729758875e-08
0.16 5.61178954253739e-08
0.165 5.5578257002852796e-08
0.17 5.495805573519121e-08
0.17500000000000002 5.45609298621506e-08
0.18 5.413951523370067e-08
0.185 5.3752150442174424e-08
0.19 5.3293819675858096e-08
0.195 5.2889376276592546e-08
0.2 5.259756988447345e-08
0.20500000000000002 5.232135352101628e-08
0.21 5.185765339852326e-08
0.215 5.1474466813154704e-08
0.22 5.116435750756103e-08
0.225 5.0836274827031516e-08
0.23 5.053292242491256e-08
0.23500000000000001 5.0423882363271776e-08
0.24 5.014885511053404e-08
0.245 4.980852921148405e-08
0.25 4.996517995789128e-08
0.255 4.966880283588121e-08
0.26 4.9349104167225705e-08
0.265 4.9196021772090294e-08
0.27 4.909511019970814e-08
0.275 4.909560338984343e-08
0.28 4.86818422486364e-08
0.28500000000000003 4.856863788921374e-08
0.29 4.84668154773085e-08
0.295 4.8404674049660646e-08
0.3 4.8221844331908983e-08
0.305 4.837850773098105e-08
0.31 4.8426871894949266e-08
0.315 4.842964770725046e-08
0.32 4.810461312518584e-08
0.325 4.8344006244255405e-08
0.33 4.8421189631125974e-08
0.335 4.8142614679632257e-08
0.34 4.837644528428351e-08
0.34500000000000003 4.8344864283750264e-08
0.35000000000000003 4.844336169440614e-08
0.355 4.827246906455233e-08
0.36 4.809402407628861e-08
0.365 4.801529869455742e-08
0.37 4.799915515803842e-08
0.375 4.7930158202080386e-08
0.38 4.8111584415254945e-08
0.385 4.822761197135423e-08
0.39 4.801556066119279e-08
0.395 4.7918847851427124e-08
0.4 4.787715706633884e-08
0.405 4.7848065186669025e-08
0.41000000000000003 4.779586104936683e-08
0.41500000000000004 4.7840546511553854e-08
0.42 4.806885417797278e-08
0.425 4.798183512268771e-08
0.43 4.780984576463428e-08
0.435 4.78250034597723e-08
0.44 4.816404821226967e-08
0.445 4.8746623277147005e-08
0.45 4.8181273483782296e-08
0.455 4.805821435465257e-08
0.46 4.812202875683544e-08
0.465 4.837913427243544e-08
0.47000000000000003 4.846206154430642e-08
0.47500000000000003 4.846151076338637e-08
0.48 4.8535233152500344e-08
0.485 4.8435863833731576e-08
0.49 4.861447743779786e-08
0.495 4.896342680108315e-08
0.5 4.919906278292208e-08
0.505 4.857141546482878e-08
0.51 4.889002733845251e-08
0.515 4.89695277141604e-08
0.52 4.883924566518842e-08
0.525 4.906451862133178e-08
0.53 4.941513382945419e-08
0.535 4.952748962419915e-08
0.54 4.954388384039716e-08
0.545 4.957085934331337e-08
0.55 4.978683002458171e-08
0.555 5.02438304799506e-08
0.56 4.9581589214674344e-08
0.5650000000000001 5.012834950188328e-08
0.5700000000000001 5.003583336031466e-08
0.5750000000000001 5.033908710167995e-08
0.58 5.030727914896911e-08
0.585 5.0450798542418057e-08
0.59 5.0626355202304764e-08
0.595 5.0539921697756585e-08
0.6 5.063798314133965e-08
0.605 5.0820629761222335e-08
0.61 5.067290634577407e-08
0.615 5.0935837659806536e-08
0.62 5.0972444881876293e-08
0.625 5.1097673576068646e-08
0.63 5.1318329472968744e-08
0.635 5.118506110490358e-08
0.64 5.097967616677169e-08
0.645 5.152905561794448e-08
0.65 5.182755998595781e-08
0.655 5.139088441164517e-08
0.66 5.125439611961775e-08
0.665 5.1609412883658554e-08
0.67 5.2100725317873505e-08
0.675 5.181441527716309e-08
0.68 5.217501181918488e-08
0.685 5.192236272827445e-08
0.6900000000000001 5.204927743284981e-08
0.6950000000000001 5.199109236043303e-08
0.7000000000000001 5.1938308766145335e-08
0.705 5.214982218918351e-08
0.71 5.206754943496382e-08
0.715 5.2137850372718484e-08
0.72 5.2064724673134054e-08
0.725 5.2336507809422936e-08
0.73 5.242150031956614e-08
0.735 5.2379252302150645e-08
0.74 5.213436385717427e-08
0.745 5.258778606195494e-08
0.75 5.216273697744647e-08
0.755 5.2742215086833664e-08
0.76 5.2623137335547855e-08
0.765 5.250200840149959e-08
0.77 5.2479951001746395e-08
0.775 5.254862861083115e-08
0.78 5.245944037295047e-08
0.785 5.263584276587864e-08
0.79 5.2598548335072345e-08
0.795 5.263748873707599e-08
0.8 5.2818372832997455e-08
0.805 5.270997873440453e-08
0.81 5.283636375941431e-08
0.8150000000000001 5.2735154227142226e-08
0.8200000000000001 5.261070399092437e-08
0.8250000000000001 5.268699476290118e-08
0.8300000000000001 5.297259055271316e-08
0.835 5.29490678202573e-08
0.84 5.294655581912785e-08
0.845 5.3030803473818055e-08
0.85 5.291629197418354e-08
0.855 5.26440733563515e-08
0.86 5.3005475740357075e-08
0.865 5.234916602610749e-08
0.87 5.27218586555424e-08
0.875 5.2445133536580725e-08
0.88 5.2771261695383865e-08
0.885 5.334204083160727e-08
0.89 5.3581340307207744e-08
0.895 5.2862826668024405e-08
0.9 5.304572405124777e-08
0.905 5.314518718037243e-08
0.91 5.2737962196753624e-08
0.915 5.270765854799875e-08
0.92 5.292368863950752e-08
0.925 5.282514730755381e-08
0.93 5.3480532244862406e-08
0.935 5.234595233699452e-08
0.9400000000000001 5.307612895844345e-08
0.9450000000000001 5.268081388149386e-08
0.9500000000000001 5.2855718346543906e-08
0.9550000000000001 5.2929782421244455e-08
0.96 5.262068285146189e-08
0.965 5.2243997086277363e-08
0.97 5.268829346207838e-08
0.975 5.2301399038150514e-08
0.98 5.257266758193149e-08
0.985 5.263942634787616e-08
0.99 5.282322116183174e-08
0.995 5.266472273664513e-08
1.0 5.23924504914973e-08
1.0050000000000001 5.241218055411162e-08
1.01 5.284586655000636e-08
1.0150000000000001 5.2461983472176764e-08
1.02 5.249577103722824e-08
1.025 5.256678694372571e-08
1.03 5.20232020937236e-08
1.035 5.2246728030412126e-08
1.04 5.1942347606595794e-08
1.045 5.2545651918306625e-08
1.05 5.2308528435607324e-08
1.055 5.230546489334795e-08
1.06 5.169984828830826e-08
1.065 5.1550532815208e-08
1.07 5.1611650191105344e-08
1.075 5.176078024624128e-08
1.08 5.1531010533387556e-08
1.085 5.24757213206983e-08
1.09 5.178695079517627e-08
1.095 5.1777334284523206e-08
1.1 5.1438931114184934e-08
1.105 5.1612259149145395e-08
1.11 5.161530310340152e-08
1.115 5.172790541209433e-08
1.12 5.149874093681309e-08
1.125 5.114949650544959e-08
1.1300000000000001 5.093006557283014e-08
1.135 5.057590782621486e-08
1.1400000000000001 5.101188798513031e-08
1.145 5.069912654174456e-08
1.1500000000000001 5.122311812987203e-08
1.155 5.0917745055890133e-08
1.16 5.05934378252878e-08
1.165 4.969753286627146e-08
1.17 5.047832834468775e-08
1.175 5.01534148716941e-08
1.18 4.991410924820738e-08
1.185 4.9806735675136176e-08
1.19 5.025804787889739e-08
1.195 4.962139602051026e-08
1.2 4.955224409319087e-08
1.205 4.916536059494276e-08
1.21 4.8862936314097107e-08
1.215 4.896306683393161e-08
1.22 4.930858784412074e-08
1.225 4.873781502357072e-08
1.23 4.8859557556968754e-08
1.235 4.84232581914708e-08
1.24 4.8241191534811024e-08
1.245 4.910652769690656e-08
1.25 4.818222835808414e-08
1.2550000000000001 4.812516703836355e-08
1.26 4.7935175206160585e-08
1.2650000000000001 4.832307210672701e-08
1.27 4.78272783724458e-08
1.2750000000000001 4.803332351728582e-08
1.28 4.7153691418187654e-08
1.285 4.781274624040934e-08
1.29 4.7492840072169605e-08
1.295 4.669513329811835e-08
1.3 4.666382080043082e-08
1.305 4.672060229586632e-08
1.31 4.6513401387533316e-08
1.315 4.6441477881104777e-08
1.32 4.610025495478014e-08
1.325 4.578933737219777e-08
1.33 4.5459157512080224e-08
1.335 4.554685633059044e-08
1.34 4.5702361836800743e-08
1.345 4.489948952250167e-08
1.35 4.601686741679265e-08
1.355 4.49205554451642e-08
1.36 4.480943549949089e-08
1.365 4.5009926094402577e-08
1.37 4.482708316286392e-08
1.375 4.4618114788117365e-08
1.3800000000000001 4.429763182425645e-08
1.385 4.465440637542921e-08
1.3900000000000001 4.380449451047829e-08
1.395 4.35366032741836e-08
1.4000000000000001 4.406674654594229e-08
1.405 4.337136493526225e-08
1.41 4.329070761276377e-08
1.415 4.306851968670031e-08
1.42 4.302772373809411e-08
1.425 4.3301496777472826e-08
1.43 4.259433584776538e-08
1.435 4.2975829978681987e-08
1.44 4.2314403337252193e-08
1.445 4.1878103429578684e-08
1.45 4.2165799026674114e-08
1.455 4.227868459615232e-08
1.46 4.175200312492308e-08
1.465 4.192740091248419e-08
1.47 4.211234675942902e-08
1.475 4.2042752194672055e-08
1.48 4.090608687042526e-08
1.485 4.09941080936185e-08
1.49 4.092861328419203e-08
1.495 4.075463696922871e-08
1.5 4.0742088102405896e-08
1.5050000000000001 4.0625450289110066e-08
1.51 4.0101981721607625e-08
1.5150000000000001 4.020246293035614e-08
1.52 4.008688674516268e-08
1.5250000000000001 3.983057382945666e-08
1.53 3.979786132729271e-08
1.5350000000000001 3.978741135573784e-08
1.54 3.926871595581886e-08
1.545 3.954098362643627e-08
1.55 3.9425715106171805e-08
1.555 3.9141634752630116e-08
1.56 3.904493796894494e-08
1.565 3.881776296064883e-08
1.57 3.855142654055606e-08
1.575 3.851784794531235e-08
1.58 3.8543059146468e-08
1.585 3.8030065327612466e-08
1.59 3.734186979714123e-08
1.595 3.7886937002480976e-08
1.6 3.746150601320673e-08
1.605 3.746892023034184e-08
1.61 3.742477411583419e-08
1.615 3.695112683699751e-08
1.62 3.702757285787582e-08
1.625 3.6807920203106644e-08
1.6300000000000001 3.659541850899549e-08
1.635 3.6691117763617164e-08
1.6400000000000001 3.621105616224035e-08
1.645 3.6299103496420834e-08
1.6500000000000001 3.642387348369154e-08
1.655 3.615252658723812e-08
1.6600000000000001 3.5951073958434226e-08
1.665 3.617786393148285e-08
1.67 3.557032621981824e-08
1.675 3.515877329754237e-08
1.68 3.558308984625651e-08
1.685 3.534627288962433e-08
1.69 3.4813728315945165e-08
1.695 3.535549813057445e-08
1.7 3.460818249446939e-08
1.705 3.474094716612619e-08
1.71 3.474222034243251e-08
1.715 3.4122198355079775e-08
1.72 3.4412352346843525e-08
1.725 3.412250217992234e-08
1.73 3.4514652998859735e-08
1.735 3.35368789405046e-08
1.74 3.403396272982447e-08
1.745 3.34424497649402e-08
1.75 3.412704692828601e-08
1.7550000000000001 3.3133308439096654e-08
1.76 3.3061710399420407e-08
1.7650000000000001 3.2944472065907844e-08
1.77 3.2574664276354774e-08
1.7750000000000001 3.239914157145875e-08
1.78 3.2590057274525e-08
1.7850000000000001 3.28360170249144e-08
1.79 3.294174604078449e-08
1.795 3.1587923476359746e-08
1.8 3.234412213102915e-08
1.805 3.158953452900899e-08
1.81 3.193727568385951e-08
1.815 3.142388626777743e-08
1.82 3.1660895318204647e-08
1.825 3.1288950046097644e-08
1.83 3.176130665411981e-08
1.835 3.107515364803622e-08
1.84 3.091003669510778e-08
1.845 3.100239753659164e-08
1.85 3.1215154682884005e-08
1.855 3.0856111299111435e-08
1.86 3.048639083088085e-08
1.865 3.038997255439601e-08
1.87 3.1154534819582e-08
1.875 3.036550032516735e-08
1.8800000000000001 2.994534479865316e-08
1.885 2.996088387030068e-08
1.8900000000000001 2.9895474694898044e-08
1.895 2.978066495598823e-08
1.9000000000000001 2.9608502514922867e-08
1.905 2.9497380011492508e-08
1.9100000000000001 2.9275957179797404e-08
1.915 2.911090283322942e-08
1.92 2.941372621429726e-08
1.925 2.8942134916943144e-08
1.93 2.9018042898506473e-08
1.935 2.9031864900914097e-08
1.94 2.8706246995831915e-08
1.945 2.8446104629608052e-08
1.95 2.8086362208188314e-08
1.955 2.888650288798205e-08
1.96 2.7754781266098675e-08
1.965 2.8196089548075516e-08
1.97 2.8439435357044293e-08
1.975 2.8051698852186757e-08
1.98 2.8042027150855062e-08
1.985 2.7580801004341117e-08
1.99 2.776598221428508e-08
1.995 2.7686607619711822e-08
2.0 2.7110044165576247e-08
2.005 2.7066719875653204e-08
2.0100000000000002 2.7142522077024485e-08
2.015 2.7190090979489676e-08
2.02 2.6742885039353984e-08
2.025 2.7295053739537337e-08
2.0300000000000002 2.6318341708641168e-08
2.035 2.6794573548179473e-08
2.04 2.5964809710190728e-08
2.045 2.6363863812258883e-08
2.05 2.579613795834481e-08
2.055 2.6344490834099027e-08
2.06 2.638133294573709e-08
2.065 2.635582747894732e-08
2.07 2.602663768395365e-08
2.075 2.5856047667417435e-08
2.08 2.5631844898770485e-08
2.085 2.5729754703885048e-08
2.09 2.5703992063126018e-08
2.095 2.587684474629197e-08
2.1 2.492279187720771e-08
2.105 2.5481341649741177e-08
2.11 2.5505891761861404e-08
2.115 2.5121644709357027e-08
2.12 2.5072126694444496e-08
2.125 2.460958616440386e-08
2.13 2.5254003196412574e-08
2.1350000000000002 2.4494998778046185e-08
2.14 2.4756159930620754e-08
2.145 2.4854146071643584e-08
2.15 2.4931167883577552e-08
2.1550000000000002 2.459190533823824e-08
2.16 2.3902712426000894e-08
2.165 2.4299057099809277e-08
2.17 2.4642541374582716e-08
2.1750000000000003 2.4021194112096962e-08
2.18 2.3790002927254472e-08
2.185 2.4296729896495938e-08
2.19 2.4003096339337778e-08
2.195 2.319821531195897e-08
2.2 2.4098774852433914e-08
2.205 2.395889535912034e-08
2.21 2.3716495017188444e-08
2.215 2.3598899669133995e-08
2.22 2.311721273479325e-08
2.225 2.3523028141444335e-08
2.23 2.3471326024287787e-08
2.235 2.3357755536729383e-08
2.24 2.317751306460904e-08
2.245 2.3307259716327672e-08
2.25 2.311358189779622e-08
2.255 2.259306299828154e-08
2.2600000000000002 2.3580457698067788e-08
2.265 2.297874979425533e-08
2.27 2.2561098263135954e-08
2.275 2.289913623599008e-08
2.2800000000000002 2.2370861038426832e-08
2.285 2.2534737230548325e-08
2.29 2.229841754204761e-08
2.295 2.2370455048686336e-08
2.3000000000000003 2.2828554621259236e-08
2.305 2.2622321766907136e-08
2.31 2.226685083114648e-08
2.315 2.200324901986646e-08
2.32 2.1733557346228994e-08
2.325 2.2022133258541302e-08
2.33 2.176758297812905e-08
2.335 2.1399208039814627e-08
2.34 2.1738038677212193e-08
2.345 2.128324921264397e-08
2.35 2.1804381795023612e-08
2.355 2.1957911417125493e-08
2.36 2.1808925844794503e-08
2.365 2.155193781573773e-08
2.37 2.0997786471891473e-08
2.375 2.120069691074831e-08
2.38 2.1419389871543367e-08
2.3850000000000002 2.103214785348548e-08
2.39 2.1360417884510335e-08
2.395 2.1202715114839046e-08
2.4 2.0687097444104555e-08
2.4050000000000002 2.112762851844566e-08
2.41 2.082241858320247e-08
2.415 2.057537518036254e-08
2.42 2.0926587855547035e-08
2.4250000000000003 2.058350147250264e-08
2.43 2.0350174530699844e-08
2.435 2.0268745780007018e-08
2.44 2.03425676683595e-08
2.445 1.9889786710176507e-08
2.45 2.088397491875367e-08
2.455 2.0098053741891204e-08
2.46 2.0257330175192043e-08
2.465 1.9891270827210268e-08
2.47 2.030720260414454e-08
2.475 2.0049682432928213e-08
2.48 2.007204507497766e-08
2.485 2.0006396896761343e-08
2.49 2.004994703293819e-08
2.495 1.9912863949316855e-08
2.5 1.9794749465093985e-08
2.505 2.010223024181503e-08
2.5100000000000002 1.9377599683241152e-08
2.515 1.9731050030051997e-08
2.52 1.938826570471514e-08
2.525 1.9735281624182772e-08
2.5300000000000002 1.924386437104916e-08
2.535 1.9364650673154308e-08
2.54 1.9343943867688917e-08
2.545 1.9874082285776485e-08
2.5500000000000003 1.9112470835549887e-08
2.555 1.9062670291186717e-08
2.56 1.9642920179110133e-08
2.565 1.948552866906279e-08
2.57 1.903109582644036e-08
2.575 1.8839787078903677e-08
2.58 1.9402543476651057e-08
2.585 1.902852178410332e-08
2.59 1.928685848963178e-08
2.595 1.8792621122251302e-08
2.6 1.896008574969127e-08
2.605 1.8865394022783873e-08
2.61 1.8699541900065966e-08
2.615 1.8967446149018305e-08
2.62 1.8803293417290782e-08
2.625 1.8841585352646753e-08
2.63 1.800362444257316e-08
2.6350000000000002 1.85432876499887e-08
2.64 1.8400318504212728e-08
2.645 1.8729764004410054e-08
2.65 1.8039305801660577e-08
2.6550000000000002 1.8388009125381544e-08
2.66 1.8254449850754628e-08
2.665 1.825381685576156e-08
2.67 1.8036451950039557e-08
2.6750000000000003 1.8127737382171976e-08
2.68 1.800321533957005e-08
2.685 1.816835041656045e-08
2.69 1.8252582268661365e-08
2.695 1.777417413485394e-08
2.7 1.7786991000721185e-08
2.705 1.809043390391559e-08
2.71 1.779535017338758e-08
2.715 1.76351193106128e-08
2.72 1.7654202896146815e-08
2.725 1.782027518380378e-08
2.73 1.8087734982863522e-08
2.735 1.787023685815646e-08
2.74 1.762166090912594e-08
2.745 1.796203483287522e-08
2.75 1.754878375050816e-08
2.755 1.757278263184002e-08
2.7600000000000002 1.7664306645383665e-08
2.765 1.7833757064864616e-08
2.77 1.8054494862424137e-08
2.775 1.7182360511402703e-08
2.7800000000000002 1.7171252673821982e-08
2.785 1.7465674948437354e-08
2.79 1.787004053519995e-08
2.795 1.7555332343608044e-08
2.8000000000000003 1.7353741917853658e-08
2.805 1.7039552597283643e-08
2.81 1.7137877663219626e-08
2.815 1.7520731930716986e-08
2.82 1.7203852230702958e-08
2.825 1.7389805006708e-08
2.83 1.6952176157857347e-08
2.835 1.6768268589458325e-08
2.84 1.6801675597896072e-08
2.845 1.711960374852181e-08
2.85 1.697361138085746e-08
2.855 1.6951082198954213e-08
2.86 1.6609340116205948e-08
2.865 1.6877703123569748e-08
2.87 1.6697778257949012e-08
2.875 1.6728949834385926e-08
2.88 1.691477280927328e-08
2.8850000000000002 1.6840885900403763e-08
2.89 1.6610314315944903e-08
2.895 1.690687313312722e-08
2.9 1.631878279888503e-08
2.9050000000000002 1.6415033748321073e-08
2.91 1.6269136785260325e-08
2.915 1.6280712475815983e-08
2.92 1.6913781847341798e-08
2.9250000000000003 1.6450825366066338e-08
2.93 1.6466300037260595e-08
2.935 1.6061371408990494e-08
2.94 1.6635656077981834e-08
2.945 1.637334125779924e-08
2.95 1.617142928772567e-08
2.955 1.616859196738762e-08
2.96 1.614694924505446e-08
2.965 1.6121672719914863e-08
2.97 1.5997061180516542e-08
2.975 1.6411917533334674e-08
2.98 1.5882615134709444e-08
2.985 1.598142413228022e-08
2.99 1.6132951479471213e-08
2.995 1.5948274785717694e-08
3.0 1.5668407032706932e-08
3.005 1.579675225317863e-08
3.0100000000000002 1.6302036215423852e-08
3.015 1.631447265264332e-08
3.02 1.5848733479736766e-08
3.025 1.578552744913211e-08
3.0300000000000002 1.600613403817084e-08
3.035 1.592963275746363e-08
3.04 1.619352754638476e-08
3.045 1.5620955285574187e-08
3.0500000000000003 1.5647088905199394e-08
3.055 1.5624134204187898e-08
3.06 1.5670672101894047e-08
3.065 1.591897602318867e-08
3.0700000000000003 1.5717909080775348e-08
3.075 1.588912539364831e-08
3.08 1.5435873142050048e-08
3.085 1.5654240735189912e-08
3.09 1.5069517955859846e-08
3.095 1.5417927275577914e-08
3.1 1.5691676045805218e-08
3.105 1.49479211530777e-08
3.11 1.5502027074653594e-08
3.115 1.5734559127758228e-08
3.12 1.558352546534114e-08
3.125 1.5265488147970404e-08
3.13 1.5257628824124065e-08
3.1350000000000002 1.5115698106423937e-08
3.14 1.493216674513047e-08
3.145 1.555348109603217e-08
3.15 1.5205096395872247e-08
3.1550000000000002 1.531528465757074e-08
3.16 1.4955521076787138e-08
3.165 1.5313658566270176e-08
3.17 1.5088449130373928e-08
3.1750000000000003 1.4921020209566517e-08
3.18 1.4910474693135387e-08
3.185 1.491470809823951e-08
3.19 1.5270518941290754e-08
3.1950000000000003 1.4783745349873315e-08
3.2 1.4920246458349588e-08
3.205 1.4763010107440008e-08
3.21 1.4910618221586113e-08
3.215 1.4756835856265806e-08
3.22 1.5095654938362254e-08
3.225 1.4870553076560103e-08
3.23 1.509878498605255e-08
3.235 1.4786491707822656e-08
3.24 1.4420659803229781e-08
3.245 1.4935976875416285e-08
3.25 1.4338856791359661e-08
3.255 1.4533365622630011e-08
3.2600000000000002 1.4954145321408703e-08
3.265 1.445824777465677e-08
3.27 1.4646687300870038e-08
3.275 1.4564023296551201e-08
3.2800000000000002 1.4444916413666128e-08
3.285 1.4607889008196066e-08
3.29 1.4716783235464987e-08
3.295 1.4418940059951188e-08
3.3000000000000003 1.4243448950580825e-08
3.305 1.4467384685382413e-08
3.31 1.4294272856638762e-08
3.315 1.401280414638383e-08
3.3200000000000003 1.4236567099883943e-08
3.325 1.393150932971462e-08
3.33 1.4468259595117447e-08
3.335 1.4441504090135254e-08
3.34 1.426515461895936e-08
3.345 1.3985325984761022e-08
3.35 1.4485013693360861e-08
3.355 1.437742869226663e-08
3.36 1.3949320378007917e-08
3.365 1.4164316049566798e-08
3.37 1.3932556620489192e-08
3.375 1.384785795513378e-08
3.38 1.4055680969534572e-08
3.3850000000000002 1.4136366217325906e-08
3.39 1.3940358826189416e-08
3.395 1.39770218417403e-08
3.4 1.4104172643429095e-08
3.4050000000000002 1.415009131883133e-08
3.41 1.4229195063532246e-08
3.415 1.3839716019654922e-08
3.42 1.3591162598886813e-08
3.4250000000000003 1.3965828661128838e-08
3.43 1.3723984255243146e-08
3.435 1.349727781495123e-08
3.44 1.3636331443632686e-08
3.4450000000000003 1.3455249487378258e-08
3.45 1.3570359463647125e-08
3.455 1.351122324489206e-08
3.46 1.341643192441129e-08
3.465 1.3614803914483061e-08
3.47 1.3460435110396341e-08
3.475 1.3710933824267747e-08
3.48 1.3320554577260242e-08
3.485 1.3561728575433974e-08
3.49 1.3716106934132949e-08
3.495 1.2918345619646325e-08
3.5 1.3235645502170532e-08
3.505 1.3268434983122546e-08
3.5100000000000002 1.3339004223795208e-08
3.515 1.3390675032123345e-08
3.52 1.3142359141565389e-08
3.525 1.34354040958082e-08
3.5300000000000002 1.2989323702571354e-08
3.535 1.3275816734970616e-08
3.54 1.3513848144596174e-08
3.545 1.3262238009549542e-08
3.5500000000000003 1.3163281015568408e-08
3.555 1.3018698313252122e-08
3.56 1.3016085979403725e-08
3.565 1.2934119842020362e-08
3.5700000000000003 1.3120514891001795e-08
3.575 1.2793494384065065e-08
3.58 1.3288531545885312e-08
3.585 1.2755234738965682e-08
3.59 1.2980660936596085e-08
3.595 1.3090488165859813e-08
3.6 1.278803496240554e-08
3.605 1.3258511906941676e-08
3.61 1.2881502046850063e-08
3.615 1.27655985097169e-08
3.62 1.2587831878574451e-08
3.625 1.3069805094331106e-08
3.63 1.2760292963516955e-08
3.6350000000000002 1.2808160925381464e-08
3.64 1.2477130792222598e-08
3.645 1.2630876501224197e-08
3.65 1.264726420587777e-08
3.6550000000000002 1.3099741296948344e-08
3.66 1.2287868225062143e-08
3.665 1.2385786759385754e-08
3.67 1.270328239202349e-08
3.6750000000000003 1.238702580609558e-08
3.68 1.212632833020339e-08
3.685 1.2990960165717204e-08
3.69 1.2133759259623563e-08
3.6950000000000003 1.266507976536643e-08
3.7 1.2507813682563116e-08
3.705 1.2413348669890186e-08
3.71 1.2234522274089434e-08
3.715 1.2498318450658034e-08
3.72 1.1890391163150909e-08
3.725 1.21769708266569e-08
3.73 1.1893627457248375e-08
3.735 1.243808927583877e-08
3.74 1.1936267981374759e-08
3.745 1.2161941410062253e-08
3.75 1.2039450330322358e-08
3.755 1.2385561055406715e-08
3.7600000000000002 1.2026718270730148e-08
3.765 1.1924288999287626e-08
3.77 1.1806765620910612e-08
3.775 1.1978282698859e-08
3.7800000000000002 1.246739289381081e-08
3.785 1.2077931342865019e-08
3.79 1.2366821713905059e-08
3.795 1.2037507811800513e-08
3.8000000000000003 1.2274586838740392e-08
3.805 1.1833372849230576e-08
3.81 1.2196553690304229e-08
3.815 1.1750580804547299e-08
3.8200000000000003 1.1709275159576406e-08
3.825 1.1723069513101733e-08
3.83 1.185356413189381e-08
3.835 1.2007359704893202e-08
3.84 1.1500170573009916e-08
3.845 1.1298970057378213e-08
3.85 1.1951292768564529e-08
3.855 1.12935434923038e-08
3.86 1.1966567434323322e-08
3.865 1.1340378777473395e-08
3.87 1.1367360215094341e-08
3.875 1.1611005835551998e-08
3.88 1.1613338291263745e-08
3.8850000000000002 1.1436395696071279e-08
3.89 1.1192656025003684e-08
3.895 1.142538325406833e-08
3.9 1.1029040212923485e-08
3.9050000000000002 1.1442508442624887e-08
3.91 1.1373216873798692e-08
3.915 1.0959906568963585e-08
3.92 1.1368555111132952e-08
3.9250000000000003 1.14474276995527e-08
3.93 1.1418900443377973e-08
3.935 1.1679302934290672e-08
3.94 1.1014116645005796e-08
3.9450000000000003 1.145317334113099e-08
3.95 1.1034631654469068e-08
3.955 1.1358968738677099e-08
3.96 1.1129681328772019e-08
3.9650000000000003 1.1220250155502056e-08
3.97 1.149078240560632e-08
3.975 1.1423827935467116e-08
3.98 1.1018966670923971e-08
3.985 1.088279696355687e-08
3.99 1.0981104596794777e-08
3.995 1.0941017858717413e-08
4.0 1.0953958155244094e-08
4.005 1.1169156453896201e-08
4.01 1.1025549224895388e-08
4.015 1.0744045476908545e-08
4.0200000000000005 1.1427090839905401e-08
4.025 1.0668783804543184e-08
4.03 1.0680467941117283e-08
4.035 1.1219923627261622e-08
4.04 1.0901799054181582e-08
4.045 1.080523362359702e-08
4.05 1.0560923941830844e-08
4.055 1.079586572733054e-08
4.0600000000000005 1.0995885499179865e-08
4.065 1.0835341431778913e-08
4.07 1.0776072561910068e-08
4.075 1.0864551935786384e-08
4.08 1.0555592136010301e-08
4.085 1.0666479041843424e-08
4.09 1.076658528620709e-08
4.095 1.091889581929964e-08
4.1 1.0680032220864593e-08
4.105 1.0674678167770283e-08
4.11 1.0309613377416949e-08
4.115 1.0734060812264291e-08
4.12 1.0610037298393133e-08
4.125 1.0263508900301265e-08
4.13 1.0292732520332279e-08
4.135 1.0272759415135413e-08
4.14 1.0551830360595688e-08
4.1450000000000005 1.0404295840829648e-08
4.15 1.0597013578443286e-08
4.155 1.0401082879229895e-08
4.16 1.0163803746714262e-08
4.165 1.0257732285784449e-08
4.17 1.0402113476292341e-08
4.175 1.0648938965957392e-08
4.18 1.0627799190699922e-08
4.1850000000000005 1.018139139514691e-08
4.19 9.877279564607347e-09
4.195 1.0086806749792014e-08
4.2 1.0229264633067725e-08
4.205 1.0256953534546607e-08
4.21 9.914735157845881e-09
4.215 1.019421640776641e-08
4.22 1.04122686496492e-08
4.225 1.0100295578558952e-08
4.23 1.0144467748458086e-08
4.235 1.0304980370469123e-08
4.24 9.980491086054408e-09
4.245 1.0058526185478894e-08
4.25 1.0141893101521903e-08
4.255 1.0261253746588953e-08
4.26 1.0011302445124792e-08
4.265 9.832968295779833e-09
4.2700000000000005 9.910542890784788e-09
4.275 9.659071697546351e-09
4.28 9.700709407279064e-09
4.285 9.97739778686818e-09
4.29 1.0190185880744071e-08
4.295 9.827087731537382e-09
4.3 9.781751216682299e-09
4.305 9.584668044759154e-09
4.3100000000000005 9.809975173438126e-09
4.315 1.0168648465569099e-08
4.32 9.65344996660529e-09
4.325 9.803975212445366e-09
4.33 9.857273233409487e-09
4.335 9.640220738245387e-09
4.34 9.692645622008908e-09
4.345 9.630012656861141e-09
4.3500000000000005 9.74974954003041e-09
4.355 9.862882715964562e-09
4.36 9.192504138909647e-09
4.365 9.249412537687454e-09
4.37 9.819767378314056e-09
4.375 9.879020783877205e-09
4.38 9.540277303853446e-09
4.385 9.3567232000939e-09
4.39 9.61575823839837e-09
4.3950000000000005 9.514226928401056e-09
4.4 9.65224184171421e-09
4.405 9.252456562189045e-09
4.41 9.557054218207021e-09
4.415 9.237267891588046e-09
4.42 9.234539011803219e-09
4.425 9.514126721700366e-09
4.43 9.737320405759282e-09
4.4350000000000005 9.22496752361279e-09
4.44 9.417370983786901e-09
4.445 9.49601872668188e-09
4.45 9.66785891367262e-09
4.455 9.155711923344458e-09
4.46 9.060117577434772e-09
4.465 9.232019234024398e-09
4.47 9.056446180960928e-09
4.4750000000000005 9.108777651280689e-09
4.48 9.171717270543007e-09
4.485 9.051620851977079e-09
4.49 9.203688410636124e-09
4.495 8.931340909448158e-09
4.5 9.10550518701625e-09
4.505 9.198432355500952e-09
4.51 8.616785831221275e-09
4.515 9.156789441964555e-09
4.5200000000000005 8.813022530291696e-09
4.525 9.021519668413622e-09
4.53 9.05934405964928e-09
4.535 8.859219880615835e-09
4.54 9.046390882596129e-09
4.545 9.098885783580563e-09
4.55 8.821962741072213e-09
4.555 8.912730889500441e-09
4.5600000000000005 8.97764362544152e-09
4.565 9.072092798089019e-09
4.57 9.080732517658565e-09
4.575 8.89470342750223e-09
4.58 9.020263137112401e-09
4.585 8.783768182208357e-09
4.59 8.723768507354423e-09
4.595 8.883201762270826e-09
4.6000000000000005 8.828591131889293e-09
4.605 8.962602704558757e-09
4.61 8.707388273176349e-09
4.615 8.915742306524851e-09
4.62 8.926163014978723e-09
4.625 8.640368588597401e-09
4.63 8.5311655840839e-09
4.635 9.019683838550647e-09
4.64 8.893272633042074e-09
4.6450000000000005 8.720344947723145e-09
4.65 8.798083595953885e-09
4.655 8.520059783815318e-09
4.66 8.672423830155969e-09
4.665 8.289784935003813e-09
4.67 8.322663056622731e-09
4.675 8.44677276736944e-09
4.68 8.748970352631547e-09
4.6850000000000005 8.717036113789391e-09
4.69 8.75571259536289e-09
4.695 8.312827707290481e-09
4.7 8.52004959470503e-09
4.705 8.410753325487897e-09
4.71 8.683410081897424e-09
4.715 8.476890696092225e-09
4.72 8.942925952529857e-09
4.7250000000000005 8.47538013811127e-09
4.73 8.336448702571175e-09
4.735 7.974314092374205e-09
4.74 8.405330745518673e-09
4.745 8.43485241309732e-09
4.75 8.64976572971375e-09
4.755 8.6089383004399e-09
4.76 8.850899050279616e-09
4.765 8.195770451643841e-09
4.7700000000000005 8.457725973040985e-09
4.775 8.295214905380141e-09
4.78 7.928897269978985e-09
4.785 8.226074819673036e-09
4.79 8.625246772173544e-09
4.795 7.91569303010007e-09
4.8 8.392395567546694e-09
4.805 8.342181380117497e-09
4.8100000000000005 8.189854331652196e-09
4.815 8.115739467810269e-09
4.82 8.183374895088618e-09
4.825 7.940427663984254e-09
4.83 8.080014686417803e-09
4.835 8.076780316291452e-09
4.84 8.308220612377335e-09
4.845 7.831894420754365e-09
4.8500000000000005 8.202932834564247e-09
4.855 7.990245095907975e-09
4.86 8.39963776591372e-09
4.865 8.345910786143613e-09
4.87 8.270763043512399e-09
4.875 8.07464207747116e-09
4.88 7.702554109239086e-09
4.885 8.049449749577706e-09
4.89 7.941990468402982e-09
4.8950000000000005 7.787608971082348e-09
4.9 8.068866893908935e-09
4.905 7.894533146088867e-09
4.91 7.636531087289088e-09
4.915 7.624257699410623e-09
4.92 7.985303341851387e-09
4.925 8.198791160151807e-09
4.93 7.557959150418896e-09
4.9350000000000005 7.958499832010253e-09
4.94 7.915480403624711e-09
4.945 7.670600597970137e-09
4.95 7.657171724914439e-09
4.955 7.807773784218018e-09
4.96 7.585128447763185e-09
4.965 7.503131452424472e-09
4.97 7.584547411090245e-09
4.9750000000000005 7.967902493950025e-09
4.98 7.668728120227254e-09
4.985 7.566343787825488e-09
4.99 7.3567835782207404e-09
4.995 7.811235387441046e-09
5.0 7.846392081454065e-09
5.005 7.556762012543595e-09
5.01 7.640713332880641e-09
5.015 8.090659171843875e-09
5.0200000000000005 7.147734190119072e-09
5.025 7.658541339323568e-09
5.03 7.43360266779163e-09
5.035 7.613157794890867e-09
5.04 7.200906753721269e-09
5.045 7.640543750074029e-09
5.05 7.565289841087107e-09
5.055 7.2760972350541745e-09
5.0600000000000005 7.333146202996369e-09
5.065 7.527641830506907e-09
5.07 7.502232653650916e-09
5.075 7.351697136544308e-09
5.08 7.593730873909725e-09
5.085 7.278510406552388e-09
5.09 7.372150205294635e-09
5.095 7.522911114479587e-09
5.1000000000000005 7.335975917416701e-09
5.105 7.460721409447698e-09
5.11 7.809565163428168e-09
5.115 7.46591796577346e-09
5.12 7.385917363919117e-09
5.125 7.33562308981051e-09
5.13 7.1125406844775105e-09
5.135 7.158863870130999e-09
5.14 7.11911404208369e-09
5.1450000000000005 7.086899095432286e-09
5.15 7.468936333905063e-09
5.155 7.146918717852658e-09
5.16 7.044392472123268e-09
5.165 6.762769695140869e-09
5.17 7.2442628974793835e-09
5.175 7.346650697869908e-09
5.18 6.843451543154255e-09
5.1850000000000005 6.9995254524028306e-09
5.19 7.269852824182704e-09
5.195 7.188780830819645e-09
5.2 7.3012290704848596e-09
5.205 7.16041947253133e-09
5.21 7.086247472948117e-09
5.215 6.902636176260097e-09
5.22 6.911492703650265e-09
5.2250000000000005 7.054254002021698e-09
5.23 6.988297555493827e-09
5.235 7.141820317849601e-09
5.24 6.8285163794274185e-09
5.245 7.012352418281752e-09
5.25 6.921487393358031e-09
5.255 7.130266326313587e-09
5.26 6.86482735085171e-09
5.265 6.967118760039034e-09
5.2700000000000005 6.7410931104015874e-09
5.275 6.929441820849326e-09
5.28 6.894216777769148e-09
5.285 6.966516922034414e-09
5.29 7.0415584325849176e-09
5.295 6.73018136865145e-09
5.3 6.863028935539507e-09
5.305 6.903224857546625e-09
5.3100000000000005 7.1806613313181866e-09
5.315 6.994215739350308e-09
5.32 7.021699278196852e-09
5.325 7.073994538475987e-09
5.33 6.7762494664995755e-09
5.335 6.922568527530278e-09
5.34 7.097473463156631e-09
5.345 6.7273238711403205e-09
5.3500000000000005 6.903868439233637e-09
5.355 6.69112344061057e-09
5.36 6.6593292621962704e-09
5.365 7.029860542054217e-09
5.37 6.637159337309436e-09
5.375 6.820876990274689e-09
5.38 6.769891593687355e-09
5.385 6.740296542817455e-09
5.39 6.821802013079533e-09
5.3950000000000005 6.816346138494267e-09
5.4 6.607969838448048e-09
5.405 6.716931564513693e-09
5.41 6.433942759040354e-09
5.415 6.449829373191733e-09
5.42 6.473889204603013e-09
5.425 6.360083126078095e-09
5.43 6.5410977521972235e-09
5.4350000000000005 6.458590367881443e-09
5.44 6.414738709251362e-09
5.445 6.69930388075309e-09
5.45 6.45080778975428e-09
5.455 6.528655239124066e-09
5.46 6.7214730486093445e-09
5.465 6.239485872635078e-09
5.47 6.349195336733332e-09
5.4750000000000005 6.334500792609354e-09
5.48 6.6659743950506335e-09
5.485 6.598267865051031e-09
5.49 6.40155669411331e-09
5.495 6.685677721289995e-09
5.5 6.6556937749130614e-09
5.505 6.5835197881321415e-09
5.51 6.477387226689768e-09
5.515 6.349463886865028e-09
5.5200000000000005 6.573983803843997e-09
5.525 6.355334732917551e-09
5.53 6.659652592105028e-09
5.535 6.5048476356880114e-09
5.54 6.4648440602306685e-09
5.545 6.163611573808235e-09
5.55 6.019104391061508e-09
5.555 6.34351184406452e-09
5.5600000000000005 6.208223811849376e-09
5.565 6.21621392710744e-09
5.57 6.245398721827404e-09
5.575 6.342437294309105e-09
5.58 6.045043900961996e-09
5.585 6.2838388271868196e-09
5.59 6.400760843084086e-09
5.595 6.305631361559776e-09
5.6000000000000005 6.034330140523902e-09
5.605 6.250163711776745e-09
5.61 6.241429483815688e-09
5.615 6.151637336851243e-09
5.62 6.012491143744636e-09
5.625 6.395663341558416e-09
5.63 6.282832564450726e-09
5.635 6.141786543350138e-09
5.64 6.304204352538757e-09
5.6450000000000005 6.362357244258154e-09
5.65 6.42574275394904e-09
5.655 6.337341694430898e-09
5.66 6.123699178188461e-09
5.665 6.350883726448021e-09
5.67 6.315573112682173e-09
5.675 6.145882857283389e-09
5.68 6.18047771752665e-09
5.6850000000000005 6.101642655517076e-09
5.69 6.0584092748519675e-09
5.695 5.902267663353718e-09
5.7 6.2772520893228096e-09
5.705 6.215926638265009e-09
5.71 5.960996930659537e-09
5.715 5.79046041480353e-09
5.72 5.848243032419079e-09
5.7250000000000005 6.126517087329033e-09
5.73 5.943112032469132e-09
5.735 5.925439515517776e-09
5.74 5.943756471985843e-09
5.745 6.0707441335058454e-09
5.75 6.177406750577721e-09
5.755 5.984576393274045e-09
5.76 5.750986244418722e-09
5.765 5.8431261940121e-09
5.7700000000000005 5.940712429190833e-09
5.775 6.135660863790778e-09
5.78 5.884383108092336e-09
5.785 5.945418009961083e-09
5.79 6.096112029385788e-09
5.795 5.646107653830959e-09
5.8 5.876190048539537e-09
5.805 6.02613256170492e-09
5.8100000000000005 5.603705390570018e-09
5.815 5.8901113360995525e-09
5.82 5.4890334409413105e-09
5.825 5.719840810183866e-09
5.83 5.600287054307524e-09
5.835 5.702179184867551e-09
5.84 5.80853007042601e-09
5.845 5.890788196312106e-09
5.8500000000000005 5.8099407664257e-09
5.855 5.990881054234447e-09
5.86 5.588741988850628e-09
5.865 5.578716603051637e-09
5.87 5.7510304297075e-09
5.875 5.772913218964612e-09
5.88 5.771113655800663e-09
5.885 5.7562421853103094e-09
5.89 5.791796983754269e-09
5.8950000000000005 5.504977229288216e-09
5.9 5.768578701701484e-09
5.905 5.7338813787949575e-09
5.91 5.743625670581702e-09
5.915 5.676477840964247e-09
5.92 5.6624881129872e-09
5.925 5.553799540106725e-09
5.93 5.745756164714436e-09
5.9350000000000005 5.631257207306918e-09
5.94 5.487800451297958e-09
5.945 5.295547443193888e-09
5.95 5.512226153715638e-09
5.955 5.501398715524351e-09
5.96 5.755674308671869e-09
5.965 5.634744862645137e-09
5.97 5.4344605663533976e-09
5.9750000000000005 5.57776246688869e-09
5.98 5.683894051067095e-09
5.985 5.515406635454785e-09
5.99 5.9256405385199854e-09
5.995 5.4363683114268465e-09
6.0 5.163224078660919e-09
6.005 5.500199417980469e-09
6.01 5.27701169036383e-09
6.015000000000001 5.323638854631143e-09
6.0200000000000005 5.1566272256055915e-09
6.025 5.402340744365622e-09
6.03 5.800877117940108e-09
6.035 5.644541428412086e-09
6.04 5.487508946190159e-09
6.045 5.189751542196411e-09
6.05 5.218674158439525e-09
6.055 5.606336563453395e-09
6.0600000000000005 5.177843475627664e-09
6.065 4.9519249205617185e-09
6.07 5.124189344119067e-09
6.075 5.415475996347856e-09
6.08 5.299349255104292e-09
6.085 5.001361226832363e-09
6.09 5.233053068366722e-09
6.095 5.135309532914584e-09
6.1000000000000005 5.301844359918707e-09
6.105 5.463796980952516e-09
6.11 5.378819083657663e-09
6.115 5.301100422595986e-09
6.12 5.183817323374812e-09
6.125 5.184411221688138e-09
6.13 5.304763226481322e-09
6.135 5.036624048255287e-09
6.140000000000001 5.37928717020218e-09
6.1450000000000005 5.206163560084202e-09
6.15 5.035574636344807e-09
6.155 5.066019368729042e-09
6.16 5.026478473528062e-09
6.165 5.404703978122292e-09
6.17 5.2488216228933374e-09
6.175 5.2215214752390416e-09
6.18 4.9252378935644455e-09
6.1850000000000005 5.0116640503396835e-09
6.19 5.203493651595127e-09
6.195 4.977859458745647e-09
6.2 5.305834073586784e-09
6.205 5.137049133366396e-09
6.21 5.0689978486627e-09
6.215 4.952423415975816e-09
6.22 4.913154896301987e-09
6.2250000000000005 5.2955652742855665e-09
6.23 4.957952185714986e-09
6.235 5.2405832726795825e-09
6.24 5.128051015376161e-09
6.245 5.0622531349008285e-09
6.25 5.066454314758282e-09
6.255 5.312890464345743e-09
6.26 5.062241013805371e-09
6.265000000000001 5.04924633449169e-09
6.2700000000000005 4.8916993106608114e-09
6.275 5.029540800254475e-09
6.28 4.905438103928447e-09
6.285 4.9843591775843266e-09
6.29 4.944148726719565e-09
6.295 5.007992341383807e-09
6.3 4.863349104452553e-09
6.305 5.410706945247364e-09
6.3100000000000005 4.85668447757628e-09
6.315 5.163280512487124e-09
6.32 5.023082308130881e-09
6.325 5.232626019857836e-09
6.33 5.040133196353883e-09
6.335 5.0653498101939506e-09
6.34 5.223245339834765e-09
6.345 5.009584615526432e-09
6.3500000000000005 4.845706413968078e-09
6.355 4.8178687593494405e-09
6.36 5.01442571958014e-09
6.365 4.678895827229557e-09
6.37 4.869202484848224e-09
6.375 4.622530280962206e-09
6.38 4.875844135244838e-09
6.385 5.004744685360264e-09
6.390000000000001 4.719524314140611e-09
6.3950000000000005 4.7885101828273435e-09
6.4 5.090827638224968e-09
6.405 4.9467865048227965e-09
6.41 4.899196562365558e-09
6.415 4.726880490978626e-09
6.42 4.953033737488643e-09
6.425 4.833686434584168e-09
6.43 4.6190730864186464e-09
6.4350000000000005 4.9337850637969845e-09
6.44 4.603582396957443e-09
6.445 4.609190681508019e-09
6.45 4.677040879494179e-09
6.455 4.559854121631979e-09
6.46 4.8614661794666e-09
6.465 4.864589336685305e-09
6.47 4.833128905581442e-09
6.4750000000000005 4.553925779900537e-09
6.48 4.6147187674087505e-09
6.485 4.471768391554288e-09
6.49 4.5559976086711686e-09
6.495 4.485636368746082e-09
6.5 4.667303214392341e-09
6.505 4.511633437754014e-09
6.51 4.5441633930045435e-09
6.515000000000001 4.553696837377461e-09
6.5200000000000005 4.533107568604953e-09
6.525 4.550780415043082e-09
6.53 4.838287520818284e-09
6.535 4.5010338367108936e-09
6.54 5.017049293719528e-09
6.545 4.55626498992895e-09
6.55 4.665898818585432e-09
6.555 4.668341803226872e-09
6.5600000000000005 4.415816158047275e-09
6.565 4.447067451816078e-09
6.57 4.678297817570228e-09
6.575 4.4406718697151455e-09
6.58 4.509449007516398e-09
6.585 4.516962700100106e-09
6.59 4.4500889875165934e-09
6.595 4.456933894636865e-09
6.6000000000000005 4.75411217757088e-09
6.605 4.311983960360798e-09
6.61 4.656723057316937e-09
6.615 4.610653853517839e-09
6.62 4.4813800234168504e-09
6.625 4.503753214377891e-09
6.63 4.379581997611636e-09
6.635 4.846150688707959e-09
6.640000000000001 4.535318633855308e-09
6.6450000000000005 4.895123278641204e-09
6.65 4.304520169296319e-09
6.655 4.318852548864666e-09
6.66 4.3380132101221295e-09
6.665 4.433154073232702e-09
6.67 4.5240242600470705e-09
6.675 4.334016218031833e-09
6.68 4.457751837460687e-09
6.6850000000000005 4.622966804284874e-09
6.69 4.558227079589712e-09
6.695 4.378973090028097e-09
6.7 4.321334227297269e-09
6.705 4.3278718984017965e-09
6.71 4.149651641307828e-09
6.715 4.053152049453641e-09
6.72 4.689517787987553e-09
6.7250000000000005 4.397222646206214e-09
6.73 4.351073827717572e-09
6.735 4.177380536581629e-09
6.74 4.1471506022994975e-09
6.745 4.3286039281035446e-09
6.75 4.364698782914719e-09
6.755 4.299144351836414e-09
6.76 4.148340974667615e-09
6.765000000000001 4.367670439254954e-09
6.7700000000000005 4.0542018988541035e-09
6.775 4.26809264391787e-09
6.78 4.1662088973923465e-09
6.785 4.2627394683481005e-09
6.79 4.096871577174364e-09
6.795 4.619449252760794e-09
6.8 3.99489844653075e-09
6.805 4.274608601324779e-09
6.8100000000000005 4.025452095246724e-09
6.815 4.3524562096656655e-09
6.82 4.095529962167289e-09
6.825 3.909558054915473e-09
6.83 4.206477662101125e-09
6.835 4.246463476088294e-09
6.84 4.181736621329661e-09
6.845 4.1821298881384e-09
6.8500000000000005 4.3288089663986345e-09
6.855 4.006330691864461e-09
6.86 4.122396616356295e-09
6.865 4.512563664395387e-09
6.87 4.067772820651076e-09
6.875 4.312414656112157e-09
6.88 3.774191481635118e-09
6.885 4.061346225552493e-09
6.890000000000001 3.860220798395072e-09
6.8950000000000005 4.309588281956614e-09
6.9 4.172834197951245e-09
6.905 4.0243100048598595e-09
6.91 4.1377833556207195e-09
6.915 3.896612995849902e-09
6.92 3.9942421808530365e-09
6.925 4.157659526433313e-09
6.93 4.21718546346968e-09
6.9350000000000005 4.0090378184382076e-09
6.94 4.139403939020952e-09
6.945 4.142981862228154e-09
6.95 4.321046284433875e-09
6.955 4.210865971536083e-09
6.96 3.769449651878387e-09
6.965 4.033097960442897e-09
6.97 4.085942965330669e-09
6.9750000000000005 3.9427059314863395e-09
6.98 3.805035433082392e-09
6.985 4.010291139084987e-09
6.99 4.125971062164168e-09
6.995 4.060732620376574e-09
7.0 4.0312029412497295e-09
7.005 3.976845095111377e-09
7.01 4.096609852176616e-09
7.015000000000001 3.863061323611972e-09
7.0200000000000005 4.066084294428922e-09
7.025 3.8691020872067966e-09
7.03 3.880187904172136e-09
7.035 4.164355130817367e-09
7.04 4.025071697135717e-09
7.045 3.8488359876947074e-09
7.05 3.922416744693922e-09
7.055 3.842658856334925e-09
7.0600000000000005 3.923070905921285e-09
7.065 3.765715807371302e-09
7.07 3.87020587407393e-09
7.075 3.791319589560497e-09
7.08 3.6171403711993763e-09
7.085 3.889018798596781e-09
7.09 3.970458772230325e-09
7.095 3.955513828321689e-09
7.1000000000000005 3.933015580382413e-09
7.105 3.836370260103771e-09
7.11 3.980529475241457e-09
7.115 3.7614775098757074e-09
7.12 3.842259239169598e-09
7.125 3.938393164528808e-09
7.13 3.8840376494651e-09
7.135 3.795133897502366e-09
7.140000000000001 3.898300180914598e-09
7.1450000000000005 4.019924467831989e-09
7.15 3.798333158369362e-09
7.155 4.128387196257168e-09
7.16 3.816396461144005e-09
7.165 3.875168515363739e-09
7.17 3.83233487547916e-09
7.175 3.868167896395574e-09
7.18 3.715670346365268e-09
7.1850000000000005 3.811127005638679e-09
7.19 3.5256489549406234e-09
7.195 3.723007105301684e-09
7.2 3.760672142680705e-09
7.205 3.680099679264589e-09
7.21 3.825257273200858e-09
7.215 3.536668215146487e-09
7.22 3.6696344875570195e-09
7.2250000000000005 3.688294318165969e-09
7.23 3.620371645733335e-09
7.235 3.7984324588535466e-09
7.24 3.743488175799468e-09
7.245 3.693461665485176e-09
7.25 3.5959449890163362e-09
7.255 3.463087009668735e-09
7.26 3.85715913868826e-09
7.265000000000001 3.6184561667739133e-09
7.2700000000000005 3.842449544579803e-09
7.275 3.4934669764468925e-09
7.28 3.731236014007456e-09
7.285 3.8107442561126535e-09
7.29 3.5782276274344484e-09
7.295 3.5563584585118194e-09
7.3 3.780451517662453e-09
7.305 3.42016080675143e-09
7.3100000000000005 3.688394138620336e-09
7.315 3.5443796079019087e-09
7.32 3.5651820273152766e-09
7.325 3.4856428019623744e-09
7.33 3.8685482288888425e-09
7.335 4.052555842048744e-09
7.34 3.5443221905395208e-09
7.345 3.5192516971135387e-09
7.3500000000000005 3.510224253847643e-09
7.355 3.5836776291233178e-09
7.36 3.708585644604727e-09
7.365 3.6329414586707385e-09
7.37 3.4671523090718832e-09
7.375 3.459497956094818e-09
7.38 3.605738711760708e-09
7.385 3.4478066384780694e-09
7.390000000000001 3.5505611981056486e-09
7.3950000000000005 3.6911794827764216e-09
7.4 3.437033396738814e-09
7.405 3.4512180689206905e-09
7.41 3.3029641715848997e-09
7.415 3.576710892695848e-09
7.42 3.3894641663007004e-09
7.425 3.6186137209622867e-09
7.43 3.5600689111170954e-09
7.4350000000000005 3.4710670651508783e-09
7.44 3.3098140090395565e-09
7.445 3.46136406053917e-09
7.45 3.3328711958588136e-09
7.455 3.478126597938862e-09
7.46 3.5311124380639155e-09
7.465 3.4854344617391762e-09
7.47 3.2560702112223937e-09
7.4750000000000005 3.4363754306312937e-09
7.48 3.5083393580002168e-09
7.485 3.6689079866226938e-09
7.49 3.5525413734971103e-09
7.495 3.4111329543552007e-09
7.5 3.3007131273119434e-09
7.505 3.231066759784463e-09
7.51 3.245179383360265e-09
7.515000000000001 3.4717120423051023e-09
7.5200000000000005 3.425079622651183e-09
7.525 3.357160993969775e-09
7.53 3.369253123720603e-09
7.535 3.18277480333349e-09
7.54 3.372136872779912e-09
7.545 3.287527004974298e-09
7.55 3.1597891754712932e-09
7.555 3.4940712381266364e-09
7.5600000000000005 3.370898928559002e-09
7.565 3.4161855457256085e-09
7.57 3.5882269454445344e-09
7.575 3.370532468492652e-09
7.58 3.4063668406028493e-09
7.585 3.157721570478687e-09
7.59 3.1474021393508085e-09
7.595 3.381538841296067e-09
7.6000000000000005 3.0642456530698524e-09
7.605 3.221063547291966e-09
7.61 3.2475795898227692e-09
7.615 3.2691756299376627e-09
7.62 3.2640386954312352e-09
7.625 3.354451180018685e-09
7.63 3.288592884742637e-09
7.635 3.25624719488883e-09
7.640000000000001 3.18547091984323e-09
7.6450000000000005 3.2083837807725903e-09
7.65 3.1856609183492874e-09
7.655 3.1741343816950727e-09
7.66 3.3435366193258818e-09
7.665 3.0504850095731514e-09
7.67 3.2222794914808297e-09
7.675 3.133712660416727e-09
7.68 3.1578621582713172e-09
7.6850000000000005 3.216961409451774e-09
7.69 3.1976717215240158e-09
7.695 3.2949859899399328e-09
7.7 3.1206669003620396e-09
7.705 3.147700616696248e-09
7.71 3.003111505248731e-09
7.715 2.811186617489495e-09
7.72 3.125752297663828e-09
7.7250000000000005 3.2815393186670564e-09
7.73 3.000905336521605e-09
7.735 3.1178210735179924e-09
7.74 3.17001593253504e-09
7.745 3.445235735764287e-09
7.75 3.1844909948509334e-09
7.755 3.133439802144758e-09
7.76 3.400687928232154e-09
7.765000000000001 2.8790597483570027e-09
7.7700000000000005 3.39480673659266e-09
7.775 3.2222066875173747e-09
7.78 2.961984560296429e-09
7.785 3.292160553840063e-09
7.79 3.1654746288478395e-09
7.795 2.9593567293480002e-09
7.8 2.8542883856308417e-09
7.805000000000001 2.9530548975807897e-09
7.8100000000000005 3.1324820683411532e-09
7.815 3.14954844273245e-09
7.82 3.162948498325081e-09
7.825 2.997670181821617e-09
7.83 3.086208843775652e-09
7.835 3.1106204889704526e-09
7.84 3.3557011028240007e-09
7.845 2.7977674658125243e-09
7.8500000000000005 2.8418426968595437e-09
7.855 3.1171069914311948e-09
7.86 3.1439274168974974e-09
7.865 3.0320058225902033e-09
7.87 3.096597212933748e-09
7.875 2.733790238243615e-09
7.88 3.11397600508744e-09
7.885 3.007948971244278e-09
7.890000000000001 2.9436982165004673e-09
7.8950000000000005 3.2268125919164126e-09
7.9 2.895822995458477e-09
7.905 3.007608280932357e-09
7.91 3.1769212101400864e-09
7.915 2.911026226986884e-09
7.92 2.6912155092430158e-09
7.925 2.960181866114077e-09
7.930000000000001 2.907438710289459e-09
7.9350000000000005 3.108964253437898e-09
7.94 2.810562858921045e-09
7.945 3.1717170884593376e-09
7.95 2.858507585572047e-09
7.955 3.279652425957042e-09
7.96 2.9843470567061557e-09
7.965 2.7916206173005132e-09
7.97 3.0011057093321864e-09
7.9750000000000005 2.9315776962875696e-09
7.98 2.9156679316313406e-09
7.985 3.1575918501541325e-09
7.99 2.6941656160598893e-09
7.995 3.0877336276871036e-09
8.0 2.9237393683914004e-09
8.25 1.4026094589693793e-07
8.5 1.3161459862114387e-07
8.75 1.2244565897848122e-07
9.0 1.1673178190564386e-07
9.25 1.0690329541732563e-07
9.5 9.991742133114778e-08
9.75 9.414887353598521e-08
10.0 8.636229504881616e-08
10.25 8.077076133093793e-08
10.5 7.532773697765426e-08
10.75 7.066121614261573e-08
11.0 6.756864035874993e-08
11.25 6.398807434789584e-08
11.5 5.8925417238814465e-08
11.75 5.568215847868576e-08
12.0 5.2549820559005084e-08
12.25 4.9471032718113405e-08
12.5 4.7363091664867055e-08
12.75 4.470939368217664e-08
13.0 4.246601886725537e-08
13.25 3.975162845276117e-08
13.5 3.824121307737947e-08
13.75 3.600380431456077e-08
14.0 3.4830651244558146e-08
14.25 3.268655321738413e-08
14.5 3.1319079887393603e-08
14.75 2.9403767690882078e-08
15.0 2.8142284578457348e-08
15.25 2.6753755258401132e-08
15.5 2.521245502059931e-08
15.75 2.4638126129609914e-08
16.0 2.319081694137759e-08
16.25 2.2223447762588448e-08
16.5 2.072555858328402e-08
16.75 1.993539184568339e-08
17.0 1.9193154758161944e-08
17.25 1.856888718650876e-08
17.5 1.7642063629902768e-08
17.75 1.6518633847556006e-08
18.0 1.633594881390619e-08
18.25 1.5497549163754986e-08
18.5 1.4679157060580267e-08
18.75 1.4070065778011945e-08
19.0 1.4088682668073026e-08
19.25 1.3183444692802118e-08
19.5 1.2728716310110028e-08
19.75 1.2006795948465572e-08
