0.005 1.8314860114256345e-11
0.01 1.169190003538156e-10
0.015 2.4286190275257694e-10
0.02 3.7787770252531193e-10
0.025 5.120272149020411e-10
0.03 6.489945809133054e-10
0.035 7.972523723000844e-10
0.04 9.249082280806593e-10
0.045 1.0838063575267195e-09
0.05 1.2063782372668202e-09
0.055 1.3234332404413093e-09
0.06 1.427136925034565e-09
0.065 1.5671245589682331e-09
0.07 1.6381525841784351e-09
0.075 1.7686487073297044e-09
0.08 1.813928801866157e-09
0.085 1.924854787336373e-09
0.09 1.9968835405566118e-09
0.095 2.0234581803635377e-09
0.1 2.142616623721392e-09
0.105 2.1999061060406313e-09
0.11 2.2668955993333565e-09
0.115 2.269423244454808e-09
0.12 2.3517902040510644e-09
0.125 2.364817083619015e-09
0.13 2.500010405622025e-09
0.135 2.5613252573771913e-09
0.14 2.5653388282278575e-09
0.145 2.6411149308705973e-09
0.15 2.661341220631546e-09
0.155 2.790965560311146e-09
0.16 2.826903700739976e-09
0.165 2.8704006249079548e-09
0.17 2.853656532709383e-09
0.17500000000000002 3.0235757403748225e-09
0.18 2.99290486789584e-09
0.185 3.2359538520013848e-09
0.19 3.1921582125392893e-09
0.195 3.280551238692839e-09
0.2 3.2905288074406474e-09
0.20500000000000002 3.3677847263336327e-09
0.21 3.507616153618661e-09
0.215 3.4658311803901543e-09
0.22 3.4580774658450253e-09
0.225 3.5577721313943548e-09
0.23 3.696243014143051e-09
0.23500000000000001 3.7096278677234984e-09
0.24 3.790077437853065e-09
0.245 3.748784415557481e-09
0.25 3.875358849548908e-09
0.255 3.896970110165661e-09
0.26 3.9378685511276305e-09
0.265 4.060468758674699e-09
0.27 4.144586662618307e-09
0.275 4.218550602849162e-09
0.28 4.132577987278955e-09
0.28500000000000003 4.312400096681188e-09
0.29 4.304078765964129e-09
0.295 4.378593141008915e-09
0.3 4.528280250876728e-09
0.305 4.46864566094785e-09
0.31 4.453764235909837e-09
0.315 4.474728198908139e-09
0.32 4.555324283146427e-09
0.325 4.776216630512276e-09
0.33 4.61436131855479e-09
0.335 4.877709418125847e-09
0.34 4.614244900046926e-09
0.34500000000000003 4.845218323189731e-09
0.35000000000000003 4.8869321829183565e-09
0.355 4.897665411371286e-09
0.36 4.996431816024796e-09
0.365 5.2736622260117875e-09
0.37 5.150347113784469e-09
0.375 5.0444982926905875e-09
0.38 5.087244592895083e-09
0.385 5.322584681786896e-09
0.39 5.304913499059566e-09
0.395 5.357359490618659e-09
0.4 5.423851713299766e-09
0.405 5.446639178798577e-09
0.41000000000000003 5.4430672143892785e-09
0.41500000000000004 5.3381466813085785e-09
0.42 5.513763340416877e-09
0.425 5.472968448685648e-09
0.43 5.651737095440345e-09
0.435 5.627406185401572e-09
0.44 5.672170978418658e-09
0.445 5.636020865117511e-09
0.45 5.796055265017024e-09
0.455 5.689585451518486e-09
0.46 5.7597327485526655e-09
0.465 5.7941935886867535e-09
0.47000000000000003 5.817619218354833e-09
0.47500000000000003 6.101911163398149e-09
0.48 5.935381719528805e-09
0.485 6.097308079912746e-09
0.49 5.947468879903346e-09
0.495 6.0625249245231e-09
0.5 6.142579123464396e-09
0.505 6.103588708407857e-09
0.51 6.2397199982402395e-09
0.515 6.194536801302677e-09
0.52 6.19160168997537e-09
0.525 6.174283678456844e-09
0.53 6.13206797366669e-09
0.535 6.2633695852039134e-09
0.54 6.2216038608456056e-09
0.545 6.2308859219145296e-09
0.55 6.320545055983764e-09
0.555 6.312135754413707e-09
0.56 6.594472122946879e-09
0.5650000000000001 6.604295365155037e-09
0.5700000000000001 6.4971966423915e-09
0.5750000000000001 6.415913468126392e-09
0.58 6.479074976712569e-09
0.585 6.841367037296429e-09
0.59 6.5458555010717405e-09
0.595 6.765122862409901e-09
0.6 6.581860104227876e-09
0.605 6.552843309226113e-09
0.61 6.544384467773061e-09
0.615 6.771420091534377e-09
0.62 6.638050629423115e-09
0.625 6.793114766647661e-09
0.63 6.794653136080199e-09
0.635 6.725209872248204e-09
0.64 6.72426461000329e-09
0.645 7.033216398251133e-09
0.65 6.823026586900485e-09
0.655 6.810655283791346e-09
0.66 6.938233264203659e-09
0.665 6.993707291769007e-09
0.67 7.032697211469359e-09
0.675 6.835816596483703e-09
0.68 7.120377081048497e-09
0.685 7.1658269730510435e-09
0.6900000000000001 6.874333667349062e-09
0.6950000000000001 6.993025872080542e-09
0.7000000000000001 6.916972573246159e-09
0.705 6.979157745460634e-09
0.71 7.267772914400675e-09
0.715 6.86497899247644e-09
0.72 7.388134083064641e-09
0.725 6.9518744649467745e-09
0.73 6.942453907888829e-09
0.735 6.918576966001726e-09
0.74 6.966541075890396e-09
0.745 7.019961938244043e-09
0.75 7.236638107133979e-09
0.755 7.051916608383666e-09
0.76 7.184618026102031e-09
0.765 6.778568301712207e-09
0.77 7.1250597082649985e-09
0.775 7.114944747609001e-09
0.78 7.0906031094763156e-09
0.785 7.29618773963357e-09
0.79 7.1499910030777835e-09
0.795 6.99194331727528e-09
0.8 7.0296727828899145e-09
0.805 7.025058364190704e-09
0.81 7.159105659376379e-09
0.8150000000000001 6.9371053153077895e-09
0.8200000000000001 7.155875747775486e-09
0.8250000000000001 6.953020348445231e-09
0.8300000000000001 6.861098177486372e-09
0.835 6.826356648525957e-09
0.84 7.091946273909084e-09
0.845 7.1428675656445064e-09
0.85 6.929922669765918e-09
0.855 6.957971298164939e-09
0.86 7.223760789085466e-09
0.865 7.240045180055908e-09
0.87 6.904002568330506e-09
0.875 6.982355431035795e-09
0.88 7.0708364110553095e-09
0.885 7.13882897661207e-09
0.89 7.250046905689562e-09
0.895 7.179092773203003e-09
0.9 7.054211275140952e-09
0.905 7.029048801861894e-09
0.91 6.892959213555662e-09
0.915 7.325477339216024e-09
0.92 6.933334488832537e-09
0.925 6.79029363680365e-09
0.93 7.209785483059596e-09
0.935 7.1108026118886905e-09
0.9400000000000001 6.847528138590494e-09
0.9450000000000001 6.867158012956257e-09
0.9500000000000001 7.022282444939462e-09
0.9550000000000001 6.867827691966378e-09
0.96 6.880647051606895e-09
0.965 6.97951901649087e-09
0.97 6.822439141764384e-09
0.975 6.879052743486338e-09
0.98 6.755047207495177e-09
0.985 7.070640506525017e-09
0.99 6.798960750853813e-09
0.995 7.059349578282611e-09
1.0 6.7619044094499294e-09
1.0050000000000001 6.860182386804478e-09
1.01 6.948182092147759e-09
1.0150000000000001 6.720184035728617e-09
1.02 6.862372650725377e-09
1.025 6.853164439704388e-09
1.03 6.948203130776651e-09
1.035 6.6268314075973905e-09
1.04 6.849871622630285e-09
1.045 6.887711219515595e-09
1.05 6.844833698923008e-09
1.055 6.639562296448994e-09
1.06 6.677517644306175e-09
1.065 6.781690452251811e-09
1.07 6.657034224549552e-09
1.075 6.483046478834948e-09
1.08 6.619537373275222e-09
1.085 6.830263579088173e-09
1.09 6.43342506978324e-09
1.095 6.722730986679453e-09
1.1 6.427341196737332e-09
1.105 6.388399710744093e-09
1.11 6.4893564187250965e-09
1.115 6.451785679672131e-09
1.12 6.38313793154636e-09
1.125 6.517217179597689e-09
1.1300000000000001 6.790403473337606e-09
1.135 6.495351249442943e-09
1.1400000000000001 6.4727326358517285e-09
1.145 6.4347119804040154e-09
1.1500000000000001 6.47508119334299e-09
1.155 6.135758576873281e-09
1.16 6.544501928472793e-09
1.165 6.2495509057538e-09
1.17 6.6562064059560385e-09
1.175 6.468248979907274e-09
1.18 6.230465903641025e-09
1.185 6.400639045164886e-09
1.19 6.2538968682765965e-09
1.195 6.283916659592177e-09
1.2 6.215045472116993e-09
1.205 6.08265793630372e-09
1.21 6.1750314211008505e-09
1.215 6.128010026055168e-09
1.22 6.093796146602054e-09
1.225 6.258482487528728e-09
1.23 6.090794577023722e-09
1.235 6.391426978776037e-09
1.24 6.078458099246739e-09
1.245 6.212884318314375e-09
1.25 6.228804346253112e-09
1.2550000000000001 6.101840608744951e-09
1.26 6.111930217576002e-09
1.2650000000000001 6.094833145928395e-09
1.27 6.0860768980149555e-09
1.2750000000000001 6.1014196791815664e-09
1.28 5.833884206551903e-09
1.285 5.854194404748982e-09
1.29 5.803284189807424e-09
1.295 5.8134386083597814e-09
1.3 5.9214781423729364e-09
1.305 6.064158878421975e-09
1.31 5.843604711263592e-09
1.315 5.756600596638601e-09
1.32 5.8911300220469215e-09
1.325 5.858751540444839e-09
1.33 5.636755948964233e-09
1.335 5.829071398987851e-09
1.34 5.564929544406297e-09
1.345 5.669316352434548e-09
1.35 5.7493835767020574e-09
1.355 5.647467595161546e-09
1.36 5.664299060339571e-09
1.365 5.770419026578644e-09
1.37 5.413520889688456e-09
1.375 5.7554882474625815e-09
1.3800000000000001 5.637756433932088e-09
1.385 5.7288564659072665e-09
1.3900000000000001 5.5205132778076e-09
1.395 5.5041239305983206e-09
1.4000000000000001 5.48573469315221e-09
1.405 5.34668771965164e-09
1.41 5.3792570761545954e-09
1.415 5.3351006253902536e-09
1.42 4.943721057213101e-09
1.425 5.329236689561989e-09
1.43 5.394708678747066e-09
1.435 5.1832863378297655e-09
1.44 5.1627848868135074e-09
1.445 5.3713265192130924e-09
1.45 5.223536555941767e-09
1.455 5.308372586665061e-09
1.46 5.3495843213247565e-09
1.465 5.156803399177471e-09
1.47 4.951056194640928e-09
1.475 4.970699847755555e-09
1.48 5.310938861876416e-09
1.485 4.919996842886699e-09
1.49 5.174664862740724e-09
1.495 5.0895790150120206e-09
1.5 4.917703067900893e-09
1.5050000000000001 4.955742728799593e-09
1.51 4.792801820169608e-09
1.5150000000000001 4.9718316463124056e-09
1.52 4.891830216581381e-09
1.5250000000000001 4.843136796084324e-09
1.53 4.7698684555372745e-09
1.5350000000000001 4.87384935851281e-09
1.54 4.851659591458946e-09
1.545 4.874862057792637e-09
1.55 4.821142794936518e-09
1.555 4.832179166323835e-09
1.56 4.7826896860571884e-09
1.565 4.936865442607169e-09
1.57 4.726367196856872e-09
1.575 4.75506773891572e-09
1.58 4.820416149186471e-09
1.585 4.91008861033589e-09
1.59 4.5563457745907e-09
1.595 4.924760644775191e-09
1.6 4.482928617995782e-09
1.605 4.553941642603761e-09
1.61 4.5596871231805715e-09
1.615 4.6299051163588866e-09
1.62 4.524048894740353e-09
1.625 4.651330799744149e-09
1.6300000000000001 4.3744828138204345e-09
1.635 4.435649604156707e-09
1.6400000000000001 4.7579134498613745e-09
1.645 4.3572952309360035e-09
1.6500000000000001 4.68080344827585e-09
1.655 4.236795599629368e-09
1.6600000000000001 4.1455506264255794e-09
1.665 4.394588651611544e-09
1.67 4.2183812463822016e-09
1.675 4.275109712753319e-09
1.68 4.3438822628669735e-09
1.685 4.401173048293442e-09
1.69 4.201358786311129e-09
1.695 4.659039442208734e-09
1.7 4.211525409667739e-09
1.705 4.330835362061491e-09
1.71 4.478464599068258e-09
1.715 4.077188737558309e-09
1.72 4.111756869311312e-09
1.725 4.3520645071900215e-09
1.73 4.1477455527911374e-09
1.735 4.038115371296254e-09
1.74 4.314971654109891e-09
1.745 4.044766579097359e-09
1.75 4.054129630293046e-09
1.7550000000000001 4.101080655459065e-09
1.76 4.037930968485372e-09
1.7650000000000001 4.0872634521513885e-09
1.77 4.035522255126384e-09
1.7750000000000001 4.053148567789135e-09
1.78 3.8809154052989956e-09
1.7850000000000001 3.825867670311818e-09
1.79 3.907196286179608e-09
1.795 4.051234684713193e-09
1.8 3.83300169561898e-09
1.805 4.074196770068402e-09
1.81 3.762597603997828e-09
1.815 3.6503199639445684e-09
1.82 3.851205805237192e-09
1.825 3.809883956797192e-09
1.83 3.73922416924835e-09
1.835 3.739468986842714e-09
1.84 3.916424158843277e-09
1.845 3.682171245532145e-09
1.85 3.601763835055554e-09
1.855 3.740564196444187e-09
1.86 3.611624128079533e-09
1.865 3.784630965677854e-09
1.87 3.741853940837098e-09
1.875 3.710529350093804e-09
1.8800000000000001 3.56112958962591e-09
1.885 3.5966026868960618e-09
1.8900000000000001 3.678597300661289e-09
1.895 3.6952877424077836e-09
1.9000000000000001 3.6666021335082648e-09
1.905 3.637361192281348e-09
1.9100000000000001 3.595271073196399e-09
1.915 3.629904926691588e-09
1.92 3.527300539091224e-09
1.925 3.521558173463461e-09
1.93 3.5571260581724416e-09
1.935 3.481727868524402e-09
1.94 3.3707019905582348e-09
1.945 3.534756408419313e-09
1.95 3.430730625757075e-09
1.955 3.402148366887593e-09
1.96 3.335504733239934e-09
1.965 3.287495154103579e-09
1.97 3.3346985247093614e-09
1.975 3.524774055920344e-09
1.98 3.2553427422959604e-09
1.985 3.452579715498684e-09
1.99 3.4944894676009846e-09
1.995 3.2664727794030913e-09
2.0 3.2117611144165157e-09
2.005 3.2934639149048102e-09
2.0100000000000002 3.243907191243831e-09
2.015 3.3298959993875867e-09
2.02 3.0828849574184183e-09
2.025 3.3351165262146842e-09
2.0300000000000002 3.2432299850476535e-09
2.035 3.2608602570168974e-09
2.04 3.3740813947980026e-09
2.045 3.152469260113442e-09
2.05 3.1287590022038308e-09
2.055 3.0757565181372004e-09
2.06 3.1421859903934083e-09
2.065 3.249180447293088e-09
2.07 2.978796100788504e-09
2.075 3.1769573918026146e-09
2.08 3.1559566898068362e-09
2.085 3.1987224431430063e-09
2.09 3.025742298483076e-09
2.095 2.9511584475268535e-09
2.1 3.040446018897794e-09
2.105 2.9179072854446593e-09
2.11 2.9616353413796997e-09
2.115 2.9163276601333166e-09
2.12 3.044271542608143e-09
2.125 2.882693981635965e-09
2.13 2.882061418821816e-09
2.1350000000000002 2.9329553781866946e-09
2.14 2.840473444436962e-09
2.145 3.000083702404085e-09
2.15 2.8779587614979394e-09
2.1550000000000002 3.0193380117353084e-09
2.16 2.6674957598755166e-09
2.165 2.755846480484216e-09
2.17 2.821086910514049e-09
2.1750000000000003 2.7461392931039015e-09
2.18 2.8104844572583425e-09
2.185 2.964315759285856e-09
2.19 2.8298218789396175e-09
2.195 2.900827430100899e-09
2.2 2.966497546489533e-09
2.205 2.8719326237062825e-09
2.21 2.8668680088692008e-09
2.215 2.8264260769840255e-09
2.22 2.718470639982185e-09
2.225 2.799646737232485e-09
2.23 2.7319088667577825e-09
2.235 2.5946968710851853e-09
2.24 2.7411824967917145e-09
2.245 2.630464023293862e-09
2.25 2.627288009912048e-09
2.255 2.6511603445483312e-09
2.2600000000000002 2.7006538860291157e-09
2.265 2.7225395655319363e-09
2.27 2.6172279486783207e-09
2.275 2.606603156139175e-09
2.2800000000000002 2.5930349318593663e-09
2.285 2.7962734447617656e-09
2.29 2.5642096680666177e-09
2.295 2.5296622822388817e-09
2.3000000000000003 2.796717937567898e-09
2.305 2.6040204535025987e-09
2.31 2.6216673124357437e-09
2.315 2.412622691813267e-09
2.32 2.4879317957242714e-09
2.325 2.600885138010231e-09
2.33 2.6115063334424827e-09
2.335 2.475544019216402e-09
2.34 2.4952118974070455e-09
2.345 2.573057163799136e-09
2.35 2.5130021328926693e-09
2.355 2.438258893208792e-09
2.36 2.4803031317767855e-09
2.365 2.510642340521867e-09
2.37 2.5081874654676374e-09
2.375 2.573663167662179e-09
2.38 2.4274652604748307e-09
2.3850000000000002 2.3569191510103597e-09
2.39 2.4808546784871714e-09
2.395 2.5116242863287937e-09
2.4 2.3972870023409774e-09
2.4050000000000002 2.42438438530938e-09
2.41 2.574575873510282e-09
2.415 2.3863709013687562e-09
2.42 2.3863839828335172e-09
2.4250000000000003 2.3894258139925943e-09
2.43 2.3497072317097253e-09
2.435 2.39980507627272e-09
2.44 2.3107719432546474e-09
2.445 2.4225990938450384e-09
2.45 2.2996585452524964e-09
2.455 2.372722899483412e-09
2.46 2.330969854097803e-09
2.465 2.3186638424154113e-09
2.47 2.277430980814169e-09
2.475 2.397567498082841e-09
2.48 2.33419264220719e-09
2.485 2.313343727596384e-09
2.49 2.1807266016541047e-09
2.495 2.377509340859702e-09
2.5 2.262373319578241e-09
2.505 2.3929400716596067e-09
2.5100000000000002 2.277049146691859e-09
2.515 2.2435807461140073e-09
2.52 2.260432896749326e-09
2.525 2.246326005413972e-09
2.5300000000000002 2.186073881192761e-09
2.535 2.2337273770622836e-09
2.54 2.332319267155039e-09
2.545 2.200863381245121e-09
2.5500000000000003 2.184439056180416e-09
2.555 2.2052236722961466e-09
2.56 2.295978603041386e-09
2.565 2.115400493475137e-09
2.57 2.128226626735354e-09
2.575 2.2232028853506616e-09
2.58 2.1556778967302054e-09
2.585 2.28458709168919e-09
2.59 2.1511866854281895e-09
2.595 2.139551488254863e-09
2.6 2.2637899490639125e-09
2.605 2.0476259655530844e-09
2.61 2.2035095684440418e-09
2.615 2.2147627398654315e-09
2.62 2.1465023703144936e-09
2.625 2.065430079978377e-09
2.63 2.2468981464696887e-09
2.6350000000000002 2.1536240625618004e-09
2.64 2.017069086601485e-09
2.645 2.0698812550106274e-09
2.65 2.0210868097205277e-09
2.6550000000000002 2.1422458917413796e-09
2.66 2.131503416448321e-09
2.665 2.2002302979010805e-09
2.67 2.083566730027987e-09
2.6750000000000003 2.056424154726785e-09
2.68 2.117969207074689e-09
2.685 2.102253703419454e-09
2.69 2.0828660622894487e-09
2.695 2.0738625442120693e-09
2.7 2.0129486554794447e-09
2.705 2.005491095862409e-09
2.71 2.1595825343770854e-09
2.715 2.0616173062406428e-09
2.72 2.0177482711632905e-09
2.725 2.1321461034063938e-09
2.73 2.013682127609682e-09
2.735 1.9951810021114547e-09
2.74 2.052004513697126e-09
2.745 2.023404521482012e-09
2.75 2.0670735049740825e-09
2.755 2.057717340090893e-09
2.7600000000000002 2.109815551849495e-09
2.765 2.0383486544752763e-09
2.77 2.0512072322259177e-09
2.775 1.902566887889694e-09
2.7800000000000002 1.99800653083426e-09
2.785 1.9816513328355024e-09
2.79 2.071929117295722e-09
2.795 1.932442224223209e-09
2.8000000000000003 1.9707647159257433e-09
2.805 1.989305008634083e-09
2.81 1.9522148879421143e-09
2.815 1.898143495433887e-09
2.82 1.9815294690776318e-09
2.825 1.9780550898078124e-09
2.83 1.8812073449089667e-09
2.835 2.044159369551189e-09
2.84 1.9268260706227662e-09
2.845 1.864188064605092e-09
2.85 1.9702069805755185e-09
2.855 1.9255961128042547e-09
2.86 1.8350733308429499e-09
2.865 1.9274699952787684e-09
2.87 1.9814112345563006e-09
2.875 1.900978491041539e-09
2.88 1.8973353057043712e-09
2.8850000000000002 2.0163645703997153e-09
2.89 1.895947695593787e-09
2.895 1.8742937439919354e-09
2.9 1.8705109060580175e-09
2.9050000000000002 1.8774418954000162e-09
2.91 1.8473378864839524e-09
2.915 1.8792666789157473e-09
2.92 1.8276967607819998e-09
2.9250000000000003 1.9276131772510214e-09
2.93 1.9622763324139727e-09
2.935 1.89572121865483e-09
2.94 1.859420134131001e-09
2.945 1.9493739363613194e-09
2.95 1.839029101777041e-09
2.955 1.8582667495336654e-09
2.96 1.896498547636967e-09
2.965 1.972292957962654e-09
2.97 1.8346596391952525e-09
2.975 1.8021749066065802e-09
2.98 1.90454294620645e-09
2.985 1.934951145760238e-09
2.99 1.844394325687592e-09
2.995 1.7691865979449876e-09
3.0 1.8335975290836054e-09
3.005 1.865663595663661e-09
3.0100000000000002 1.8461407284706143e-09
3.015 1.7976843803010299e-09
3.02 1.822375661980446e-09
3.025 1.89168390192511e-09
3.0300000000000002 1.807409319100553e-09
3.035 1.8687229956969277e-09
3.04 1.8104702773170151e-09
3.045 1.7894099868157609e-09
3.0500000000000003 1.7811180590677716e-09
3.055 1.893656751857567e-09
3.06 1.787197887563401e-09
3.065 1.759347038169325e-09
3.0700000000000003 1.7714466488101442e-09
3.075 1.8645542564588986e-09
3.08 1.8377596456363517e-09
3.085 1.7764397170966359e-09
3.09 1.801693878244963e-09
3.095 1.7164365385255797e-09
3.1 1.8063273005835444e-09
3.105 1.762872762129109e-09
3.11 1.7055548852621498e-09
3.115 1.7120477942789581e-09
3.12 1.8320845929250673e-09
3.125 1.831301188026197e-09
3.13 1.809162976331764e-09
3.1350000000000002 1.7307923642197924e-09
3.14 1.7964062369390097e-09
3.145 1.7043498482391246e-09
3.15 1.7964371136937614e-09
3.1550000000000002 1.7165858901066482e-09
3.16 1.7734668084267301e-09
3.165 1.7366781851329202e-09
3.17 1.731509294807426e-09
3.1750000000000003 1.739858929568178e-09
3.18 1.736010917261738e-09
3.185 1.748064831601533e-09
3.19 1.6652122577408575e-09
3.1950000000000003 1.764909799239396e-09
3.2 1.7365860233254126e-09
3.205 1.7418123718110005e-09
3.21 1.6956119458956918e-09
3.215 1.7601975027715113e-09
3.22 1.7586453849387305e-09
3.225 1.7511888749946954e-09
3.23 1.8098400660436046e-09
3.235 1.804582700810124e-09
3.24 1.6956309140859153e-09
3.245 1.6715065101134037e-09
3.25 1.6718941535876978e-09
3.255 1.7742758489828643e-09
3.2600000000000002 1.670044274360059e-09
3.265 1.7887794377900837e-09
3.27 1.8352032276458998e-09
3.275 1.6711095609230884e-09
3.2800000000000002 1.7351262266628421e-09
3.285 1.7231581709972514e-09
3.29 1.7260306598230943e-09
3.295 1.7015308479062422e-09
3.3000000000000003 1.7123622426189571e-09
3.305 1.6345085176208584e-09
3.31 1.655786185074099e-09
3.315 1.6466352021477004e-09
3.3200000000000003 1.6518879102809833e-09
3.325 1.7261090021067461e-09
3.33 1.7080328021025213e-09
3.335 1.6722737491337864e-09
3.34 1.6692083660821598e-09
3.345 1.6402953275826378e-09
3.35 1.6975260802651512e-09
3.355 1.6751530349193883e-09
3.36 1.6755823599341385e-09
3.365 1.7933440952425588e-09
3.37 1.6455631739073588e-09
3.375 1.6486815795858924e-09
3.38 1.6523060802374357e-09
3.3850000000000002 1.6586254455766197e-09
3.39 1.6000020925096656e-09
3.395 1.6431611483942316e-09
3.4 1.6673590090985645e-09
3.4050000000000002 1.7288409548405016e-09
3.41 1.7002080194456055e-09
3.415 1.6587324651194187e-09
3.42 1.6391218150367404e-09
3.4250000000000003 1.7080146569904074e-09
3.43 1.7186404003725788e-09
3.435 1.6398945989098624e-09
3.44 1.7611522612562495e-09
3.4450000000000003 1.6538154043611633e-09
3.45 1.6580005511179998e-09
3.455 1.7595853638513886e-09
3.46 1.6232282097707768e-09
3.465 1.6501679542768477e-09
3.47 1.7173236027224242e-09
3.475 1.6829354780931013e-09
3.48 1.6424029333630708e-09
3.485 1.6431285722495484e-09
3.49 1.6738407755482964e-09
3.495 1.6391910920543116e-09
3.5 1.656773715710162e-09
3.505 1.5776044120280452e-09
3.5100000000000002 1.6191973335215379e-09
3.515 1.6036477331733694e-09
3.52 1.619743614274854e-09
3.525 1.6878468959148448e-09
3.5300000000000002 1.5884520761631858e-09
3.535 1.6686061746001127e-09
3.54 1.6206675702530741e-09
3.545 1.607224028657554e-09
3.5500000000000003 1.6092147896090475e-09
3.555 1.645644224816968e-09
3.56 1.5893471029959477e-09
3.565 1.6140128905331135e-09
3.5700000000000003 1.6177650263856706e-09
3.575 1.564154947605317e-09
3.58 1.6235520252569168e-09
3.585 1.5870799245283146e-09
3.59 1.637352351422267e-09
3.595 1.5960224867790898e-09
3.6 1.6589765314058245e-09
3.605 1.636797889208854e-09
3.61 1.5909185887600462e-09
3.615 1.6037419897786842e-09
3.62 1.5717616416601976e-09
3.625 1.6169256377462378e-09
3.63 1.579412207204039e-09
3.6350000000000002 1.5658141181581932e-09
3.64 1.6003510318954008e-09
3.645 1.613165704588367e-09
3.65 1.6012066408521787e-09
3.6550000000000002 1.5573271817658677e-09
3.66 1.5884215591731667e-09
3.665 1.575931369682565e-09
3.67 1.5828251382727921e-09
3.6750000000000003 1.5763607750974656e-09
3.68 1.5951077989053038e-09
3.685 1.4828062181562892e-09
3.69 1.5318722805299817e-09
3.6950000000000003 1.5370855481526509e-09
3.7 1.5543619546761498e-09
3.705 1.5389446600329515e-09
3.71 1.5208080713902854e-09
3.715 1.568864623501614e-09
3.72 1.5727100031163854e-09
3.725 1.6174853868182987e-09
3.73 1.5437958626726964e-09
3.735 1.5767592775672754e-09
3.74 1.5267279640807212e-09
3.745 1.5572909359653696e-09
3.75 1.5508914935912417e-09
3.755 1.557718553596567e-09
3.7600000000000002 1.5547531686515838e-09
3.765 1.5764933428287294e-09
3.77 1.552566785493034e-09
3.775 1.4746782552606536e-09
3.7800000000000002 1.5613063028696443e-09
3.785 1.5552515961559423e-09
3.79 1.5357075049864872e-09
3.795 1.5108694074745368e-09
3.8000000000000003 1.552044253994504e-09
3.805 1.503382488193551e-09
3.81 1.538174581013906e-09
3.815 1.5251889044994078e-09
3.8200000000000003 1.5317533674573315e-09
3.825 1.489239283081355e-09
3.83 1.5321674169159803e-09
3.835 1.5346483492779627e-09
3.84 1.5591217204988063e-09
3.845 1.515656799577746e-09
3.85 1.5153671378076744e-09
3.855 1.5768957785434657e-09
3.86 1.5413763628493308e-09
3.865 1.5493032047502677e-09
3.87 1.4780023743551116e-09
3.875 1.5186648882328137e-09
3.88 1.5222139906947952e-09
3.8850000000000002 1.542679792008593e-09
3.89 1.4715769844205243e-09
3.895 1.4807932543043059e-09
3.9 1.5100798990785526e-09
3.9050000000000002 1.547467910236035e-09
3.91 1.4917056363385665e-09
3.915 1.4809891397553011e-09
3.92 1.5121979233754991e-09
3.9250000000000003 1.5482480152793793e-09
3.93 1.5214956468676389e-09
3.935 1.495368296246691e-09
3.94 1.4282138463785077e-09
3.9450000000000003 1.5175238049136887e-09
3.95 1.4971182624074182e-09
3.955 1.4882930738484947e-09
3.96 1.5939184863068949e-09
3.9650000000000003 1.5273153837760776e-09
3.97 1.4598334704769044e-09
3.975 1.4844462662003197e-09
3.98 1.4126815706912602e-09
3.985 1.5065579758184325e-09
3.99 1.428075411934884e-09
3.995 1.46645725178163e-09
4.0 1.5078455978127946e-09
4.005 1.4780716867060852e-09
4.01 1.4810922723391463e-09
4.015 1.4835666477194503e-09
4.0200000000000005 1.5293159047065326e-09
4.025 1.4295318763540662e-09
4.03 1.4940723967573206e-09
4.035 1.4666335975554048e-09
4.04 1.4423228180492643e-09
4.045 1.5149814739629508e-09
4.05 1.4994865776274893e-09
4.055 1.4396843129440774e-09
4.0600000000000005 1.4911299932117524e-09
4.065 1.4415382416190702e-09
4.07 1.443920247626156e-09
4.075 1.4517357508545734e-09
4.08 1.4517503072377232e-09
4.085 1.4836854400902709e-09
4.09 1.4325737319776429e-09
4.095 1.4231045489200299e-09
4.1 1.4503812211808286e-09
4.105 1.435529593036732e-09
4.11 1.4535185322787203e-09
4.115 1.4620814686644812e-09
4.12 1.4293179297378518e-09
4.125 1.41681289011252e-09
4.13 1.4509797969045857e-09
4.135 1.4603975343142887e-09
4.14 1.4539696353815346e-09
4.1450000000000005 1.4462837898605126e-09
4.15 1.4934652991861785e-09
4.155 1.4545843460490162e-09
4.16 1.4717946512627404e-09
4.165 1.4393780006608419e-09
4.17 1.3912452535566263e-09
4.175 1.495631103735605e-09
4.18 1.424338389665651e-09
4.1850000000000005 1.4283802321626447e-09
4.19 1.427004280336762e-09
4.195 1.4343483622559586e-09
4.2 1.4911497028221215e-09
4.205 1.4225606451442557e-09
4.21 1.381303107861324e-09
4.215 1.4429309819940518e-09
4.22 1.3953864488884942e-09
4.225 1.45555761225361e-09
4.23 1.4378760073592617e-09
4.235 1.3999516939497552e-09
4.24 1.405019445732941e-09
4.245 1.4083469375115111e-09
4.25 1.4232762949189719e-09
4.255 1.3752333687160365e-09
4.26 1.4639965415898436e-09
4.265 1.438782160878427e-09
4.2700000000000005 1.3909074302984056e-09
4.275 1.3784585675913976e-09
4.28 1.4627123106062059e-09
4.285 1.4387777589672847e-09
4.29 1.4036750534790325e-09
4.295 1.3755145368938598e-09
4.3 1.384997048134698e-09
4.305 1.4137182559281311e-09
4.3100000000000005 1.3679549057848437e-09
4.315 1.399461611839784e-09
4.32 1.3691455979771737e-09
4.325 1.3930991125267397e-09
4.33 1.3593122838720169e-09
4.335 1.4044766592706003e-09
4.34 1.3747590943501881e-09
4.345 1.3832352017203245e-09
4.3500000000000005 1.4329753914174113e-09
4.355 1.4247790598608034e-09
4.36 1.3836733768122473e-09
4.365 1.3649474993018682e-09
4.37 1.3452007250187246e-09
4.375 1.325670258796071e-09
4.38 1.4077892598589657e-09
4.385 1.379536715723557e-09
4.39 1.3991615399574794e-09
4.3950000000000005 1.349569977864123e-09
4.4 1.3522361035715228e-09
4.405 1.3305612112693602e-09
4.41 1.3813050764081283e-09
4.415 1.4455950185120857e-09
4.42 1.3872263135356593e-09
4.425 1.400320588856349e-09
4.43 1.4189910869536824e-09
4.4350000000000005 1.3650657288323884e-09
4.44 1.3344453405064266e-09
4.445 1.3447884535599541e-09
4.45 1.4197922200487491e-09
4.455 1.4175268870139354e-09
4.46 1.3119296464021646e-09
4.465 1.3558727539349396e-09
4.47 1.3629435279973445e-09
4.4750000000000005 1.3727678352678322e-09
4.48 1.370929116045382e-09
4.485 1.3850751270176025e-09
4.49 1.3731585537772334e-09
4.495 1.3723006542942909e-09
4.5 1.2818166408879219e-09
4.505 1.3823773556108018e-09
4.51 1.3304827380542598e-09
4.515 1.3415350974918815e-09
4.5200000000000005 1.3334816795536441e-09
4.525 1.3686842641253723e-09
4.53 1.3313445581471977e-09
4.535 1.3443076141615045e-09
4.54 1.411142740071801e-09
4.545 1.3138444353312386e-09
4.55 1.323831660948011e-09
4.555 1.345598092681361e-09
4.5600000000000005 1.3588339339913118e-09
4.565 1.350551757969293e-09
4.57 1.332479966737133e-09
4.575 1.27946575933586e-09
4.58 1.320109101612243e-09
4.585 1.345917466592244e-09
4.59 1.331213404977663e-09
4.595 1.2813172904620985e-09
4.6000000000000005 1.3277629923828456e-09
4.605 1.304057977830169e-09
4.61 1.351056388889485e-09
4.615 1.3241525795860457e-09
4.62 1.3529024082137113e-09
4.625 1.3107811170583653e-09
4.63 1.3017434366918224e-09
4.635 1.3154170386944505e-09
4.64 1.3366015588080636e-09
4.6450000000000005 1.2901184837564746e-09
4.65 1.3397809110108515e-09
4.655 1.3231680202560043e-09
4.66 1.28847961813844e-09
4.665 1.341001537555941e-09
4.67 1.276263873214545e-09
4.675 1.3359266884056382e-09
4.68 1.28046115989875e-09
4.6850000000000005 1.2723775588793574e-09
4.69 1.2698226554025555e-09
4.695 1.2897128130178967e-09
4.7 1.343243427142461e-09
4.705 1.3526307350499789e-09
4.71 1.2965209211758062e-09
4.715 1.290104351492136e-09
4.72 1.288781888837332e-09
4.7250000000000005 1.2600040331434592e-09
4.73 1.296134916602096e-09
4.735 1.3008274377458662e-09
4.74 1.2971834768896074e-09
4.745 1.3159793105485947e-09
4.75 1.2800710701537893e-09
4.755 1.3060171879288482e-09
4.76 1.2687190449411127e-09
4.765 1.2743352010347722e-09
4.7700000000000005 1.2748591259747548e-09
4.775 1.2798006553855708e-09
4.78 1.248810172221239e-09
4.785 1.2557901477364303e-09
4.79 1.2444993628851702e-09
4.795 1.246470693768819e-09
4.8 1.2720127353415234e-09
4.805 1.289310119491644e-09
4.8100000000000005 1.2861429317387619e-09
4.815 1.24412606866724e-09
4.82 1.2464409297623199e-09
4.825 1.2778056185930296e-09
4.83 1.2852380215572852e-09
4.835 1.2980554394993197e-09
4.84 1.2490433626168516e-09
4.845 1.2605952428718328e-09
4.8500000000000005 1.3080724186126552e-09
4.855 1.2783702961545805e-09
4.86 1.3197048410485624e-09
4.865 1.2607908836626378e-09
4.87 1.2880165458545184e-09
4.875 1.2659978902591378e-09
4.88 1.2382497934010466e-09
4.885 1.2717715676707266e-09
4.89 1.2652015381201443e-09
4.8950000000000005 1.2468664944246507e-09
4.9 1.2625910418329853e-09
4.905 1.2451032955111011e-09
4.91 1.2605475062595211e-09
4.915 1.2504915808241828e-09
4.92 1.216365827721939e-09
4.925 1.2398819635293935e-09
4.93 1.244011650727514e-09
4.9350000000000005 1.2259987614495157e-09
4.94 1.2478712194778592e-09
4.945 1.1952343193645365e-09
4.95 1.2071042277145774e-09
4.955 1.2343811558237167e-09
4.96 1.2022884515818033e-09
4.965 1.2043217088746255e-09
4.97 1.1985220916650748e-09
4.9750000000000005 1.2510563591122587e-09
4.98 1.2090894601373071e-09
4.985 1.2058551791092678e-09
4.99 1.1693258518731266e-09
4.995 1.2140155994278708e-09
5.0 1.234402106989372e-09
5.005 1.2053301840839739e-09
5.01 1.2618540824519938e-09
5.015 1.138956654609706e-09
5.0200000000000005 1.1673814502677728e-09
5.025 1.245157182223382e-09
5.03 1.2551467910972101e-09
5.035 1.2328833578870185e-09
5.04 1.192948309603185e-09
5.045 1.1808847806595268e-09
5.05 1.1577399359430395e-09
5.055 1.2287282607643956e-09
5.0600000000000005 1.1875759533642212e-09
5.065 1.1335424393632561e-09
5.07 1.1633786637283812e-09
5.075 1.2282409040704619e-09
5.08 1.1845356181481863e-09
5.085 1.179470785457848e-09
5.09 1.185860191631937e-09
5.095 1.162500787330701e-09
5.1000000000000005 1.2262812860740838e-09
5.105 1.1630438864951953e-09
5.11 1.244860374907251e-09
5.115 1.1560708196808241e-09
5.12 1.1911544997140047e-09
5.125 1.1632757385368341e-09
5.13 1.1750620755106818e-09
5.135 1.1481435588596243e-09
5.14 1.1638147643688688e-09
5.1450000000000005 1.1485315717166594e-09
5.15 1.1456019913444566e-09
5.155 1.206303721798241e-09
5.16 1.1418725106357937e-09
5.165 1.1571159736613808e-09
5.17 1.1464295781208296e-09
5.175 1.1439182098718428e-09
5.18 1.1577087805540115e-09
5.1850000000000005 1.2676486409929354e-09
5.19 1.13402931644051e-09
5.195 1.1515966112928227e-09
5.2 1.1503385230145776e-09
5.205 1.1318488679910669e-09
5.21 1.1419059890747525e-09
5.215 1.1485598550464653e-09
5.22 1.1724959367930933e-09
5.2250000000000005 1.0991051462855163e-09
5.23 1.1250771134268144e-09
5.235 1.141955681976061e-09
5.24 1.1392426348456437e-09
5.245 1.1206623130361227e-09
5.25 1.1100706538431426e-09
5.255 1.121138132586093e-09
5.26 1.0809405353324565e-09
5.265 1.1499204777497546e-09
5.2700000000000005 1.1324424058802684e-09
5.275 1.1210713342178252e-09
5.28 1.1287969750498508e-09
5.285 1.1196366856925548e-09
5.29 1.1159589485006475e-09
5.295 1.086665749197602e-09
5.3 1.1234174787363761e-09
5.305 1.1237096923832803e-09
5.3100000000000005 1.0760430453421072e-09
5.315 1.1107295899523118e-09
5.32 1.0854716053133796e-09
5.325 1.1103756122493263e-09
5.33 1.0898650282287777e-09
5.335 1.0914131316661909e-09
5.34 1.0416516501616569e-09
5.345 1.0989841296280002e-09
5.3500000000000005 1.0874273907653664e-09
5.355 1.0811618893752445e-09
5.36 1.1509175105917504e-09
5.365 1.1220747098472697e-09
5.37 1.0896694669005798e-09
5.375 1.0839632686031715e-09
5.38 1.052911403759974e-09
5.385 1.084965784269658e-09
5.39 1.0712566352431101e-09
5.3950000000000005 1.0202446910551545e-09
5.4 1.0698738798779485e-09
5.405 1.1171265358586817e-09
5.41 1.06461951586589e-09
5.415 1.0974772418899602e-09
5.42 1.0826229819041974e-09
5.425 1.101446226918523e-09
5.43 1.0743918770775076e-09
5.4350000000000005 1.099619364539003e-09
5.44 1.0937734913569719e-09
5.445 1.0839132687893001e-09
5.45 1.0731776344863152e-09
5.455 1.0810318427616259e-09
5.46 1.0810150684403748e-09
5.465 1.0666545280656445e-09
5.47 1.0507052240885085e-09
5.4750000000000005 1.0680969948555313e-09
5.48 1.0420141746961326e-09
5.485 1.0788801622034427e-09
5.49 1.0918620581128156e-09
5.495 1.083256331655515e-09
5.5 1.0796054053442369e-09
5.505 1.0797137343825421e-09
5.51 1.028114906173405e-09
5.515 1.0480281654501132e-09
5.5200000000000005 1.041981587309547e-09
5.525 1.064170885173054e-09
5.53 1.0099322626234498e-09
5.535 1.0687770535473268e-09
5.54 1.0793587990437706e-09
5.545 1.0331322537316277e-09
5.55 1.0754139714942505e-09
5.555 1.0445403671995645e-09
5.5600000000000005 1.0181439415169532e-09
5.565 1.0304074743147152e-09
5.57 1.1072965383255583e-09
5.575 1.0222577795701423e-09
5.58 1.0325883058766111e-09
5.585 1.0319281690976664e-09
5.59 9.975764713460753e-10
5.595 1.0245420244221557e-09
5.6000000000000005 1.0186877188182878e-09
5.605 1.0232359273073953e-09
5.61 1.0192763383204398e-09
5.615 9.916136186714948e-10
5.62 1.022417052379267e-09
5.625 1.056495900490698e-09
5.63 1.010449804916544e-09
5.635 9.85320730948394e-10
5.64 9.741454073186105e-10
5.6450000000000005 1.0400142592195714e-09
5.65 1.0094732021302819e-09
5.655 1.041429986127362e-09
5.66 1.0062513185041913e-09
5.665 9.842456285011675e-10
5.67 1.0163958645399821e-09
5.675 9.791728014946133e-10
5.68 9.784615569871124e-10
5.6850000000000005 1.067944602073242e-09
5.69 9.928087808187446e-10
5.695 9.93666313752822e-10
5.7 9.925269274393516e-10
5.705 1.0272742936840153e-09
5.71 1.0164782764191318e-09
5.715 9.47247319609811e-10
5.72 9.565086137066208e-10
5.7250000000000005 9.7663119146737e-10
5.73 9.552141727082539e-10
5.735 9.887695766655538e-10
5.74 1.0154684240277906e-09
5.745 1.0284019807755255e-09
5.75 9.761556504893428e-10
5.755 9.55537361278435e-10
5.76 9.736013100845505e-10
5.765 1.03569204994934e-09
5.7700000000000005 9.556430691811522e-10
5.775 9.504565174772468e-10
5.78 9.861235937175666e-10
5.785 9.71002961006988e-10
5.79 9.700741285202268e-10
5.795 9.910891334419213e-10
5.8 9.746260138558118e-10
5.805 9.825825205781544e-10
5.8100000000000005 9.189896168525366e-10
5.815 9.472054361343172e-10
5.82 1.0032676405196386e-09
5.825 9.69850978377246e-10
5.83 9.613637530701913e-10
5.835 9.665176463531232e-10
5.84 9.649821695195345e-10
5.845 9.026627123278651e-10
5.8500000000000005 9.762274173532993e-10
5.855 9.491756944747337e-10
5.86 9.478993844971435e-10
5.865 9.556538522149695e-10
5.87 9.8084145095354e-10
5.875 9.67324710044902e-10
5.88 9.843366551506302e-10
5.885 9.355297450954372e-10
5.89 9.375180734493344e-10
5.8950000000000005 9.084524998683712e-10
5.9 9.662097065842268e-10
5.905 9.6835275387664e-10
5.91 9.34087554491966e-10
5.915 9.075681305227269e-10
5.92 9.136176751752916e-10
5.925 9.607776998974054e-10
5.93 9.415311166397043e-10
5.9350000000000005 9.061987515754046e-10
5.94 8.950466580928129e-10
5.945 8.865447570639456e-10
5.95 9.603654901334526e-10
5.955 9.080884357736166e-10
5.96 9.382843656724032e-10
5.965 9.0218212978232e-10
5.97 9.089279338351712e-10
5.9750000000000005 9.088243025153882e-10
5.98 8.941761214472594e-10
5.985 8.992855419661779e-10
5.99 8.825724235861069e-10
5.995 9.159636869656901e-10
6.0 9.146782448928841e-10
6.005 9.32055992324688e-10
6.01 9.325166683464414e-10
6.015000000000001 9.086527804795612e-10
6.0200000000000005 9.007978841642663e-10
6.025 9.136213801610066e-10
6.03 9.3943590421153e-10
6.035 9.219774879324412e-10
6.04 9.068227918927741e-10
6.045 8.965647464898352e-10
6.05 8.891095921174408e-10
6.055 8.581357805725055e-10
6.0600000000000005 8.61540312346679e-10
6.065 8.982167343216527e-10
6.07 9.151408762370008e-10
6.075 8.67267778842166e-10
6.08 9.108745795218519e-10
6.085 9.077812835056526e-10
6.09 8.553754860832055e-10
6.095 8.866886101230558e-10
6.1000000000000005 8.865567950931861e-10
6.105 9.511932089922752e-10
6.11 8.590764995295181e-10
6.115 8.954765134243391e-10
6.12 8.756627402321013e-10
6.125 8.649958751889175e-10
6.13 8.55862292120745e-10
6.135 8.918758427149239e-10
6.140000000000001 8.587066632310365e-10
6.1450000000000005 8.61934135469084e-10
6.15 8.71601112790264e-10
6.155 8.483100752208612e-10
6.16 8.936048556308351e-10
6.165 8.901069445090999e-10
6.17 9.250741366053039e-10
6.175 8.420373855591526e-10
6.18 8.118300336169786e-10
6.1850000000000005 9.196929381850773e-10
6.19 8.422584998562139e-10
6.195 8.508469962357298e-10
6.2 8.397343585875029e-10
6.205 8.73911631354766e-10
6.21 8.546371859946231e-10
6.215 8.663443162611025e-10
6.22 8.906965031788379e-10
6.2250000000000005 8.559994017824546e-10
6.23 8.13800315504269e-10
6.235 8.555608162054071e-10
6.24 8.710733966782169e-10
6.245 8.512283902244678e-10
6.25 8.377826525478467e-10
6.255 8.588314622223434e-10
6.26 8.641317446459307e-10
6.265000000000001 8.338161176260547e-10
6.2700000000000005 8.047682061794362e-10
6.275 8.142349539483915e-10
6.28 8.519922668403343e-10
6.285 8.474885604224665e-10
6.29 8.177113085895328e-10
6.295 8.254708346185424e-10
6.3 8.408492622606877e-10
6.305 8.148161447535838e-10
6.3100000000000005 8.143004696371108e-10
6.315 8.343401290194582e-10
6.32 7.999341588276039e-10
6.325 8.37589326858369e-10
6.33 8.434803878581393e-10
6.335 8.153935601859148e-10
6.34 7.937060168251829e-10
6.345 8.197095018185034e-10
6.3500000000000005 8.597729020562995e-10
6.355 7.991749919490938e-10
6.36 8.2911308415615e-10
6.365 8.024177690789101e-10
6.37 8.169654578553073e-10
6.375 8.042679543542079e-10
6.38 7.838443832225162e-10
6.385 8.418988900245365e-10
6.390000000000001 7.951811585642072e-10
6.3950000000000005 8.156164987625143e-10
6.4 8.359463339370001e-10
6.405 7.992076885291951e-10
6.41 8.370391917367038e-10
6.415 8.109960243032858e-10
6.42 7.952900715052259e-10
6.425 8.40590687205544e-10
6.43 8.193119499656627e-10
6.4350000000000005 8.05741495425617e-10
6.44 7.689127461543203e-10
6.445 7.454376723314939e-10
6.45 7.956832038800965e-10
6.455 7.595000052286517e-10
6.46 7.825272385903507e-10
6.465 8.023101506736903e-10
6.47 7.618643178168002e-10
6.4750000000000005 7.69685693248916e-10
6.48 7.67421832574906e-10
6.485 7.7402346328032e-10
6.49 8.331974025829039e-10
6.495 7.852433618237129e-10
6.5 7.970119251559035e-10
6.505 7.74431849784077e-10
6.51 8.32899993480698e-10
6.515000000000001 7.791070798204189e-10
6.5200000000000005 7.442581115747088e-10
6.525 7.462502726171646e-10
6.53 7.793649706222886e-10
6.535 7.822122571785825e-10
6.54 7.775035302978471e-10
6.545 7.281453005519115e-10
6.55 7.695441082912669e-10
6.555 7.80360584401741e-10
6.5600000000000005 7.884873960693041e-10
6.565 7.309151740231051e-10
6.57 8.006389977852132e-10
6.575 7.359905729850634e-10
6.58 7.469494506718875e-10
6.585 7.257179360678468e-10
6.59 7.551895192781856e-10
6.595 7.371825592724119e-10
6.6000000000000005 7.57724536047871e-10
6.605 7.255619393936822e-10
6.61 7.084700662689179e-10
6.615 7.665921831544651e-10
6.62 7.523220095621131e-10
6.625 7.244255512728271e-10
6.63 7.170875762703928e-10
6.635 7.835186458009396e-10
6.640000000000001 7.125808007895291e-10
6.6450000000000005 7.392544595771971e-10
6.65 7.471876002982888e-10
6.655 7.486348655900078e-10
6.66 7.467514442636222e-10
6.665 7.498590101694058e-10
6.67 7.857198324742265e-10
6.675 7.57860728957036e-10
6.68 7.271171800190474e-10
6.6850000000000005 7.462924654956589e-10
6.69 7.092149460450718e-10
6.695 7.496981912397789e-10
6.7 7.632904132279093e-10
6.705 7.180702727260998e-10
6.71 6.995729832664172e-10
6.715 7.088033624251587e-10
6.72 7.098007526110769e-10
6.7250000000000005 7.339377533696597e-10
6.73 7.04075897332353e-10
6.735 7.274253989255399e-10
6.74 6.986471185574823e-10
6.745 7.291455821887695e-10
6.75 7.205125167166676e-10
6.755 7.42605094452584e-10
6.76 6.805412867589209e-10
6.765000000000001 7.112291687900191e-10
6.7700000000000005 7.41118087017127e-10
6.775 7.227821378439908e-10
6.78 7.196635945655096e-10
6.785 6.700753473467152e-10
6.79 7.327657086943432e-10
6.795 7.006881687305891e-10
6.8 6.841568836156145e-10
6.805 7.048640801568256e-10
6.8100000000000005 7.111875662504001e-10
6.815 6.87340042534598e-10
6.82 6.923992657375694e-10
6.825 7.090608031784783e-10
6.83 7.160040754733706e-10
6.835 6.826461062769878e-10
6.84 7.183789961539477e-10
6.845 6.846878430942998e-10
6.8500000000000005 6.795829178122167e-10
6.855 6.817538537970203e-10
6.86 6.784782416343047e-10
6.865 7.147977761917465e-10
6.87 6.917517522376922e-10
6.875 6.903489160993924e-10
6.88 6.643144093563844e-10
6.885 6.458521678702048e-10
6.890000000000001 7.049190265398433e-10
6.8950000000000005 6.851787056680844e-10
6.9 6.780178719042115e-10
6.905 6.924514181872649e-10
6.91 6.809585030428875e-10
6.915 6.883324876155159e-10
6.92 7.055519269024408e-10
6.925 6.920806238935769e-10
6.93 6.866053410649582e-10
6.9350000000000005 6.791266047272076e-10
6.94 6.681808060141146e-10
6.945 6.564793217371344e-10
6.95 6.643903428780183e-10
6.955 6.745600750469453e-10
6.96 6.641570451852814e-10
6.965 6.475394482967078e-10
6.97 6.690278923000432e-10
6.9750000000000005 6.50962389587083e-10
6.98 7.224544161191803e-10
6.985 6.697459297538526e-10
6.99 6.522121892230864e-10
6.995 6.580278134745875e-10
7.0 6.614610731609333e-10
7.005 6.531516758343604e-10
7.01 6.552208857420175e-10
7.015000000000001 6.36874077024228e-10
7.0200000000000005 6.612634101864439e-10
7.025 6.844690348869698e-10
7.03 7.102934803442074e-10
7.035 6.452831472973423e-10
7.04 6.560851883380937e-10
7.045 6.568828512920773e-10
7.05 6.4441238455765e-10
7.055 6.586276325471967e-10
7.0600000000000005 6.544841918167966e-10
7.065 6.392697122915129e-10
7.07 6.248452252414004e-10
7.075 6.629946505034282e-10
7.08 6.53550173460152e-10
7.085 6.132146559308302e-10
7.09 6.474795993222131e-10
7.095 6.176530586360994e-10
7.1000000000000005 6.428455958609218e-10
7.105 6.276790257954411e-10
7.11 6.324342824457175e-10
7.115 6.502622115802179e-10
7.12 6.579576947895215e-10
7.125 6.161506526984514e-10
7.13 6.408790475151296e-10
7.135 6.158067061062772e-10
7.140000000000001 6.13266993316203e-10
7.1450000000000005 5.96467277151185e-10
7.15 6.268260238590252e-10
7.155 6.389646640945424e-10
7.16 6.058005213772664e-10
7.165 6.110408169726676e-10
7.17 6.464224969737132e-10
7.175 6.316532704838027e-10
7.18 5.897410072821966e-10
7.1850000000000005 6.096725789282888e-10
7.19 6.295157519242408e-10
7.195 6.220729274256434e-10
7.2 6.282059942059651e-10
7.205 6.291667463834383e-10
7.21 6.079923161509087e-10
7.215 6.172306935425831e-10
7.22 6.105439355148762e-10
7.2250000000000005 5.738074260170845e-10
7.23 6.044826163333037e-10
7.235 6.216561315292707e-10
7.24 6.090081453151348e-10
7.245 5.97832671088266e-10
7.25 5.734693276430783e-10
7.255 5.980788531865465e-10
7.26 5.677583118797598e-10
7.265000000000001 6.107206610568103e-10
7.2700000000000005 5.864731503144771e-10
7.275 5.772542305673121e-10
7.28 6.06372006783671e-10
7.285 5.859601069417482e-10
7.29 5.961412544005484e-10
7.295 6.016191464863742e-10
7.3 5.972514421254743e-10
7.305 6.389598654769327e-10
7.3100000000000005 6.171018828965379e-10
7.315 5.621580585055242e-10
7.32 6.384101843679284e-10
7.325 5.829829948704863e-10
7.33 5.803041023289818e-10
7.335 6.066081211850403e-10
7.34 5.696917118508765e-10
7.345 5.812067145857017e-10
7.3500000000000005 5.829048898260467e-10
7.355 6.073272254749483e-10
7.36 6.053420968183851e-10
7.365 5.721349537261361e-10
7.37 5.715366525102797e-10
7.375 5.48772181272145e-10
7.38 5.827440637950812e-10
7.385 5.793822209867139e-10
7.390000000000001 5.890733855627931e-10
7.3950000000000005 5.68864015439489e-10
7.4 5.689228325858706e-10
7.405 5.709829029828265e-10
7.41 5.682557511195093e-10
7.415 5.54091729989185e-10
7.42 5.607376051182452e-10
7.425 5.512489823623982e-10
7.43 5.893734496903016e-10
7.4350000000000005 5.831794356282929e-10
7.44 5.636328854569349e-10
7.445 5.476654668096565e-10
7.45 5.430917948577663e-10
7.455 6.028391551859687e-10
7.46 5.495912583157076e-10
7.465 5.650774638494514e-10
7.47 5.691679987747069e-10
7.4750000000000005 5.657200078859894e-10
7.48 5.491667295541905e-10
7.485 5.213527448396983e-10
7.49 5.577886563611476e-10
7.495 5.307067149833226e-10
7.5 5.473160769167249e-10
7.505 5.506685708105741e-10
7.51 5.544770148370573e-10
7.515000000000001 5.665588061071986e-10
7.5200000000000005 5.761915118747661e-10
7.525 5.563162258422071e-10
7.53 5.336756931839867e-10
7.535 5.888858937578767e-10
7.54 5.487080062370119e-10
7.545 5.538104231500711e-10
7.55 5.429581448714748e-10
7.555 5.678814505165623e-10
7.5600000000000005 5.448642846112906e-10
7.565 5.406495201147875e-10
7.57 5.606208683185259e-10
7.575 5.344294438257964e-10
7.58 5.241867421576323e-10
7.585 5.580977768885936e-10
7.59 6.008631136671732e-10
7.595 5.752355187351574e-10
7.6000000000000005 5.510330641939338e-10
7.605 5.68494040248621e-10
7.61 5.285951062059218e-10
7.615 5.30645231977487e-10
7.62 5.207510666470037e-10
7.625 5.247351342620717e-10
7.63 5.098149255320325e-10
7.635 5.224381528301323e-10
7.640000000000001 5.170596561575138e-10
7.6450000000000005 5.43580587534161e-10
7.65 5.323664399535236e-10
7.655 5.199539509385714e-10
7.66 5.338330595230426e-10
7.665 5.217548500558947e-10
7.67 5.214128914291028e-10
7.675 5.179590844403056e-10
7.68 5.532735342527281e-10
7.6850000000000005 5.170318313188761e-10
7.69 5.177498778318166e-10
7.695 5.194592879236749e-10
7.7 5.415284219061935e-10
7.705 4.950002035793284e-10
7.71 5.833640217704694e-10
7.715 5.121927898700468e-10
7.72 5.086883193059837e-10
7.7250000000000005 5.189953890181539e-10
7.73 5.19575412852254e-10
7.735 5.135144175650015e-10
7.74 5.148086417298829e-10
7.745 4.836754123368593e-10
7.75 5.141629026001778e-10
7.755 5.073239889210867e-10
7.76 5.161901967443849e-10
7.765000000000001 5.194637606095365e-10
7.7700000000000005 5.489614447278377e-10
7.775 5.323520773176022e-10
7.78 5.179071903410949e-10
7.785 5.142391464395955e-10
7.79 4.758606487293009e-10
7.795 5.070475641611038e-10
7.8 5.028495076555203e-10
7.805000000000001 5.336925597434789e-10
7.8100000000000005 4.940610233019545e-10
7.815 5.034302307745465e-10
7.82 5.362999778965544e-10
7.825 5.014556195345213e-10
7.83 4.873395732845039e-10
7.835 5.330659761412924e-10
7.84 5.044464205499454e-10
7.845 4.899857271648213e-10
7.8500000000000005 5.07454405683552e-10
7.855 5.137490055903995e-10
7.86 4.890813542739608e-10
7.865 4.8225778404773e-10
7.87 5.00746675364624e-10
7.875 5.623637772398151e-10
7.88 4.901012990572329e-10
7.885 4.960734226028832e-10
7.890000000000001 5.037837085449521e-10
7.8950000000000005 4.958041971780886e-10
7.9 5.067764110557125e-10
7.905 5.13972848399605e-10
7.91 5.247938857495475e-10
7.915 4.95668814250493e-10
7.92 5.034969147488104e-10
7.925 4.69117221787339e-10
7.930000000000001 4.953723237110076e-10
7.9350000000000005 4.989813157176731e-10
7.94 4.797069371021987e-10
7.945 4.798851475774192e-10
7.95 4.883025330205854e-10
7.955 5.038307655284505e-10
7.96 4.502701032129734e-10
7.965 4.762555253273054e-10
7.97 5.139496955360134e-10
7.9750000000000005 4.760414618252974e-10
7.98 4.789077322533812e-10
7.985 4.793978951871986e-10
7.99 4.774153698317465e-10
7.995 4.877618828159164e-10
8.0 4.775780708546625e-10
8.25 2.306865006949384e-08
8.5 2.1354665406443778e-08
8.75 1.9780429073488102e-08
9.0 1.8606559650722997e-08
9.25 1.725278237286556e-08
9.5 1.6081775894009248e-08
9.75 1.489731650278492e-08
10.0 1.4191764962434018e-08
10.25 1.3137067615641945e-08
10.5 1.2233717316453249e-08
10.75 1.1722078103939541e-08
11.0 1.0689688478819076e-08
11.25 1.014743582507364e-08
11.5 9.528587324253764e-09
11.75 8.834378585156702e-09
12.0 8.352144281998926e-09
12.25 7.713983147329182e-09
12.5 7.2425458082731675e-09
12.75 6.827996513072174e-09
13.0 6.332816697228109e-09
13.25 5.984215112760893e-09
13.5 5.625187845067709e-09
13.75 5.366224858045438e-09
14.0 5.0297138849783025e-09
14.25 4.696054732528714e-09
14.5 4.285201371757581e-09
14.75 4.0486643782331435e-09
15.0 3.85941447268759e-09
15.25 3.5420055123209293e-09
15.5 3.3368023870073263e-09
15.75 3.1551533668104674e-09
16.0 2.9601634463513515e-09
16.25 2.8083259702392736e-09
16.5 2.625484170274209e-09
16.75 2.4593507789059597e-09
17.0 2.353677596268925e-09
17.25 2.1833990522964493e-09
17.5 2.0448210655511145e-09
17.75 1.886996456796235e-09
18.0 1.8250759520478457e-09
18.25 1.6610445192270563e-09
18.5 1.5774336981671112e-09
18.75 1.4380292459855078e-09
19.0 1.4391802248386566e-09
19.25 1.32227858356558e-09
19.5 1.173182716277609e-09
19.75 1.1825028161880882e-09
