0 1
1 13 0 0 0 0 0 0 0.499871 0.510916 0.10566 0 0 -500 0
1 1
1 13 0 0 0 0 0 0 0.0814549 0.133413 0.10566 0 0 -500 0
2 1
1 13 0 0 0 0 0 0 0.141309 0.176443 0.10566 0 0 -500 0
3 1
1 13 0 0 0 0 0 0 0.473601 0.485244 0.10566 0 0 -500 0
4 1
1 13 0 0 0 0 0 0 0.115828 0.156781 0.10566 0 0 -500 0
5 1
1 13 0 0 0 0 0 0 0.242487 0.264507 0.10566 0 0 -500 0
6 1
1 13 0 0 0 0 0 0 0.478738 0.49026 0.10566 0 0 -500 0
7 1
1 13 0 0 0 0 0 0 0.372153 0.386861 0.10566 0 0 -500 0
8 1
1 13 0 0 0 0 0 0 0.270022 0.289958 0.10566 0 0 -500 0
9 1
1 13 0 0 0 0 0 0 0.369976 0.384768 0.10566 0 0 -500 0
10 1
1 13 0 0 0 0 0 0 0.379972 0.394389 0.10566 0 0 -500 0
11 1
1 13 0 0 0 0 0 0 0.329318 0.345853 0.10566 0 0 -500 0
12 1
1 13 0 0 0 0 0 0 0.157819 0.189923 0.10566 0 0 -500 0
13 1
1 13 0 0 0 0 0 0 0.402202 0.415849 0.10566 0 0 -500 0
14 1
1 13 0 0 0 0 0 0 0.259836 0.280497 0.10566 0 0 -500 0
15 1
1 13 0 0 0 0 0 0 0.0842862 0.13516 0.10566 0 0 -500 0
16 1
1 13 0 0 0 0 0 0 0.237765 0.260185 0.10566 0 0 -500 0
17 1
1 13 0 0 0 0 0 0 0.196157 0.222804 0.10566 0 0 -500 0
18 1
1 13 0 0 0 0 0 0 0.110834 0.153128 0.10566 0 0 -500 0
19 1
1 13 0 0 0 0 0 0 0.106595 0.150089 0.10566 0 0 -500 0
20 1
1 13 0 0 0 0 0 0 0.0151676 0.106743 0.10566 0 0 -500 0
21 1
1 13 0 0 0 0 0 0 0.16677 0.197424 0.10566 0 0 -500 0
22 1
1 13 0 0 0 0 0 0 0.0970744 0.143483 0.10566 0 0 -500 0
23 1
1 13 0 0 0 0 0 0 0.471858 0.483544 0.10566 0 0 -500 0
24 1
1 13 0 0 0 0 0 0 0.289966 0.308617 0.10566 0 0 -500 0
25 1
1 13 0 0 0 0 0 0 0.449152 0.461413 0.10566 0 0 -500 0
26 1
1 13 0 0 0 0 0 0 0.332782 0.349153 0.10566 0 0 -500 0
27 1
1 13 0 0 0 0 0 0 0.249305 0.270771 0.10566 0 0 -500 0
28 1
1 13 0 0 0 0 0 0 0.280314 0.299566 0.10566 0 0 -500 0
29 1
1 13 0 0 0 0 0 0 0.0911423 0.139538 0.10566 0 0 -500 0
30 1
1 13 0 0 0 0 0 0 0.148263 0.18206 0.10566 0 0 -500 0
31 1
1 13 0 0 0 0 0 0 0.0587045 0.120873 0.10566 0 0 -500 0
32 1
1 13 0 0 0 0 0 0 0.0314588 0.110244 0.10566 0 0 -500 0
33 1
1 13 0 0 0 0 0 0 0.324063 0.340853 0.10566 0 0 -500 0
34 1
1 13 0 0 0 0 0 0 0.362709 0.377786 0.10566 0 0 -500 0
35 1
1 13 0 0 0 0 0 0 0.318566 0.335631 0.10566 0 0 -500 0
36 1
1 13 0 0 0 0 0 0 0.356943 0.372253 0.10566 0 0 -500 0
37 1
1 13 0 0 0 0 0 0 0.0497881 0.116803 0.10566 0 0 -500 0
38 1
1 13 0 0 0 0 0 0 0.349634 0.36525 0.10566 0 0 -500 0
39 1
1 13 0 0 0 0 0 0 0.0539062 0.118617 0.10566 0 0 -500 0
40 1
1 13 0 0 0 0 0 0 0.0646214 0.123855 0.10566 0 0 -500 0
41 1
1 13 0 0 0 0 0 0 0.251202 0.272518 0.10566 0 0 -500 0
42 1
1 13 0 0 0 0 0 0 0.10389 0.148179 0.10566 0 0 -500 0
43 1
1 13 0 0 0 0 0 0 0.144455 0.178973 0.10566 0 0 -500 0
44 1
1 13 0 0 0 0 0 0 0.0415874 0.11355 0.10566 0 0 -500 0
45 1
1 13 0 0 0 0 0 0 0.0640621 0.123564 0.10566 0 0 -500 0
46 1
1 13 0 0 0 0 0 0 0.273686 0.293373 0.10566 0 0 -500 0
47 1
1 13 0 0 0 0 0 0 0.0411598 0.113394 0.10566 0 0 -500 0
48 1
1 13 0 0 0 0 0 0 0.146071 0.180279 0.10566 0 0 -500 0
49 1
1 13 0 0 0 0 0 0 0.445812 0.458162 0.10566 0 0 -500 0
50 1
1 13 0 0 0 0 0 0 0.113559 0.155112 0.10566 0 0 -500 0
51 1
1 13 0 0 0 0 0 0 0.215923 0.240389 0.10566 0 0 -500 0
52 1
1 13 0 0 0 0 0 0 0.0703665 0.126947 0.10566 0 0 -500 0
53 1
1 13 0 0 0 0 0 0 0.200196 0.226368 0.10566 0 0 -500 0
54 1
1 13 0 0 0 0 0 0 0.343473 0.359358 0.10566 0 0 -500 0
55 1
1 13 0 0 0 0 0 0 0.0853355 0.135817 0.10566 0 0 -500 0
56 1
1 13 0 0 0 0 0 0 0.22041 0.244427 0.10566 0 0 -500 0
57 1
1 13 0 0 0 0 0 0 0.0226683 0.108064 0.10566 0 0 -500 0
58 1
1 13 0 0 0 0 0 0 0.155648 0.188123 0.10566 0 0 -500 0
59 1
1 13 0 0 0 0 0 0 0.253091 0.274261 0.10566 0 0 -500 0
60 1
1 13 0 0 0 0 0 0 0.0912054 0.13958 0.10566 0 0 -500 0
61 1
1 13 0 0 0 0 0 0 0.255516 0.2765 0.10566 0 0 -500 0
62 1
1 13 0 0 0 0 0 0 0.370394 0.38517 0.10566 0 0 -500 0
63 1
1 13 0 0 0 0 0 0 0.182994 0.211308 0.10566 0 0 -500 0
64 1
1 13 0 0 0 0 0 0 0.0804044 0.132774 0.10566 0 0 -500 0
65 1
1 13 0 0 0 0 0 0 0.230053 0.253157 0.10566 0 0 -500 0
66 1
1 13 0 0 0 0 0 0 0.313918 0.331223 0.10566 0 0 -500 0
67 1
1 13 0 0 0 0 0 0 0.338802 0.354895 0.10566 0 0 -500 0
68 1
1 13 0 0 0 0 0 0 0.349098 0.364738 0.10566 0 0 -500 0
69 1
1 13 0 0 0 0 0 0 0.239268 0.26156 0.10566 0 0 -500 0
70 1
1 13 0 0 0 0 0 0 0.0450538 0.114865 0.10566 0 0 -500 0
71 1
1 13 0 0 0 0 0 0 0.169364 0.19962 0.10566 0 0 -500 0
72 1
1 13 0 0 0 0 0 0 0.0476069 0.11589 0.10566 0 0 -500 0
73 1
1 13 0 0 0 0 0 0 0.218271 0.2425 0.10566 0 0 -500 0
74 1
1 13 0 0 0 0 0 0 0.237337 0.259794 0.10566 0 0 -500 0
75 1
1 13 0 0 0 0 0 0 0.209623 0.234746 0.10566 0 0 -500 0
76 1
1 13 0 0 0 0 0 0 0.388768 0.402871 0.10566 0 0 -500 0
77 1
1 13 0 0 0 0 0 0 0.312305 0.329695 0.10566 0 0 -500 0
78 1
1 13 0 0 0 0 0 0 0.490218 0.501476 0.10566 0 0 -500 0
79 1
1 13 0 0 0 0 0 0 0.185215 0.213234 0.10566 0 0 -500 0
80 1
1 13 0 0 0 0 0 0 0.415406 0.428633 0.10566 0 0 -500 0
81 1
1 13 0 0 0 0 0 0 0.0704032 0.126967 0.10566 0 0 -500 0
82 1
1 13 0 0 0 0 0 0 0.372043 0.386755 0.10566 0 0 -500 0
83 1
1 13 0 0 0 0 0 0 0.41487 0.428113 0.10566 0 0 -500 0
84 1
1 13 0 0 0 0 0 0 0.195552 0.222272 0.10566 0 0 -500 0
85 1
1 13 0 0 0 0 0 0 0.310978 0.328438 0.10566 0 0 -500 0
86 1
1 13 0 0 0 0 0 0 0.17335 0.203013 0.10566 0 0 -500 0
87 1
1 13 0 0 0 0 0 0 0.0230848 0.108152 0.10566 0 0 -500 0
88 1
1 13 0 0 0 0 0 0 0.306533 0.324232 0.10566 0 0 -500 0
89 1
1 13 0 0 0 0 0 0 0.283687 0.302725 0.10566 0 0 -500 0
90 1
1 13 0 0 0 0 0 0 0.249447 0.270902 0.10566 0 0 -500 0
91 1
1 13 0 0 0 0 0 0 0.361901 0.37701 0.10566 0 0 -500 0
92 1
1 13 0 0 0 0 0 0 0.0722753 0.128015 0.10566 0 0 -500 0
93 1
1 13 0 0 0 0 0 0 0.0211516 0.107756 0.10566 0 0 -500 0
94 1
1 13 0 0 0 0 0 0 0.155394 0.187913 0.10566 0 0 -500 0
95 1
1 13 0 0 0 0 0 0 0.0608206 0.121915 0.10566 0 0 -500 0
96 1
1 13 0 0 0 0 0 0 0.121035 0.160666 0.10566 0 0 -500 0
97 1
1 13 0 0 0 0 0 0 0.190529 0.217866 0.10566 0 0 -500 0
98 1
1 13 0 0 0 0 0 0 0.220064 0.244115 0.10566 0 0 -500 0
99 1
1 13 0 0 0 0 0 0 0.299898 0.317967 0.10566 0 0 -500 0
100 1
1 13 0 0 0 0 0 0 0.322287 0.339165 0.10566 0 0 -500 0
101 1
1 13 0 0 0 0 0 0 0.216313 0.240739 0.10566 0 0 -500 0
102 1
1 13 0 0 0 0 0 0 0.277984 0.297387 0.10566 0 0 -500 0
103 1
1 13 0 0 0 0 0 0 0.358421 0.37367 0.10566 0 0 -500 0
104 1
1 13 0 0 0 0 0 0 0.321181 0.338115 0.10566 0 0 -500 0
105 1
1 13 0 0 0 0 0 0 0.342888 0.358799 0.10566 0 0 -500 0
106 1
1 13 0 0 0 0 0 0 0.0480791 0.116085 0.10566 0 0 -500 0
107 1
1 13 0 0 0 0 0 0 0.0614667 0.122238 0.10566 0 0 -500 0
108 1
1 13 0 0 0 0 0 0 0.0284987 0.109436 0.10566 0 0 -500 0
109 1
1 13 0 0 0 0 0 0 0.410036 0.423431 0.10566 0 0 -500 0
110 1
1 13 0 0 0 0 0 0 0.0627696 0.122899 0.10566 0 0 -500 0
111 1
1 13 0 0 0 0 0 0 0.157873 0.189968 0.10566 0 0 -500 0
112 1
1 13 0 0 0 0 0 0 0.0902835 0.138979 0.10566 0 0 -500 0
113 1
1 13 0 0 0 0 0 0 0.0711136 0.127362 0.10566 0 0 -500 0
114 1
1 13 0 0 0 0 0 0 0.332215 0.348613 0.10566 0 0 -500 0
115 1
1 13 0 0 0 0 0 0 0.342595 0.358518 0.10566 0 0 -500 0
116 1
1 13 0 0 0 0 0 0 0.095501 0.142424 0.10566 0 0 -500 0
117 1
1 13 0 0 0 0 0 0 0.218172 0.24241 0.10566 0 0 -500 0
118 1
1 13 0 0 0 0 0 0 0.48223 0.493669 0.10566 0 0 -500 0
119 1
1 13 0 0 0 0 0 0 0.434082 0.446756 0.10566 0 0 -500 0
120 1
1 13 0 0 0 0 0 0 0.06544 0.124284 0.10566 0 0 -500 0
121 1
1 13 0 0 0 0 0 0 0.242221 0.264263 0.10566 0 0 -500 0
122 1
1 13 0 0 0 0 0 0 0.187327 0.215071 0.10566 0 0 -500 0
123 1
1 13 0 0 0 0 0 0 0.450238 0.462469 0.10566 0 0 -500 0
124 1
1 13 0 0 0 0 0 0 0.0893284 0.13836 0.10566 0 0 -500 0
125 1
1 13 0 0 0 0 0 0 0.339818 0.355865 0.10566 0 0 -500 0
126 1
1 13 0 0 0 0 0 0 0.311437 0.328873 0.10566 0 0 -500 0
127 1
1 13 0 0 0 0 0 0 0.491828 0.503049 0.10566 0 0 -500 0
128 1
1 13 0 0 0 0 0 0 0.220357 0.24438 0.10566 0 0 -500 0
129 1
1 13 0 0 0 0 0 0 0.402369 0.41601 0.10566 0 0 -500 0
130 1
1 13 0 0 0 0 0 0 0.497423 0.508521 0.10566 0 0 -500 0
131 1
1 13 0 0 0 0 0 0 0.270775 0.29066 0.10566 0 0 -500 0
132 1
1 13 0 0 0 0 0 0 0.127953 0.16594 0.10566 0 0 -500 0
133 1
1 13 0 0 0 0 0 0 0.319473 0.336492 0.10566 0 0 -500 0
134 1
1 13 0 0 0 0 0 0 0.287955 0.306728 0.10566 0 0 -500 0
135 1
1 13 0 0 0 0 0 0 0.129361 0.167028 0.10566 0 0 -500 0
136 1
1 13 0 0 0 0 0 0 0.0957965 0.142622 0.10566 0 0 -500 0
137 1
1 13 0 0 0 0 0 0 0.222832 0.246613 0.10566 0 0 -500 0
138 1
1 13 0 0 0 0 0 0 0.0746333 0.129361 0.10566 0 0 -500 0
139 1
1 13 0 0 0 0 0 0 0.498362 0.509439 0.10566 0 0 -500 0
140 1
1 13 0 0 0 0 0 0 0.0608811 0.121945 0.10566 0 0 -500 0
141 1
1 13 0 0 0 0 0 0 0.32577 0.342476 0.10566 0 0 -500 0
142 1
1 13 0 0 0 0 0 0 0.0138975 0.10657 0.10566 0 0 -500 0
143 1
1 13 0 0 0 0 0 0 0.194989 0.221776 0.10566 0 0 -500 0
144 1
1 13 0 0 0 0 0 0 0.413957 0.427228 0.10566 0 0 -500 0
145 1
1 13 0 0 0 0 0 0 0.141907 0.176923 0.10566 0 0 -500 0
146 1
1 13 0 0 0 0 0 0 0.305102 0.322879 0.10566 0 0 -500 0
147 1
1 13 0 0 0 0 0 0 0.118206 0.158546 0.10566 0 0 -500 0
148 1
1 13 0 0 0 0 0 0 0.205411 0.230992 0.10566 0 0 -500 0
149 1
1 13 0 0 0 0 0 0 0.338857 0.354948 0.10566 0 0 -500 0
150 1
1 13 0 0 0 0 0 0 0.423563 0.436543 0.10566 0 0 -500 0
151 1
1 13 0 0 0 0 0 0 0.324628 0.34139 0.10566 0 0 -500 0
152 1
1 13 0 0 0 0 0 0 0.0406913 0.113225 0.10566 0 0 -500 0
153 1
1 13 0 0 0 0 0 0 0.0604152 0.121713 0.10566 0 0 -500 0
154 1
1 13 0 0 0 0 0 0 0.2396 0.261863 0.10566 0 0 -500 0
155 1
1 13 0 0 0 0 0 0 0.388939 0.403036 0.10566 0 0 -500 0
156 1
1 13 0 0 0 0 0 0 0.235989 0.258563 0.10566 0 0 -500 0
157 1
1 13 0 0 0 0 0 0 0.471669 0.483359 0.10566 0 0 -500 0
158 1
1 13 0 0 0 0 0 0 0.4904 0.501654 0.10566 0 0 -500 0
159 1
1 13 0 0 0 0 0 0 0.167277 0.197853 0.10566 0 0 -500 0
160 1
1 13 0 0 0 0 0 0 0.101334 0.146399 0.10566 0 0 -500 0
161 1
1 13 0 0 0 0 0 0 0.171421 0.201368 0.10566 0 0 -500 0
162 1
1 13 0 0 0 0 0 0 0.326772 0.34343 0.10566 0 0 -500 0
163 1
1 13 0 0 0 0 0 0 0.341379 0.357357 0.10566 0 0 -500 0
164 1
1 13 0 0 0 0 0 0 0.304968 0.322753 0.10566 0 0 -500 0
165 1
1 13 0 0 0 0 0 0 0.0499636 0.116878 0.10566 0 0 -500 0
166 1
1 13 0 0 0 0 0 0 0.383127 0.39743 0.10566 0 0 -500 0
167 1
1 13 0 0 0 0 0 0 0.367791 0.382667 0.10566 0 0 -500 0
168 1
1 13 0 0 0 0 0 0 0.12057 0.160315 0.10566 0 0 -500 0
169 1
1 13 0 0 0 0 0 0 0.131589 0.16876 0.10566 0 0 -500 0
170 1
1 13 0 0 0 0 0 0 0.480435 0.491916 0.10566 0 0 -500 0
171 1
1 13 0 0 0 0 0 0 0.211698 0.236601 0.10566 0 0 -500 0
172 1
1 13 0 0 0 0 0 0 0.168029 0.198489 0.10566 0 0 -500 0
173 1
1 13 0 0 0 0 0 0 0.000124749 0.10566 0.10566 0 0 -500 0
174 1
1 13 0 0 0 0 0 0 0.43442 0.447085 0.10566 0 0 -500 0
175 1
1 13 0 0 0 0 0 0 0.00187658 0.105677 0.10566 0 0 -500 0
176 1
1 13 0 0 0 0 0 0 0.0829232 0.134314 0.10566 0 0 -500 0
177 1
1 13 0 0 0 0 0 0 0.00591042 0.105825 0.10566 0 0 -500 0
178 1
1 13 0 0 0 0 0 0 0.303228 0.321109 0.10566 0 0 -500 0
179 1
1 13 0 0 0 0 0 0 0.364986 0.379972 0.10566 0 0 -500 0
180 1
1 13 0 0 0 0 0 0 0.306912 0.324591 0.10566 0 0 -500 0
181 1
1 13 0 0 0 0 0 0 0.482884 0.494309 0.10566 0 0 -500 0
182 1
1 13 0 0 0 0 0 0 0.248549 0.270075 0.10566 0 0 -500 0
183 1
1 13 0 0 0 0 0 0 0.264943 0.285234 0.10566 0 0 -500 0
184 1
1 13 0 0 0 0 0 0 0.230804 0.253839 0.10566 0 0 -500 0
185 1
1 13 0 0 0 0 0 0 0.356517 0.371844 0.10566 0 0 -500 0
186 1
1 13 0 0 0 0 0 0 0.28998 0.30863 0.10566 0 0 -500 0
187 1
1 13 0 0 0 0 0 0 0.341401 0.357378 0.10566 0 0 -500 0
188 1
1 13 0 0 0 0 0 0 0.476961 0.488524 0.10566 0 0 -500 0
189 1
1 13 0 0 0 0 0 0 0.0118276 0.10632 0.10566 0 0 -500 0
190 1
1 13 0 0 0 0 0 0 0.140055 0.175441 0.10566 0 0 -500 0
191 1
1 13 0 0 0 0 0 0 0.434763 0.447418 0.10566 0 0 -500 0
192 1
1 13 0 0 0 0 0 0 0.149667 0.183205 0.10566 0 0 -500 0
193 1
1 13 0 0 0 0 0 0 0.159777 0.191553 0.10566 0 0 -500 0
194 1
1 13 0 0 0 0 0 0 0.150476 0.183867 0.10566 0 0 -500 0
195 1
1 13 0 0 0 0 0 0 0.470556 0.482273 0.10566 0 0 -500 0
196 1
1 13 0 0 0 0 0 0 0.424064 0.437028 0.10566 0 0 -500 0
197 1
1 13 0 0 0 0 0 0 0.376673 0.391212 0.10566 0 0 -500 0
198 1
1 13 0 0 0 0 0 0 0.269122 0.289121 0.10566 0 0 -500 0
199 1
1 13 0 0 0 0 0 0 0.204241 0.229953 0.10566 0 0 -500 0
200 1
1 13 0 0 0 0 0 0 0.106186 0.149798 0.10566 0 0 -500 0
201 1
1 13 0 0 0 0 0 0 0.0380702 0.112309 0.10566 0 0 -500 0
202 1
1 13 0 0 0 0 0 0 0.144967 0.179387 0.10566 0 0 -500 0
203 1
1 13 0 0 0 0 0 0 0.00989092 0.106122 0.10566 0 0 -500 0
204 1
1 13 0 0 0 0 0 0 0.120624 0.160356 0.10566 0 0 -500 0
205 1
1 13 0 0 0 0 0 0 0.19231 0.219424 0.10566 0 0 -500 0
206 1
1 13 0 0 0 0 0 0 0.227453 0.250797 0.10566 0 0 -500 0
207 1
1 13 0 0 0 0 0 0 0.186991 0.214778 0.10566 0 0 -500 0
208 1
1 13 0 0 0 0 0 0 0.220094 0.244143 0.10566 0 0 -500 0
209 1
1 13 0 0 0 0 0 0 0.0589484 0.120992 0.10566 0 0 -500 0
210 1
1 13 0 0 0 0 0 0 0.402715 0.416345 0.10566 0 0 -500 0
211 1
1 13 0 0 0 0 0 0 0.0824463 0.13402 0.10566 0 0 -500 0
212 1
1 13 0 0 0 0 0 0 0.141265 0.176408 0.10566 0 0 -500 0
213 1
1 13 0 0 0 0 0 0 0.0863427 0.136452 0.10566 0 0 -500 0
214 1
1 13 0 0 0 0 0 0 0.467921 0.479702 0.10566 0 0 -500 0
215 1
1 13 0 0 0 0 0 0 0.340477 0.356494 0.10566 0 0 -500 0
216 1
1 13 0 0 0 0 0 0 0.0668484 0.125031 0.10566 0 0 -500 0
217 1
1 13 0 0 0 0 0 0 0.127381 0.165499 0.10566 0 0 -500 0
218 1
1 13 0 0 0 0 0 0 0.199722 0.225949 0.10566 0 0 -500 0
219 1
1 13 0 0 0 0 0 0 0.184618 0.212715 0.10566 0 0 -500 0
220 1
1 13 0 0 0 0 0 0 0.363181 0.378239 0.10566 0 0 -500 0
221 1
1 13 0 0 0 0 0 0 0.138919 0.174535 0.10566 0 0 -500 0
222 1
1 13 0 0 0 0 0 0 0.346785 0.362524 0.10566 0 0 -500 0
223 1
1 13 0 0 0 0 0 0 0.250177 0.271575 0.10566 0 0 -500 0
224 1
1 13 0 0 0 0 0 0 0.0592028 0.121116 0.10566 0 0 -500 0
225 1
1 13 0 0 0 0 0 0 0.0756517 0.129951 0.10566 0 0 -500 0
226 1
1 13 0 0 0 0 0 0 0.340723 0.35673 0.10566 0 0 -500 0
227 1
1 13 0 0 0 0 0 0 0.360333 0.375505 0.10566 0 0 -500 0
228 1
1 13 0 0 0 0 0 0 0.489823 0.50109 0.10566 0 0 -500 0
229 1
1 13 0 0 0 0 0 0 0.34839 0.36406 0.10566 0 0 -500 0
230 1
1 13 0 0 0 0 0 0 0.278605 0.297968 0.10566 0 0 -500 0
231 1
1 13 0 0 0 0 0 0 0.340411 0.356432 0.10566 0 0 -500 0
232 1
1 13 0 0 0 0 0 0 0.477676 0.489222 0.10566 0 0 -500 0
233 1
1 13 0 0 0 0 0 0 0.299104 0.317218 0.10566 0 0 -500 0
234 1
1 13 0 0 0 0 0 0 0.385227 0.399454 0.10566 0 0 -500 0
235 1
1 13 0 0 0 0 0 0 0.456799 0.468859 0.10566 0 0 -500 0
236 1
1 13 0 0 0 0 0 0 0.329479 0.346007 0.10566 0 0 -500 0
237 1
1 13 0 0 0 0 0 0 0.335487 0.351733 0.10566 0 0 -500 0
238 1
1 13 0 0 0 0 0 0 0.289093 0.307796 0.10566 0 0 -500 0
239 1
1 13 0 0 0 0 0 0 0.47652 0.488093 0.10566 0 0 -500 0
240 1
1 13 0 0 0 0 0 0 0.0814617 0.133417 0.10566 0 0 -500 0
241 1
1 13 0 0 0 0 0 0 0.167528 0.198065 0.10566 0 0 -500 0
242 1
1 13 0 0 0 0 0 0 0.475912 0.4875 0.10566 0 0 -500 0
243 1
1 13 0 0 0 0 0 0 0.0548308 0.11904 0.10566 0 0 -500 0
244 1
1 13 0 0 0 0 0 0 0.309651 0.327182 0.10566 0 0 -500 0
245 1
1 13 0 0 0 0 0 0 0.478408 0.489937 0.10566 0 0 -500 0
246 1
1 13 0 0 0 0 0 0 0.492622 0.503825 0.10566 0 0 -500 0
247 1
1 13 0 0 0 0 0 0 0.0353689 0.111423 0.10566 0 0 -500 0
248 1
1 13 0 0 0 0 0 0 0.251165 0.272485 0.10566 0 0 -500 0
249 1
1 13 0 0 0 0 0 0 0.340361 0.356384 0.10566 0 0 -500 0
250 1
1 13 0 0 0 0 0 0 0.27666 0.29615 0.10566 0 0 -500 0
251 1
1 13 0 0 0 0 0 0 0.293503 0.311942 0.10566 0 0 -500 0
252 1
1 13 0 0 0 0 0 0 0.34581 0.361592 0.10566 0 0 -500 0
253 1
1 13 0 0 0 0 0 0 0.231324 0.254312 0.10566 0 0 -500 0
254 1
1 13 0 0 0 0 0 0 0.287127 0.305951 0.10566 0 0 -500 0
255 1
1 13 0 0 0 0 0 0 0.036445 0.111769 0.10566 0 0 -500 0
256 1
1 13 0 0 0 0 0 0 0.319133 0.33617 0.10566 0 0 -500 0
257 1
1 13 0 0 0 0 0 0 0.193879 0.220801 0.10566 0 0 -500 0
258 1
1 13 0 0 0 0 0 0 0.11048 0.152872 0.10566 0 0 -500 0
259 1
1 13 0 0 0 0 0 0 0.0011159 0.105666 0.10566 0 0 -500 0
260 1
1 13 0 0 0 0 0 0 0.247828 0.269412 0.10566 0 0 -500 0
261 1
1 13 0 0 0 0 0 0 0.0956583 0.142529 0.10566 0 0 -500 0
262 1
1 13 0 0 0 0 0 0 0.0111325 0.106245 0.10566 0 0 -500 0
263 1
1 13 0 0 0 0 0 0 0.451795 0.463985 0.10566 0 0 -500 0
264 1
1 13 0 0 0 0 0 0 0.369314 0.384131 0.10566 0 0 -500 0
265 1
1 13 0 0 0 0 0 0 0.222265 0.246102 0.10566 0 0 -500 0
266 1
1 13 0 0 0 0 0 0 0.208851 0.234057 0.10566 0 0 -500 0
267 1
1 13 0 0 0 0 0 0 0.380431 0.394831 0.10566 0 0 -500 0
268 1
1 13 0 0 0 0 0 0 0.218877 0.243045 0.10566 0 0 -500 0
269 1
1 13 0 0 0 0 0 0 0.0954914 0.142417 0.10566 0 0 -500 0
270 1
1 13 0 0 0 0 0 0 0.288556 0.307293 0.10566 0 0 -500 0
271 1
1 13 0 0 0 0 0 0 0.0663442 0.124762 0.10566 0 0 -500 0
272 1
1 13 0 0 0 0 0 0 0.158912 0.190833 0.10566 0 0 -500 0
273 1
1 13 0 0 0 0 0 0 0.243458 0.265398 0.10566 0 0 -500 0
274 1
1 13 0 0 0 0 0 0 0.469546 0.481287 0.10566 0 0 -500 0
275 1
1 13 0 0 0 0 0 0 0.466973 0.478778 0.10566 0 0 -500 0
276 1
1 13 0 0 0 0 0 0 0.0368301 0.111895 0.10566 0 0 -500 0
277 1
1 13 0 0 0 0 0 0 0.306218 0.323935 0.10566 0 0 -500 0
278 1
1 13 0 0 0 0 0 0 0.257374 0.278219 0.10566 0 0 -500 0
279 1
1 13 0 0 0 0 0 0 0.312332 0.32972 0.10566 0 0 -500 0
280 1
1 13 0 0 0 0 0 0 0.0653226 0.124222 0.10566 0 0 -500 0
281 1
1 13 0 0 0 0 0 0 0.322605 0.339467 0.10566 0 0 -500 0
282 1
1 13 0 0 0 0 0 0 0.0670743 0.125152 0.10566 0 0 -500 0
283 1
1 13 0 0 0 0 0 0 0.326463 0.343136 0.10566 0 0 -500 0
284 1
1 13 0 0 0 0 0 0 0.132605 0.169553 0.10566 0 0 -500 0
285 1
1 13 0 0 0 0 0 0 0.190903 0.218192 0.10566 0 0 -500 0
286 1
1 13 0 0 0 0 0 0 0.295108 0.313453 0.10566 0 0 -500 0
287 1
1 13 0 0 0 0 0 0 0.334852 0.351127 0.10566 0 0 -500 0
288 1
1 13 0 0 0 0 0 0 0.277166 0.296623 0.10566 0 0 -500 0
289 1
1 13 0 0 0 0 0 0 0.00975238 0.106109 0.10566 0 0 -500 0
290 1
1 13 0 0 0 0 0 0 0.0921735 0.140214 0.10566 0 0 -500 0
291 1
1 13 0 0 0 0 0 0 0.49559 0.506728 0.10566 0 0 -500 0
292 1
1 13 0 0 0 0 0 0 0.286839 0.305681 0.10566 0 0 -500 0
293 1
1 13 0 0 0 0 0 0 0.318881 0.33593 0.10566 0 0 -500 0
294 1
1 13 0 0 0 0 0 0 0.297429 0.315639 0.10566 0 0 -500 0
295 1
1 13 0 0 0 0 0 0 0.257622 0.278448 0.10566 0 0 -500 0
296 1
1 13 0 0 0 0 0 0 0.165347 0.196223 0.10566 0 0 -500 0
297 1
1 13 0 0 0 0 0 0 0.198371 0.224756 0.10566 0 0 -500 0
298 1
1 13 0 0 0 0 0 0 0.441983 0.454437 0.10566 0 0 -500 0
299 1
1 13 0 0 0 0 0 0 0.385743 0.399952 0.10566 0 0 -500 0
300 1
1 13 0 0 0 0 0 0 0.299538 0.317627 0.10566 0 0 -500 0
301 1
1 13 0 0 0 0 0 0 0.0123633 0.106381 0.10566 0 0 -500 0
302 1
1 13 0 0 0 0 0 0 0.00612939 0.105838 0.10566 0 0 -500 0
303 1
1 13 0 0 0 0 0 0 0.349226 0.36486 0.10566 0 0 -500 0
304 1
1 13 0 0 0 0 0 0 0.132996 0.169858 0.10566 0 0 -500 0
305 1
1 13 0 0 0 0 0 0 0.36835 0.383205 0.10566 0 0 -500 0
306 1
1 13 0 0 0 0 0 0 0.499986 0.511029 0.10566 0 0 -500 0
307 1
1 13 0 0 0 0 0 0 0.374896 0.389501 0.10566 0 0 -500 0
308 1
1 13 0 0 0 0 0 0 0.242478 0.264499 0.10566 0 0 -500 0
309 1
1 13 0 0 0 0 0 0 0.41185 0.425188 0.10566 0 0 -500 0
310 1
1 13 0 0 0 0 0 0 0.311389 0.328826 0.10566 0 0 -500 0
311 1
1 13 0 0 0 0 0 0 0.451256 0.463461 0.10566 0 0 -500 0
312 1
1 13 0 0 0 0 0 0 0.0282526 0.109372 0.10566 0 0 -500 0
313 1
1 13 0 0 0 0 0 0 0.369539 0.384347 0.10566 0 0 -500 0
314 1
1 13 0 0 0 0 0 0 0.188088 0.215734 0.10566 0 0 -500 0
315 1
1 13 0 0 0 0 0 0 0.0184004 0.10725 0.10566 0 0 -500 0
316 1
1 13 0 0 0 0 0 0 0.388099 0.402225 0.10566 0 0 -500 0
317 1
1 13 0 0 0 0 0 0 0.418677 0.431804 0.10566 0 0 -500 0
318 1
1 13 0 0 0 0 0 0 0.172541 0.202323 0.10566 0 0 -500 0
319 1
1 13 0 0 0 0 0 0 0.0409213 0.113307 0.10566 0 0 -500 0
320 1
1 13 0 0 0 0 0 0 0.111311 0.153474 0.10566 0 0 -500 0
321 1
1 13 0 0 0 0 0 0 0.0762382 0.130293 0.10566 0 0 -500 0
322 1
1 13 0 0 0 0 0 0 0.200589 0.226715 0.10566 0 0 -500 0
323 1
1 13 0 0 0 0 0 0 0.265806 0.286037 0.10566 0 0 -500 0
324 1
1 13 0 0 0 0 0 0 0.405853 0.419382 0.10566 0 0 -500 0
325 1
1 13 0 0 0 0 0 0 0.0203888 0.107609 0.10566 0 0 -500 0
326 1
1 13 0 0 0 0 0 0 0.0589445 0.12099 0.10566 0 0 -500 0
327 1
1 13 0 0 0 0 0 0 0.287595 0.30639 0.10566 0 0 -500 0
328 1
1 13 0 0 0 0 0 0 0.416181 0.429384 0.10566 0 0 -500 0
329 1
1 13 0 0 0 0 0 0 0.102321 0.147084 0.10566 0 0 -500 0
330 1
1 13 0 0 0 0 0 0 0.119361 0.159408 0.10566 0 0 -500 0
331 1
1 13 0 0 0 0 0 0 0.498464 0.50954 0.10566 0 0 -500 0
332 1
1 13 0 0 0 0 0 0 0.129295 0.166977 0.10566 0 0 -500 0
333 1
1 13 0 0 0 0 0 0 0.446028 0.458372 0.10566 0 0 -500 0
334 1
1 13 0 0 0 0 0 0 0.42343 0.436414 0.10566 0 0 -500 0
335 1
1 13 0 0 0 0 0 0 0.153292 0.186178 0.10566 0 0 -500 0
336 1
1 13 0 0 0 0 0 0 0.0166812 0.106969 0.10566 0 0 -500 0
337 1
1 13 0 0 0 0 0 0 0.35321 0.368675 0.10566 0 0 -500 0
338 1
1 13 0 0 0 0 0 0 0.0968078 0.143303 0.10566 0 0 -500 0
339 1
1 13 0 0 0 0 0 0 0.254489 0.275552 0.10566 0 0 -500 0
340 1
1 13 0 0 0 0 0 0 0.0107726 0.106208 0.10566 0 0 -500 0
341 1
1 13 0 0 0 0 0 0 0.336366 0.352571 0.10566 0 0 -500 0
342 1
1 13 0 0 0 0 0 0 0.406781 0.42028 0.10566 0 0 -500 0
343 1
1 13 0 0 0 0 0 0 0.403642 0.417242 0.10566 0 0 -500 0
344 1
1 13 0 0 0 0 0 0 0.240763 0.262928 0.10566 0 0 -500 0
345 1
1 13 0 0 0 0 0 0 0.26876 0.288783 0.10566 0 0 -500 0
346 1
1 13 0 0 0 0 0 0 0.390424 0.404469 0.10566 0 0 -500 0
347 1
1 13 0 0 0 0 0 0 0.167924 0.1984 0.10566 0 0 -500 0
348 1
1 13 0 0 0 0 0 0 0.34963 0.365246 0.10566 0 0 -500 0
349 1
1 13 0 0 0 0 0 0 0.212928 0.237702 0.10566 0 0 -500 0
350 1
1 13 0 0 0 0 0 0 0.41262 0.425934 0.10566 0 0 -500 0
351 1
1 13 0 0 0 0 0 0 0.472807 0.484469 0.10566 0 0 -500 0
352 1
1 13 0 0 0 0 0 0 0.277421 0.296861 0.10566 0 0 -500 0
353 1
1 13 0 0 0 0 0 0 0.355248 0.370628 0.10566 0 0 -500 0
354 1
1 13 0 0 0 0 0 0 0.18918 0.216687 0.10566 0 0 -500 0
355 1
1 13 0 0 0 0 0 0 0.324169 0.340954 0.10566 0 0 -500 0
356 1
1 13 0 0 0 0 0 0 0.0228364 0.1081 0.10566 0 0 -500 0
357 1
1 13 0 0 0 0 0 0 0.0777387 0.131177 0.10566 0 0 -500 0
358 1
1 13 0 0 0 0 0 0 0.442677 0.455112 0.10566 0 0 -500 0
359 1
1 13 0 0 0 0 0 0 0.360783 0.375937 0.10566 0 0 -500 0
360 1
1 13 0 0 0 0 0 0 0.480834 0.492306 0.10566 0 0 -500 0
361 1
1 13 0 0 0 0 0 0 0.21515 0.239695 0.10566 0 0 -500 0
362 1
1 13 0 0 0 0 0 0 0.0660157 0.124588 0.10566 0 0 -500 0
363 1
1 13 0 0 0 0 0 0 0.219666 0.243756 0.10566 0 0 -500 0
364 1
1 13 0 0 0 0 0 0 0.233594 0.256379 0.10566 0 0 -500 0
365 1
1 13 0 0 0 0 0 0 0.205042 0.230664 0.10566 0 0 -500 0
366 1
1 13 0 0 0 0 0 0 0.138598 0.17428 0.10566 0 0 -500 0
367 1
1 13 0 0 0 0 0 0 0.139255 0.174803 0.10566 0 0 -500 0
368 1
1 13 0 0 0 0 0 0 0.47731 0.488865 0.10566 0 0 -500 0
369 1
1 13 0 0 0 0 0 0 0.402179 0.415827 0.10566 0 0 -500 0
370 1
1 13 0 0 0 0 0 0 0.484255 0.495648 0.10566 0 0 -500 0
371 1
1 13 0 0 0 0 0 0 0.499861 0.510906 0.10566 0 0 -500 0
372 1
1 13 0 0 0 0 0 0 0.47358 0.485224 0.10566 0 0 -500 0
373 1
1 13 0 0 0 0 0 0 0.124276 0.163121 0.10566 0 0 -500 0
374 1
1 13 0 0 0 0 0 0 0.00335249 0.105713 0.10566 0 0 -500 0
375 1
1 13 0 0 0 0 0 0 0.222364 0.24619 0.10566 0 0 -500 0
376 1
1 13 0 0 0 0 0 0 0.337024 0.353199 0.10566 0 0 -500 0
377 1
1 13 0 0 0 0 0 0 0.24824 0.269791 0.10566 0 0 -500 0
378 1
1 13 0 0 0 0 0 0 0.0105046 0.106181 0.10566 0 0 -500 0
379 1
1 13 0 0 0 0 0 0 0.415882 0.429094 0.10566 0 0 -500 0
380 1
1 13 0 0 0 0 0 0 0.0542729 0.118784 0.10566 0 0 -500 0
381 1
1 13 0 0 0 0 0 0 0.0465758 0.11547 0.10566 0 0 -500 0
382 1
1 13 0 0 0 0 0 0 0.445103 0.457472 0.10566 0 0 -500 0
383 1
1 13 0 0 0 0 0 0 0.222973 0.24674 0.10566 0 0 -500 0
384 1
1 13 0 0 0 0 0 0 0.453453 0.465601 0.10566 0 0 -500 0
385 1
1 13 0 0 0 0 0 0 0.27702 0.296486 0.10566 0 0 -500 0
386 1
1 13 0 0 0 0 0 0 0.379717 0.394144 0.10566 0 0 -500 0
387 1
1 13 0 0 0 0 0 0 0.407776 0.421242 0.10566 0 0 -500 0
388 1
1 13 0 0 0 0 0 0 0.266484 0.286667 0.10566 0 0 -500 0
389 1
1 13 0 0 0 0 0 0 0.0275676 0.109197 0.10566 0 0 -500 0
390 1
1 13 0 0 0 0 0 0 0.0269928 0.109053 0.10566 0 0 -500 0
391 1
1 13 0 0 0 0 0 0 0.449594 0.461843 0.10566 0 0 -500 0
392 1
1 13 0 0 0 0 0 0 0.0734537 0.128684 0.10566 0 0 -500 0
393 1
1 13 0 0 0 0 0 0 0.241324 0.263441 0.10566 0 0 -500 0
394 1
1 13 0 0 0 0 0 0 0.0336515 0.110889 0.10566 0 0 -500 0
395 1
1 13 0 0 0 0 0 0 0.140581 0.175861 0.10566 0 0 -500 0
396 1
1 13 0 0 0 0 0 0 0.466425 0.478243 0.10566 0 0 -500 0
397 1
1 13 0 0 0 0 0 0 0.253659 0.274785 0.10566 0 0 -500 0
398 1
1 13 0 0 0 0 0 0 0.282252 0.30138 0.10566 0 0 -500 0
399 1
1 13 0 0 0 0 0 0 0.400357 0.414065 0.10566 0 0 -500 0
400 1
1 13 0 0 0 0 0 0 0.322944 0.339789 0.10566 0 0 -500 0
401 1
1 13 0 0 0 0 0 0 0.15461 0.187265 0.10566 0 0 -500 0
402 1
1 13 0 0 0 0 0 0 0.0239033 0.10833 0.10566 0 0 -500 0
403 1
1 13 0 0 0 0 0 0 0.125983 0.164425 0.10566 0 0 -500 0
404 1
1 13 0 0 0 0 0 0 0.356941 0.372251 0.10566 0 0 -500 0
405 1
1 13 0 0 0 0 0 0 0.335497 0.351742 0.10566 0 0 -500 0
406 1
1 13 0 0 0 0 0 0 0.302643 0.320557 0.10566 0 0 -500 0
407 1
1 13 0 0 0 0 0 0 0.074136 0.129074 0.10566 0 0 -500 0
408 1
1 13 0 0 0 0 0 0 0.397625 0.411424 0.10566 0 0 -500 0
409 1
1 13 0 0 0 0 0 0 0.332639 0.349017 0.10566 0 0 -500 0
410 1
1 13 0 0 0 0 0 0 0.427151 0.440025 0.10566 0 0 -500 0
411 1
1 13 0 0 0 0 0 0 0.405267 0.418814 0.10566 0 0 -500 0
412 1
1 13 0 0 0 0 0 0 0.035572 0.111487 0.10566 0 0 -500 0
413 1
1 13 0 0 0 0 0 0 0.0343968 0.111118 0.10566 0 0 -500 0
414 1
1 13 0 0 0 0 0 0 0.445233 0.457599 0.10566 0 0 -500 0
415 1
1 13 0 0 0 0 0 0 0.379023 0.393475 0.10566 0 0 -500 0
416 1
1 13 0 0 0 0 0 0 0.0351553 0.111355 0.10566 0 0 -500 0
417 1
1 13 0 0 0 0 0 0 0.426047 0.438954 0.10566 0 0 -500 0
418 1
1 13 0 0 0 0 0 0 0.387678 0.401819 0.10566 0 0 -500 0
419 1
1 13 0 0 0 0 0 0 0.342448 0.358377 0.10566 0 0 -500 0
420 1
1 13 0 0 0 0 0 0 0.117276 0.157854 0.10566 0 0 -500 0
421 1
1 13 0 0 0 0 0 0 0.230788 0.253825 0.10566 0 0 -500 0
422 1
1 13 0 0 0 0 0 0 0.468218 0.479992 0.10566 0 0 -500 0
423 1
1 13 0 0 0 0 0 0 0.332473 0.348859 0.10566 0 0 -500 0
424 1
1 13 0 0 0 0 0 0 0.22984 0.252963 0.10566 0 0 -500 0
425 1
1 13 0 0 0 0 0 0 0.443912 0.456313 0.10566 0 0 -500 0
426 1
1 13 0 0 0 0 0 0 0.287311 0.306124 0.10566 0 0 -500 0
427 1
1 13 0 0 0 0 0 0 0.0150843 0.106731 0.10566 0 0 -500 0
428 1
1 13 0 0 0 0 0 0 0.383677 0.39796 0.10566 0 0 -500 0
429 1
1 13 0 0 0 0 0 0 0.172739 0.202492 0.10566 0 0 -500 0
430 1
1 13 0 0 0 0 0 0 0.304562 0.322369 0.10566 0 0 -500 0
431 1
1 13 0 0 0 0 0 0 0.108771 0.151642 0.10566 0 0 -500 0
432 1
1 13 0 0 0 0 0 0 0.32188 0.338779 0.10566 0 0 -500 0
433 1
1 13 0 0 0 0 0 0 0.285696 0.304609 0.10566 0 0 -500 0
434 1
1 13 0 0 0 0 0 0 0.401156 0.414837 0.10566 0 0 -500 0
435 1
1 13 0 0 0 0 0 0 0.481168 0.492632 0.10566 0 0 -500 0
436 1
1 13 0 0 0 0 0 0 0.200885 0.226977 0.10566 0 0 -500 0
437 1
1 13 0 0 0 0 0 0 0.498277 0.509356 0.10566 0 0 -500 0
438 1
1 13 0 0 0 0 0 0 0.372973 0.38765 0.10566 0 0 -500 0
439 1
1 13 0 0 0 0 0 0 0.224206 0.247855 0.10566 0 0 -500 0
440 1
1 13 0 0 0 0 0 0 0.197892 0.224333 0.10566 0 0 -500 0
441 1
1 13 0 0 0 0 0 0 0.061695 0.122353 0.10566 0 0 -500 0
442 1
1 13 0 0 0 0 0 0 0.266307 0.286503 0.10566 0 0 -500 0
443 1
1 13 0 0 0 0 0 0 0.41669 0.429877 0.10566 0 0 -500 0
444 1
1 13 0 0 0 0 0 0 0.458837 0.470845 0.10566 0 0 -500 0
445 1
1 13 0 0 0 0 0 0 0.412804 0.426111 0.10566 0 0 -500 0
446 1
1 13 0 0 0 0 0 0 0.222958 0.246727 0.10566 0 0 -500 0
447 1
1 13 0 0 0 0 0 0 0.133568 0.170307 0.10566 0 0 -500 0
448 1
1 13 0 0 0 0 0 0 0.332199 0.348598 0.10566 0 0 -500 0
449 1
1 13 0 0 0 0 0 0 0.38343 0.397722 0.10566 0 0 -500 0
450 1
1 13 0 0 0 0 0 0 0.332984 0.349346 0.10566 0 0 -500 0
451 1
1 13 0 0 0 0 0 0 0.251978 0.273234 0.10566 0 0 -500 0
452 1
1 13 0 0 0 0 0 0 0.417577 0.430737 0.10566 0 0 -500 0
453 1
1 13 0 0 0 0 0 0 0.311203 0.32865 0.10566 0 0 -500 0
454 1
1 13 0 0 0 0 0 0 0.228769 0.251991 0.10566 0 0 -500 0
455 1
1 13 0 0 0 0 0 0 0.277492 0.296927 0.10566 0 0 -500 0
456 1
1 13 0 0 0 0 0 0 0.182907 0.211232 0.10566 0 0 -500 0
457 1
1 13 0 0 0 0 0 0 0.328151 0.344742 0.10566 0 0 -500 0
458 1
1 13 0 0 0 0 0 0 0.458519 0.470536 0.10566 0 0 -500 0
459 1
1 13 0 0 0 0 0 0 0.138027 0.173826 0.10566 0 0 -500 0
460 1
1 13 0 0 0 0 0 0 0.0606072 0.121808 0.10566 0 0 -500 0
461 1
1 13 0 0 0 0 0 0 0.483089 0.494509 0.10566 0 0 -500 0
462 1
1 13 0 0 0 0 0 0 0.34872 0.364375 0.10566 0 0 -500 0
463 1
1 13 0 0 0 0 0 0 0.221774 0.245658 0.10566 0 0 -500 0
464 1
1 13 0 0 0 0 0 0 0.315098 0.332341 0.10566 0 0 -500 0
465 1
1 13 0 0 0 0 0 0 0.184173 0.21233 0.10566 0 0 -500 0
466 1
1 13 0 0 0 0 0 0 0.119096 0.15921 0.10566 0 0 -500 0
467 1
1 13 0 0 0 0 0 0 0.150137 0.18359 0.10566 0 0 -500 0
468 1
1 13 0 0 0 0 0 0 0.355166 0.37055 0.10566 0 0 -500 0
469 1
1 13 0 0 0 0 0 0 0.0237374 0.108294 0.10566 0 0 -500 0
470 1
1 13 0 0 0 0 0 0 0.246263 0.267973 0.10566 0 0 -500 0
471 1
1 13 0 0 0 0 0 0 0.040627 0.113202 0.10566 0 0 -500 0
472 1
1 13 0 0 0 0 0 0 0.0610084 0.122008 0.10566 0 0 -500 0
473 1
1 13 0 0 0 0 0 0 0.496551 0.507668 0.10566 0 0 -500 0
474 1
1 13 0 0 0 0 0 0 0.177546 0.206607 0.10566 0 0 -500 0
475 1
1 13 0 0 0 0 0 0 0.382432 0.39676 0.10566 0 0 -500 0
476 1
1 13 0 0 0 0 0 0 0.45205 0.464234 0.10566 0 0 -500 0
477 1
1 13 0 0 0 0 0 0 0.198055 0.224477 0.10566 0 0 -500 0
478 1
1 13 0 0 0 0 0 0 0.408567 0.422009 0.10566 0 0 -500 0
479 1
1 13 0 0 0 0 0 0 0.174487 0.203985 0.10566 0 0 -500 0
480 1
1 13 0 0 0 0 0 0 0.133097 0.169938 0.10566 0 0 -500 0
481 1
1 13 0 0 0 0 0 0 0.183751 0.211963 0.10566 0 0 -500 0
482 1
1 13 0 0 0 0 0 0 0.376158 0.390716 0.10566 0 0 -500 0
483 1
1 13 0 0 0 0 0 0 0.2939 0.312316 0.10566 0 0 -500 0
484 1
1 13 0 0 0 0 0 0 0.244711 0.266547 0.10566 0 0 -500 0
485 1
1 13 0 0 0 0 0 0 0.336737 0.352925 0.10566 0 0 -500 0
486 1
1 13 0 0 0 0 0 0 0.164148 0.195214 0.10566 0 0 -500 0
487 1
1 13 0 0 0 0 0 0 0.426973 0.439852 0.10566 0 0 -500 0
488 1
1 13 0 0 0 0 0 0 0.41619 0.429393 0.10566 0 0 -500 0
489 1
1 13 0 0 0 0 0 0 0.0797943 0.132405 0.10566 0 0 -500 0
490 1
1 13 0 0 0 0 0 0 0.161206 0.192747 0.10566 0 0 -500 0
491 1
1 13 0 0 0 0 0 0 0.475087 0.486695 0.10566 0 0 -500 0
492 1
1 13 0 0 0 0 0 0 0.0476884 0.115923 0.10566 0 0 -500 0
493 1
1 13 0 0 0 0 0 0 0.11551 0.156546 0.10566 0 0 -500 0
494 1
1 13 0 0 0 0 0 0 0.430304 0.443086 0.10566 0 0 -500 0
495 1
1 13 0 0 0 0 0 0 0.179814 0.208559 0.10566 0 0 -500 0
496 1
1 13 0 0 0 0 0 0 0.492422 0.50363 0.10566 0 0 -500 0
497 1
1 13 0 0 0 0 0 0 0.0159878 0.106863 0.10566 0 0 -500 0
498 1
1 13 0 0 0 0 0 0 0.414325 0.427585 0.10566 0 0 -500 0
499 1
1 13 0 0 0 0 0 0 0.258405 0.279172 0.10566 0 0 -500 0
500 1
1 13 0 0 0 0 0 0 0.244704 0.266541 0.10566 0 0 -500 0
501 1
1 13 0 0 0 0 0 0 0.481989 0.493434 0.10566 0 0 -500 0
502 1
1 13 0 0 0 0 0 0 0.480066 0.491556 0.10566 0 0 -500 0
503 1
1 13 0 0 0 0 0 0 0.340908 0.356907 0.10566 0 0 -500 0
504 1
1 13 0 0 0 0 0 0 0.430394 0.443174 0.10566 0 0 -500 0
505 1
1 13 0 0 0 0 0 0 0.227915 0.251215 0.10566 0 0 -500 0
506 1
1 13 0 0 0 0 0 0 0.166195 0.196939 0.10566 0 0 -500 0
507 1
1 13 0 0 0 0 0 0 0.0295749 0.109721 0.10566 0 0 -500 0
508 1
1 13 0 0 0 0 0 0 0.226123 0.249591 0.10566 0 0 -500 0
509 1
1 13 0 0 0 0 0 0 0.108677 0.151574 0.10566 0 0 -500 0
510 1
1 13 0 0 0 0 0 0 0.172804 0.202547 0.10566 0 0 -500 0
511 1
1 13 0 0 0 0 0 0 0.274986 0.294587 0.10566 0 0 -500 0
512 1
1 13 0 0 0 0 0 0 0.158811 0.190749 0.10566 0 0 -500 0
513 1
1 13 0 0 0 0 0 0 0.446488 0.45882 0.10566 0 0 -500 0
514 1
1 13 0 0 0 0 0 0 0.245023 0.266834 0.10566 0 0 -500 0
515 1
1 13 0 0 0 0 0 0 0.128239 0.166161 0.10566 0 0 -500 0
516 1
1 13 0 0 0 0 0 0 0.484499 0.495887 0.10566 0 0 -500 0
517 1
1 13 0 0 0 0 0 0 0.455318 0.467417 0.10566 0 0 -500 0
518 1
1 13 0 0 0 0 0 0 0.113359 0.154965 0.10566 0 0 -500 0
519 1
1 13 0 0 0 0 0 0 0.163914 0.195018 0.10566 0 0 -500 0
520 1
1 13 0 0 0 0 0 0 0.143351 0.178083 0.10566 0 0 -500 0
521 1
1 13 0 0 0 0 0 0 0.0712575 0.127443 0.10566 0 0 -500 0
522 1
1 13 0 0 0 0 0 0 0.0496409 0.11674 0.10566 0 0 -500 0
523 1
1 13 0 0 0 0 0 0 0.0961662 0.14287 0.10566 0 0 -500 0
524 1
1 13 0 0 0 0 0 0 0.154188 0.186917 0.10566 0 0 -500 0
525 1
1 13 0 0 0 0 0 0 0.435708 0.448336 0.10566 0 0 -500 0
526 1
1 13 0 0 0 0 0 0 0.195574 0.222291 0.10566 0 0 -500 0
527 1
1 13 0 0 0 0 0 0 0.39433 0.408241 0.10566 0 0 -500 0
528 1
1 13 0 0 0 0 0 0 0.100408 0.145759 0.10566 0 0 -500 0
529 1
1 13 0 0 0 0 0 0 0.493238 0.504428 0.10566 0 0 -500 0
530 1
1 13 0 0 0 0 0 0 0.441431 0.4539 0.10566 0 0 -500 0
531 1
1 13 0 0 0 0 0 0 0.0549312 0.119086 0.10566 0 0 -500 0
532 1
1 13 0 0 0 0 0 0 0.177142 0.20626 0.10566 0 0 -500 0
533 1
1 13 0 0 0 0 0 0 0.277871 0.297282 0.10566 0 0 -500 0
534 1
1 13 0 0 0 0 0 0 0.345349 0.361151 0.10566 0 0 -500 0
535 1
1 13 0 0 0 0 0 0 0.321908 0.338805 0.10566 0 0 -500 0
536 1
1 13 0 0 0 0 0 0 0.181552 0.21006 0.10566 0 0 -500 0
537 1
1 13 0 0 0 0 0 0 0.0394314 0.112778 0.10566 0 0 -500 0
538 1
1 13 0 0 0 0 0 0 0.10041 0.145761 0.10566 0 0 -500 0
539 1
1 13 0 0 0 0 0 0 0.358487 0.373734 0.10566 0 0 -500 0
540 1
1 13 0 0 0 0 0 0 0.372177 0.386885 0.10566 0 0 -500 0
541 1
1 13 0 0 0 0 0 0 0.383818 0.398096 0.10566 0 0 -500 0
542 1
1 13 0 0 0 0 0 0 0.122721 0.16194 0.10566 0 0 -500 0
543 1
1 13 0 0 0 0 0 0 0.334005 0.350319 0.10566 0 0 -500 0
544 1
1 13 0 0 0 0 0 0 0.443495 0.455907 0.10566 0 0 -500 0
545 1
1 13 0 0 0 0 0 0 0.183425 0.211681 0.10566 0 0 -500 0
546 1
1 13 0 0 0 0 0 0 0.265778 0.286011 0.10566 0 0 -500 0
547 1
1 13 0 0 0 0 0 0 0.251422 0.272722 0.10566 0 0 -500 0
548 1
1 13 0 0 0 0 0 0 0.157272 0.189469 0.10566 0 0 -500 0
549 1
1 13 0 0 0 0 0 0 0.311271 0.328715 0.10566 0 0 -500 0
550 1
1 13 0 0 0 0 0 0 0.00995193 0.106128 0.10566 0 0 -500 0
551 1
1 13 0 0 0 0 0 0 0.338178 0.354299 0.10566 0 0 -500 0
552 1
1 13 0 0 0 0 0 0 0.214909 0.239479 0.10566 0 0 -500 0
553 1
1 13 0 0 0 0 0 0 0.116418 0.157217 0.10566 0 0 -500 0
554 1
1 13 0 0 0 0 0 0 0.49381 0.504987 0.10566 0 0 -500 0
555 1
1 13 0 0 0 0 0 0 0.153286 0.186174 0.10566 0 0 -500 0
556 1
1 13 0 0 0 0 0 0 0.247319 0.268943 0.10566 0 0 -500 0
557 1
1 13 0 0 0 0 0 0 0.374307 0.388935 0.10566 0 0 -500 0
558 1
1 13 0 0 0 0 0 0 0.445922 0.458269 0.10566 0 0 -500 0
559 1
1 13 0 0 0 0 0 0 0.0226427 0.108059 0.10566 0 0 -500 0
560 1
1 13 0 0 0 0 0 0 0.213781 0.238466 0.10566 0 0 -500 0
561 1
1 13 0 0 0 0 0 0 0.113489 0.155061 0.10566 0 0 -500 0
562 1
1 13 0 0 0 0 0 0 0.242036 0.264094 0.10566 0 0 -500 0
563 1
1 13 0 0 0 0 0 0 0.0823228 0.133944 0.10566 0 0 -500 0
564 1
1 13 0 0 0 0 0 0 0.0449037 0.114806 0.10566 0 0 -500 0
565 1
1 13 0 0 0 0 0 0 0.192132 0.219269 0.10566 0 0 -500 0
566 1
1 13 0 0 0 0 0 0 0.0119177 0.10633 0.10566 0 0 -500 0
567 1
1 13 0 0 0 0 0 0 0.164867 0.195819 0.10566 0 0 -500 0
568 1
1 13 0 0 0 0 0 0 0.265615 0.285859 0.10566 0 0 -500 0
569 1
1 13 0 0 0 0 0 0 0.238342 0.260712 0.10566 0 0 -500 0
570 1
1 13 0 0 0 0 0 0 0.438741 0.451285 0.10566 0 0 -500 0
571 1
1 13 0 0 0 0 0 0 0.227751 0.251067 0.10566 0 0 -500 0
572 1
1 13 0 0 0 0 0 0 0.248651 0.270169 0.10566 0 0 -500 0
573 1
1 13 0 0 0 0 0 0 0.198092 0.22451 0.10566 0 0 -500 0
574 1
1 13 0 0 0 0 0 0 0.443062 0.455487 0.10566 0 0 -500 0
575 1
1 13 0 0 0 0 0 0 0.368035 0.382902 0.10566 0 0 -500 0
576 1
1 13 0 0 0 0 0 0 0.0544588 0.118869 0.10566 0 0 -500 0
577 1
1 13 0 0 0 0 0 0 0.198961 0.225276 0.10566 0 0 -500 0
578 1
1 13 0 0 0 0 0 0 0.421288 0.434335 0.10566 0 0 -500 0
579 1
1 13 0 0 0 0 0 0 0.4131 0.426399 0.10566 0 0 -500 0
580 1
1 13 0 0 0 0 0 0 0.468328 0.480099 0.10566 0 0 -500 0
581 1
1 13 0 0 0 0 0 0 0.122795 0.161996 0.10566 0 0 -500 0
582 1
1 13 0 0 0 0 0 0 0.319844 0.336845 0.10566 0 0 -500 0
583 1
1 13 0 0 0 0 0 0 0.246668 0.268345 0.10566 0 0 -500 0
584 1
1 13 0 0 0 0 0 0 0.0367248 0.11186 0.10566 0 0 -500 0
585 1
1 13 0 0 0 0 0 0 0.390069 0.404126 0.10566 0 0 -500 0
586 1
1 13 0 0 0 0 0 0 0.0210561 0.107738 0.10566 0 0 -500 0
587 1
1 13 0 0 0 0 0 0 0.350558 0.366135 0.10566 0 0 -500 0
588 1
1 13 0 0 0 0 0 0 0.470262 0.481986 0.10566 0 0 -500 0
589 1
1 13 0 0 0 0 0 0 0.350274 0.365863 0.10566 0 0 -500 0
590 1
1 13 0 0 0 0 0 0 0.38838 0.402496 0.10566 0 0 -500 0
591 1
1 13 0 0 0 0 0 0 0.0963713 0.143009 0.10566 0 0 -500 0
592 1
1 13 0 0 0 0 0 0 0.00346263 0.105717 0.10566 0 0 -500 0
593 1
1 13 0 0 0 0 0 0 0.421492 0.434534 0.10566 0 0 -500 0
594 1
1 13 0 0 0 0 0 0 0.459662 0.47165 0.10566 0 0 -500 0
595 1
1 13 0 0 0 0 0 0 0.121042 0.160671 0.10566 0 0 -500 0
596 1
1 13 0 0 0 0 0 0 0.0950503 0.142122 0.10566 0 0 -500 0
597 1
1 13 0 0 0 0 0 0 0.367542 0.382428 0.10566 0 0 -500 0
598 1
1 13 0 0 0 0 0 0 0.0822612 0.133906 0.10566 0 0 -500 0
599 1
1 13 0 0 0 0 0 0 0.495153 0.506301 0.10566 0 0 -500 0
600 1
1 13 0 0 0 0 0 0 0.491424 0.502654 0.10566 0 0 -500 0
601 1
1 13 0 0 0 0 0 0 0.328585 0.345155 0.10566 0 0 -500 0
602 1
1 13 0 0 0 0 0 0 0.00938682 0.106076 0.10566 0 0 -500 0
603 1
1 13 0 0 0 0 0 0 0.379798 0.394222 0.10566 0 0 -500 0
604 1
1 13 0 0 0 0 0 0 0.178784 0.207672 0.10566 0 0 -500 0
605 1
1 13 0 0 0 0 0 0 0.254508 0.275569 0.10566 0 0 -500 0
606 1
1 13 0 0 0 0 0 0 0.36945 0.384262 0.10566 0 0 -500 0
607 1
1 13 0 0 0 0 0 0 0.283962 0.302982 0.10566 0 0 -500 0
608 1
1 13 0 0 0 0 0 0 0.144528 0.179032 0.10566 0 0 -500 0
609 1
1 13 0 0 0 0 0 0 0.207509 0.23286 0.10566 0 0 -500 0
610 1
1 13 0 0 0 0 0 0 0.490527 0.501778 0.10566 0 0 -500 0
611 1
1 13 0 0 0 0 0 0 0.182942 0.211263 0.10566 0 0 -500 0
612 1
1 13 0 0 0 0 0 0 0.258939 0.279667 0.10566 0 0 -500 0
613 1
1 13 0 0 0 0 0 0 0.422105 0.435128 0.10566 0 0 -500 0
614 1
1 13 0 0 0 0 0 0 0.484061 0.495459 0.10566 0 0 -500 0
615 1
1 13 0 0 0 0 0 0 0.129447 0.167095 0.10566 0 0 -500 0
616 1
1 13 0 0 0 0 0 0 0.239155 0.261456 0.10566 0 0 -500 0
617 1
1 13 0 0 0 0 0 0 0.21867 0.24286 0.10566 0 0 -500 0
618 1
1 13 0 0 0 0 0 0 0.189699 0.21714 0.10566 0 0 -500 0
619 1
1 13 0 0 0 0 0 0 0.101541 0.146542 0.10566 0 0 -500 0
620 1
1 13 0 0 0 0 0 0 0.27541 0.294983 0.10566 0 0 -500 0
621 1
1 13 0 0 0 0 0 0 0.127771 0.1658 0.10566 0 0 -500 0
622 1
1 13 0 0 0 0 0 0 0.275049 0.294646 0.10566 0 0 -500 0
623 1
1 13 0 0 0 0 0 0 0.435239 0.447881 0.10566 0 0 -500 0
624 1
1 13 0 0 0 0 0 0 0.120615 0.16035 0.10566 0 0 -500 0
625 1
1 13 0 0 0 0 0 0 0.0785541 0.131662 0.10566 0 0 -500 0
626 1
1 13 0 0 0 0 0 0 0.10913 0.1519 0.10566 0 0 -500 0
627 1
1 13 0 0 0 0 0 0 0.0581389 0.120599 0.10566 0 0 -500 0
628 1
1 13 0 0 0 0 0 0 0.374509 0.389129 0.10566 0 0 -500 0
629 1
1 13 0 0 0 0 0 0 0.0791453 0.132015 0.10566 0 0 -500 0
630 1
1 13 0 0 0 0 0 0 0.238177 0.260561 0.10566 0 0 -500 0
631 1
1 13 0 0 0 0 0 0 0.272664 0.29242 0.10566 0 0 -500 0
632 1
1 13 0 0 0 0 0 0 0.439489 0.452012 0.10566 0 0 -500 0
633 1
1 13 0 0 0 0 0 0 0.00857211 0.106007 0.10566 0 0 -500 0
634 1
1 13 0 0 0 0 0 0 0.271491 0.291327 0.10566 0 0 -500 0
635 1
1 13 0 0 0 0 0 0 0.159009 0.190913 0.10566 0 0 -500 0
636 1
1 13 0 0 0 0 0 0 0.394403 0.408311 0.10566 0 0 -500 0
637 1
1 13 0 0 0 0 0 0 0.435861 0.448485 0.10566 0 0 -500 0
638 1
1 13 0 0 0 0 0 0 0.369245 0.384065 0.10566 0 0 -500 0
639 1
1 13 0 0 0 0 0 0 0.0461665 0.115306 0.10566 0 0 -500 0
640 1
1 13 0 0 0 0 0 0 0.150699 0.18405 0.10566 0 0 -500 0
641 1
1 13 0 0 0 0 0 0 0.318552 0.335618 0.10566 0 0 -500 0
642 1
1 13 0 0 0 0 0 0 0.285782 0.304689 0.10566 0 0 -500 0
643 1
1 13 0 0 0 0 0 0 0.356405 0.371737 0.10566 0 0 -500 0
644 1
1 13 0 0 0 0 0 0 0.322145 0.33903 0.10566 0 0 -500 0
645 1
1 13 0 0 0 0 0 0 0.115238 0.156345 0.10566 0 0 -500 0
646 1
1 13 0 0 0 0 0 0 0.485848 0.497204 0.10566 0 0 -500 0
647 1
1 13 0 0 0 0 0 0 0.48308 0.4945 0.10566 0 0 -500 0
648 1
1 13 0 0 0 0 0 0 0.145942 0.180175 0.10566 0 0 -500 0
649 1
1 13 0 0 0 0 0 0 0.0876429 0.137278 0.10566 0 0 -500 0
650 1
1 13 0 0 0 0 0 0 0.156441 0.18878 0.10566 0 0 -500 0
651 1
1 13 0 0 0 0 0 0 0.492326 0.503536 0.10566 0 0 -500 0
652 1
1 13 0 0 0 0 0 0 0.284196 0.303202 0.10566 0 0 -500 0
653 1
1 13 0 0 0 0 0 0 0.422234 0.435254 0.10566 0 0 -500 0
654 1
1 13 0 0 0 0 0 0 0.072217 0.127982 0.10566 0 0 -500 0
655 1
1 13 0 0 0 0 0 0 0.22997 0.253082 0.10566 0 0 -500 0
656 1
1 13 0 0 0 0 0 0 0.303949 0.32179 0.10566 0 0 -500 0
657 1
1 13 0 0 0 0 0 0 0.0920614 0.14014 0.10566 0 0 -500 0
658 1
1 13 0 0 0 0 0 0 0.171403 0.201353 0.10566 0 0 -500 0
659 1
1 13 0 0 0 0 0 0 0.303216 0.321099 0.10566 0 0 -500 0
660 1
1 13 0 0 0 0 0 0 0.419098 0.432212 0.10566 0 0 -500 0
661 1
1 13 0 0 0 0 0 0 0.0930943 0.140821 0.10566 0 0 -500 0
662 1
1 13 0 0 0 0 0 0 0.0151372 0.106739 0.10566 0 0 -500 0
663 1
1 13 0 0 0 0 0 0 0.153696 0.186511 0.10566 0 0 -500 0
664 1
1 13 0 0 0 0 0 0 0.062643 0.122834 0.10566 0 0 -500 0
665 1
1 13 0 0 0 0 0 0 0.135197 0.171588 0.10566 0 0 -500 0
666 1
1 13 0 0 0 0 0 0 0.437081 0.449671 0.10566 0 0 -500 0
667 1
1 13 0 0 0 0 0 0 0.185255 0.213268 0.10566 0 0 -500 0
668 1
1 13 0 0 0 0 0 0 0.447117 0.459432 0.10566 0 0 -500 0
669 1
1 13 0 0 0 0 0 0 0.203998 0.229737 0.10566 0 0 -500 0
670 1
1 13 0 0 0 0 0 0 0.440939 0.453422 0.10566 0 0 -500 0
671 1
1 13 0 0 0 0 0 0 0.323976 0.34077 0.10566 0 0 -500 0
672 1
1 13 0 0 0 0 0 0 0.118493 0.15876 0.10566 0 0 -500 0
673 1
1 13 0 0 0 0 0 0 0.264404 0.284734 0.10566 0 0 -500 0
674 1
1 13 0 0 0 0 0 0 0.146866 0.180924 0.10566 0 0 -500 0
675 1
1 13 0 0 0 0 0 0 0.0471602 0.115707 0.10566 0 0 -500 0
676 1
1 13 0 0 0 0 0 0 0.467269 0.479066 0.10566 0 0 -500 0
677 1
1 13 0 0 0 0 0 0 0.0608397 0.121924 0.10566 0 0 -500 0
678 1
1 13 0 0 0 0 0 0 0.174841 0.204287 0.10566 0 0 -500 0
679 1
1 13 0 0 0 0 0 0 0.0335134 0.110848 0.10566 0 0 -500 0
680 1
1 13 0 0 0 0 0 0 0.321098 0.338036 0.10566 0 0 -500 0
681 1
1 13 0 0 0 0 0 0 0.346224 0.361987 0.10566 0 0 -500 0
682 1
1 13 0 0 0 0 0 0 0.167463 0.19801 0.10566 0 0 -500 0
683 1
1 13 0 0 0 0 0 0 0.187122 0.214892 0.10566 0 0 -500 0
684 1
1 13 0 0 0 0 0 0 0.156943 0.189196 0.10566 0 0 -500 0
685 1
1 13 0 0 0 0 0 0 0.269369 0.289351 0.10566 0 0 -500 0
686 1
1 13 0 0 0 0 0 0 0.0492963 0.116594 0.10566 0 0 -500 0
687 1
1 13 0 0 0 0 0 0 0.245257 0.267049 0.10566 0 0 -500 0
688 1
1 13 0 0 0 0 0 0 0.164368 0.195399 0.10566 0 0 -500 0
689 1
1 13 0 0 0 0 0 0 0.354863 0.370259 0.10566 0 0 -500 0
690 1
1 13 0 0 0 0 0 0 0.440849 0.453334 0.10566 0 0 -500 0
691 1
1 13 0 0 0 0 0 0 0.1965 0.223106 0.10566 0 0 -500 0
692 1
1 13 0 0 0 0 0 0 0.427122 0.439997 0.10566 0 0 -500 0
693 1
1 13 0 0 0 0 0 0 0.231888 0.254826 0.10566 0 0 -500 0
694 1
1 13 0 0 0 0 0 0 0.263528 0.283921 0.10566 0 0 -500 0
695 1
1 13 0 0 0 0 0 0 0.246655 0.268333 0.10566 0 0 -500 0
696 1
1 13 0 0 0 0 0 0 0.133892 0.170561 0.10566 0 0 -500 0
697 1
1 13 0 0 0 0 0 0 0.291539 0.310095 0.10566 0 0 -500 0
698 1
1 13 0 0 0 0 0 0 0.0286757 0.109482 0.10566 0 0 -500 0
699 1
1 13 0 0 0 0 0 0 0.479668 0.491168 0.10566 0 0 -500 0
700 1
1 13 0 0 0 0 0 0 0.385709 0.399919 0.10566 0 0 -500 0
701 1
1 13 0 0 0 0 0 0 0.0213592 0.107797 0.10566 0 0 -500 0
702 1
1 13 0 0 0 0 0 0 0.249217 0.27069 0.10566 0 0 -500 0
703 1
1 13 0 0 0 0 0 0 0.0261471 0.108847 0.10566 0 0 -500 0
704 1
1 13 0 0 0 0 0 0 0.280776 0.299998 0.10566 0 0 -500 0
705 1
1 13 0 0 0 0 0 0 0.480181 0.491668 0.10566 0 0 -500 0
706 1
1 13 0 0 0 0 0 0 0.309909 0.327425 0.10566 0 0 -500 0
707 1
1 13 0 0 0 0 0 0 0.264314 0.284651 0.10566 0 0 -500 0
708 1
1 13 0 0 0 0 0 0 0.349118 0.364756 0.10566 0 0 -500 0
709 1
1 13 0 0 0 0 0 0 0.093081 0.140812 0.10566 0 0 -500 0
710 1
1 13 0 0 0 0 0 0 0.276999 0.296467 0.10566 0 0 -500 0
711 1
1 13 0 0 0 0 0 0 0.33306 0.349418 0.10566 0 0 -500 0
712 1
1 13 0 0 0 0 0 0 0.0763655 0.130368 0.10566 0 0 -500 0
713 1
1 13 0 0 0 0 0 0 0.474375 0.486 0.10566 0 0 -500 0
714 1
1 13 0 0 0 0 0 0 0.0934129 0.141032 0.10566 0 0 -500 0
715 1
1 13 0 0 0 0 0 0 0.290256 0.30889 0.10566 0 0 -500 0
716 1
1 13 0 0 0 0 0 0 0.425512 0.438434 0.10566 0 0 -500 0
717 1
1 13 0 0 0 0 0 0 0.0534329 0.118402 0.10566 0 0 -500 0
718 1
1 13 0 0 0 0 0 0 0.337931 0.354064 0.10566 0 0 -500 0
719 1
1 13 0 0 0 0 0 0 0.398023 0.411808 0.10566 0 0 -500 0
720 1
1 13 0 0 0 0 0 0 0.328823 0.345382 0.10566 0 0 -500 0
721 1
1 13 0 0 0 0 0 0 0.00467476 0.105763 0.10566 0 0 -500 0
722 1
1 13 0 0 0 0 0 0 0.103134 0.14765 0.10566 0 0 -500 0
723 1
1 13 0 0 0 0 0 0 0.31821 0.335294 0.10566 0 0 -500 0
724 1
1 13 0 0 0 0 0 0 0.0191282 0.107377 0.10566 0 0 -500 0
725 1
1 13 0 0 0 0 0 0 0.338855 0.354946 0.10566 0 0 -500 0
726 1
1 13 0 0 0 0 0 0 0.338959 0.355045 0.10566 0 0 -500 0
727 1
1 13 0 0 0 0 0 0 0.335842 0.352071 0.10566 0 0 -500 0
728 1
1 13 0 0 0 0 0 0 0.198159 0.224568 0.10566 0 0 -500 0
729 1
1 13 0 0 0 0 0 0 0.330799 0.347263 0.10566 0 0 -500 0
730 1
1 13 0 0 0 0 0 0 0.31668 0.333842 0.10566 0 0 -500 0
731 1
1 13 0 0 0 0 0 0 0.481062 0.492529 0.10566 0 0 -500 0
732 1
1 13 0 0 0 0 0 0 0.496356 0.507477 0.10566 0 0 -500 0
733 1
1 13 0 0 0 0 0 0 0.0496724 0.116754 0.10566 0 0 -500 0
734 1
1 13 0 0 0 0 0 0 0.0339466 0.110979 0.10566 0 0 -500 0
735 1
1 13 0 0 0 0 0 0 0.213007 0.237773 0.10566 0 0 -500 0
736 1
1 13 0 0 0 0 0 0 0.473523 0.485168 0.10566 0 0 -500 0
737 1
1 13 0 0 0 0 0 0 0.354163 0.369588 0.10566 0 0 -500 0
738 1
1 13 0 0 0 0 0 0 0.233409 0.25621 0.10566 0 0 -500 0
739 1
1 13 0 0 0 0 0 0 0.0224181 0.108012 0.10566 0 0 -500 0
740 1
1 13 0 0 0 0 0 0 0.37429 0.388918 0.10566 0 0 -500 0
741 1
1 13 0 0 0 0 0 0 0.339185 0.355262 0.10566 0 0 -500 0
742 1
1 13 0 0 0 0 0 0 0.105461 0.149285 0.10566 0 0 -500 0
743 1
1 13 0 0 0 0 0 0 0.199245 0.225528 0.10566 0 0 -500 0
744 1
1 13 0 0 0 0 0 0 0.476838 0.488404 0.10566 0 0 -500 0
745 1
1 13 0 0 0 0 0 0 0.0144511 0.106644 0.10566 0 0 -500 0
746 1
1 13 0 0 0 0 0 0 0.467883 0.479665 0.10566 0 0 -500 0
747 1
1 13 0 0 0 0 0 0 0.423465 0.436448 0.10566 0 0 -500 0
748 1
1 13 0 0 0 0 0 0 0.33138 0.347817 0.10566 0 0 -500 0
749 1
1 13 0 0 0 0 0 0 0.433955 0.446633 0.10566 0 0 -500 0
750 1
1 13 0 0 0 0 0 0 0.32618 0.342866 0.10566 0 0 -500 0
751 1
1 13 0 0 0 0 0 0 0.226402 0.249844 0.10566 0 0 -500 0
752 1
1 13 0 0 0 0 0 0 0.152614 0.185621 0.10566 0 0 -500 0
753 1
1 13 0 0 0 0 0 0 0.176017 0.205295 0.10566 0 0 -500 0
754 1
1 13 0 0 0 0 0 0 0.139822 0.175255 0.10566 0 0 -500 0
755 1
1 13 0 0 0 0 0 0 0.118023 0.158409 0.10566 0 0 -500 0
756 1
1 13 0 0 0 0 0 0 0.0135017 0.106519 0.10566 0 0 -500 0
757 1
1 13 0 0 0 0 0 0 0.326031 0.342725 0.10566 0 0 -500 0
758 1
1 13 0 0 0 0 0 0 0.356 0.371349 0.10566 0 0 -500 0
759 1
1 13 0 0 0 0 0 0 0.309965 0.327479 0.10566 0 0 -500 0
760 1
1 13 0 0 0 0 0 0 0.0627195 0.122873 0.10566 0 0 -500 0
761 1
1 13 0 0 0 0 0 0 0.226395 0.249837 0.10566 0 0 -500 0
762 1
1 13 0 0 0 0 0 0 0.461166 0.473115 0.10566 0 0 -500 0
763 1
1 13 0 0 0 0 0 0 0.0604222 0.121716 0.10566 0 0 -500 0
764 1
1 13 0 0 0 0 0 0 0.201904 0.22788 0.10566 0 0 -500 0
765 1
1 13 0 0 0 0 0 0 0.130145 0.167636 0.10566 0 0 -500 0
766 1
1 13 0 0 0 0 0 0 0.389422 0.403501 0.10566 0 0 -500 0
767 1
1 13 0 0 0 0 0 0 0.333921 0.350239 0.10566 0 0 -500 0
768 1
1 13 0 0 0 0 0 0 0.0133947 0.106506 0.10566 0 0 -500 0
769 1
1 13 0 0 0 0 0 0 0.245666 0.267425 0.10566 0 0 -500 0
770 1
1 13 0 0 0 0 0 0 0.45753 0.469572 0.10566 0 0 -500 0
771 1
1 13 0 0 0 0 0 0 0.352013 0.367528 0.10566 0 0 -500 0
772 1
1 13 0 0 0 0 0 0 0.3141 0.331396 0.10566 0 0 -500 0
773 1
1 13 0 0 0 0 0 0 0.289169 0.307868 0.10566 0 0 -500 0
774 1
1 13 0 0 0 0 0 0 0.314578 0.331849 0.10566 0 0 -500 0
775 1
1 13 0 0 0 0 0 0 0.365205 0.380183 0.10566 0 0 -500 0
776 1
1 13 0 0 0 0 0 0 0.320659 0.337619 0.10566 0 0 -500 0
777 1
1 13 0 0 0 0 0 0 0.231855 0.254795 0.10566 0 0 -500 0
778 1
1 13 0 0 0 0 0 0 0.307146 0.324811 0.10566 0 0 -500 0
779 1
1 13 0 0 0 0 0 0 0.127235 0.165387 0.10566 0 0 -500 0
780 1
1 13 0 0 0 0 0 0 0.404341 0.417919 0.10566 0 0 -500 0
781 1
1 13 0 0 0 0 0 0 0.114492 0.155796 0.10566 0 0 -500 0
782 1
1 13 0 0 0 0 0 0 0.225239 0.24879 0.10566 0 0 -500 0
783 1
1 13 0 0 0 0 0 0 0.437118 0.449706 0.10566 0 0 -500 0
784 1
1 13 0 0 0 0 0 0 0.101387 0.146435 0.10566 0 0 -500 0
785 1
1 13 0 0 0 0 0 0 0.261856 0.282369 0.10566 0 0 -500 0
786 1
1 13 0 0 0 0 0 0 0.0632591 0.123149 0.10566 0 0 -500 0
787 1
1 13 0 0 0 0 0 0 0.289701 0.308368 0.10566 0 0 -500 0
788 1
1 13 0 0 0 0 0 0 0.130942 0.168256 0.10566 0 0 -500 0
789 1
1 13 0 0 0 0 0 0 0.103885 0.148176 0.10566 0 0 -500 0
790 1
1 13 0 0 0 0 0 0 0.276419 0.295925 0.10566 0 0 -500 0
791 1
1 13 0 0 0 0 0 0 0.425698 0.438614 0.10566 0 0 -500 0
792 1
1 13 0 0 0 0 0 0 0.256797 0.277685 0.10566 0 0 -500 0
793 1
1 13 0 0 0 0 0 0 0.27913 0.298459 0.10566 0 0 -500 0
794 1
1 13 0 0 0 0 0 0 0.333074 0.349432 0.10566 0 0 -500 0
795 1
1 13 0 0 0 0 0 0 0.499487 0.510541 0.10566 0 0 -500 0
796 1
1 13 0 0 0 0 0 0 0.089137 0.138237 0.10566 0 0 -500 0
797 1
1 13 0 0 0 0 0 0 0.0583698 0.120711 0.10566 0 0 -500 0
798 1
1 13 0 0 0 0 0 0 0.0342128 0.111061 0.10566 0 0 -500 0
799 1
1 13 0 0 0 0 0 0 0.311357 0.328796 0.10566 0 0 -500 0
800 1
1 13 0 0 0 0 0 0 0.157241 0.189444 0.10566 0 0 -500 0
801 1
1 13 0 0 0 0 0 0 0.444914 0.457288 0.10566 0 0 -500 0
802 1
1 13 0 0 0 0 0 0 0.403239 0.416852 0.10566 0 0 -500 0
803 1
1 13 0 0 0 0 0 0 0.214958 0.239523 0.10566 0 0 -500 0
804 1
1 13 0 0 0 0 0 0 0.262348 0.282826 0.10566 0 0 -500 0
805 1
1 13 0 0 0 0 0 0 0.226338 0.249786 0.10566 0 0 -500 0
806 1
1 13 0 0 0 0 0 0 0.315372 0.332601 0.10566 0 0 -500 0
807 1
1 13 0 0 0 0 0 0 0.283297 0.30236 0.10566 0 0 -500 0
808 1
1 13 0 0 0 0 0 0 0.47943 0.490935 0.10566 0 0 -500 0
809 1
1 13 0 0 0 0 0 0 0.454026 0.466159 0.10566 0 0 -500 0
810 1
1 13 0 0 0 0 0 0 0.350449 0.366031 0.10566 0 0 -500 0
811 1
1 13 0 0 0 0 0 0 0.188513 0.216104 0.10566 0 0 -500 0
812 1
1 13 0 0 0 0 0 0 0.341898 0.357852 0.10566 0 0 -500 0
813 1
1 13 0 0 0 0 0 0 0.0990442 0.144823 0.10566 0 0 -500 0
814 1
1 13 0 0 0 0 0 0 0.3087 0.326282 0.10566 0 0 -500 0
815 1
1 13 0 0 0 0 0 0 0.206863 0.232285 0.10566 0 0 -500 0
816 1
1 13 0 0 0 0 0 0 0.411794 0.425134 0.10566 0 0 -500 0
817 1
1 13 0 0 0 0 0 0 0.377789 0.392286 0.10566 0 0 -500 0
818 1
1 13 0 0 0 0 0 0 0.351549 0.367084 0.10566 0 0 -500 0
819 1
1 13 0 0 0 0 0 0 0.182147 0.210574 0.10566 0 0 -500 0
820 1
1 13 0 0 0 0 0 0 0.409893 0.423293 0.10566 0 0 -500 0
821 1
1 13 0 0 0 0 0 0 0.375791 0.390362 0.10566 0 0 -500 0
822 1
1 13 0 0 0 0 0 0 0.0243848 0.108437 0.10566 0 0 -500 0
823 1
1 13 0 0 0 0 0 0 0.264284 0.284623 0.10566 0 0 -500 0
824 1
1 13 0 0 0 0 0 0 0.308374 0.325973 0.10566 0 0 -500 0
825 1
1 13 0 0 0 0 0 0 0.135471 0.171804 0.10566 0 0 -500 0
826 1
1 13 0 0 0 0 0 0 0.400421 0.414127 0.10566 0 0 -500 0
827 1
1 13 0 0 0 0 0 0 0.117587 0.158085 0.10566 0 0 -500 0
828 1
1 13 0 0 0 0 0 0 0.451893 0.464081 0.10566 0 0 -500 0
829 1
1 13 0 0 0 0 0 0 0.129401 0.167059 0.10566 0 0 -500 0
830 1
1 13 0 0 0 0 0 0 0.0956682 0.142536 0.10566 0 0 -500 0
831 1
1 13 0 0 0 0 0 0 0.00620517 0.105842 0.10566 0 0 -500 0
832 1
1 13 0 0 0 0 0 0 0.426707 0.439594 0.10566 0 0 -500 0
833 1
1 13 0 0 0 0 0 0 0.310504 0.327989 0.10566 0 0 -500 0
834 1
1 13 0 0 0 0 0 0 0.427931 0.440782 0.10566 0 0 -500 0
835 1
1 13 0 0 0 0 0 0 0.0700531 0.126773 0.10566 0 0 -500 0
836 1
1 13 0 0 0 0 0 0 0.436344 0.448954 0.10566 0 0 -500 0
837 1
1 13 0 0 0 0 0 0 0.35442 0.369834 0.10566 0 0 -500 0
838 1
1 13 0 0 0 0 0 0 0.0463205 0.115367 0.10566 0 0 -500 0
839 1
1 13 0 0 0 0 0 0 0.0103752 0.106168 0.10566 0 0 -500 0
840 1
1 13 0 0 0 0 0 0 0.391318 0.405332 0.10566 0 0 -500 0
841 1
1 13 0 0 0 0 0 0 0.0150413 0.106725 0.10566 0 0 -500 0
842 1
1 13 0 0 0 0 0 0 0.252305 0.273536 0.10566 0 0 -500 0
843 1
1 13 0 0 0 0 0 0 0.0408111 0.113268 0.10566 0 0 -500 0
844 1
1 13 0 0 0 0 0 0 0.386747 0.40092 0.10566 0 0 -500 0
845 1
1 13 0 0 0 0 0 0 0.436289 0.448901 0.10566 0 0 -500 0
846 1
1 13 0 0 0 0 0 0 0.440016 0.452524 0.10566 0 0 -500 0
847 1
1 13 0 0 0 0 0 0 0.441762 0.454222 0.10566 0 0 -500 0
848 1
1 13 0 0 0 0 0 0 0.436214 0.448828 0.10566 0 0 -500 0
849 1
1 13 0 0 0 0 0 0 0.229361 0.252528 0.10566 0 0 -500 0
850 1
1 13 0 0 0 0 0 0 0.451149 0.463357 0.10566 0 0 -500 0
851 1
1 13 0 0 0 0 0 0 0.273952 0.293622 0.10566 0 0 -500 0
852 1
1 13 0 0 0 0 0 0 0.0279942 0.109306 0.10566 0 0 -500 0
853 1
1 13 0 0 0 0 0 0 0.29559 0.313907 0.10566 0 0 -500 0
854 1
1 13 0 0 0 0 0 0 0.281971 0.301117 0.10566 0 0 -500 0
855 1
1 13 0 0 0 0 0 0 0.388065 0.402192 0.10566 0 0 -500 0
856 1
1 13 0 0 0 0 0 0 0.147785 0.181671 0.10566 0 0 -500 0
857 1
1 13 0 0 0 0 0 0 0.0204268 0.107616 0.10566 0 0 -500 0
858 1
1 13 0 0 0 0 0 0 0.199284 0.225561 0.10566 0 0 -500 0
859 1
1 13 0 0 0 0 0 0 0.141137 0.176306 0.10566 0 0 -500 0
860 1
1 13 0 0 0 0 0 0 0.403358 0.416967 0.10566 0 0 -500 0
861 1
1 13 0 0 0 0 0 0 0.25358 0.274712 0.10566 0 0 -500 0
862 1
1 13 0 0 0 0 0 0 0.344075 0.359933 0.10566 0 0 -500 0
863 1
1 13 0 0 0 0 0 0 0.247332 0.268956 0.10566 0 0 -500 0
864 1
1 13 0 0 0 0 0 0 0.227273 0.250633 0.10566 0 0 -500 0
865 1
1 13 0 0 0 0 0 0 0.21074 0.235744 0.10566 0 0 -500 0
866 1
1 13 0 0 0 0 0 0 0.0196259 0.107467 0.10566 0 0 -500 0
867 1
1 13 0 0 0 0 0 0 0.0455981 0.115079 0.10566 0 0 -500 0
868 1
1 13 0 0 0 0 0 0 0.196908 0.223465 0.10566 0 0 -500 0
869 1
1 13 0 0 0 0 0 0 0.0676866 0.125481 0.10566 0 0 -500 0
870 1
1 13 0 0 0 0 0 0 0.484325 0.495717 0.10566 0 0 -500 0
871 1
1 13 0 0 0 0 0 0 0.405838 0.419367 0.10566 0 0 -500 0
872 1
1 13 0 0 0 0 0 0 0.162983 0.194235 0.10566 0 0 -500 0
873 1
1 13 0 0 0 0 0 0 0.481 0.492468 0.10566 0 0 -500 0
874 1
1 13 0 0 0 0 0 0 0.0501406 0.116953 0.10566 0 0 -500 0
875 1
1 13 0 0 0 0 0 0 0.0514623 0.117526 0.10566 0 0 -500 0
876 1
1 13 0 0 0 0 0 0 0.15363 0.186457 0.10566 0 0 -500 0
877 1
1 13 0 0 0 0 0 0 0.166841 0.197484 0.10566 0 0 -500 0
878 1
1 13 0 0 0 0 0 0 0.428983 0.441804 0.10566 0 0 -500 0
879 1
1 13 0 0 0 0 0 0 0.261461 0.282003 0.10566 0 0 -500 0
880 1
1 13 0 0 0 0 0 0 0.30775 0.325383 0.10566 0 0 -500 0
881 1
1 13 0 0 0 0 0 0 0.490779 0.502024 0.10566 0 0 -500 0
882 1
1 13 0 0 0 0 0 0 0.398742 0.412504 0.10566 0 0 -500 0
883 1
1 13 0 0 0 0 0 0 0.0994048 0.14507 0.10566 0 0 -500 0
884 1
1 13 0 0 0 0 0 0 0.228352 0.251612 0.10566 0 0 -500 0
885 1
1 13 0 0 0 0 0 0 0.285485 0.304411 0.10566 0 0 -500 0
886 1
1 13 0 0 0 0 0 0 0.107454 0.1507 0.10566 0 0 -500 0
887 1
1 13 0 0 0 0 0 0 0.343217 0.359112 0.10566 0 0 -500 0
888 1
1 13 0 0 0 0 0 0 0.139301 0.174839 0.10566 0 0 -500 0
889 1
1 13 0 0 0 0 0 0 0.0898699 0.138711 0.10566 0 0 -500 0
890 1
1 13 0 0 0 0 0 0 0.198749 0.225089 0.10566 0 0 -500 0
891 1
1 13 0 0 0 0 0 0 0.0814295 0.133397 0.10566 0 0 -500 0
892 1
1 13 0 0 0 0 0 0 0.401311 0.414987 0.10566 0 0 -500 0
893 1
1 13 0 0 0 0 0 0 0.041823 0.113636 0.10566 0 0 -500 0
894 1
1 13 0 0 0 0 0 0 0.319135 0.336172 0.10566 0 0 -500 0
895 1
1 13 0 0 0 0 0 0 0.115428 0.156486 0.10566 0 0 -500 0
896 1
1 13 0 0 0 0 0 0 0.290047 0.308693 0.10566 0 0 -500 0
897 1
1 13 0 0 0 0 0 0 0.432146 0.444876 0.10566 0 0 -500 0
898 1
1 13 0 0 0 0 0 0 0.466369 0.478188 0.10566 0 0 -500 0
899 1
1 13 0 0 0 0 0 0 0.410697 0.42407 0.10566 0 0 -500 0
900 1
1 13 0 0 0 0 0 0 0.240295 0.262499 0.10566 0 0 -500 0
901 1
1 13 0 0 0 0 0 0 0.318187 0.335271 0.10566 0 0 -500 0
902 1
1 13 0 0 0 0 0 0 0.0907543 0.139285 0.10566 0 0 -500 0
903 1
1 13 0 0 0 0 0 0 0.2346 0.257296 0.10566 0 0 -500 0
904 1
1 13 0 0 0 0 0 0 0.154638 0.187289 0.10566 0 0 -500 0
905 1
1 13 0 0 0 0 0 0 0.334405 0.350701 0.10566 0 0 -500 0
906 1
1 13 0 0 0 0 0 0 0.361171 0.376309 0.10566 0 0 -500 0
907 1
1 13 0 0 0 0 0 0 0.287428 0.306234 0.10566 0 0 -500 0
908 1
1 13 0 0 0 0 0 0 0.263927 0.284291 0.10566 0 0 -500 0
909 1
1 13 0 0 0 0 0 0 0.404616 0.418184 0.10566 0 0 -500 0
910 1
1 13 0 0 0 0 0 0 0.493441 0.504627 0.10566 0 0 -500 0
911 1
1 13 0 0 0 0 0 0 0.16193 0.193353 0.10566 0 0 -500 0
912 1
1 13 0 0 0 0 0 0 0.303198 0.321081 0.10566 0 0 -500 0
913 1
1 13 0 0 0 0 0 0 0.379779 0.394204 0.10566 0 0 -500 0
914 1
1 13 0 0 0 0 0 0 0.395484 0.409355 0.10566 0 0 -500 0
915 1
1 13 0 0 0 0 0 0 0.0349649 0.111295 0.10566 0 0 -500 0
916 1
1 13 0 0 0 0 0 0 0.275233 0.294817 0.10566 0 0 -500 0
917 1
1 13 0 0 0 0 0 0 0.00464914 0.105762 0.10566 0 0 -500 0
918 1
1 13 0 0 0 0 0 0 0.392315 0.406294 0.10566 0 0 -500 0
919 1
1 13 0 0 0 0 0 0 0.344522 0.36036 0.10566 0 0 -500 0
920 1
1 13 0 0 0 0 0 0 0.481794 0.493244 0.10566 0 0 -500 0
921 1
1 13 0 0 0 0 0 0 0.258221 0.279002 0.10566 0 0 -500 0
922 1
1 13 0 0 0 0 0 0 0.178589 0.207505 0.10566 0 0 -500 0
923 1
1 13 0 0 0 0 0 0 0.241168 0.263299 0.10566 0 0 -500 0
924 1
1 13 0 0 0 0 0 0 0.21498 0.239542 0.10566 0 0 -500 0
925 1
1 13 0 0 0 0 0 0 0.498153 0.509235 0.10566 0 0 -500 0
926 1
1 13 0 0 0 0 0 0 0.300588 0.318618 0.10566 0 0 -500 0
927 1
1 13 0 0 0 0 0 0 0.392502 0.406475 0.10566 0 0 -500 0
928 1
1 13 0 0 0 0 0 0 0.485271 0.496641 0.10566 0 0 -500 0
929 1
1 13 0 0 0 0 0 0 0.243927 0.265828 0.10566 0 0 -500 0
930 1
1 13 0 0 0 0 0 0 0.0474634 0.115831 0.10566 0 0 -500 0
931 1
1 13 0 0 0 0 0 0 0.489666 0.500936 0.10566 0 0 -500 0
932 1
1 13 0 0 0 0 0 0 0.0604389 0.121725 0.10566 0 0 -500 0
933 1
1 13 0 0 0 0 0 0 0.31513 0.332372 0.10566 0 0 -500 0
934 1
1 13 0 0 0 0 0 0 0.0971238 0.143517 0.10566 0 0 -500 0
935 1
1 13 0 0 0 0 0 0 0.106541 0.15005 0.10566 0 0 -500 0
936 1
1 13 0 0 0 0 0 0 0.00729939 0.105912 0.10566 0 0 -500 0
937 1
1 13 0 0 0 0 0 0 0.183336 0.211603 0.10566 0 0 -500 0
938 1
1 13 0 0 0 0 0 0 0.17005 0.200203 0.10566 0 0 -500 0
939 1
1 13 0 0 0 0 0 0 0.360893 0.376042 0.10566 0 0 -500 0
940 1
1 13 0 0 0 0 0 0 0.183767 0.211977 0.10566 0 0 -500 0
941 1
1 13 0 0 0 0 0 0 0.0105168 0.106182 0.10566 0 0 -500 0
942 1
1 13 0 0 0 0 0 0 0.065844 0.124497 0.10566 0 0 -500 0
943 1
1 13 0 0 0 0 0 0 0.29338 0.311826 0.10566 0 0 -500 0
944 1
1 13 0 0 0 0 0 0 0.366802 0.381717 0.10566 0 0 -500 0
945 1
1 13 0 0 0 0 0 0 0.431818 0.444556 0.10566 0 0 -500 0
946 1
1 13 0 0 0 0 0 0 0.0684973 0.12592 0.10566 0 0 -500 0
947 1
1 13 0 0 0 0 0 0 0.0262135 0.108863 0.10566 0 0 -500 0
948 1
1 13 0 0 0 0 0 0 0.203112 0.228951 0.10566 0 0 -500 0
949 1
1 13 0 0 0 0 0 0 0.120828 0.16051 0.10566 0 0 -500 0
950 1
1 13 0 0 0 0 0 0 0.236225 0.258779 0.10566 0 0 -500 0
951 1
1 13 0 0 0 0 0 0 0.436108 0.448725 0.10566 0 0 -500 0
952 1
1 13 0 0 0 0 0 0 0.22736 0.250712 0.10566 0 0 -500 0
953 1
1 13 0 0 0 0 0 0 0.0357895 0.111557 0.10566 0 0 -500 0
954 1
1 13 0 0 0 0 0 0 0.157031 0.189269 0.10566 0 0 -500 0
955 1
1 13 0 0 0 0 0 0 0.246412 0.268109 0.10566 0 0 -500 0
956 1
1 13 0 0 0 0 0 0 0.370861 0.385618 0.10566 0 0 -500 0
957 1
1 13 0 0 0 0 0 0 0.347392 0.363105 0.10566 0 0 -500 0
958 1
1 13 0 0 0 0 0 0 0.491434 0.502664 0.10566 0 0 -500 0
959 1
1 13 0 0 0 0 0 0 0.159874 0.191634 0.10566 0 0 -500 0
960 1
1 13 0 0 0 0 0 0 0.402102 0.415752 0.10566 0 0 -500 0
961 1
1 13 0 0 0 0 0 0 0.0267339 0.10899 0.10566 0 0 -500 0
962 1
1 13 0 0 0 0 0 0 0.373078 0.387751 0.10566 0 0 -500 0
963 1
1 13 0 0 0 0 0 0 0.151737 0.184901 0.10566 0 0 -500 0
964 1
1 13 0 0 0 0 0 0 0.0465408 0.115456 0.10566 0 0 -500 0
965 1
1 13 0 0 0 0 0 0 0.467266 0.479063 0.10566 0 0 -500 0
966 1
1 13 0 0 0 0 0 0 0.373434 0.388094 0.10566 0 0 -500 0
967 1
1 13 0 0 0 0 0 0 0.0500242 0.116904 0.10566 0 0 -500 0
968 1
1 13 0 0 0 0 0 0 0.360148 0.375328 0.10566 0 0 -500 0
969 1
1 13 0 0 0 0 0 0 0.105377 0.149226 0.10566 0 0 -500 0
970 1
1 13 0 0 0 0 0 0 0.481548 0.493004 0.10566 0 0 -500 0
971 1
1 13 0 0 0 0 0 0 0.374595 0.389211 0.10566 0 0 -500 0
972 1
1 13 0 0 0 0 0 0 0.369811 0.384609 0.10566 0 0 -500 0
973 1
1 13 0 0 0 0 0 0 0.255036 0.276057 0.10566 0 0 -500 0
974 1
1 13 0 0 0 0 0 0 0.0436465 0.11432 0.10566 0 0 -500 0
975 1
1 13 0 0 0 0 0 0 0.32501 0.341754 0.10566 0 0 -500 0
976 1
1 13 0 0 0 0 0 0 0.0411824 0.113402 0.10566 0 0 -500 0
977 1
1 13 0 0 0 0 0 0 0.36346 0.378507 0.10566 0 0 -500 0
978 1
1 13 0 0 0 0 0 0 0.266309 0.286504 0.10566 0 0 -500 0
979 1
1 13 0 0 0 0 0 0 0.374653 0.389267 0.10566 0 0 -500 0
980 1
1 13 0 0 0 0 0 0 0.430633 0.443406 0.10566 0 0 -500 0
981 1
1 13 0 0 0 0 0 0 0.0173497 0.107075 0.10566 0 0 -500 0
982 1
1 13 0 0 0 0 0 0 0.0465612 0.115464 0.10566 0 0 -500 0
983 1
1 13 0 0 0 0 0 0 0.327629 0.344245 0.10566 0 0 -500 0
984 1
1 13 0 0 0 0 0 0 0.479759 0.491256 0.10566 0 0 -500 0
985 1
1 13 0 0 0 0 0 0 0.243529 0.265462 0.10566 0 0 -500 0
986 1
1 13 0 0 0 0 0 0 0.429948 0.442741 0.10566 0 0 -500 0
987 1
1 13 0 0 0 0 0 0 0.0423972 0.113849 0.10566 0 0 -500 0
988 1
1 13 0 0 0 0 0 0 0.359271 0.374486 0.10566 0 0 -500 0
989 1
1 13 0 0 0 0 0 0 0.425459 0.438383 0.10566 0 0 -500 0
990 1
1 13 0 0 0 0 0 0 0.409442 0.422856 0.10566 0 0 -500 0
991 1
1 13 0 0 0 0 0 0 0.358137 0.373398 0.10566 0 0 -500 0
992 1
1 13 0 0 0 0 0 0 0.204112 0.229838 0.10566 0 0 -500 0
993 1
1 13 0 0 0 0 0 0 0.318293 0.335372 0.10566 0 0 -500 0
994 1
1 13 0 0 0 0 0 0 0.261919 0.282428 0.10566 0 0 -500 0
995 1
1 13 0 0 0 0 0 0 0.186019 0.213933 0.10566 0 0 -500 0
996 1
1 13 0 0 0 0 0 0 0.176713 0.205892 0.10566 0 0 -500 0
997 1
1 13 0 0 0 0 0 0 0.299025 0.317143 0.10566 0 0 -500 0
998 1
1 13 0 0 0 0 0 0 0.0487434 0.116361 0.10566 0 0 -500 0
999 1
1 13 0 0 0 0 0 0 0.138177 0.173945 0.10566 0 0 -500 0