0 1
1 13 0 0 0 0 0 0 0.731247 0.738841 0.10566 0 0 -500 0
1 1
1 13 0 0 0 0 0 0 0.813398 0.820231 0.10566 0 0 -500 0
2 1
1 13 0 0 0 0 0 0 0.583678 0.593164 0.10566 0 0 -500 0
3 1
1 13 0 0 0 0 0 0 0.645529 0.654119 0.10566 0 0 -500 0
4 1
1 13 0 0 0 0 0 0 0.689513 0.697561 0.10566 0 0 -500 0
5 1
1 13 0 0 0 0 0 0 0.948627 0.954493 0.10566 0 0 -500 0
6 1
1 13 0 0 0 0 0 0 0.96009 0.965887 0.10566 0 0 -500 0
7 1
1 13 0 0 0 0 0 0 0.944743 0.950633 0.10566 0 0 -500 0
8 1
1 13 0 0 0 0 0 0 0.727443 0.735076 0.10566 0 0 -500 0
9 1
1 13 0 0 0 0 0 0 0.721339 0.729036 0.10566 0 0 -500 0
10 1
1 13 0 0 0 0 0 0 0.754795 0.762154 0.10566 0 0 -500 0
11 1
1 13 0 0 0 0 0 0 0.687164 0.69524 0.10566 0 0 -500 0
12 1
1 13 0 0 0 0 0 0 0.703477 0.711368 0.10566 0 0 -500 0
13 1
1 13 0 0 0 0 0 0 0.988252 0.993884 0.10566 0 0 -500 0
14 1
1 13 0 0 0 0 0 0 0.684002 0.692114 0.10566 0 0 -500 0
15 1
1 13 0 0 0 0 0 0 0.556249 0.566195 0.10566 0 0 -500 0
16 1
1 13 0 0 0 0 0 0 0.621032 0.629957 0.10566 0 0 -500 0
17 1
1 13 0 0 0 0 0 0 0.847689 0.854249 0.10566 0 0 -500 0
18 1
1 13 0 0 0 0 0 0 0.982194 0.987861 0.10566 0 0 -500 0
19 1
1 13 0 0 0 0 0 0 0.958674 0.96448 0.10566 0 0 -500 0
20 1
1 13 0 0 0 0 0 0 0.528449 0.538908 0.10566 0 0 -500 0
21 1
1 13 0 0 0 0 0 0 0.825918 0.832649 0.10566 0 0 -500 0
22 1
1 13 0 0 0 0 0 0 0.959246 0.965048 0.10566 0 0 -500 0
23 1
1 13 0 0 0 0 0 0 0.532146 0.542534 0.10566 0 0 -500 0
24 1
1 13 0 0 0 0 0 0 0.978154 0.983844 0.10566 0 0 -500 0
25 1
1 13 0 0 0 0 0 0 0.731255 0.738849 0.10566 0 0 -500 0
26 1
1 13 0 0 0 0 0 0 0.730139 0.737745 0.10566 0 0 -500 0
27 1
1 13 0 0 0 0 0 0 0.629204 0.638014 0.10566 0 0 -500 0
28 1
1 13 0 0 0 0 0 0 0.715252 0.723014 0.10566 0 0 -500 0
29 1
1 13 0 0 0 0 0 0 0.646216 0.654797 0.10566 0 0 -500 0
30 1
1 13 0 0 0 0 0 0 0.872282 0.878658 0.10566 0 0 -500 0
31 1
1 13 0 0 0 0 0 0 0.535641 0.545962 0.10566 0 0 -500 0
32 1
1 13 0 0 0 0 0 0 0.58779 0.597211 0.10566 0 0 -500 0
33 1
1 13 0 0 0 0 0 0 0.716522 0.724271 0.10566 0 0 -500 0
34 1
1 13 0 0 0 0 0 0 0.644856 0.653455 0.10566 0 0 -500 0
35 1
1 13 0 0 0 0 0 0 0.771261 0.778465 0.10566 0 0 -500 0
36 1
1 13 0 0 0 0 0 0 0.825685 0.832418 0.10566 0 0 -500 0
37 1
1 13 0 0 0 0 0 0 0.986924 0.992564 0.10566 0 0 -500 0
38 1
1 13 0 0 0 0 0 0 0.593375 0.602709 0.10566 0 0 -500 0
39 1
1 13 0 0 0 0 0 0 0.710222 0.718038 0.10566 0 0 -500 0
40 1
1 13 0 0 0 0 0 0 0.969023 0.974767 0.10566 0 0 -500 0
41 1
1 13 0 0 0 0 0 0 0.860647 0.867108 0.10566 0 0 -500 0
42 1
1 13 0 0 0 0 0 0 0.658739 0.667159 0.10566 0 0 -500 0
43 1
1 13 0 0 0 0 0 0 0.865723 0.872147 0.10566 0 0 -500 0
44 1
1 13 0 0 0 0 0 0 0.988673 0.994303 0.10566 0 0 -500 0
45 1
1 13 0 0 0 0 0 0 0.511521 0.522319 0.10566 0 0 -500 0
46 1
1 13 0 0 0 0 0 0 0.628756 0.637572 0.10566 0 0 -500 0
47 1
1 13 0 0 0 0 0 0 0.882429 0.888732 0.10566 0 0 -500 0
48 1
1 13 0 0 0 0 0 0 0.726232 0.733878 0.10566 0 0 -500 0
49 1
1 13 0 0 0 0 0 0 0.895809 0.902019 0.10566 0 0 -500 0
50 1
1 13 0 0 0 0 0 0 0.615312 0.624318 0.10566 0 0 -500 0
51 1
1 13 0 0 0 0 0 0 0.666278 0.674604 0.10566 0 0 -500 0
52 1
1 13 0 0 0 0 0 0 0.692316 0.700332 0.10566 0 0 -500 0
53 1
1 13 0 0 0 0 0 0 0.848913 0.855463 0.10566 0 0 -500 0
54 1
1 13 0 0 0 0 0 0 0.519568 0.530203 0.10566 0 0 -500 0
55 1
1 13 0 0 0 0 0 0 0.705202 0.713073 0.10566 0 0 -500 0
56 1
1 13 0 0 0 0 0 0 0.968001 0.97375 0.10566 0 0 -500 0
57 1
1 13 0 0 0 0 0 0 0.720486 0.728193 0.10566 0 0 -500 0
58 1
1 13 0 0 0 0 0 0 0.758052 0.76538 0.10566 0 0 -500 0
59 1
1 13 0 0 0 0 0 0 0.554792 0.564764 0.10566 0 0 -500 0
60 1
1 13 0 0 0 0 0 0 0.591739 0.601098 0.10566 0 0 -500 0
61 1
1 13 0 0 0 0 0 0 0.743711 0.751179 0.10566 0 0 -500 0
62 1
1 13 0 0 0 0 0 0 0.646193 0.654774 0.10566 0 0 -500 0
63 1
1 13 0 0 0 0 0 0 0.805306 0.812208 0.10566 0 0 -500 0
64 1
1 13 0 0 0 0 0 0 0.972798 0.978519 0.10566 0 0 -500 0
65 1
1 13 0 0 0 0 0 0 0.631572 0.640349 0.10566 0 0 -500 0
66 1
1 13 0 0 0 0 0 0 0.995308 1.0009 0.10566 0 0 -500 0
67 1
1 13 0 0 0 0 0 0 0.606252 0.615391 0.10566 0 0 -500 0
68 1
1 13 0 0 0 0 0 0 0.948608 0.954474 0.10566 0 0 -500 0
69 1
1 13 0 0 0 0 0 0 0.607025 0.616152 0.10566 0 0 -500 0
70 1
1 13 0 0 0 0 0 0 0.634745 0.643479 0.10566 0 0 -500 0
71 1
1 13 0 0 0 0 0 0 0.729597 0.737208 0.10566 0 0 -500 0
72 1
1 13 0 0 0 0 0 0 0.907423 0.913553 0.10566 0 0 -500 0
73 1
1 13 0 0 0 0 0 0 0.543004 0.553189 0.10566 0 0 -500 0
74 1
1 13 0 0 0 0 0 0 0.926319 0.932325 0.10566 0 0 -500 0
75 1
1 13 0 0 0 0 0 0 0.894076 0.900298 0.10566 0 0 -500 0
76 1
1 13 0 0 0 0 0 0 0.914145 0.920231 0.10566 0 0 -500 0
77 1
1 13 0 0 0 0 0 0 0.602785 0.611976 0.10566 0 0 -500 0
78 1
1 13 0 0 0 0 0 0 0.553599 0.563592 0.10566 0 0 -500 0
79 1
1 13 0 0 0 0 0 0 0.925906 0.931915 0.10566 0 0 -500 0
80 1
1 13 0 0 0 0 0 0 0.570328 0.580032 0.10566 0 0 -500 0
81 1
1 13 0 0 0 0 0 0 0.84254 0.849139 0.10566 0 0 -500 0
82 1
1 13 0 0 0 0 0 0 0.824811 0.831551 0.10566 0 0 -500 0
83 1
1 13 0 0 0 0 0 0 0.749564 0.756975 0.10566 0 0 -500 0
84 1
1 13 0 0 0 0 0 0 0.682969 0.691094 0.10566 0 0 -500 0
85 1
1 13 0 0 0 0 0 0 0.960182 0.965978 0.10566 0 0 -500 0
86 1
1 13 0 0 0 0 0 0 0.60375 0.612926 0.10566 0 0 -500 0
87 1
1 13 0 0 0 0 0 0 0.813026 0.819863 0.10566 0 0 -500 0
88 1
1 13 0 0 0 0 0 0 0.67547 0.683684 0.10566 0 0 -500 0
89 1
1 13 0 0 0 0 0 0 0.907213 0.913346 0.10566 0 0 -500 0
90 1
1 13 0 0 0 0 0 0 0.769108 0.776332 0.10566 0 0 -500 0
91 1
1 13 0 0 0 0 0 0 0.986576 0.992218 0.10566 0 0 -500 0
92 1
1 13 0 0 0 0 0 0 0.834676 0.841337 0.10566 0 0 -500 0
93 1
1 13 0 0 0 0 0 0 0.983616 0.989274 0.10566 0 0 -500 0
94 1
1 13 0 0 0 0 0 0 0.556795 0.566731 0.10566 0 0 -500 0
95 1
1 13 0 0 0 0 0 0 0.720795 0.728498 0.10566 0 0 -500 0
96 1
1 13 0 0 0 0 0 0 0.512398 0.523179 0.10566 0 0 -500 0
97 1
1 13 0 0 0 0 0 0 0.648452 0.657004 0.10566 0 0 -500 0
98 1
1 13 0 0 0 0 0 0 0.66075 0.669145 0.10566 0 0 -500 0
99 1
1 13 0 0 0 0 0 0 0.836737 0.843382 0.10566 0 0 -500 0
100 1
1 13 0 0 0 0 0 0 0.731021 0.738617 0.10566 0 0 -500 0
101 1
1 13 0 0 0 0 0 0 0.994899 1.00049 0.10566 0 0 -500 0
102 1
1 13 0 0 0 0 0 0 0.743681 0.751149 0.10566 0 0 -500 0
103 1
1 13 0 0 0 0 0 0 0.556514 0.566456 0.10566 0 0 -500 0
104 1
1 13 0 0 0 0 0 0 0.511464 0.522264 0.10566 0 0 -500 0
105 1
1 13 0 0 0 0 0 0 0.841628 0.848234 0.10566 0 0 -500 0
106 1
1 13 0 0 0 0 0 0 0.689262 0.697314 0.10566 0 0 -500 0
107 1
1 13 0 0 0 0 0 0 0.745812 0.753259 0.10566 0 0 -500 0
108 1
1 13 0 0 0 0 0 0 0.870111 0.876503 0.10566 0 0 -500 0
109 1
1 13 0 0 0 0 0 0 0.537847 0.548127 0.10566 0 0 -500 0
110 1
1 13 0 0 0 0 0 0 0.901219 0.907392 0.10566 0 0 -500 0
111 1
1 13 0 0 0 0 0 0 0.653999 0.662479 0.10566 0 0 -500 0
112 1
1 13 0 0 0 0 0 0 0.502029 0.513027 0.10566 0 0 -500 0
113 1
1 13 0 0 0 0 0 0 0.55813 0.568043 0.10566 0 0 -500 0
114 1
1 13 0 0 0 0 0 0 0.846857 0.853423 0.10566 0 0 -500 0
115 1
1 13 0 0 0 0 0 0 0.589641 0.599033 0.10566 0 0 -500 0
116 1
1 13 0 0 0 0 0 0 0.545826 0.555959 0.10566 0 0 -500 0
117 1
1 13 0 0 0 0 0 0 0.675931 0.684139 0.10566 0 0 -500 0
118 1
1 13 0 0 0 0 0 0 0.869282 0.87568 0.10566 0 0 -500 0
119 1
1 13 0 0 0 0 0 0 0.756393 0.763738 0.10566 0 0 -500 0
120 1
1 13 0 0 0 0 0 0 0.85974 0.866209 0.10566 0 0 -500 0
121 1
1 13 0 0 0 0 0 0 0.912225 0.918324 0.10566 0 0 -500 0
122 1
1 13 0 0 0 0 0 0 0.500548 0.511579 0.10566 0 0 -500 0
123 1
1 13 0 0 0 0 0 0 0.904477 0.910628 0.10566 0 0 -500 0
124 1
1 13 0 0 0 0 0 0 0.669953 0.678234 0.10566 0 0 -500 0
125 1
1 13 0 0 0 0 0 0 0.799808 0.806757 0.10566 0 0 -500 0
126 1
1 13 0 0 0 0 0 0 0.720953 0.728655 0.10566 0 0 -500 0
127 1
1 13 0 0 0 0 0 0 0.723643 0.731316 0.10566 0 0 -500 0
128 1
1 13 0 0 0 0 0 0 0.631312 0.640093 0.10566 0 0 -500 0
129 1
1 13 0 0 0 0 0 0 0.708842 0.716674 0.10566 0 0 -500 0
130 1
1 13 0 0 0 0 0 0 0.637637 0.646332 0.10566 0 0 -500 0
131 1
1 13 0 0 0 0 0 0 0.711834 0.719633 0.10566 0 0 -500 0
132 1
1 13 0 0 0 0 0 0 0.95179 0.957636 0.10566 0 0 -500 0
133 1
1 13 0 0 0 0 0 0 0.814624 0.821448 0.10566 0 0 -500 0
134 1
1 13 0 0 0 0 0 0 0.781358 0.788469 0.10566 0 0 -500 0
135 1
1 13 0 0 0 0 0 0 0.952516 0.958359 0.10566 0 0 -500 0
136 1
1 13 0 0 0 0 0 0 0.887799 0.894065 0.10566 0 0 -500 0
137 1
1 13 0 0 0 0 0 0 0.607222 0.616346 0.10566 0 0 -500 0
138 1
1 13 0 0 0 0 0 0 0.771816 0.779015 0.10566 0 0 -500 0
139 1
1 13 0 0 0 0 0 0 0.843134 0.849729 0.10566 0 0 -500 0
140 1
1 13 0 0 0 0 0 0 0.501488 0.512498 0.10566 0 0 -500 0
141 1
1 13 0 0 0 0 0 0 0.593897 0.603222 0.10566 0 0 -500 0
142 1
1 13 0 0 0 0 0 0 0.832868 0.839543 0.10566 0 0 -500 0
143 1
1 13 0 0 0 0 0 0 0.873893 0.880257 0.10566 0 0 -500 0
144 1
1 13 0 0 0 0 0 0 0.767316 0.774557 0.10566 0 0 -500 0
145 1
1 13 0 0 0 0 0 0 0.86497 0.8714 0.10566 0 0 -500 0
146 1
1 13 0 0 0 0 0 0 0.797445 0.804414 0.10566 0 0 -500 0
147 1
1 13 0 0 0 0 0 0 0.73103 0.738626 0.10566 0 0 -500 0
148 1
1 13 0 0 0 0 0 0 0.924155 0.930175 0.10566 0 0 -500 0
149 1
1 13 0 0 0 0 0 0 0.531287 0.541692 0.10566 0 0 -500 0
150 1
1 13 0 0 0 0 0 0 0.8702 0.876591 0.10566 0 0 -500 0
151 1
1 13 0 0 0 0 0 0 0.777736 0.784881 0.10566 0 0 -500 0
152 1
1 13 0 0 0 0 0 0 0.554577 0.564553 0.10566 0 0 -500 0
153 1
1 13 0 0 0 0 0 0 0.721497 0.729192 0.10566 0 0 -500 0
154 1
1 13 0 0 0 0 0 0 0.890223 0.896471 0.10566 0 0 -500 0
155 1
1 13 0 0 0 0 0 0 0.998814 1.00439 0.10566 0 0 -500 0
156 1
1 13 0 0 0 0 0 0 0.629855 0.638656 0.10566 0 0 -500 0
157 1
1 13 0 0 0 0 0 0 0.63595 0.644668 0.10566 0 0 -500 0
158 1
1 13 0 0 0 0 0 0 0.716651 0.724399 0.10566 0 0 -500 0
159 1
1 13 0 0 0 0 0 0 0.875 0.881356 0.10566 0 0 -500 0
160 1
1 13 0 0 0 0 0 0 0.974374 0.980086 0.10566 0 0 -500 0
161 1
1 13 0 0 0 0 0 0 0.962118 0.967903 0.10566 0 0 -500 0
162 1
1 13 0 0 0 0 0 0 0.682042 0.690178 0.10566 0 0 -500 0
163 1
1 13 0 0 0 0 0 0 0.723294 0.730971 0.10566 0 0 -500 0
164 1
1 13 0 0 0 0 0 0 0.741977 0.749462 0.10566 0 0 -500 0
165 1
1 13 0 0 0 0 0 0 0.800822 0.807762 0.10566 0 0 -500 0
166 1
1 13 0 0 0 0 0 0 0.675521 0.683734 0.10566 0 0 -500 0
167 1
1 13 0 0 0 0 0 0 0.610981 0.62005 0.10566 0 0 -500 0
168 1
1 13 0 0 0 0 0 0 0.945467 0.951353 0.10566 0 0 -500 0
169 1
1 13 0 0 0 0 0 0 0.926069 0.932077 0.10566 0 0 -500 0
170 1
1 13 0 0 0 0 0 0 0.513069 0.523835 0.10566 0 0 -500 0
171 1
1 13 0 0 0 0 0 0 0.589601 0.598994 0.10566 0 0 -500 0
172 1
1 13 0 0 0 0 0 0 0.888283 0.894544 0.10566 0 0 -500 0
173 1
1 13 0 0 0 0 0 0 0.887389 0.893657 0.10566 0 0 -500 0
174 1
1 13 0 0 0 0 0 0 0.739443 0.746954 0.10566 0 0 -500 0
175 1
1 13 0 0 0 0 0 0 0.556184 0.566132 0.10566 0 0 -500 0
176 1
1 13 0 0 0 0 0 0 0.787699 0.794754 0.10566 0 0 -500 0
177 1
1 13 0 0 0 0 0 0 0.668132 0.676435 0.10566 0 0 -500 0
178 1
1 13 0 0 0 0 0 0 0.759279 0.766595 0.10566 0 0 -500 0
179 1
1 13 0 0 0 0 0 0 0.530751 0.541166 0.10566 0 0 -500 0
180 1
1 13 0 0 0 0 0 0 0.599728 0.608964 0.10566 0 0 -500 0
181 1
1 13 0 0 0 0 0 0 0.594507 0.603823 0.10566 0 0 -500 0
182 1
1 13 0 0 0 0 0 0 0.675458 0.683672 0.10566 0 0 -500 0
183 1
1 13 0 0 0 0 0 0 0.606334 0.615471 0.10566 0 0 -500 0
184 1
1 13 0 0 0 0 0 0 0.560487 0.570359 0.10566 0 0 -500 0
185 1
1 13 0 0 0 0 0 0 0.570414 0.580117 0.10566 0 0 -500 0
186 1
1 13 0 0 0 0 0 0 0.767492 0.774731 0.10566 0 0 -500 0
187 1
1 13 0 0 0 0 0 0 0.785046 0.792125 0.10566 0 0 -500 0
188 1
1 13 0 0 0 0 0 0 0.724129 0.731797 0.10566 0 0 -500 0
189 1
1 13 0 0 0 0 0 0 0.538128 0.548403 0.10566 0 0 -500 0
190 1
1 13 0 0 0 0 0 0 0.741693 0.749182 0.10566 0 0 -500 0
191 1
1 13 0 0 0 0 0 0 0.939065 0.94499 0.10566 0 0 -500 0
192 1
1 13 0 0 0 0 0 0 0.963896 0.96967 0.10566 0 0 -500 0
193 1
1 13 0 0 0 0 0 0 0.582423 0.59193 0.10566 0 0 -500 0
194 1
1 13 0 0 0 0 0 0 0.65419 0.662667 0.10566 0 0 -500 0
195 1
1 13 0 0 0 0 0 0 0.76792 0.775155 0.10566 0 0 -500 0
196 1
1 13 0 0 0 0 0 0 0.672843 0.681088 0.10566 0 0 -500 0
197 1
1 13 0 0 0 0 0 0 0.895361 0.901574 0.10566 0 0 -500 0
198 1
1 13 0 0 0 0 0 0 0.616378 0.625369 0.10566 0 0 -500 0
199 1
1 13 0 0 0 0 0 0 0.889862 0.896113 0.10566 0 0 -500 0
200 1
1 13 0 0 0 0 0 0 0.981636 0.987306 0.10566 0 0 -500 0
201 1
1 13 0 0 0 0 0 0 0.845784 0.852359 0.10566 0 0 -500 0
202 1
1 13 0 0 0 0 0 0 0.589669 0.599061 0.10566 0 0 -500 0
203 1
1 13 0 0 0 0 0 0 0.65618 0.664633 0.10566 0 0 -500 0
204 1
1 13 0 0 0 0 0 0 0.802772 0.809695 0.10566 0 0 -500 0
205 1
1 13 0 0 0 0 0 0 0.668913 0.677206 0.10566 0 0 -500 0
206 1
1 13 0 0 0 0 0 0 0.675038 0.683257 0.10566 0 0 -500 0
207 1
1 13 0 0 0 0 0 0 0.585051 0.594516 0.10566 0 0 -500 0
208 1
1 13 0 0 0 0 0 0 0.879565 0.885889 0.10566 0 0 -500 0
209 1
1 13 0 0 0 0 0 0 0.883171 0.889469 0.10566 0 0 -500 0
210 1
1 13 0 0 0 0 0 0 0.988296 0.993928 0.10566 0 0 -500 0
211 1
1 13 0 0 0 0 0 0 0.565981 0.575759 0.10566 0 0 -500 0
212 1
1 13 0 0 0 0 0 0 0.568503 0.578239 0.10566 0 0 -500 0
213 1
1 13 0 0 0 0 0 0 0.942698 0.948601 0.10566 0 0 -500 0
214 1
1 13 0 0 0 0 0 0 0.664295 0.672645 0.10566 0 0 -500 0
215 1
1 13 0 0 0 0 0 0 0.661662 0.670046 0.10566 0 0 -500 0
216 1
1 13 0 0 0 0 0 0 0.898883 0.905071 0.10566 0 0 -500 0
217 1
1 13 0 0 0 0 0 0 0.88842 0.894681 0.10566 0 0 -500 0
218 1
1 13 0 0 0 0 0 0 0.525785 0.536296 0.10566 0 0 -500 0
219 1
1 13 0 0 0 0 0 0 0.911847 0.917948 0.10566 0 0 -500 0
220 1
1 13 0 0 0 0 0 0 0.792395 0.799409 0.10566 0 0 -500 0
221 1
1 13 0 0 0 0 0 0 0.509111 0.51996 0.10566 0 0 -500 0
222 1
1 13 0 0 0 0 0 0 0.533846 0.544202 0.10566 0 0 -500 0
223 1
1 13 0 0 0 0 0 0 0.782472 0.789573 0.10566 0 0 -500 0
224 1
1 13 0 0 0 0 0 0 0.503496 0.514463 0.10566 0 0 -500 0
225 1
1 13 0 0 0 0 0 0 0.831657 0.838342 0.10566 0 0 -500 0
226 1
1 13 0 0 0 0 0 0 0.739947 0.747453 0.10566 0 0 -500 0
227 1
1 13 0 0 0 0 0 0 0.948634 0.9545 0.10566 0 0 -500 0
228 1
1 13 0 0 0 0 0 0 0.578739 0.588305 0.10566 0 0 -500 0
229 1
1 13 0 0 0 0 0 0 0.550044 0.5601 0.10566 0 0 -500 0
230 1
1 13 0 0 0 0 0 0 0.508361 0.519225 0.10566 0 0 -500 0
231 1
1 13 0 0 0 0 0 0 0.71181 0.719609 0.10566 0 0 -500 0
232 1
1 13 0 0 0 0 0 0 0.889611 0.895864 0.10566 0 0 -500 0
233 1
1 13 0 0 0 0 0 0 0.582323 0.591831 0.10566 0 0 -500 0
234 1
1 13 0 0 0 0 0 0 0.758762 0.766084 0.10566 0 0 -500 0
235 1
1 13 0 0 0 0 0 0 0.513698 0.524452 0.10566 0 0 -500 0
236 1
1 13 0 0 0 0 0 0 0.529541 0.539979 0.10566 0 0 -500 0
237 1
1 13 0 0 0 0 0 0 0.82546 0.832195 0.10566 0 0 -500 0
238 1
1 13 0 0 0 0 0 0 0.609194 0.618289 0.10566 0 0 -500 0
239 1
1 13 0 0 0 0 0 0 0.700493 0.708417 0.10566 0 0 -500 0
240 1
1 13 0 0 0 0 0 0 0.576702 0.586302 0.10566 0 0 -500 0
241 1
1 13 0 0 0 0 0 0 0.533505 0.543868 0.10566 0 0 -500 0
242 1
1 13 0 0 0 0 0 0 0.960761 0.966553 0.10566 0 0 -500 0
243 1
1 13 0 0 0 0 0 0 0.602417 0.611613 0.10566 0 0 -500 0
244 1
1 13 0 0 0 0 0 0 0.707906 0.715748 0.10566 0 0 -500 0
245 1
1 13 0 0 0 0 0 0 0.540644 0.550872 0.10566 0 0 -500 0
246 1
1 13 0 0 0 0 0 0 0.788438 0.795487 0.10566 0 0 -500 0
247 1
1 13 0 0 0 0 0 0 0.537411 0.547699 0.10566 0 0 -500 0
248 1
1 13 0 0 0 0 0 0 0.803477 0.810394 0.10566 0 0 -500 0
249 1
1 13 0 0 0 0 0 0 0.564664 0.574464 0.10566 0 0 -500 0
250 1
1 13 0 0 0 0 0 0 0.718736 0.726461 0.10566 0 0 -500 0
251 1
1 13 0 0 0 0 0 0 0.764225 0.771495 0.10566 0 0 -500 0
252 1
1 13 0 0 0 0 0 0 0.987076 0.992715 0.10566 0 0 -500 0
253 1
1 13 0 0 0 0 0 0 0.648399 0.656951 0.10566 0 0 -500 0
254 1
1 13 0 0 0 0 0 0 0.81773 0.824528 0.10566 0 0 -500 0
255 1
1 13 0 0 0 0 0 0 0.59305 0.602389 0.10566 0 0 -500 0
256 1
1 13 0 0 0 0 0 0 0.984538 0.990192 0.10566 0 0 -500 0
257 1
1 13 0 0 0 0 0 0 0.621802 0.630715 0.10566 0 0 -500 0
258 1
1 13 0 0 0 0 0 0 0.911082 0.917188 0.10566 0 0 -500 0
259 1
1 13 0 0 0 0 0 0 0.549223 0.559294 0.10566 0 0 -500 0
260 1
1 13 0 0 0 0 0 0 0.999089 1.00466 0.10566 0 0 -500 0
261 1
1 13 0 0 0 0 0 0 0.697911 0.705864 0.10566 0 0 -500 0
262 1
1 13 0 0 0 0 0 0 0.831988 0.838671 0.10566 0 0 -500 0
263 1
1 13 0 0 0 0 0 0 0.773039 0.780226 0.10566 0 0 -500 0
264 1
1 13 0 0 0 0 0 0 0.569231 0.578954 0.10566 0 0 -500 0
265 1
1 13 0 0 0 0 0 0 0.898969 0.905157 0.10566 0 0 -500 0
266 1
1 13 0 0 0 0 0 0 0.522474 0.53305 0.10566 0 0 -500 0
267 1
1 13 0 0 0 0 0 0 0.910119 0.916232 0.10566 0 0 -500 0
268 1
1 13 0 0 0 0 0 0 0.686035 0.694124 0.10566 0 0 -500 0
269 1
1 13 0 0 0 0 0 0 0.798037 0.805001 0.10566 0 0 -500 0
270 1
1 13 0 0 0 0 0 0 0.87517 0.881525 0.10566 0 0 -500 0
271 1
1 13 0 0 0 0 0 0 0.759716 0.767029 0.10566 0 0 -500 0
272 1
1 13 0 0 0 0 0 0 0.677202 0.685396 0.10566 0 0 -500 0
273 1
1 13 0 0 0 0 0 0 0.78545 0.792525 0.10566 0 0 -500 0
274 1
1 13 0 0 0 0 0 0 0.648006 0.656564 0.10566 0 0 -500 0
275 1
1 13 0 0 0 0 0 0 0.966665 0.972422 0.10566 0 0 -500 0
276 1
1 13 0 0 0 0 0 0 0.547488 0.557591 0.10566 0 0 -500 0
277 1
1 13 0 0 0 0 0 0 0.74592 0.753367 0.10566 0 0 -500 0
278 1
1 13 0 0 0 0 0 0 0.65864 0.667061 0.10566 0 0 -500 0
279 1
1 13 0 0 0 0 0 0 0.984532 0.990186 0.10566 0 0 -500 0
280 1
1 13 0 0 0 0 0 0 0.559972 0.569853 0.10566 0 0 -500 0
281 1
1 13 0 0 0 0 0 0 0.773232 0.780417 0.10566 0 0 -500 0
282 1
1 13 0 0 0 0 0 0 0.91101 0.917116 0.10566 0 0 -500 0
283 1
1 13 0 0 0 0 0 0 0.697534 0.705491 0.10566 0 0 -500 0
284 1
1 13 0 0 0 0 0 0 0.619608 0.628552 0.10566 0 0 -500 0
285 1
1 13 0 0 0 0 0 0 0.883807 0.8901 0.10566 0 0 -500 0
286 1
1 13 0 0 0 0 0 0 0.767195 0.774436 0.10566 0 0 -500 0
287 1
1 13 0 0 0 0 0 0 0.586861 0.596297 0.10566 0 0 -500 0
288 1
1 13 0 0 0 0 0 0 0.554225 0.564207 0.10566 0 0 -500 0
289 1
1 13 0 0 0 0 0 0 0.757206 0.764543 0.10566 0 0 -500 0
290 1
1 13 0 0 0 0 0 0 0.73791 0.745436 0.10566 0 0 -500 0
291 1
1 13 0 0 0 0 0 0 0.786974 0.794035 0.10566 0 0 -500 0
292 1
1 13 0 0 0 0 0 0 0.969465 0.975206 0.10566 0 0 -500 0
293 1
1 13 0 0 0 0 0 0 0.872535 0.878909 0.10566 0 0 -500 0
294 1
1 13 0 0 0 0 0 0 0.922787 0.928816 0.10566 0 0 -500 0
295 1
1 13 0 0 0 0 0 0 0.923009 0.929037 0.10566 0 0 -500 0
296 1
1 13 0 0 0 0 0 0 0.671099 0.679366 0.10566 0 0 -500 0
297 1
1 13 0 0 0 0 0 0 0.583505 0.592994 0.10566 0 0 -500 0
298 1
1 13 0 0 0 0 0 0 0.924329 0.930348 0.10566 0 0 -500 0
299 1
1 13 0 0 0 0 0 0 0.991409 0.997023 0.10566 0 0 -500 0
300 1
1 13 0 0 0 0 0 0 0.522798 0.533368 0.10566 0 0 -500 0
301 1
1 13 0 0 0 0 0 0 0.885139 0.891424 0.10566 0 0 -500 0
302 1
1 13 0 0 0 0 0 0 0.616959 0.625941 0.10566 0 0 -500 0
303 1
1 13 0 0 0 0 0 0 0.867315 0.873727 0.10566 0 0 -500 0
304 1
1 13 0 0 0 0 0 0 0.841368 0.847976 0.10566 0 0 -500 0
305 1
1 13 0 0 0 0 0 0 0.732605 0.740186 0.10566 0 0 -500 0
306 1
1 13 0 0 0 0 0 0 0.603961 0.613134 0.10566 0 0 -500 0
307 1
1 13 0 0 0 0 0 0 0.548943 0.55902 0.10566 0 0 -500 0
308 1
1 13 0 0 0 0 0 0 0.987039 0.992678 0.10566 0 0 -500 0
309 1
1 13 0 0 0 0 0 0 0.849252 0.8558 0.10566 0 0 -500 0
310 1
1 13 0 0 0 0 0 0 0.701218 0.709134 0.10566 0 0 -500 0
311 1
1 13 0 0 0 0 0 0 0.75679 0.76413 0.10566 0 0 -500 0
312 1
1 13 0 0 0 0 0 0 0.859102 0.865575 0.10566 0 0 -500 0
313 1
1 13 0 0 0 0 0 0 0.795279 0.802267 0.10566 0 0 -500 0
314 1
1 13 0 0 0 0 0 0 0.759378 0.766694 0.10566 0 0 -500 0
315 1
1 13 0 0 0 0 0 0 0.54781 0.557906 0.10566 0 0 -500 0
316 1
1 13 0 0 0 0 0 0 0.558267 0.568177 0.10566 0 0 -500 0
317 1
1 13 0 0 0 0 0 0 0.859263 0.865735 0.10566 0 0 -500 0
318 1
1 13 0 0 0 0 0 0 0.857828 0.864311 0.10566 0 0 -500 0
319 1
1 13 0 0 0 0 0 0 0.67985 0.688012 0.10566 0 0 -500 0
320 1
1 13 0 0 0 0 0 0 0.532062 0.542452 0.10566 0 0 -500 0
321 1
1 13 0 0 0 0 0 0 0.721195 0.728894 0.10566 0 0 -500 0
322 1
1 13 0 0 0 0 0 0 0.758427 0.765752 0.10566 0 0 -500 0
323 1
1 13 0 0 0 0 0 0 0.510586 0.521404 0.10566 0 0 -500 0
324 1
1 13 0 0 0 0 0 0 0.836607 0.843253 0.10566 0 0 -500 0
325 1
1 13 0 0 0 0 0 0 0.651688 0.660198 0.10566 0 0 -500 0
326 1
1 13 0 0 0 0 0 0 0.91478 0.920862 0.10566 0 0 -500 0
327 1
1 13 0 0 0 0 0 0 0.991712 0.997325 0.10566 0 0 -500 0
328 1
1 13 0 0 0 0 0 0 0.735982 0.743528 0.10566 0 0 -500 0
329 1
1 13 0 0 0 0 0 0 0.746807 0.754245 0.10566 0 0 -500 0
330 1
1 13 0 0 0 0 0 0 0.743073 0.750547 0.10566 0 0 -500 0
331 1
1 13 0 0 0 0 0 0 0.972288 0.978012 0.10566 0 0 -500 0
332 1
1 13 0 0 0 0 0 0 0.853397 0.859913 0.10566 0 0 -500 0
333 1
1 13 0 0 0 0 0 0 0.928801 0.934791 0.10566 0 0 -500 0
334 1
1 13 0 0 0 0 0 0 0.564525 0.574328 0.10566 0 0 -500 0
335 1
1 13 0 0 0 0 0 0 0.970587 0.976321 0.10566 0 0 -500 0
336 1
1 13 0 0 0 0 0 0 0.623963 0.632846 0.10566 0 0 -500 0
337 1
1 13 0 0 0 0 0 0 0.973626 0.979342 0.10566 0 0 -500 0
338 1
1 13 0 0 0 0 0 0 0.756091 0.763438 0.10566 0 0 -500 0
339 1
1 13 0 0 0 0 0 0 0.545283 0.555426 0.10566 0 0 -500 0
340 1
1 13 0 0 0 0 0 0 0.734167 0.741731 0.10566 0 0 -500 0
341 1
1 13 0 0 0 0 0 0 0.5549 0.56487 0.10566 0 0 -500 0
342 1
1 13 0 0 0 0 0 0 0.537931 0.54821 0.10566 0 0 -500 0
343 1
1 13 0 0 0 0 0 0 0.715255 0.723017 0.10566 0 0 -500 0
344 1
1 13 0 0 0 0 0 0 0.897001 0.903203 0.10566 0 0 -500 0
345 1
1 13 0 0 0 0 0 0 0.595965 0.605259 0.10566 0 0 -500 0
346 1
1 13 0 0 0 0 0 0 0.621417 0.630335 0.10566 0 0 -500 0
347 1
1 13 0 0 0 0 0 0 0.898213 0.904407 0.10566 0 0 -500 0
348 1
1 13 0 0 0 0 0 0 0.749961 0.757368 0.10566 0 0 -500 0
349 1
1 13 0 0 0 0 0 0 0.945443 0.951329 0.10566 0 0 -500 0
350 1
1 13 0 0 0 0 0 0 0.935794 0.94174 0.10566 0 0 -500 0
351 1
1 13 0 0 0 0 0 0 0.810785 0.817641 0.10566 0 0 -500 0
352 1
1 13 0 0 0 0 0 0 0.828198 0.83491 0.10566 0 0 -500 0
353 1
1 13 0 0 0 0 0 0 0.680834 0.688984 0.10566 0 0 -500 0
354 1
1 13 0 0 0 0 0 0 0.720588 0.728293 0.10566 0 0 -500 0
355 1
1 13 0 0 0 0 0 0 0.782101 0.789206 0.10566 0 0 -500 0
356 1
1 13 0 0 0 0 0 0 0.75117 0.758565 0.10566 0 0 -500 0
357 1
1 13 0 0 0 0 0 0 0.982933 0.988596 0.10566 0 0 -500 0
358 1
1 13 0 0 0 0 0 0 0.667539 0.675849 0.10566 0 0 -500 0
359 1
1 13 0 0 0 0 0 0 0.89113 0.897372 0.10566 0 0 -500 0
360 1
1 13 0 0 0 0 0 0 0.828274 0.834987 0.10566 0 0 -500 0
361 1
1 13 0 0 0 0 0 0 0.63492 0.643652 0.10566 0 0 -500 0
362 1
1 13 0 0 0 0 0 0 0.528107 0.538573 0.10566 0 0 -500 0
363 1
1 13 0 0 0 0 0 0 0.60235 0.611547 0.10566 0 0 -500 0
364 1
1 13 0 0 0 0 0 0 0.88993 0.896181 0.10566 0 0 -500 0
365 1
1 13 0 0 0 0 0 0 0.534709 0.545049 0.10566 0 0 -500 0
366 1
1 13 0 0 0 0 0 0 0.642829 0.651455 0.10566 0 0 -500 0
367 1
1 13 0 0 0 0 0 0 0.634871 0.643603 0.10566 0 0 -500 0
368 1
1 13 0 0 0 0 0 0 0.584381 0.593856 0.10566 0 0 -500 0
369 1
1 13 0 0 0 0 0 0 0.891462 0.897702 0.10566 0 0 -500 0
370 1
1 13 0 0 0 0 0 0 0.986973 0.992613 0.10566 0 0 -500 0
371 1
1 13 0 0 0 0 0 0 0.888388 0.894649 0.10566 0 0 -500 0
372 1
1 13 0 0 0 0 0 0 0.570837 0.580533 0.10566 0 0 -500 0
373 1
1 13 0 0 0 0 0 0 0.921814 0.92785 0.10566 0 0 -500 0
374 1
1 13 0 0 0 0 0 0 0.844893 0.851474 0.10566 0 0 -500 0
375 1
1 13 0 0 0 0 0 0 0.501444 0.512455 0.10566 0 0 -500 0
376 1
1 13 0 0 0 0 0 0 0.669584 0.67787 0.10566 0 0 -500 0
377 1
1 13 0 0 0 0 0 0 0.909489 0.915606 0.10566 0 0 -500 0
378 1
1 13 0 0 0 0 0 0 0.510085 0.520913 0.10566 0 0 -500 0
379 1
1 13 0 0 0 0 0 0 0.585878 0.595329 0.10566 0 0 -500 0
380 1
1 13 0 0 0 0 0 0 0.744407 0.751868 0.10566 0 0 -500 0
381 1
1 13 0 0 0 0 0 0 0.857944 0.864426 0.10566 0 0 -500 0
382 1
1 13 0 0 0 0 0 0 0.948188 0.954057 0.10566 0 0 -500 0
383 1
1 13 0 0 0 0 0 0 0.958487 0.964293 0.10566 0 0 -500 0
384 1
1 13 0 0 0 0 0 0 0.842018 0.848621 0.10566 0 0 -500 0
385 1
1 13 0 0 0 0 0 0 0.605395 0.614546 0.10566 0 0 -500 0
386 1
1 13 0 0 0 0 0 0 0.688082 0.696147 0.10566 0 0 -500 0
387 1
1 13 0 0 0 0 0 0 0.808546 0.81542 0.10566 0 0 -500 0
388 1
1 13 0 0 0 0 0 0 0.565334 0.575124 0.10566 0 0 -500 0
389 1
1 13 0 0 0 0 0 0 0.847889 0.854448 0.10566 0 0 -500 0
390 1
1 13 0 0 0 0 0 0 0.549574 0.559638 0.10566 0 0 -500 0
391 1
1 13 0 0 0 0 0 0 0.781798 0.788905 0.10566 0 0 -500 0
392 1
1 13 0 0 0 0 0 0 0.636909 0.645613 0.10566 0 0 -500 0
393 1
1 13 0 0 0 0 0 0 0.616405 0.625396 0.10566 0 0 -500 0
394 1
1 13 0 0 0 0 0 0 0.697981 0.705933 0.10566 0 0 -500 0
395 1
1 13 0 0 0 0 0 0 0.83897 0.845597 0.10566 0 0 -500 0
396 1
1 13 0 0 0 0 0 0 0.777843 0.784986 0.10566 0 0 -500 0
397 1
1 13 0 0 0 0 0 0 0.838368 0.845 0.10566 0 0 -500 0
398 1
1 13 0 0 0 0 0 0 0.790446 0.797477 0.10566 0 0 -500 0
399 1
1 13 0 0 0 0 0 0 0.81124 0.818092 0.10566 0 0 -500 0
400 1
1 13 0 0 0 0 0 0 0.519424 0.530062 0.10566 0 0 -500 0
401 1
1 13 0 0 0 0 0 0 0.709563 0.717387 0.10566 0 0 -500 0
402 1
1 13 0 0 0 0 0 0 0.895478 0.90169 0.10566 0 0 -500 0
403 1
1 13 0 0 0 0 0 0 0.792206 0.799221 0.10566 0 0 -500 0
404 1
1 13 0 0 0 0 0 0 0.942835 0.948737 0.10566 0 0 -500 0
405 1
1 13 0 0 0 0 0 0 0.555242 0.565206 0.10566 0 0 -500 0
406 1
1 13 0 0 0 0 0 0 0.584835 0.594303 0.10566 0 0 -500 0
407 1
1 13 0 0 0 0 0 0 0.97331 0.979029 0.10566 0 0 -500 0
408 1
1 13 0 0 0 0 0 0 0.959051 0.964854 0.10566 0 0 -500 0
409 1
1 13 0 0 0 0 0 0 0.545009 0.555157 0.10566 0 0 -500 0
410 1
1 13 0 0 0 0 0 0 0.63493 0.643661 0.10566 0 0 -500 0
411 1
1 13 0 0 0 0 0 0 0.507553 0.518434 0.10566 0 0 -500 0
412 1
1 13 0 0 0 0 0 0 0.976684 0.982383 0.10566 0 0 -500 0
413 1
1 13 0 0 0 0 0 0 0.92543 0.931442 0.10566 0 0 -500 0
414 1
1 13 0 0 0 0 0 0 0.65855 0.666973 0.10566 0 0 -500 0
415 1
1 13 0 0 0 0 0 0 0.604549 0.613713 0.10566 0 0 -500 0
416 1
1 13 0 0 0 0 0 0 0.992163 0.997773 0.10566 0 0 -500 0
417 1
1 13 0 0 0 0 0 0 0.609893 0.618978 0.10566 0 0 -500 0
418 1
1 13 0 0 0 0 0 0 0.778125 0.785266 0.10566 0 0 -500 0
419 1
1 13 0 0 0 0 0 0 0.532494 0.542875 0.10566 0 0 -500 0
420 1
1 13 0 0 0 0 0 0 0.956456 0.962274 0.10566 0 0 -500 0
421 1
1 13 0 0 0 0 0 0 0.700936 0.708855 0.10566 0 0 -500 0
422 1
1 13 0 0 0 0 0 0 0.728581 0.736203 0.10566 0 0 -500 0
423 1
1 13 0 0 0 0 0 0 0.810074 0.816935 0.10566 0 0 -500 0
424 1
1 13 0 0 0 0 0 0 0.618811 0.627767 0.10566 0 0 -500 0
425 1
1 13 0 0 0 0 0 0 0.699986 0.707916 0.10566 0 0 -500 0
426 1
1 13 0 0 0 0 0 0 0.773112 0.780299 0.10566 0 0 -500 0
427 1
1 13 0 0 0 0 0 0 0.55435 0.56433 0.10566 0 0 -500 0
428 1
1 13 0 0 0 0 0 0 0.814808 0.821631 0.10566 0 0 -500 0
429 1
1 13 0 0 0 0 0 0 0.514461 0.525199 0.10566 0 0 -500 0
430 1
1 13 0 0 0 0 0 0 0.656532 0.66498 0.10566 0 0 -500 0
431 1
1 13 0 0 0 0 0 0 0.997579 1.00316 0.10566 0 0 -500 0
432 1
1 13 0 0 0 0 0 0 0.58861 0.598018 0.10566 0 0 -500 0
433 1
1 13 0 0 0 0 0 0 0.515931 0.52664 0.10566 0 0 -500 0
434 1
1 13 0 0 0 0 0 0 0.682866 0.690992 0.10566 0 0 -500 0
435 1
1 13 0 0 0 0 0 0 0.53187 0.542264 0.10566 0 0 -500 0
436 1
1 13 0 0 0 0 0 0 0.773536 0.780719 0.10566 0 0 -500 0
437 1
1 13 0 0 0 0 0 0 0.52225 0.532831 0.10566 0 0 -500 0
438 1
1 13 0 0 0 0 0 0 0.971273 0.977003 0.10566 0 0 -500 0
439 1
1 13 0 0 0 0 0 0 0.830165 0.836862 0.10566 0 0 -500 0
440 1
1 13 0 0 0 0 0 0 0.828082 0.834796 0.10566 0 0 -500 0
441 1
1 13 0 0 0 0 0 0 0.77529 0.782457 0.10566 0 0 -500 0
442 1
1 13 0 0 0 0 0 0 0.803342 0.810261 0.10566 0 0 -500 0
443 1
1 13 0 0 0 0 0 0 0.802726 0.80965 0.10566 0 0 -500 0
444 1
1 13 0 0 0 0 0 0 0.76012 0.767428 0.10566 0 0 -500 0
445 1
1 13 0 0 0 0 0 0 0.570678 0.580377 0.10566 0 0 -500 0
446 1
1 13 0 0 0 0 0 0 0.661134 0.669524 0.10566 0 0 -500 0
447 1
1 13 0 0 0 0 0 0 0.911991 0.918091 0.10566 0 0 -500 0
448 1
1 13 0 0 0 0 0 0 0.537479 0.547766 0.10566 0 0 -500 0
449 1
1 13 0 0 0 0 0 0 0.91999 0.926037 0.10566 0 0 -500 0
450 1
1 13 0 0 0 0 0 0 0.950907 0.95676 0.10566 0 0 -500 0
451 1
1 13 0 0 0 0 0 0 0.792459 0.799472 0.10566 0 0 -500 0
452 1
1 13 0 0 0 0 0 0 0.676284 0.684488 0.10566 0 0 -500 0
453 1
1 13 0 0 0 0 0 0 0.800119 0.807065 0.10566 0 0 -500 0
454 1
1 13 0 0 0 0 0 0 0.979437 0.98512 0.10566 0 0 -500 0
455 1
1 13 0 0 0 0 0 0 0.624291 0.633169 0.10566 0 0 -500 0
456 1
1 13 0 0 0 0 0 0 0.768229 0.775461 0.10566 0 0 -500 0
457 1
1 13 0 0 0 0 0 0 0.55091 0.560951 0.10566 0 0 -500 0
458 1
1 13 0 0 0 0 0 0 0.967247 0.973001 0.10566 0 0 -500 0
459 1
1 13 0 0 0 0 0 0 0.800212 0.807157 0.10566 0 0 -500 0
460 1
1 13 0 0 0 0 0 0 0.919812 0.925861 0.10566 0 0 -500 0
461 1
1 13 0 0 0 0 0 0 0.932543 0.938509 0.10566 0 0 -500 0
462 1
1 13 0 0 0 0 0 0 0.54448 0.554637 0.10566 0 0 -500 0
463 1
1 13 0 0 0 0 0 0 0.925094 0.931109 0.10566 0 0 -500 0
464 1
1 13 0 0 0 0 0 0 0.673319 0.681559 0.10566 0 0 -500 0
465 1
1 13 0 0 0 0 0 0 0.594351 0.603669 0.10566 0 0 -500 0
466 1
1 13 0 0 0 0 0 0 0.599961 0.609194 0.10566 0 0 -500 0
467 1
1 13 0 0 0 0 0 0 0.740673 0.748172 0.10566 0 0 -500 0
468 1
1 13 0 0 0 0 0 0 0.698372 0.70632 0.10566 0 0 -500 0
469 1
1 13 0 0 0 0 0 0 0.976462 0.982162 0.10566 0 0 -500 0
470 1
1 13 0 0 0 0 0 0 0.582906 0.592405 0.10566 0 0 -500 0
471 1
1 13 0 0 0 0 0 0 0.600768 0.609988 0.10566 0 0 -500 0
472 1
1 13 0 0 0 0 0 0 0.860619 0.86708 0.10566 0 0 -500 0
473 1
1 13 0 0 0 0 0 0 0.808203 0.81508 0.10566 0 0 -500 0
474 1
1 13 0 0 0 0 0 0 0.503333 0.514304 0.10566 0 0 -500 0
475 1
1 13 0 0 0 0 0 0 0.671183 0.679449 0.10566 0 0 -500 0
476 1
1 13 0 0 0 0 0 0 0.929779 0.935763 0.10566 0 0 -500 0
477 1
1 13 0 0 0 0 0 0 0.822117 0.828879 0.10566 0 0 -500 0
478 1
1 13 0 0 0 0 0 0 0.504939 0.515876 0.10566 0 0 -500 0
479 1
1 13 0 0 0 0 0 0 0.702713 0.710612 0.10566 0 0 -500 0
480 1
1 13 0 0 0 0 0 0 0.867727 0.874136 0.10566 0 0 -500 0
481 1
1 13 0 0 0 0 0 0 0.727497 0.735129 0.10566 0 0 -500 0
482 1
1 13 0 0 0 0 0 0 0.698967 0.706908 0.10566 0 0 -500 0
483 1
1 13 0 0 0 0 0 0 0.749854 0.757261 0.10566 0 0 -500 0
484 1
1 13 0 0 0 0 0 0 0.943202 0.949102 0.10566 0 0 -500 0
485 1
1 13 0 0 0 0 0 0 0.819369 0.826153 0.10566 0 0 -500 0
486 1
1 13 0 0 0 0 0 0 0.666688 0.675008 0.10566 0 0 -500 0
487 1
1 13 0 0 0 0 0 0 0.574486 0.584121 0.10566 0 0 -500 0
488 1
1 13 0 0 0 0 0 0 0.900784 0.90696 0.10566 0 0 -500 0
489 1
1 13 0 0 0 0 0 0 0.614604 0.62362 0.10566 0 0 -500 0
490 1
1 13 0 0 0 0 0 0 0.957913 0.963723 0.10566 0 0 -500 0
491 1
1 13 0 0 0 0 0 0 0.77144 0.778642 0.10566 0 0 -500 0
492 1
1 13 0 0 0 0 0 0 0.89086 0.897104 0.10566 0 0 -500 0
493 1
1 13 0 0 0 0 0 0 0.720448 0.728155 0.10566 0 0 -500 0
494 1
1 13 0 0 0 0 0 0 0.881141 0.887453 0.10566 0 0 -500 0
495 1
1 13 0 0 0 0 0 0 0.683007 0.691132 0.10566 0 0 -500 0
496 1
1 13 0 0 0 0 0 0 0.643959 0.652569 0.10566 0 0 -500 0
497 1
1 13 0 0 0 0 0 0 0.958561 0.964366 0.10566 0 0 -500 0
498 1
1 13 0 0 0 0 0 0 0.534647 0.544987 0.10566 0 0 -500 0
499 1
1 13 0 0 0 0 0 0 0.607815 0.616931 0.10566 0 0 -500 0
500 1
1 13 0 0 0 0 0 0 0.766575 0.773823 0.10566 0 0 -500 0
501 1
1 13 0 0 0 0 0 0 0.816422 0.823231 0.10566 0 0 -500 0
502 1
1 13 0 0 0 0 0 0 0.778724 0.785859 0.10566 0 0 -500 0
503 1
1 13 0 0 0 0 0 0 0.530975 0.541386 0.10566 0 0 -500 0
504 1
1 13 0 0 0 0 0 0 0.574526 0.584161 0.10566 0 0 -500 0
505 1
1 13 0 0 0 0 0 0 0.526308 0.53681 0.10566 0 0 -500 0
506 1
1 13 0 0 0 0 0 0 0.97934 0.985024 0.10566 0 0 -500 0
507 1
1 13 0 0 0 0 0 0 0.642605 0.651234 0.10566 0 0 -500 0
508 1
1 13 0 0 0 0 0 0 0.948475 0.954342 0.10566 0 0 -500 0
509 1
1 13 0 0 0 0 0 0 0.836282 0.84293 0.10566 0 0 -500 0
510 1
1 13 0 0 0 0 0 0 0.737068 0.744603 0.10566 0 0 -500 0
511 1
1 13 0 0 0 0 0 0 0.787262 0.794321 0.10566 0 0 -500 0
512 1
1 13 0 0 0 0 0 0 0.769442 0.776663 0.10566 0 0 -500 0
513 1
1 13 0 0 0 0 0 0 0.984974 0.990624 0.10566 0 0 -500 0
514 1
1 13 0 0 0 0 0 0 0.988335 0.993967 0.10566 0 0 -500 0
515 1
1 13 0 0 0 0 0 0 0.67664 0.684839 0.10566 0 0 -500 0
516 1
1 13 0 0 0 0 0 0 0.787119 0.794179 0.10566 0 0 -500 0
517 1
1 13 0 0 0 0 0 0 0.546366 0.556489 0.10566 0 0 -500 0
518 1
1 13 0 0 0 0 0 0 0.634255 0.642996 0.10566 0 0 -500 0
519 1
1 13 0 0 0 0 0 0 0.61859 0.627549 0.10566 0 0 -500 0
520 1
1 13 0 0 0 0 0 0 0.727704 0.735335 0.10566 0 0 -500 0
521 1
1 13 0 0 0 0 0 0 0.543903 0.554071 0.10566 0 0 -500 0
522 1
1 13 0 0 0 0 0 0 0.843449 0.850041 0.10566 0 0 -500 0
523 1
1 13 0 0 0 0 0 0 0.668567 0.676864 0.10566 0 0 -500 0
524 1
1 13 0 0 0 0 0 0 0.953461 0.959298 0.10566 0 0 -500 0
525 1
1 13 0 0 0 0 0 0 0.623977 0.63286 0.10566 0 0 -500 0
526 1
1 13 0 0 0 0 0 0 0.634615 0.64335 0.10566 0 0 -500 0
527 1
1 13 0 0 0 0 0 0 0.578616 0.588184 0.10566 0 0 -500 0
528 1
1 13 0 0 0 0 0 0 0.915114 0.921194 0.10566 0 0 -500 0
529 1
1 13 0 0 0 0 0 0 0.684542 0.692648 0.10566 0 0 -500 0
530 1
1 13 0 0 0 0 0 0 0.70299 0.710886 0.10566 0 0 -500 0
531 1
1 13 0 0 0 0 0 0 0.937899 0.943832 0.10566 0 0 -500 0
532 1
1 13 0 0 0 0 0 0 0.817747 0.824545 0.10566 0 0 -500 0
533 1
1 13 0 0 0 0 0 0 0.618719 0.627676 0.10566 0 0 -500 0
534 1
1 13 0 0 0 0 0 0 0.94316 0.94906 0.10566 0 0 -500 0
535 1
1 13 0 0 0 0 0 0 0.618754 0.627711 0.10566 0 0 -500 0
536 1
1 13 0 0 0 0 0 0 0.684327 0.692436 0.10566 0 0 -500 0
537 1
1 13 0 0 0 0 0 0 0.583394 0.592885 0.10566 0 0 -500 0
538 1
1 13 0 0 0 0 0 0 0.507012 0.517904 0.10566 0 0 -500 0
539 1
1 13 0 0 0 0 0 0 0.890026 0.896276 0.10566 0 0 -500 0
540 1
1 13 0 0 0 0 0 0 0.834718 0.841379 0.10566 0 0 -500 0
541 1
1 13 0 0 0 0 0 0 0.56093 0.570795 0.10566 0 0 -500 0
542 1
1 13 0 0 0 0 0 0 0.538922 0.549182 0.10566 0 0 -500 0
543 1
1 13 0 0 0 0 0 0 0.555588 0.565546 0.10566 0 0 -500 0
544 1
1 13 0 0 0 0 0 0 0.824708 0.831449 0.10566 0 0 -500 0
545 1
1 13 0 0 0 0 0 0 0.925793 0.931803 0.10566 0 0 -500 0
546 1
1 13 0 0 0 0 0 0 0.857921 0.864403 0.10566 0 0 -500 0
547 1
1 13 0 0 0 0 0 0 0.937343 0.94328 0.10566 0 0 -500 0
548 1
1 13 0 0 0 0 0 0 0.530476 0.540896 0.10566 0 0 -500 0
549 1
1 13 0 0 0 0 0 0 0.961713 0.9675 0.10566 0 0 -500 0
550 1
1 13 0 0 0 0 0 0 0.574411 0.584048 0.10566 0 0 -500 0
551 1
1 13 0 0 0 0 0 0 0.527491 0.537969 0.10566 0 0 -500 0
552 1
1 13 0 0 0 0 0 0 0.807213 0.814099 0.10566 0 0 -500 0
553 1
1 13 0 0 0 0 0 0 0.797047 0.80402 0.10566 0 0 -500 0
554 1
1 13 0 0 0 0 0 0 0.590346 0.599727 0.10566 0 0 -500 0
555 1
1 13 0 0 0 0 0 0 0.61825 0.627214 0.10566 0 0 -500 0
556 1
1 13 0 0 0 0 0 0 0.901653 0.907823 0.10566 0 0 -500 0
557 1
1 13 0 0 0 0 0 0 0.994286 0.999885 0.10566 0 0 -500 0
558 1
1 13 0 0 0 0 0 0 0.700653 0.708575 0.10566 0 0 -500 0
559 1
1 13 0 0 0 0 0 0 0.609598 0.618687 0.10566 0 0 -500 0
560 1
1 13 0 0 0 0 0 0 0.775257 0.782425 0.10566 0 0 -500 0
561 1
1 13 0 0 0 0 0 0 0.702205 0.71011 0.10566 0 0 -500 0
562 1
1 13 0 0 0 0 0 0 0.745586 0.753036 0.10566 0 0 -500 0
563 1
1 13 0 0 0 0 0 0 0.676253 0.684457 0.10566 0 0 -500 0
564 1
1 13 0 0 0 0 0 0 0.584973 0.594439 0.10566 0 0 -500 0
565 1
1 13 0 0 0 0 0 0 0.652243 0.660746 0.10566 0 0 -500 0
566 1
1 13 0 0 0 0 0 0 0.618769 0.627726 0.10566 0 0 -500 0
567 1
1 13 0 0 0 0 0 0 0.817719 0.824517 0.10566 0 0 -500 0
568 1
1 13 0 0 0 0 0 0 0.649617 0.658154 0.10566 0 0 -500 0
569 1
1 13 0 0 0 0 0 0 0.510205 0.521031 0.10566 0 0 -500 0
570 1
1 13 0 0 0 0 0 0 0.920063 0.92611 0.10566 0 0 -500 0
571 1
1 13 0 0 0 0 0 0 0.634043 0.642786 0.10566 0 0 -500 0
572 1
1 13 0 0 0 0 0 0 0.619563 0.628508 0.10566 0 0 -500 0
573 1
1 13 0 0 0 0 0 0 0.870555 0.876944 0.10566 0 0 -500 0
574 1
1 13 0 0 0 0 0 0 0.987123 0.992762 0.10566 0 0 -500 0
575 1
1 13 0 0 0 0 0 0 0.646769 0.655343 0.10566 0 0 -500 0
576 1
1 13 0 0 0 0 0 0 0.937361 0.943297 0.10566 0 0 -500 0
577 1
1 13 0 0 0 0 0 0 0.947493 0.953366 0.10566 0 0 -500 0
578 1
1 13 0 0 0 0 0 0 0.556057 0.566006 0.10566 0 0 -500 0
579 1
1 13 0 0 0 0 0 0 0.712617 0.720408 0.10566 0 0 -500 0
580 1
1 13 0 0 0 0 0 0 0.857511 0.863996 0.10566 0 0 -500 0
581 1
1 13 0 0 0 0 0 0 0.868635 0.875037 0.10566 0 0 -500 0
582 1
1 13 0 0 0 0 0 0 0.543848 0.554017 0.10566 0 0 -500 0
583 1
1 13 0 0 0 0 0 0 0.961908 0.967694 0.10566 0 0 -500 0
584 1
1 13 0 0 0 0 0 0 0.997796 1.00337 0.10566 0 0 -500 0
585 1
1 13 0 0 0 0 0 0 0.662365 0.670739 0.10566 0 0 -500 0
586 1
1 13 0 0 0 0 0 0 0.771271 0.778475 0.10566 0 0 -500 0
587 1
1 13 0 0 0 0 0 0 0.538367 0.548637 0.10566 0 0 -500 0
588 1
1 13 0 0 0 0 0 0 0.908226 0.914352 0.10566 0 0 -500 0
589 1
1 13 0 0 0 0 0 0 0.784349 0.791434 0.10566 0 0 -500 0
590 1
1 13 0 0 0 0 0 0 0.510648 0.521465 0.10566 0 0 -500 0
591 1
1 13 0 0 0 0 0 0 0.965039 0.970806 0.10566 0 0 -500 0
592 1
1 13 0 0 0 0 0 0 0.893637 0.899861 0.10566 0 0 -500 0
593 1
1 13 0 0 0 0 0 0 0.857419 0.863904 0.10566 0 0 -500 0
594 1
1 13 0 0 0 0 0 0 0.607635 0.616753 0.10566 0 0 -500 0
595 1
1 13 0 0 0 0 0 0 0.5295 0.539939 0.10566 0 0 -500 0
596 1
1 13 0 0 0 0 0 0 0.691787 0.69981 0.10566 0 0 -500 0
597 1
1 13 0 0 0 0 0 0 0.831038 0.837728 0.10566 0 0 -500 0
598 1
1 13 0 0 0 0 0 0 0.654488 0.662962 0.10566 0 0 -500 0
599 1
1 13 0 0 0 0 0 0 0.522463 0.53304 0.10566 0 0 -500 0
600 1
1 13 0 0 0 0 0 0 0.512326 0.523108 0.10566 0 0 -500 0
601 1
1 13 0 0 0 0 0 0 0.794367 0.801363 0.10566 0 0 -500 0
602 1
1 13 0 0 0 0 0 0 0.85466 0.861167 0.10566 0 0 -500 0
603 1
1 13 0 0 0 0 0 0 0.970856 0.976589 0.10566 0 0 -500 0
604 1
1 13 0 0 0 0 0 0 0.632916 0.641675 0.10566 0 0 -500 0
605 1
1 13 0 0 0 0 0 0 0.756726 0.764067 0.10566 0 0 -500 0
606 1
1 13 0 0 0 0 0 0 0.906414 0.912552 0.10566 0 0 -500 0
607 1
1 13 0 0 0 0 0 0 0.759027 0.766346 0.10566 0 0 -500 0
608 1
1 13 0 0 0 0 0 0 0.902658 0.908821 0.10566 0 0 -500 0
609 1
1 13 0 0 0 0 0 0 0.750117 0.757522 0.10566 0 0 -500 0
610 1
1 13 0 0 0 0 0 0 0.51246 0.52324 0.10566 0 0 -500 0
611 1
1 13 0 0 0 0 0 0 0.605727 0.614873 0.10566 0 0 -500 0
612 1
1 13 0 0 0 0 0 0 0.768178 0.77541 0.10566 0 0 -500 0
613 1
1 13 0 0 0 0 0 0 0.646867 0.65544 0.10566 0 0 -500 0
614 1
1 13 0 0 0 0 0 0 0.796915 0.803889 0.10566 0 0 -500 0
615 1
1 13 0 0 0 0 0 0 0.699543 0.707477 0.10566 0 0 -500 0
616 1
1 13 0 0 0 0 0 0 0.7961 0.803081 0.10566 0 0 -500 0
617 1
1 13 0 0 0 0 0 0 0.921475 0.927513 0.10566 0 0 -500 0
618 1
1 13 0 0 0 0 0 0 0.608267 0.617375 0.10566 0 0 -500 0
619 1
1 13 0 0 0 0 0 0 0.79826 0.805222 0.10566 0 0 -500 0
620 1
1 13 0 0 0 0 0 0 0.503185 0.514159 0.10566 0 0 -500 0
621 1
1 13 0 0 0 0 0 0 0.95757 0.963382 0.10566 0 0 -500 0
622 1
1 13 0 0 0 0 0 0 0.830251 0.836948 0.10566 0 0 -500 0
623 1
1 13 0 0 0 0 0 0 0.884388 0.890677 0.10566 0 0 -500 0
624 1
1 13 0 0 0 0 0 0 0.930921 0.936898 0.10566 0 0 -500 0
625 1
1 13 0 0 0 0 0 0 0.76019 0.767497 0.10566 0 0 -500 0
626 1
1 13 0 0 0 0 0 0 0.779212 0.786343 0.10566 0 0 -500 0
627 1
1 13 0 0 0 0 0 0 0.625426 0.634288 0.10566 0 0 -500 0
628 1
1 13 0 0 0 0 0 0 0.860127 0.866592 0.10566 0 0 -500 0
629 1
1 13 0 0 0 0 0 0 0.619128 0.62808 0.10566 0 0 -500 0
630 1
1 13 0 0 0 0 0 0 0.688426 0.696487 0.10566 0 0 -500 0
631 1
1 13 0 0 0 0 0 0 0.847822 0.85438 0.10566 0 0 -500 0
632 1
1 13 0 0 0 0 0 0 0.722004 0.729695 0.10566 0 0 -500 0
633 1
1 13 0 0 0 0 0 0 0.909703 0.915819 0.10566 0 0 -500 0
634 1
1 13 0 0 0 0 0 0 0.518435 0.529092 0.10566 0 0 -500 0
635 1
1 13 0 0 0 0 0 0 0.706472 0.714329 0.10566 0 0 -500 0
636 1
1 13 0 0 0 0 0 0 0.800682 0.807624 0.10566 0 0 -500 0
637 1
1 13 0 0 0 0 0 0 0.778226 0.785366 0.10566 0 0 -500 0
638 1
1 13 0 0 0 0 0 0 0.768862 0.776088 0.10566 0 0 -500 0
639 1
1 13 0 0 0 0 0 0 0.640643 0.649298 0.10566 0 0 -500 0
640 1
1 13 0 0 0 0 0 0 0.975606 0.981311 0.10566 0 0 -500 0
641 1
1 13 0 0 0 0 0 0 0.711448 0.719252 0.10566 0 0 -500 0
642 1
1 13 0 0 0 0 0 0 0.783386 0.790479 0.10566 0 0 -500 0
643 1
1 13 0 0 0 0 0 0 0.70864 0.716474 0.10566 0 0 -500 0
644 1
1 13 0 0 0 0 0 0 0.676227 0.684432 0.10566 0 0 -500 0
645 1
1 13 0 0 0 0 0 0 0.984199 0.989854 0.10566 0 0 -500 0
646 1
1 13 0 0 0 0 0 0 0.90418 0.910333 0.10566 0 0 -500 0
647 1
1 13 0 0 0 0 0 0 0.9978 1.00338 0.10566 0 0 -500 0
648 1
1 13 0 0 0 0 0 0 0.942637 0.948541 0.10566 0 0 -500 0
649 1
1 13 0 0 0 0 0 0 0.711942 0.719739 0.10566 0 0 -500 0
650 1
1 13 0 0 0 0 0 0 0.93412 0.940077 0.10566 0 0 -500 0
651 1
1 13 0 0 0 0 0 0 0.580242 0.589784 0.10566 0 0 -500 0
652 1
1 13 0 0 0 0 0 0 0.60914 0.618236 0.10566 0 0 -500 0
653 1
1 13 0 0 0 0 0 0 0.870837 0.877224 0.10566 0 0 -500 0
654 1
1 13 0 0 0 0 0 0 0.994462 1.00006 0.10566 0 0 -500 0
655 1
1 13 0 0 0 0 0 0 0.83623 0.842878 0.10566 0 0 -500 0
656 1
1 13 0 0 0 0 0 0 0.581144 0.590671 0.10566 0 0 -500 0
657 1
1 13 0 0 0 0 0 0 0.888054 0.894317 0.10566 0 0 -500 0
658 1
1 13 0 0 0 0 0 0 0.793927 0.800927 0.10566 0 0 -500 0
659 1
1 13 0 0 0 0 0 0 0.962021 0.967806 0.10566 0 0 -500 0
660 1
1 13 0 0 0 0 0 0 0.890509 0.896756 0.10566 0 0 -500 0
661 1
1 13 0 0 0 0 0 0 0.75796 0.76529 0.10566 0 0 -500 0
662 1
1 13 0 0 0 0 0 0 0.590365 0.599746 0.10566 0 0 -500 0
663 1
1 13 0 0 0 0 0 0 0.634856 0.643588 0.10566 0 0 -500 0
664 1
1 13 0 0 0 0 0 0 0.587718 0.59714 0.10566 0 0 -500 0
665 1
1 13 0 0 0 0 0 0 0.968264 0.974012 0.10566 0 0 -500 0
666 1
1 13 0 0 0 0 0 0 0.934739 0.940692 0.10566 0 0 -500 0
667 1
1 13 0 0 0 0 0 0 0.889781 0.896032 0.10566 0 0 -500 0
668 1
1 13 0 0 0 0 0 0 0.993066 0.998671 0.10566 0 0 -500 0
669 1
1 13 0 0 0 0 0 0 0.759727 0.767039 0.10566 0 0 -500 0
670 1
1 13 0 0 0 0 0 0 0.880561 0.886878 0.10566 0 0 -500 0
671 1
1 13 0 0 0 0 0 0 0.838529 0.84516 0.10566 0 0 -500 0
672 1
1 13 0 0 0 0 0 0 0.739666 0.747174 0.10566 0 0 -500 0
673 1
1 13 0 0 0 0 0 0 0.997378 1.00296 0.10566 0 0 -500 0
674 1
1 13 0 0 0 0 0 0 0.672644 0.680892 0.10566 0 0 -500 0
675 1
1 13 0 0 0 0 0 0 0.691974 0.699994 0.10566 0 0 -500 0
676 1
1 13 0 0 0 0 0 0 0.535127 0.545458 0.10566 0 0 -500 0
677 1
1 13 0 0 0 0 0 0 0.502867 0.513848 0.10566 0 0 -500 0
678 1
1 13 0 0 0 0 0 0 0.930224 0.936205 0.10566 0 0 -500 0
679 1
1 13 0 0 0 0 0 0 0.559878 0.56976 0.10566 0 0 -500 0
680 1
1 13 0 0 0 0 0 0 0.964274 0.970045 0.10566 0 0 -500 0
681 1
1 13 0 0 0 0 0 0 0.916363 0.922435 0.10566 0 0 -500 0
682 1
1 13 0 0 0 0 0 0 0.855223 0.861725 0.10566 0 0 -500 0
683 1
1 13 0 0 0 0 0 0 0.80426 0.811171 0.10566 0 0 -500 0
684 1
1 13 0 0 0 0 0 0 0.911807 0.917909 0.10566 0 0 -500 0
685 1
1 13 0 0 0 0 0 0 0.840582 0.847196 0.10566 0 0 -500 0
686 1
1 13 0 0 0 0 0 0 0.621713 0.630628 0.10566 0 0 -500 0
687 1
1 13 0 0 0 0 0 0 0.849291 0.855838 0.10566 0 0 -500 0
688 1
1 13 0 0 0 0 0 0 0.631549 0.640327 0.10566 0 0 -500 0
689 1
1 13 0 0 0 0 0 0 0.715076 0.72284 0.10566 0 0 -500 0
690 1
1 13 0 0 0 0 0 0 0.791418 0.79844 0.10566 0 0 -500 0
691 1
1 13 0 0 0 0 0 0 0.853041 0.859559 0.10566 0 0 -500 0
692 1
1 13 0 0 0 0 0 0 0.571421 0.581108 0.10566 0 0 -500 0
693 1
1 13 0 0 0 0 0 0 0.733706 0.741275 0.10566 0 0 -500 0
694 1
1 13 0 0 0 0 0 0 0.814424 0.82125 0.10566 0 0 -500 0
695 1
1 13 0 0 0 0 0 0 0.598661 0.607914 0.10566 0 0 -500 0
696 1
1 13 0 0 0 0 0 0 0.904529 0.910679 0.10566 0 0 -500 0
697 1
1 13 0 0 0 0 0 0 0.586184 0.59563 0.10566 0 0 -500 0
698 1
1 13 0 0 0 0 0 0 0.922745 0.928774 0.10566 0 0 -500 0
699 1
1 13 0 0 0 0 0 0 0.562562 0.572399 0.10566 0 0 -500 0
700 1
1 13 0 0 0 0 0 0 0.728974 0.736592 0.10566 0 0 -500 0
701 1
1 13 0 0 0 0 0 0 0.715074 0.722838 0.10566 0 0 -500 0
702 1
1 13 0 0 0 0 0 0 0.760396 0.767702 0.10566 0 0 -500 0
703 1
1 13 0 0 0 0 0 0 0.714977 0.722742 0.10566 0 0 -500 0
704 1
1 13 0 0 0 0 0 0 0.993451 0.999054 0.10566 0 0 -500 0
705 1
1 13 0 0 0 0 0 0 0.962134 0.967919 0.10566 0 0 -500 0
706 1
1 13 0 0 0 0 0 0 0.740529 0.748029 0.10566 0 0 -500 0
707 1
1 13 0 0 0 0 0 0 0.85351 0.860026 0.10566 0 0 -500 0
708 1
1 13 0 0 0 0 0 0 0.563862 0.573676 0.10566 0 0 -500 0
709 1
1 13 0 0 0 0 0 0 0.724646 0.732309 0.10566 0 0 -500 0
710 1
1 13 0 0 0 0 0 0 0.634743 0.643477 0.10566 0 0 -500 0
711 1
1 13 0 0 0 0 0 0 0.853108 0.859626 0.10566 0 0 -500 0
712 1
1 13 0 0 0 0 0 0 0.842728 0.849326 0.10566 0 0 -500 0
713 1
1 13 0 0 0 0 0 0 0.57721 0.586801 0.10566 0 0 -500 0
714 1
1 13 0 0 0 0 0 0 0.825484 0.832219 0.10566 0 0 -500 0
715 1
1 13 0 0 0 0 0 0 0.584737 0.594206 0.10566 0 0 -500 0
716 1
1 13 0 0 0 0 0 0 0.966672 0.97243 0.10566 0 0 -500 0
717 1
1 13 0 0 0 0 0 0 0.872648 0.879021 0.10566 0 0 -500 0
718 1
1 13 0 0 0 0 0 0 0.555538 0.565497 0.10566 0 0 -500 0
719 1
1 13 0 0 0 0 0 0 0.624002 0.632884 0.10566 0 0 -500 0
720 1
1 13 0 0 0 0 0 0 0.564664 0.574465 0.10566 0 0 -500 0
721 1
1 13 0 0 0 0 0 0 0.792961 0.799969 0.10566 0 0 -500 0
722 1
1 13 0 0 0 0 0 0 0.508514 0.519375 0.10566 0 0 -500 0
723 1
1 13 0 0 0 0 0 0 0.582042 0.591555 0.10566 0 0 -500 0
724 1
1 13 0 0 0 0 0 0 0.806029 0.812925 0.10566 0 0 -500 0
725 1
1 13 0 0 0 0 0 0 0.864543 0.870976 0.10566 0 0 -500 0
726 1
1 13 0 0 0 0 0 0 0.81431 0.821136 0.10566 0 0 -500 0
727 1
1 13 0 0 0 0 0 0 0.6084 0.617506 0.10566 0 0 -500 0
728 1
1 13 0 0 0 0 0 0 0.6861 0.694188 0.10566 0 0 -500 0
729 1
1 13 0 0 0 0 0 0 0.500715 0.511742 0.10566 0 0 -500 0
730 1
1 13 0 0 0 0 0 0 0.684647 0.692753 0.10566 0 0 -500 0
731 1
1 13 0 0 0 0 0 0 0.63261 0.641373 0.10566 0 0 -500 0
732 1
1 13 0 0 0 0 0 0 0.747881 0.755308 0.10566 0 0 -500 0
733 1
1 13 0 0 0 0 0 0 0.858219 0.864699 0.10566 0 0 -500 0
734 1
1 13 0 0 0 0 0 0 0.932561 0.938527 0.10566 0 0 -500 0
735 1
1 13 0 0 0 0 0 0 0.711582 0.719384 0.10566 0 0 -500 0
736 1
1 13 0 0 0 0 0 0 0.820608 0.827382 0.10566 0 0 -500 0
737 1
1 13 0 0 0 0 0 0 0.51089 0.521702 0.10566 0 0 -500 0
738 1
1 13 0 0 0 0 0 0 0.822787 0.829544 0.10566 0 0 -500 0
739 1
1 13 0 0 0 0 0 0 0.682955 0.69108 0.10566 0 0 -500 0
740 1
1 13 0 0 0 0 0 0 0.647511 0.656075 0.10566 0 0 -500 0
741 1
1 13 0 0 0 0 0 0 0.776508 0.783664 0.10566 0 0 -500 0
742 1
1 13 0 0 0 0 0 0 0.910968 0.917075 0.10566 0 0 -500 0
743 1
1 13 0 0 0 0 0 0 0.75625 0.763596 0.10566 0 0 -500 0
744 1
1 13 0 0 0 0 0 0 0.781922 0.789029 0.10566 0 0 -500 0
745 1
1 13 0 0 0 0 0 0 0.565191 0.574982 0.10566 0 0 -500 0
746 1
1 13 0 0 0 0 0 0 0.638738 0.647418 0.10566 0 0 -500 0
747 1
1 13 0 0 0 0 0 0 0.89953 0.905714 0.10566 0 0 -500 0
748 1
1 13 0 0 0 0 0 0 0.721638 0.729332 0.10566 0 0 -500 0
749 1
1 13 0 0 0 0 0 0 0.517868 0.528537 0.10566 0 0 -500 0
750 1
1 13 0 0 0 0 0 0 0.633237 0.641992 0.10566 0 0 -500 0
751 1
1 13 0 0 0 0 0 0 0.730037 0.737643 0.10566 0 0 -500 0
752 1
1 13 0 0 0 0 0 0 0.786368 0.793435 0.10566 0 0 -500 0
753 1
1 13 0 0 0 0 0 0 0.529776 0.54021 0.10566 0 0 -500 0
754 1
1 13 0 0 0 0 0 0 0.513692 0.524446 0.10566 0 0 -500 0
755 1
1 13 0 0 0 0 0 0 0.638778 0.647458 0.10566 0 0 -500 0
756 1
1 13 0 0 0 0 0 0 0.690848 0.698881 0.10566 0 0 -500 0
757 1
1 13 0 0 0 0 0 0 0.917843 0.923905 0.10566 0 0 -500 0
758 1
1 13 0 0 0 0 0 0 0.789051 0.796094 0.10566 0 0 -500 0
759 1
1 13 0 0 0 0 0 0 0.67594 0.684149 0.10566 0 0 -500 0
760 1
1 13 0 0 0 0 0 0 0.875263 0.881618 0.10566 0 0 -500 0
761 1
1 13 0 0 0 0 0 0 0.968922 0.974666 0.10566 0 0 -500 0
762 1
1 13 0 0 0 0 0 0 0.534367 0.544713 0.10566 0 0 -500 0
763 1
1 13 0 0 0 0 0 0 0.57775 0.587332 0.10566 0 0 -500 0
764 1
1 13 0 0 0 0 0 0 0.878853 0.885181 0.10566 0 0 -500 0
765 1
1 13 0 0 0 0 0 0 0.696996 0.70496 0.10566 0 0 -500 0
766 1
1 13 0 0 0 0 0 0 0.883695 0.889989 0.10566 0 0 -500 0
767 1
1 13 0 0 0 0 0 0 0.911294 0.917399 0.10566 0 0 -500 0
768 1
1 13 0 0 0 0 0 0 0.772853 0.780042 0.10566 0 0 -500 0
769 1
1 13 0 0 0 0 0 0 0.63055 0.639341 0.10566 0 0 -500 0
770 1
1 13 0 0 0 0 0 0 0.706935 0.714788 0.10566 0 0 -500 0
771 1
1 13 0 0 0 0 0 0 0.994943 1.00054 0.10566 0 0 -500 0
772 1
1 13 0 0 0 0 0 0 0.869313 0.875711 0.10566 0 0 -500 0
773 1
1 13 0 0 0 0 0 0 0.947025 0.952901 0.10566 0 0 -500 0
774 1
1 13 0 0 0 0 0 0 0.732586 0.740167 0.10566 0 0 -500 0
775 1
1 13 0 0 0 0 0 0 0.884461 0.890749 0.10566 0 0 -500 0
776 1
1 13 0 0 0 0 0 0 0.81917 0.825956 0.10566 0 0 -500 0
777 1
1 13 0 0 0 0 0 0 0.613472 0.622504 0.10566 0 0 -500 0
778 1
1 13 0 0 0 0 0 0 0.587068 0.5965 0.10566 0 0 -500 0
779 1
1 13 0 0 0 0 0 0 0.726943 0.734581 0.10566 0 0 -500 0
780 1
1 13 0 0 0 0 0 0 0.568894 0.578623 0.10566 0 0 -500 0
781 1
1 13 0 0 0 0 0 0 0.938594 0.944523 0.10566 0 0 -500 0
782 1
1 13 0 0 0 0 0 0 0.596794 0.606076 0.10566 0 0 -500 0
783 1
1 13 0 0 0 0 0 0 0.698349 0.706297 0.10566 0 0 -500 0
784 1
1 13 0 0 0 0 0 0 0.847054 0.853619 0.10566 0 0 -500 0
785 1
1 13 0 0 0 0 0 0 0.694713 0.702702 0.10566 0 0 -500 0
786 1
1 13 0 0 0 0 0 0 0.874233 0.880595 0.10566 0 0 -500 0
787 1
1 13 0 0 0 0 0 0 0.800834 0.807774 0.10566 0 0 -500 0
788 1
1 13 0 0 0 0 0 0 0.550352 0.560403 0.10566 0 0 -500 0
789 1
1 13 0 0 0 0 0 0 0.899075 0.905262 0.10566 0 0 -500 0
790 1
1 13 0 0 0 0 0 0 0.6926 0.700613 0.10566 0 0 -500 0
791 1
1 13 0 0 0 0 0 0 0.530568 0.540986 0.10566 0 0 -500 0
792 1
1 13 0 0 0 0 0 0 0.81925 0.826035 0.10566 0 0 -500 0
793 1
1 13 0 0 0 0 0 0 0.937229 0.943166 0.10566 0 0 -500 0
794 1
1 13 0 0 0 0 0 0 0.640759 0.649412 0.10566 0 0 -500 0
795 1
1 13 0 0 0 0 0 0 0.833235 0.839908 0.10566 0 0 -500 0
796 1
1 13 0 0 0 0 0 0 0.845225 0.851804 0.10566 0 0 -500 0
797 1
1 13 0 0 0 0 0 0 0.635132 0.643861 0.10566 0 0 -500 0
798 1
1 13 0 0 0 0 0 0 0.690001 0.698044 0.10566 0 0 -500 0
799 1
1 13 0 0 0 0 0 0 0.773927 0.781107 0.10566 0 0 -500 0
800 1
1 13 0 0 0 0 0 0 0.606962 0.61609 0.10566 0 0 -500 0
801 1
1 13 0 0 0 0 0 0 0.518842 0.529491 0.10566 0 0 -500 0
802 1
1 13 0 0 0 0 0 0 0.987823 0.993458 0.10566 0 0 -500 0
803 1
1 13 0 0 0 0 0 0 0.810443 0.817302 0.10566 0 0 -500 0
804 1
1 13 0 0 0 0 0 0 0.715545 0.723304 0.10566 0 0 -500 0
805 1
1 13 0 0 0 0 0 0 0.677646 0.685834 0.10566 0 0 -500 0
806 1
1 13 0 0 0 0 0 0 0.82699 0.833713 0.10566 0 0 -500 0
807 1
1 13 0 0 0 0 0 0 0.700821 0.708742 0.10566 0 0 -500 0
808 1
1 13 0 0 0 0 0 0 0.842213 0.848815 0.10566 0 0 -500 0
809 1
1 13 0 0 0 0 0 0 0.800092 0.807038 0.10566 0 0 -500 0
810 1
1 13 0 0 0 0 0 0 0.914774 0.920856 0.10566 0 0 -500 0
811 1
1 13 0 0 0 0 0 0 0.602943 0.612131 0.10566 0 0 -500 0
812 1
1 13 0 0 0 0 0 0 0.632173 0.640942 0.10566 0 0 -500 0
813 1
1 13 0 0 0 0 0 0 0.701638 0.709549 0.10566 0 0 -500 0
814 1
1 13 0 0 0 0 0 0 0.836158 0.842807 0.10566 0 0 -500 0
815 1
1 13 0 0 0 0 0 0 0.500005 0.511047 0.10566 0 0 -500 0
816 1
1 13 0 0 0 0 0 0 0.562842 0.572674 0.10566 0 0 -500 0
817 1
1 13 0 0 0 0 0 0 0.97092 0.976653 0.10566 0 0 -500 0
818 1
1 13 0 0 0 0 0 0 0.923937 0.929959 0.10566 0 0 -500 0
819 1
1 13 0 0 0 0 0 0 0.641195 0.649842 0.10566 0 0 -500 0
820 1
1 13 0 0 0 0 0 0 0.876768 0.883112 0.10566 0 0 -500 0
821 1
1 13 0 0 0 0 0 0 0.821241 0.82801 0.10566 0 0 -500 0
822 1
1 13 0 0 0 0 0 0 0.701424 0.709338 0.10566 0 0 -500 0
823 1
1 13 0 0 0 0 0 0 0.693871 0.70187 0.10566 0 0 -500 0
824 1
1 13 0 0 0 0 0 0 0.548304 0.558392 0.10566 0 0 -500 0
825 1
1 13 0 0 0 0 0 0 0.846157 0.852728 0.10566 0 0 -500 0
826 1
1 13 0 0 0 0 0 0 0.716318 0.724069 0.10566 0 0 -500 0
827 1
1 13 0 0 0 0 0 0 0.608731 0.617833 0.10566 0 0 -500 0
828 1
1 13 0 0 0 0 0 0 0.818215 0.825009 0.10566 0 0 -500 0
829 1
1 13 0 0 0 0 0 0 0.585184 0.594646 0.10566 0 0 -500 0
830 1
1 13 0 0 0 0 0 0 0.706905 0.714757 0.10566 0 0 -500 0
831 1
1 13 0 0 0 0 0 0 0.812201 0.819045 0.10566 0 0 -500 0
832 1
1 13 0 0 0 0 0 0 0.507625 0.518505 0.10566 0 0 -500 0
833 1
1 13 0 0 0 0 0 0 0.858301 0.864781 0.10566 0 0 -500 0
834 1
1 13 0 0 0 0 0 0 0.675199 0.683416 0.10566 0 0 -500 0
835 1
1 13 0 0 0 0 0 0 0.56445 0.574254 0.10566 0 0 -500 0
836 1
1 13 0 0 0 0 0 0 0.96802 0.973769 0.10566 0 0 -500 0
837 1
1 13 0 0 0 0 0 0 0.688645 0.696704 0.10566 0 0 -500 0
838 1
1 13 0 0 0 0 0 0 0.769931 0.777147 0.10566 0 0 -500 0
839 1
1 13 0 0 0 0 0 0 0.595434 0.604736 0.10566 0 0 -500 0
840 1
1 13 0 0 0 0 0 0 0.899744 0.905926 0.10566 0 0 -500 0
841 1
1 13 0 0 0 0 0 0 0.606685 0.615817 0.10566 0 0 -500 0
842 1
1 13 0 0 0 0 0 0 0.932501 0.938468 0.10566 0 0 -500 0
843 1
1 13 0 0 0 0 0 0 0.508652 0.51951 0.10566 0 0 -500 0
844 1
1 13 0 0 0 0 0 0 0.763497 0.770773 0.10566 0 0 -500 0
845 1
1 13 0 0 0 0 0 0 0.967302 0.973055 0.10566 0 0 -500 0
846 1
1 13 0 0 0 0 0 0 0.89344 0.899666 0.10566 0 0 -500 0
847 1
1 13 0 0 0 0 0 0 0.743768 0.751236 0.10566 0 0 -500 0
848 1
1 13 0 0 0 0 0 0 0.736351 0.743893 0.10566 0 0 -500 0
849 1
1 13 0 0 0 0 0 0 0.583595 0.593082 0.10566 0 0 -500 0
850 1
1 13 0 0 0 0 0 0 0.812922 0.819759 0.10566 0 0 -500 0
851 1
1 13 0 0 0 0 0 0 0.538922 0.549182 0.10566 0 0 -500 0
852 1
1 13 0 0 0 0 0 0 0.629403 0.63821 0.10566 0 0 -500 0
853 1
1 13 0 0 0 0 0 0 0.658071 0.6665 0.10566 0 0 -500 0
854 1
1 13 0 0 0 0 0 0 0.913602 0.919692 0.10566 0 0 -500 0
855 1
1 13 0 0 0 0 0 0 0.519654 0.530287 0.10566 0 0 -500 0
856 1
1 13 0 0 0 0 0 0 0.744182 0.751646 0.10566 0 0 -500 0
857 1
1 13 0 0 0 0 0 0 0.878363 0.884695 0.10566 0 0 -500 0
858 1
1 13 0 0 0 0 0 0 0.759914 0.767224 0.10566 0 0 -500 0
859 1
1 13 0 0 0 0 0 0 0.763306 0.770584 0.10566 0 0 -500 0
860 1
1 13 0 0 0 0 0 0 0.794975 0.801966 0.10566 0 0 -500 0
861 1
1 13 0 0 0 0 0 0 0.630107 0.638905 0.10566 0 0 -500 0
862 1
1 13 0 0 0 0 0 0 0.928704 0.934696 0.10566 0 0 -500 0
863 1
1 13 0 0 0 0 0 0 0.501353 0.512366 0.10566 0 0 -500 0
864 1
1 13 0 0 0 0 0 0 0.924769 0.930785 0.10566 0 0 -500 0
865 1
1 13 0 0 0 0 0 0 0.77291 0.780099 0.10566 0 0 -500 0
866 1
1 13 0 0 0 0 0 0 0.746225 0.753669 0.10566 0 0 -500 0
867 1
1 13 0 0 0 0 0 0 0.905414 0.911558 0.10566 0 0 -500 0
868 1
1 13 0 0 0 0 0 0 0.518255 0.528916 0.10566 0 0 -500 0
869 1
1 13 0 0 0 0 0 0 0.852117 0.858643 0.10566 0 0 -500 0
870 1
1 13 0 0 0 0 0 0 0.644341 0.652946 0.10566 0 0 -500 0
871 1
1 13 0 0 0 0 0 0 0.680171 0.688329 0.10566 0 0 -500 0
872 1
1 13 0 0 0 0 0 0 0.813351 0.820185 0.10566 0 0 -500 0
873 1
1 13 0 0 0 0 0 0 0.775768 0.78293 0.10566 0 0 -500 0
874 1
1 13 0 0 0 0 0 0 0.851307 0.857839 0.10566 0 0 -500 0
875 1
1 13 0 0 0 0 0 0 0.761705 0.768998 0.10566 0 0 -500 0
876 1
1 13 0 0 0 0 0 0 0.970632 0.976366 0.10566 0 0 -500 0
877 1
1 13 0 0 0 0 0 0 0.963913 0.969687 0.10566 0 0 -500 0
878 1
1 13 0 0 0 0 0 0 0.919882 0.92593 0.10566 0 0 -500 0
879 1
1 13 0 0 0 0 0 0 0.842257 0.848858 0.10566 0 0 -500 0
880 1
1 13 0 0 0 0 0 0 0.727086 0.734723 0.10566 0 0 -500 0
881 1
1 13 0 0 0 0 0 0 0.714092 0.721867 0.10566 0 0 -500 0
882 1
1 13 0 0 0 0 0 0 0.953595 0.95943 0.10566 0 0 -500 0
883 1
1 13 0 0 0 0 0 0 0.960839 0.966631 0.10566 0 0 -500 0
884 1
1 13 0 0 0 0 0 0 0.917965 0.924026 0.10566 0 0 -500 0
885 1
1 13 0 0 0 0 0 0 0.886118 0.892395 0.10566 0 0 -500 0
886 1
1 13 0 0 0 0 0 0 0.605004 0.614161 0.10566 0 0 -500 0
887 1
1 13 0 0 0 0 0 0 0.684222 0.692333 0.10566 0 0 -500 0
888 1
1 13 0 0 0 0 0 0 0.710526 0.718339 0.10566 0 0 -500 0
889 1
1 13 0 0 0 0 0 0 0.966274 0.972034 0.10566 0 0 -500 0
890 1
1 13 0 0 0 0 0 0 0.775583 0.782747 0.10566 0 0 -500 0
891 1
1 13 0 0 0 0 0 0 0.855064 0.861567 0.10566 0 0 -500 0
892 1
1 13 0 0 0 0 0 0 0.822216 0.828977 0.10566 0 0 -500 0
893 1
1 13 0 0 0 0 0 0 0.975152 0.98086 0.10566 0 0 -500 0
894 1
1 13 0 0 0 0 0 0 0.77005 0.777265 0.10566 0 0 -500 0
895 1
1 13 0 0 0 0 0 0 0.737143 0.744677 0.10566 0 0 -500 0
896 1
1 13 0 0 0 0 0 0 0.607072 0.616198 0.10566 0 0 -500 0
897 1
1 13 0 0 0 0 0 0 0.701828 0.709737 0.10566 0 0 -500 0
898 1
1 13 0 0 0 0 0 0 0.986993 0.992632 0.10566 0 0 -500 0
899 1
1 13 0 0 0 0 0 0 0.904213 0.910366 0.10566 0 0 -500 0
900 1
1 13 0 0 0 0 0 0 0.669635 0.677919 0.10566 0 0 -500 0
901 1
1 13 0 0 0 0 0 0 0.727346 0.73498 0.10566 0 0 -500 0
902 1
1 13 0 0 0 0 0 0 0.903592 0.909748 0.10566 0 0 -500 0
903 1
1 13 0 0 0 0 0 0 0.719663 0.727378 0.10566 0 0 -500 0
904 1
1 13 0 0 0 0 0 0 0.667705 0.676014 0.10566 0 0 -500 0
905 1
1 13 0 0 0 0 0 0 0.58923 0.598628 0.10566 0 0 -500 0
906 1
1 13 0 0 0 0 0 0 0.90788 0.914008 0.10566 0 0 -500 0
907 1
1 13 0 0 0 0 0 0 0.766309 0.773559 0.10566 0 0 -500 0
908 1
1 13 0 0 0 0 0 0 0.940087 0.946006 0.10566 0 0 -500 0
909 1
1 13 0 0 0 0 0 0 0.633018 0.641775 0.10566 0 0 -500 0
910 1
1 13 0 0 0 0 0 0 0.885928 0.892207 0.10566 0 0 -500 0
911 1
1 13 0 0 0 0 0 0 0.998742 1.00432 0.10566 0 0 -500 0
912 1
1 13 0 0 0 0 0 0 0.810693 0.817549 0.10566 0 0 -500 0
913 1
1 13 0 0 0 0 0 0 0.727863 0.735492 0.10566 0 0 -500 0
914 1
1 13 0 0 0 0 0 0 0.994762 1.00036 0.10566 0 0 -500 0
915 1
1 13 0 0 0 0 0 0 0.647246 0.655813 0.10566 0 0 -500 0
916 1
1 13 0 0 0 0 0 0 0.565664 0.575448 0.10566 0 0 -500 0
917 1
1 13 0 0 0 0 0 0 0.996549 1.00213 0.10566 0 0 -500 0
918 1
1 13 0 0 0 0 0 0 0.966428 0.972187 0.10566 0 0 -500 0
919 1
1 13 0 0 0 0 0 0 0.875548 0.881901 0.10566 0 0 -500 0
920 1
1 13 0 0 0 0 0 0 0.824709 0.83145 0.10566 0 0 -500 0
921 1
1 13 0 0 0 0 0 0 0.880245 0.886564 0.10566 0 0 -500 0
922 1
1 13 0 0 0 0 0 0 0.783968 0.791056 0.10566 0 0 -500 0
923 1
1 13 0 0 0 0 0 0 0.911547 0.91765 0.10566 0 0 -500 0
924 1
1 13 0 0 0 0 0 0 0.994574 1.00017 0.10566 0 0 -500 0
925 1
1 13 0 0 0 0 0 0 0.6741 0.682331 0.10566 0 0 -500 0
926 1
1 13 0 0 0 0 0 0 0.970949 0.976681 0.10566 0 0 -500 0
927 1
1 13 0 0 0 0 0 0 0.724159 0.731827 0.10566 0 0 -500 0
928 1
1 13 0 0 0 0 0 0 0.569729 0.579444 0.10566 0 0 -500 0
929 1
1 13 0 0 0 0 0 0 0.550484 0.560532 0.10566 0 0 -500 0
930 1
1 13 0 0 0 0 0 0 0.555785 0.565739 0.10566 0 0 -500 0
931 1
1 13 0 0 0 0 0 0 0.637775 0.646469 0.10566 0 0 -500 0
932 1
1 13 0 0 0 0 0 0 0.672827 0.681072 0.10566 0 0 -500 0
933 1
1 13 0 0 0 0 0 0 0.851768 0.858296 0.10566 0 0 -500 0
934 1
1 13 0 0 0 0 0 0 0.662482 0.670855 0.10566 0 0 -500 0
935 1
1 13 0 0 0 0 0 0 0.56843 0.578167 0.10566 0 0 -500 0
936 1
1 13 0 0 0 0 0 0 0.885123 0.891407 0.10566 0 0 -500 0
937 1
1 13 0 0 0 0 0 0 0.670273 0.67855 0.10566 0 0 -500 0
938 1
1 13 0 0 0 0 0 0 0.50787 0.518744 0.10566 0 0 -500 0
939 1
1 13 0 0 0 0 0 0 0.917715 0.923778 0.10566 0 0 -500 0
940 1
1 13 0 0 0 0 0 0 0.944719 0.950609 0.10566 0 0 -500 0
941 1
1 13 0 0 0 0 0 0 0.721583 0.729277 0.10566 0 0 -500 0
942 1
1 13 0 0 0 0 0 0 0.852344 0.858868 0.10566 0 0 -500 0
943 1
1 13 0 0 0 0 0 0 0.696011 0.703985 0.10566 0 0 -500 0
944 1
1 13 0 0 0 0 0 0 0.877792 0.884128 0.10566 0 0 -500 0
945 1
1 13 0 0 0 0 0 0 0.864525 0.870958 0.10566 0 0 -500 0
946 1
1 13 0 0 0 0 0 0 0.501466 0.512476 0.10566 0 0 -500 0
947 1
1 13 0 0 0 0 0 0 0.572154 0.581829 0.10566 0 0 -500 0
948 1
1 13 0 0 0 0 0 0 0.587035 0.596468 0.10566 0 0 -500 0
949 1
1 13 0 0 0 0 0 0 0.808583 0.815457 0.10566 0 0 -500 0
950 1
1 13 0 0 0 0 0 0 0.985763 0.99141 0.10566 0 0 -500 0
951 1
1 13 0 0 0 0 0 0 0.766319 0.773568 0.10566 0 0 -500 0
952 1
1 13 0 0 0 0 0 0 0.766714 0.773961 0.10566 0 0 -500 0
953 1
1 13 0 0 0 0 0 0 0.813693 0.820525 0.10566 0 0 -500 0
954 1
1 13 0 0 0 0 0 0 0.854643 0.861149 0.10566 0 0 -500 0
955 1
1 13 0 0 0 0 0 0 0.586204 0.59565 0.10566 0 0 -500 0
956 1
1 13 0 0 0 0 0 0 0.938833 0.94476 0.10566 0 0 -500 0
957 1
1 13 0 0 0 0 0 0 0.671822 0.68008 0.10566 0 0 -500 0
958 1
1 13 0 0 0 0 0 0 0.95519 0.961016 0.10566 0 0 -500 0
959 1
1 13 0 0 0 0 0 0 0.823132 0.829885 0.10566 0 0 -500 0
960 1
1 13 0 0 0 0 0 0 0.739863 0.74737 0.10566 0 0 -500 0
961 1
1 13 0 0 0 0 0 0 0.59511 0.604418 0.10566 0 0 -500 0
962 1
1 13 0 0 0 0 0 0 0.960469 0.966263 0.10566 0 0 -500 0
963 1
1 13 0 0 0 0 0 0 0.97303 0.97875 0.10566 0 0 -500 0
964 1
1 13 0 0 0 0 0 0 0.549206 0.559278 0.10566 0 0 -500 0
965 1
1 13 0 0 0 0 0 0 0.52688 0.53737 0.10566 0 0 -500 0
966 1
1 13 0 0 0 0 0 0 0.68885 0.696906 0.10566 0 0 -500 0
967 1
1 13 0 0 0 0 0 0 0.996687 1.00227 0.10566 0 0 -500 0
968 1
1 13 0 0 0 0 0 0 0.587058 0.596491 0.10566 0 0 -500 0
969 1
1 13 0 0 0 0 0 0 0.571256 0.580945 0.10566 0 0 -500 0
970 1
1 13 0 0 0 0 0 0 0.886044 0.892322 0.10566 0 0 -500 0
971 1
1 13 0 0 0 0 0 0 0.786245 0.793313 0.10566 0 0 -500 0
972 1
1 13 0 0 0 0 0 0 0.62395 0.632833 0.10566 0 0 -500 0
973 1
1 13 0 0 0 0 0 0 0.710249 0.718065 0.10566 0 0 -500 0
974 1
1 13 0 0 0 0 0 0 0.529527 0.539965 0.10566 0 0 -500 0
975 1
1 13 0 0 0 0 0 0 0.635263 0.64399 0.10566 0 0 -500 0
976 1
1 13 0 0 0 0 0 0 0.943086 0.948986 0.10566 0 0 -500 0
977 1
1 13 0 0 0 0 0 0 0.527433 0.537912 0.10566 0 0 -500 0
978 1
1 13 0 0 0 0 0 0 0.586111 0.595558 0.10566 0 0 -500 0
979 1
1 13 0 0 0 0 0 0 0.67404 0.682271 0.10566 0 0 -500 0
980 1
1 13 0 0 0 0 0 0 0.910912 0.917019 0.10566 0 0 -500 0
981 1
1 13 0 0 0 0 0 0 0.852859 0.859379 0.10566 0 0 -500 0
982 1
1 13 0 0 0 0 0 0 0.648743 0.657291 0.10566 0 0 -500 0
983 1
1 13 0 0 0 0 0 0 0.80648 0.813372 0.10566 0 0 -500 0
984 1
1 13 0 0 0 0 0 0 0.840859 0.847472 0.10566 0 0 -500 0
985 1
1 13 0 0 0 0 0 0 0.939619 0.945541 0.10566 0 0 -500 0
986 1
1 13 0 0 0 0 0 0 0.70593 0.713793 0.10566 0 0 -500 0
987 1
1 13 0 0 0 0 0 0 0.884626 0.890913 0.10566 0 0 -500 0
988 1
1 13 0 0 0 0 0 0 0.556648 0.566587 0.10566 0 0 -500 0
989 1
1 13 0 0 0 0 0 0 0.98965 0.995274 0.10566 0 0 -500 0
990 1
1 13 0 0 0 0 0 0 0.699816 0.707747 0.10566 0 0 -500 0
991 1
1 13 0 0 0 0 0 0 0.992565 0.998173 0.10566 0 0 -500 0
992 1
1 13 0 0 0 0 0 0 0.581925 0.59144 0.10566 0 0 -500 0
993 1
1 13 0 0 0 0 0 0 0.990535 0.996155 0.10566 0 0 -500 0
994 1
1 13 0 0 0 0 0 0 0.894246 0.900466 0.10566 0 0 -500 0
995 1
1 13 0 0 0 0 0 0 0.765473 0.772731 0.10566 0 0 -500 0
996 1
1 13 0 0 0 0 0 0 0.606673 0.615806 0.10566 0 0 -500 0
997 1
1 13 0 0 0 0 0 0 0.593964 0.603289 0.10566 0 0 -500 0
998 1
1 13 0 0 0 0 0 0 0.67692 0.685117 0.10566 0 0 -500 0
999 1
1 13 0 0 0 0 0 0 0.818254 0.825047 0.10566 0 0 -500 0