0 1
1 13 0 0 0 0 0 0 1.43397 1.43786 0.10566 0 0 -500 0
1 1
1 13 0 0 0 0 0 0 1.1675 1.17227 0.10566 0 0 -500 0
2 1
1 13 0 0 0 0 0 0 1.16386 1.16865 0.10566 0 0 -500 0
3 1
1 13 0 0 0 0 0 0 1.39257 1.39657 0.10566 0 0 -500 0
4 1
1 13 0 0 0 0 0 0 1.27411 1.27848 0.10566 0 0 -500 0
5 1
1 13 0 0 0 0 0 0 1.02457 1.03001 0.10566 0 0 -500 0
6 1
1 13 0 0 0 0 0 0 1.20889 1.2135 0.10566 0 0 -500 0
7 1
1 13 0 0 0 0 0 0 1.00134 1.0069 0.10566 0 0 -500 0
8 1
1 13 0 0 0 0 0 0 1.07189 1.07709 0.10566 0 0 -500 0
9 1
1 13 0 0 0 0 0 0 1.0463 1.05163 0.10566 0 0 -500 0
10 1
1 13 0 0 0 0 0 0 1.00077 1.00633 0.10566 0 0 -500 0
11 1
1 13 0 0 0 0 0 0 1.38626 1.39028 0.10566 0 0 -500 0
12 1
1 13 0 0 0 0 0 0 1.17947 1.1842 0.10566 0 0 -500 0
13 1
1 13 0 0 0 0 0 0 1.28163 1.28598 0.10566 0 0 -500 0
14 1
1 13 0 0 0 0 0 0 1.37513 1.37919 0.10566 0 0 -500 0
15 1
1 13 0 0 0 0 0 0 1.42803 1.43193 0.10566 0 0 -500 0
16 1
1 13 0 0 0 0 0 0 1.10948 1.1145 0.10566 0 0 -500 0
17 1
1 13 0 0 0 0 0 0 1.09633 1.10141 0.10566 0 0 -500 0
18 1
1 13 0 0 0 0 0 0 1.49479 1.49852 0.10566 0 0 -500 0
19 1
1 13 0 0 0 0 0 0 1.12948 1.13441 0.10566 0 0 -500 0
20 1
1 13 0 0 0 0 0 0 1.42431 1.42823 0.10566 0 0 -500 0
21 1
1 13 0 0 0 0 0 0 1.28312 1.28746 0.10566 0 0 -500 0
22 1
1 13 0 0 0 0 0 0 1.47989 1.48366 0.10566 0 0 -500 0
23 1
1 13 0 0 0 0 0 0 1.17792 1.18265 0.10566 0 0 -500 0
24 1
1 13 0 0 0 0 0 0 1.4455 1.44936 0.10566 0 0 -500 0
25 1
1 13 0 0 0 0 0 0 1.10305 1.1081 0.10566 0 0 -500 0
26 1
1 13 0 0 0 0 0 0 1.24504 1.24951 0.10566 0 0 -500 0
27 1
1 13 0 0 0 0 0 0 1.0727 1.07789 0.10566 0 0 -500 0
28 1
1 13 0 0 0 0 0 0 1.25305 1.2575 0.10566 0 0 -500 0
29 1
1 13 0 0 0 0 0 0 1.47896 1.48273 0.10566 0 0 -500 0
30 1
1 13 0 0 0 0 0 0 1.03128 1.03667 0.10566 0 0 -500 0
31 1
1 13 0 0 0 0 0 0 1.0877 1.09282 0.10566 0 0 -500 0
32 1
1 13 0 0 0 0 0 0 1.22579 1.23033 0.10566 0 0 -500 0
33 1
1 13 0 0 0 0 0 0 1.07187 1.07706 0.10566 0 0 -500 0
34 1
1 13 0 0 0 0 0 0 1.19415 1.19882 0.10566 0 0 -500 0
35 1
1 13 0 0 0 0 0 0 1.43336 1.43725 0.10566 0 0 -500 0
36 1
1 13 0 0 0 0 0 0 1.29071 1.29503 0.10566 0 0 -500 0
37 1
1 13 0 0 0 0 0 0 1.06937 1.07458 0.10566 0 0 -500 0
38 1
1 13 0 0 0 0 0 0 1.05092 1.05622 0.10566 0 0 -500 0
39 1
1 13 0 0 0 0 0 0 1.47639 1.48016 0.10566 0 0 -500 0
40 1
1 13 0 0 0 0 0 0 1.33369 1.33786 0.10566 0 0 -500 0
41 1
1 13 0 0 0 0 0 0 1.34184 1.34599 0.10566 0 0 -500 0
42 1
1 13 0 0 0 0 0 0 1.16205 1.16684 0.10566 0 0 -500 0
43 1
1 13 0 0 0 0 0 0 1.04148 1.04683 0.10566 0 0 -500 0
44 1
1 13 0 0 0 0 0 0 1.02278 1.02822 0.10566 0 0 -500 0
45 1
1 13 0 0 0 0 0 0 1.46092 1.46473 0.10566 0 0 -500 0
46 1
1 13 0 0 0 0 0 0 1.45113 1.45497 0.10566 0 0 -500 0
47 1
1 13 0 0 0 0 0 0 1.31475 1.31898 0.10566 0 0 -500 0
48 1
1 13 0 0 0 0 0 0 1.21945 1.22402 0.10566 0 0 -500 0
49 1
1 13 0 0 0 0 0 0 1.21829 1.22286 0.10566 0 0 -500 0
50 1
1 13 0 0 0 0 0 0 1.17878 1.18351 0.10566 0 0 -500 0
51 1
1 13 0 0 0 0 0 0 1.43797 1.44184 0.10566 0 0 -500 0
52 1
1 13 0 0 0 0 0 0 1.33472 1.3389 0.10566 0 0 -500 0
53 1
1 13 0 0 0 0 0 0 1.33352 1.3377 0.10566 0 0 -500 0
54 1
1 13 0 0 0 0 0 0 1.46611 1.46991 0.10566 0 0 -500 0
55 1
1 13 0 0 0 0 0 0 1.2957 1.3 0.10566 0 0 -500 0
56 1
1 13 0 0 0 0 0 0 1.06116 1.06641 0.10566 0 0 -500 0
57 1
1 13 0 0 0 0 0 0 1.29572 1.30003 0.10566 0 0 -500 0
58 1
1 13 0 0 0 0 0 0 1.38525 1.38927 0.10566 0 0 -500 0
59 1
1 13 0 0 0 0 0 0 1.02673 1.03216 0.10566 0 0 -500 0
60 1
1 13 0 0 0 0 0 0 1.10903 1.11406 0.10566 0 0 -500 0
61 1
1 13 0 0 0 0 0 0 1.24598 1.25045 0.10566 0 0 -500 0
62 1
1 13 0 0 0 0 0 0 1.0322 1.03759 0.10566 0 0 -500 0
63 1
1 13 0 0 0 0 0 0 1.33029 1.33448 0.10566 0 0 -500 0
64 1
1 13 0 0 0 0 0 0 1.19545 1.20011 0.10566 0 0 -500 0
65 1
1 13 0 0 0 0 0 0 1.19006 1.19474 0.10566 0 0 -500 0
66 1
1 13 0 0 0 0 0 0 1.38904 1.39306 0.10566 0 0 -500 0
67 1
1 13 0 0 0 0 0 0 1.07262 1.07781 0.10566 0 0 -500 0
68 1
1 13 0 0 0 0 0 0 1.16258 1.16737 0.10566 0 0 -500 0
69 1
1 13 0 0 0 0 0 0 1.46627 1.47007 0.10566 0 0 -500 0
70 1
1 13 0 0 0 0 0 0 1.19796 1.20261 0.10566 0 0 -500 0
71 1
1 13 0 0 0 0 0 0 1.28745 1.29178 0.10566 0 0 -500 0
72 1
1 13 0 0 0 0 0 0 1.4134 1.41735 0.10566 0 0 -500 0
73 1
1 13 0 0 0 0 0 0 1.29366 1.29797 0.10566 0 0 -500 0
74 1
1 13 0 0 0 0 0 0 1.49614 1.49987 0.10566 0 0 -500 0
75 1
1 13 0 0 0 0 0 0 1.16273 1.16753 0.10566 0 0 -500 0
76 1
1 13 0 0 0 0 0 0 1.18939 1.19407 0.10566 0 0 -500 0
77 1
1 13 0 0 0 0 0 0 1.12494 1.12989 0.10566 0 0 -500 0
78 1
1 13 0 0 0 0 0 0 1.42854 1.43244 0.10566 0 0 -500 0
79 1
1 13 0 0 0 0 0 0 1.16715 1.17192 0.10566 0 0 -500 0
80 1
1 13 0 0 0 0 0 0 1.13747 1.14237 0.10566 0 0 -500 0
81 1
1 13 0 0 0 0 0 0 1.41339 1.41734 0.10566 0 0 -500 0
82 1
1 13 0 0 0 0 0 0 1.32242 1.32664 0.10566 0 0 -500 0
83 1
1 13 0 0 0 0 0 0 1.40288 1.40685 0.10566 0 0 -500 0
84 1
1 13 0 0 0 0 0 0 1.40168 1.40565 0.10566 0 0 -500 0
85 1
1 13 0 0 0 0 0 0 1.06482 1.07005 0.10566 0 0 -500 0
86 1
1 13 0 0 0 0 0 0 1.25 1.25446 0.10566 0 0 -500 0
87 1
1 13 0 0 0 0 0 0 1.35823 1.36233 0.10566 0 0 -500 0
88 1
1 13 0 0 0 0 0 0 1.09603 1.10111 0.10566 0 0 -500 0
89 1
1 13 0 0 0 0 0 0 1.28692 1.29125 0.10566 0 0 -500 0
90 1
1 13 0 0 0 0 0 0 1.49604 1.49977 0.10566 0 0 -500 0
91 1
1 13 0 0 0 0 0 0 1.16504 1.16983 0.10566 0 0 -500 0
92 1
1 13 0 0 0 0 0 0 1.16976 1.17452 0.10566 0 0 -500 0
93 1
1 13 0 0 0 0 0 0 1.27673 1.2811 0.10566 0 0 -500 0
94 1
1 13 0 0 0 0 0 0 1.45921 1.46303 0.10566 0 0 -500 0
95 1
1 13 0 0 0 0 0 0 1.24136 1.24585 0.10566 0 0 -500 0
96 1
1 13 0 0 0 0 0 0 1.07747 1.08264 0.10566 0 0 -500 0
97 1
1 13 0 0 0 0 0 0 1.08049 1.08564 0.10566 0 0 -500 0
98 1
1 13 0 0 0 0 0 0 1.04016 1.04551 0.10566 0 0 -500 0
99 1
1 13 0 0 0 0 0 0 1.32692 1.33112 0.10566 0 0 -500 0
100 1
1 13 0 0 0 0 0 0 1.26444 1.26885 0.10566 0 0 -500 0
101 1
1 13 0 0 0 0 0 0 1.42304 1.42695 0.10566 0 0 -500 0
102 1
1 13 0 0 0 0 0 0 1.45547 1.4593 0.10566 0 0 -500 0
103 1
1 13 0 0 0 0 0 0 1.24124 1.24573 0.10566 0 0 -500 0
104 1
1 13 0 0 0 0 0 0 1.2993 1.30359 0.10566 0 0 -500 0
105 1
1 13 0 0 0 0 0 0 1.46361 1.46742 0.10566 0 0 -500 0
106 1
1 13 0 0 0 0 0 0 1.06284 1.06808 0.10566 0 0 -500 0
107 1
1 13 0 0 0 0 0 0 1.49378 1.49752 0.10566 0 0 -500 0
108 1
1 13 0 0 0 0 0 0 1.46744 1.47124 0.10566 0 0 -500 0
109 1
1 13 0 0 0 0 0 0 1.04186 1.04721 0.10566 0 0 -500 0
110 1
1 13 0 0 0 0 0 0 1.18669 1.19138 0.10566 0 0 -500 0
111 1
1 13 0 0 0 0 0 0 1.37716 1.38121 0.10566 0 0 -500 0
112 1
1 13 0 0 0 0 0 0 1.27863 1.28299 0.10566 0 0 -500 0
113 1
1 13 0 0 0 0 0 0 1.2157 1.22028 0.10566 0 0 -500 0
114 1
1 13 0 0 0 0 0 0 1.31815 1.32238 0.10566 0 0 -500 0
115 1
1 13 0 0 0 0 0 0 1.46548 1.46929 0.10566 0 0 -500 0
116 1
1 13 0 0 0 0 0 0 1.10405 1.10909 0.10566 0 0 -500 0
117 1
1 13 0 0 0 0 0 0 1.047 1.05232 0.10566 0 0 -500 0
118 1
1 13 0 0 0 0 0 0 1.07245 1.07765 0.10566 0 0 -500 0
119 1
1 13 0 0 0 0 0 0 1.21455 1.21914 0.10566 0 0 -500 0
120 1
1 13 0 0 0 0 0 0 1.17255 1.1773 0.10566 0 0 -500 0
121 1
1 13 0 0 0 0 0 0 1.44377 1.44763 0.10566 0 0 -500 0
122 1
1 13 0 0 0 0 0 0 1.45333 1.45717 0.10566 0 0 -500 0
123 1
1 13 0 0 0 0 0 0 1.46896 1.47276 0.10566 0 0 -500 0
124 1
1 13 0 0 0 0 0 0 1.20564 1.21026 0.10566 0 0 -500 0
125 1
1 13 0 0 0 0 0 0 1.35359 1.35771 0.10566 0 0 -500 0
126 1
1 13 0 0 0 0 0 0 1.34314 1.34729 0.10566 0 0 -500 0
127 1
1 13 0 0 0 0 0 0 1.24753 1.252 0.10566 0 0 -500 0
128 1
1 13 0 0 0 0 0 0 1.08133 1.08648 0.10566 0 0 -500 0
129 1
1 13 0 0 0 0 0 0 1.14122 1.1461 0.10566 0 0 -500 0
130 1
1 13 0 0 0 0 0 0 1.49354 1.49727 0.10566 0 0 -500 0
131 1
1 13 0 0 0 0 0 0 1.2856 1.28994 0.10566 0 0 -500 0
132 1
1 13 0 0 0 0 0 0 1.35484 1.35896 0.10566 0 0 -500 0
133 1
1 13 0 0 0 0 0 0 1.44979 1.45364 0.10566 0 0 -500 0
134 1
1 13 0 0 0 0 0 0 1.28638 1.29071 0.10566 0 0 -500 0
135 1
1 13 0 0 0 0 0 0 1.12019 1.12516 0.10566 0 0 -500 0
136 1
1 13 0 0 0 0 0 0 1.47439 1.47818 0.10566 0 0 -500 0
137 1
1 13 0 0 0 0 0 0 1.251 1.25545 0.10566 0 0 -500 0
138 1
1 13 0 0 0 0 0 0 1.13086 1.13578 0.10566 0 0 -500 0
139 1
1 13 0 0 0 0 0 0 1.322 1.32622 0.10566 0 0 -500 0
140 1
1 13 0 0 0 0 0 0 1.42197 1.42589 0.10566 0 0 -500 0
141 1
1 13 0 0 0 0 0 0 1.28022 1.28457 0.10566 0 0 -500 0
142 1
1 13 0 0 0 0 0 0 1.34135 1.3455 0.10566 0 0 -500 0
143 1
1 13 0 0 0 0 0 0 1.1244 1.12935 0.10566 0 0 -500 0
144 1
1 13 0 0 0 0 0 0 1.45166 1.4555 0.10566 0 0 -500 0
145 1
1 13 0 0 0 0 0 0 1.29646 1.30076 0.10566 0 0 -500 0
146 1
1 13 0 0 0 0 0 0 1.37082 1.37488 0.10566 0 0 -500 0
147 1
1 13 0 0 0 0 0 0 1.33091 1.3351 0.10566 0 0 -500 0
148 1
1 13 0 0 0 0 0 0 1.36618 1.37026 0.10566 0 0 -500 0
149 1
1 13 0 0 0 0 0 0 1.19723 1.20189 0.10566 0 0 -500 0
150 1
1 13 0 0 0 0 0 0 1.45476 1.45859 0.10566 0 0 -500 0
151 1
1 13 0 0 0 0 0 0 1.43089 1.43479 0.10566 0 0 -500 0
152 1
1 13 0 0 0 0 0 0 1.1691 1.17386 0.10566 0 0 -500 0
153 1
1 13 0 0 0 0 0 0 1.40419 1.40816 0.10566 0 0 -500 0
154 1
1 13 0 0 0 0 0 0 1.12908 1.13401 0.10566 0 0 -500 0
155 1
1 13 0 0 0 0 0 0 1.2022 1.20684 0.10566 0 0 -500 0
156 1
1 13 0 0 0 0 0 0 1.48605 1.4898 0.10566 0 0 -500 0
157 1
1 13 0 0 0 0 0 0 1.27971 1.28407 0.10566 0 0 -500 0
158 1
1 13 0 0 0 0 0 0 1.31535 1.31959 0.10566 0 0 -500 0
159 1
1 13 0 0 0 0 0 0 1.04447 1.0498 0.10566 0 0 -500 0
160 1
1 13 0 0 0 0 0 0 1.49133 1.49507 0.10566 0 0 -500 0
161 1
1 13 0 0 0 0 0 0 1.18968 1.19437 0.10566 0 0 -500 0
162 1
1 13 0 0 0 0 0 0 1.11674 1.12173 0.10566 0 0 -500 0
163 1
1 13 0 0 0 0 0 0 1.23454 1.23906 0.10566 0 0 -500 0
164 1
1 13 0 0 0 0 0 0 1.08699 1.09212 0.10566 0 0 -500 0
165 1
1 13 0 0 0 0 0 0 1.02671 1.03213 0.10566 0 0 -500 0
166 1
1 13 0 0 0 0 0 0 1.04515 1.05048 0.10566 0 0 -500 0
167 1
1 13 0 0 0 0 0 0 1.49018 1.49392 0.10566 0 0 -500 0
168 1
1 13 0 0 0 0 0 0 1.28494 1.28927 0.10566 0 0 -500 0
169 1
1 13 0 0 0 0 0 0 1.01797 1.02344 0.10566 0 0 -500 0
170 1
1 13 0 0 0 0 0 0 1.472 1.47579 0.10566 0 0 -500 0
171 1
1 13 0 0 0 0 0 0 1.31767 1.3219 0.10566 0 0 -500 0
172 1
1 13 0 0 0 0 0 0 1.20975 1.21435 0.10566 0 0 -500 0
173 1
1 13 0 0 0 0 0 0 1.0689 1.07411 0.10566 0 0 -500 0
174 1
1 13 0 0 0 0 0 0 1.01305 1.01854 0.10566 0 0 -500 0
175 1
1 13 0 0 0 0 0 0 1.46181 1.46562 0.10566 0 0 -500 0
176 1
1 13 0 0 0 0 0 0 1.30057 1.30486 0.10566 0 0 -500 0
177 1
1 13 0 0 0 0 0 0 1.17236 1.17711 0.10566 0 0 -500 0
178 1
1 13 0 0 0 0 0 0 1.04291 1.04825 0.10566 0 0 -500 0
179 1
1 13 0 0 0 0 0 0 1.40593 1.40989 0.10566 0 0 -500 0
180 1
1 13 0 0 0 0 0 0 1.47428 1.47806 0.10566 0 0 -500 0
181 1
1 13 0 0 0 0 0 0 1.11356 1.11856 0.10566 0 0 -500 0
182 1
1 13 0 0 0 0 0 0 1.0496 1.05491 0.10566 0 0 -500 0
183 1
1 13 0 0 0 0 0 0 1.07687 1.08204 0.10566 0 0 -500 0
184 1
1 13 0 0 0 0 0 0 1.18844 1.19313 0.10566 0 0 -500 0
185 1
1 13 0 0 0 0 0 0 1.3517 1.35582 0.10566 0 0 -500 0
186 1
1 13 0 0 0 0 0 0 1.36843 1.3725 0.10566 0 0 -500 0
187 1
1 13 0 0 0 0 0 0 1.28453 1.28886 0.10566 0 0 -500 0
188 1
1 13 0 0 0 0 0 0 1.44647 1.45033 0.10566 0 0 -500 0
189 1
1 13 0 0 0 0 0 0 1.12468 1.12963 0.10566 0 0 -500 0
190 1
1 13 0 0 0 0 0 0 1.34814 1.35227 0.10566 0 0 -500 0
191 1
1 13 0 0 0 0 0 0 1.29026 1.29458 0.10566 0 0 -500 0
192 1
1 13 0 0 0 0 0 0 1.14758 1.15243 0.10566 0 0 -500 0
193 1
1 13 0 0 0 0 0 0 1.4379 1.44178 0.10566 0 0 -500 0
194 1
1 13 0 0 0 0 0 0 1.20675 1.21137 0.10566 0 0 -500 0
195 1
1 13 0 0 0 0 0 0 1.0637 1.06894 0.10566 0 0 -500 0
196 1
1 13 0 0 0 0 0 0 1.1606 1.1654 0.10566 0 0 -500 0
197 1
1 13 0 0 0 0 0 0 1.26906 1.27345 0.10566 0 0 -500 0
198 1
1 13 0 0 0 0 0 0 1.32617 1.33037 0.10566 0 0 -500 0
199 1
1 13 0 0 0 0 0 0 1.17772 1.18245 0.10566 0 0 -500 0
200 1
1 13 0 0 0 0 0 0 1.2702 1.27459 0.10566 0 0 -500 0
201 1
1 13 0 0 0 0 0 0 1.00594 1.01147 0.10566 0 0 -500 0
202 1
1 13 0 0 0 0 0 0 1.04285 1.04818 0.10566 0 0 -500 0
203 1
1 13 0 0 0 0 0 0 1.05678 1.06205 0.10566 0 0 -500 0
204 1
1 13 0 0 0 0 0 0 1.48145 1.48521 0.10566 0 0 -500 0
205 1
1 13 0 0 0 0 0 0 1.17428 1.17902 0.10566 0 0 -500 0
206 1
1 13 0 0 0 0 0 0 1.13079 1.13572 0.10566 0 0 -500 0
207 1
1 13 0 0 0 0 0 0 1.12468 1.12963 0.10566 0 0 -500 0
208 1
1 13 0 0 0 0 0 0 1.32391 1.32812 0.10566 0 0 -500 0
209 1
1 13 0 0 0 0 0 0 1.39018 1.39419 0.10566 0 0 -500 0
210 1
1 13 0 0 0 0 0 0 1.02275 1.0282 0.10566 0 0 -500 0
211 1
1 13 0 0 0 0 0 0 1.41201 1.41595 0.10566 0 0 -500 0
212 1
1 13 0 0 0 0 0 0 1.37399 1.37805 0.10566 0 0 -500 0
213 1
1 13 0 0 0 0 0 0 1.03669 1.04206 0.10566 0 0 -500 0
214 1
1 13 0 0 0 0 0 0 1.20305 1.20768 0.10566 0 0 -500 0
215 1
1 13 0 0 0 0 0 0 1.07827 1.08344 0.10566 0 0 -500 0
216 1
1 13 0 0 0 0 0 0 1.47031 1.47411 0.10566 0 0 -500 0
217 1
1 13 0 0 0 0 0 0 1.41421 1.41816 0.10566 0 0 -500 0
218 1
1 13 0 0 0 0 0 0 1.35874 1.36285 0.10566 0 0 -500 0
219 1
1 13 0 0 0 0 0 0 1.19507 1.19973 0.10566 0 0 -500 0
220 1
1 13 0 0 0 0 0 0 1.21219 1.21678 0.10566 0 0 -500 0
221 1
1 13 0 0 0 0 0 0 1.25769 1.26212 0.10566 0 0 -500 0
222 1
1 13 0 0 0 0 0 0 1.24211 1.2466 0.10566 0 0 -500 0
223 1
1 13 0 0 0 0 0 0 1.1742 1.17894 0.10566 0 0 -500 0
224 1
1 13 0 0 0 0 0 0 1.45402 1.45785 0.10566 0 0 -500 0
225 1
1 13 0 0 0 0 0 0 1.07113 1.07633 0.10566 0 0 -500 0
226 1
1 13 0 0 0 0 0 0 1.15707 1.16188 0.10566 0 0 -500 0
227 1
1 13 0 0 0 0 0 0 1.19054 1.19522 0.10566 0 0 -500 0
228 1
1 13 0 0 0 0 0 0 1.01358 1.01907 0.10566 0 0 -500 0
229 1
1 13 0 0 0 0 0 0 1.15971 1.16452 0.10566 0 0 -500 0
230 1
1 13 0 0 0 0 0 0 1.33555 1.33972 0.10566 0 0 -500 0
231 1
1 13 0 0 0 0 0 0 1.40489 1.40886 0.10566 0 0 -500 0
232 1
1 13 0 0 0 0 0 0 1.17253 1.17728 0.10566 0 0 -500 0
233 1
1 13 0 0 0 0 0 0 1.41909 1.42302 0.10566 0 0 -500 0
234 1
1 13 0 0 0 0 0 0 1.47263 1.47642 0.10566 0 0 -500 0
235 1
1 13 0 0 0 0 0 0 1.15783 1.16264 0.10566 0 0 -500 0
236 1
1 13 0 0 0 0 0 0 1.37967 1.38371 0.10566 0 0 -500 0
237 1
1 13 0 0 0 0 0 0 1.06442 1.06965 0.10566 0 0 -500 0
238 1
1 13 0 0 0 0 0 0 1.10502 1.11006 0.10566 0 0 -500 0
239 1
1 13 0 0 0 0 0 0 1.21116 1.21576 0.10566 0 0 -500 0
240 1
1 13 0 0 0 0 0 0 1.28331 1.28766 0.10566 0 0 -500 0
241 1
1 13 0 0 0 0 0 0 1.14584 1.1507 0.10566 0 0 -500 0
242 1
1 13 0 0 0 0 0 0 1.45926 1.46308 0.10566 0 0 -500 0
243 1
1 13 0 0 0 0 0 0 1.42399 1.4279 0.10566 0 0 -500 0
244 1
1 13 0 0 0 0 0 0 1.34467 1.34881 0.10566 0 0 -500 0
245 1
1 13 0 0 0 0 0 0 1.24473 1.2492 0.10566 0 0 -500 0
246 1
1 13 0 0 0 0 0 0 1.19467 1.19934 0.10566 0 0 -500 0
247 1
1 13 0 0 0 0 0 0 1.4542 1.45803 0.10566 0 0 -500 0
248 1
1 13 0 0 0 0 0 0 1.02351 1.02895 0.10566 0 0 -500 0
249 1
1 13 0 0 0 0 0 0 1.33125 1.33544 0.10566 0 0 -500 0
250 1
1 13 0 0 0 0 0 0 1.15432 1.15914 0.10566 0 0 -500 0
251 1
1 13 0 0 0 0 0 0 1.27382 1.2782 0.10566 0 0 -500 0
252 1
1 13 0 0 0 0 0 0 1.0921 1.0972 0.10566 0 0 -500 0
253 1
1 13 0 0 0 0 0 0 1.22763 1.23217 0.10566 0 0 -500 0
254 1
1 13 0 0 0 0 0 0 1.39611 1.4001 0.10566 0 0 -500 0
255 1
1 13 0 0 0 0 0 0 1.40874 1.4127 0.10566 0 0 -500 0
256 1
1 13 0 0 0 0 0 0 1.4203 1.42422 0.10566 0 0 -500 0
257 1
1 13 0 0 0 0 0 0 1.22834 1.23288 0.10566 0 0 -500 0
258 1
1 13 0 0 0 0 0 0 1.10637 1.11141 0.10566 0 0 -500 0
259 1
1 13 0 0 0 0 0 0 1.09617 1.10125 0.10566 0 0 -500 0
260 1
1 13 0 0 0 0 0 0 1.15992 1.16472 0.10566 0 0 -500 0
261 1
1 13 0 0 0 0 0 0 1.38564 1.38966 0.10566 0 0 -500 0
262 1
1 13 0 0 0 0 0 0 1.06564 1.07087 0.10566 0 0 -500 0
263 1
1 13 0 0 0 0 0 0 1.12468 1.12963 0.10566 0 0 -500 0
264 1
1 13 0 0 0 0 0 0 1.23967 1.24416 0.10566 0 0 -500 0
265 1
1 13 0 0 0 0 0 0 1.17329 1.17804 0.10566 0 0 -500 0
266 1
1 13 0 0 0 0 0 0 1.13194 1.13686 0.10566 0 0 -500 0
267 1
1 13 0 0 0 0 0 0 1.08885 1.09396 0.10566 0 0 -500 0
268 1
1 13 0 0 0 0 0 0 1.1129 1.11791 0.10566 0 0 -500 0
269 1
1 13 0 0 0 0 0 0 1.26347 1.26788 0.10566 0 0 -500 0
270 1
1 13 0 0 0 0 0 0 1.40513 1.4091 0.10566 0 0 -500 0
271 1
1 13 0 0 0 0 0 0 1.09865 1.10372 0.10566 0 0 -500 0
272 1
1 13 0 0 0 0 0 0 1.23842 1.24292 0.10566 0 0 -500 0
273 1
1 13 0 0 0 0 0 0 1.4556 1.45942 0.10566 0 0 -500 0
274 1
1 13 0 0 0 0 0 0 1.44482 1.44868 0.10566 0 0 -500 0
275 1
1 13 0 0 0 0 0 0 1.11841 1.12339 0.10566 0 0 -500 0
276 1
1 13 0 0 0 0 0 0 1.29943 1.30371 0.10566 0 0 -500 0
277 1
1 13 0 0 0 0 0 0 1.25491 1.25935 0.10566 0 0 -500 0
278 1
1 13 0 0 0 0 0 0 1.17107 1.17583 0.10566 0 0 -500 0
279 1
1 13 0 0 0 0 0 0 1.45351 1.45734 0.10566 0 0 -500 0
280 1
1 13 0 0 0 0 0 0 1.22945 1.23398 0.10566 0 0 -500 0
281 1
1 13 0 0 0 0 0 0 1.38359 1.38762 0.10566 0 0 -500 0
282 1
1 13 0 0 0 0 0 0 1.14754 1.1524 0.10566 0 0 -500 0
283 1
1 13 0 0 0 0 0 0 1.33374 1.33792 0.10566 0 0 -500 0
284 1
1 13 0 0 0 0 0 0 1.01821 1.02368 0.10566 0 0 -500 0
285 1
1 13 0 0 0 0 0 0 1.10351 1.10856 0.10566 0 0 -500 0
286 1
1 13 0 0 0 0 0 0 1.44287 1.44673 0.10566 0 0 -500 0
287 1
1 13 0 0 0 0 0 0 1.2387 1.2432 0.10566 0 0 -500 0
288 1
1 13 0 0 0 0 0 0 1.39323 1.39723 0.10566 0 0 -500 0
289 1
1 13 0 0 0 0 0 0 1.37847 1.38251 0.10566 0 0 -500 0
290 1
1 13 0 0 0 0 0 0 1.22228 1.22684 0.10566 0 0 -500 0
291 1
1 13 0 0 0 0 0 0 1.47963 1.48339 0.10566 0 0 -500 0
292 1
1 13 0 0 0 0 0 0 1.4613 1.46512 0.10566 0 0 -500 0
293 1
1 13 0 0 0 0 0 0 1.31293 1.31718 0.10566 0 0 -500 0
294 1
1 13 0 0 0 0 0 0 1.1319 1.13682 0.10566 0 0 -500 0
295 1
1 13 0 0 0 0 0 0 1.2425 1.24698 0.10566 0 0 -500 0
296 1
1 13 0 0 0 0 0 0 1.04021 1.04556 0.10566 0 0 -500 0
297 1
1 13 0 0 0 0 0 0 1.03127 1.03667 0.10566 0 0 -500 0
298 1
1 13 0 0 0 0 0 0 1.11386 1.11886 0.10566 0 0 -500 0
299 1
1 13 0 0 0 0 0 0 1.20501 1.20964 0.10566 0 0 -500 0
300 1
1 13 0 0 0 0 0 0 1.12377 1.12872 0.10566 0 0 -500 0
301 1
1 13 0 0 0 0 0 0 1.24404 1.24852 0.10566 0 0 -500 0
302 1
1 13 0 0 0 0 0 0 1.21038 1.21498 0.10566 0 0 -500 0
303 1
1 13 0 0 0 0 0 0 1.15871 1.16352 0.10566 0 0 -500 0
304 1
1 13 0 0 0 0 0 0 1.01462 1.02011 0.10566 0 0 -500 0
305 1
1 13 0 0 0 0 0 0 1.13432 1.13923 0.10566 0 0 -500 0
306 1
1 13 0 0 0 0 0 0 1.20884 1.21345 0.10566 0 0 -500 0
307 1
1 13 0 0 0 0 0 0 1.14309 1.14796 0.10566 0 0 -500 0
308 1
1 13 0 0 0 0 0 0 1.30215 1.30643 0.10566 0 0 -500 0
309 1
1 13 0 0 0 0 0 0 1.17984 1.18456 0.10566 0 0 -500 0
310 1
1 13 0 0 0 0 0 0 1.05537 1.06065 0.10566 0 0 -500 0
311 1
1 13 0 0 0 0 0 0 1.44816 1.45201 0.10566 0 0 -500 0
312 1
1 13 0 0 0 0 0 0 1.16682 1.17159 0.10566 0 0 -500 0
313 1
1 13 0 0 0 0 0 0 1.08029 1.08545 0.10566 0 0 -500 0
314 1
1 13 0 0 0 0 0 0 1.47045 1.47424 0.10566 0 0 -500 0
315 1
1 13 0 0 0 0 0 0 1.4333 1.43719 0.10566 0 0 -500 0
316 1
1 13 0 0 0 0 0 0 1.01227 1.01777 0.10566 0 0 -500 0
317 1
1 13 0 0 0 0 0 0 1.18676 1.19146 0.10566 0 0 -500 0
318 1
1 13 0 0 0 0 0 0 1.41852 1.42245 0.10566 0 0 -500 0
319 1
1 13 0 0 0 0 0 0 1.05393 1.05921 0.10566 0 0 -500 0
320 1
1 13 0 0 0 0 0 0 1.41047 1.41442 0.10566 0 0 -500 0
321 1
1 13 0 0 0 0 0 0 1.42675 1.43065 0.10566 0 0 -500 0
322 1
1 13 0 0 0 0 0 0 1.17528 1.18002 0.10566 0 0 -500 0
323 1
1 13 0 0 0 0 0 0 1.18701 1.19171 0.10566 0 0 -500 0
324 1
1 13 0 0 0 0 0 0 1.09706 1.10213 0.10566 0 0 -500 0
325 1
1 13 0 0 0 0 0 0 1.00349 1.00904 0.10566 0 0 -500 0
326 1
1 13 0 0 0 0 0 0 1.31289 1.31714 0.10566 0 0 -500 0
327 1
1 13 0 0 0 0 0 0 1.23068 1.23521 0.10566 0 0 -500 0
328 1
1 13 0 0 0 0 0 0 1.39371 1.39771 0.10566 0 0 -500 0
329 1
1 13 0 0 0 0 0 0 1.06198 1.06723 0.10566 0 0 -500 0
330 1
1 13 0 0 0 0 0 0 1.49781 1.50154 0.10566 0 0 -500 0
331 1
1 13 0 0 0 0 0 0 1.0798 1.08496 0.10566 0 0 -500 0
332 1
1 13 0 0 0 0 0 0 1.14646 1.15132 0.10566 0 0 -500 0
333 1
1 13 0 0 0 0 0 0 1.14751 1.15237 0.10566 0 0 -500 0
334 1
1 13 0 0 0 0 0 0 1.08684 1.09196 0.10566 0 0 -500 0
335 1
1 13 0 0 0 0 0 0 1.36272 1.36681 0.10566 0 0 -500 0
336 1
1 13 0 0 0 0 0 0 1.08197 1.08712 0.10566 0 0 -500 0
337 1
1 13 0 0 0 0 0 0 1.29745 1.30175 0.10566 0 0 -500 0
338 1
1 13 0 0 0 0 0 0 1.45776 1.46158 0.10566 0 0 -500 0
339 1
1 13 0 0 0 0 0 0 1.04273 1.04807 0.10566 0 0 -500 0
340 1
1 13 0 0 0 0 0 0 1.01183 1.01733 0.10566 0 0 -500 0
341 1
1 13 0 0 0 0 0 0 1.40017 1.40415 0.10566 0 0 -500 0
342 1
1 13 0 0 0 0 0 0 1.28439 1.28872 0.10566 0 0 -500 0
343 1
1 13 0 0 0 0 0 0 1.32112 1.32534 0.10566 0 0 -500 0
344 1
1 13 0 0 0 0 0 0 1.30094 1.30522 0.10566 0 0 -500 0
345 1
1 13 0 0 0 0 0 0 1.43613 1.44001 0.10566 0 0 -500 0
346 1
1 13 0 0 0 0 0 0 1.4291 1.433 0.10566 0 0 -500 0
347 1
1 13 0 0 0 0 0 0 1.12884 1.13378 0.10566 0 0 -500 0
348 1
1 13 0 0 0 0 0 0 1.27701 1.28137 0.10566 0 0 -500 0
349 1
1 13 0 0 0 0 0 0 1.0282 1.03361 0.10566 0 0 -500 0
350 1
1 13 0 0 0 0 0 0 1.21782 1.22239 0.10566 0 0 -500 0
351 1
1 13 0 0 0 0 0 0 1.46085 1.46467 0.10566 0 0 -500 0
352 1
1 13 0 0 0 0 0 0 1.21004 1.21464 0.10566 0 0 -500 0
353 1
1 13 0 0 0 0 0 0 1.14991 1.15476 0.10566 0 0 -500 0
354 1
1 13 0 0 0 0 0 0 1.11585 1.12084 0.10566 0 0 -500 0
355 1
1 13 0 0 0 0 0 0 1.1095 1.11452 0.10566 0 0 -500 0
356 1
1 13 0 0 0 0 0 0 1.38643 1.39045 0.10566 0 0 -500 0
357 1
1 13 0 0 0 0 0 0 1.09018 1.09529 0.10566 0 0 -500 0
358 1
1 13 0 0 0 0 0 0 1.04345 1.04879 0.10566 0 0 -500 0
359 1
1 13 0 0 0 0 0 0 1.00142 1.00698 0.10566 0 0 -500 0
360 1
1 13 0 0 0 0 0 0 1.38697 1.39099 0.10566 0 0 -500 0
361 1
1 13 0 0 0 0 0 0 1.41254 1.41649 0.10566 0 0 -500 0
362 1
1 13 0 0 0 0 0 0 1.36328 1.36737 0.10566 0 0 -500 0
363 1
1 13 0 0 0 0 0 0 1.39975 1.40374 0.10566 0 0 -500 0
364 1
1 13 0 0 0 0 0 0 1.10386 1.1089 0.10566 0 0 -500 0
365 1
1 13 0 0 0 0 0 0 1.06169 1.06694 0.10566 0 0 -500 0
366 1
1 13 0 0 0 0 0 0 1.03267 1.03806 0.10566 0 0 -500 0
367 1
1 13 0 0 0 0 0 0 1.14882 1.15367 0.10566 0 0 -500 0
368 1
1 13 0 0 0 0 0 0 1.27755 1.28191 0.10566 0 0 -500 0
369 1
1 13 0 0 0 0 0 0 1.38636 1.39038 0.10566 0 0 -500 0
370 1
1 13 0 0 0 0 0 0 1.06011 1.06537 0.10566 0 0 -500 0
371 1
1 13 0 0 0 0 0 0 1.33781 1.34198 0.10566 0 0 -500 0
372 1
1 13 0 0 0 0 0 0 1.42504 1.42895 0.10566 0 0 -500 0
373 1
1 13 0 0 0 0 0 0 1.14578 1.15064 0.10566 0 0 -500 0
374 1
1 13 0 0 0 0 0 0 1.49486 1.49859 0.10566 0 0 -500 0
375 1
1 13 0 0 0 0 0 0 1.41598 1.41991 0.10566 0 0 -500 0
376 1
1 13 0 0 0 0 0 0 1.2017 1.20634 0.10566 0 0 -500 0
377 1
1 13 0 0 0 0 0 0 1.14273 1.14761 0.10566 0 0 -500 0
378 1
1 13 0 0 0 0 0 0 1.40586 1.40982 0.10566 0 0 -500 0
379 1
1 13 0 0 0 0 0 0 1.27699 1.28136 0.10566 0 0 -500 0
380 1
1 13 0 0 0 0 0 0 1.21936 1.22393 0.10566 0 0 -500 0
381 1
1 13 0 0 0 0 0 0 1.38128 1.38532 0.10566 0 0 -500 0
382 1
1 13 0 0 0 0 0 0 1.36308 1.36717 0.10566 0 0 -500 0
383 1
1 13 0 0 0 0 0 0 1.02915 1.03456 0.10566 0 0 -500 0
384 1
1 13 0 0 0 0 0 0 1.06086 1.06611 0.10566 0 0 -500 0
385 1
1 13 0 0 0 0 0 0 1.40073 1.40471 0.10566 0 0 -500 0
386 1
1 13 0 0 0 0 0 0 1.4088 1.41275 0.10566 0 0 -500 0
387 1
1 13 0 0 0 0 0 0 1.37606 1.38011 0.10566 0 0 -500 0
388 1
1 13 0 0 0 0 0 0 1.3339 1.33808 0.10566 0 0 -500 0
389 1
1 13 0 0 0 0 0 0 1.49176 1.49549 0.10566 0 0 -500 0
390 1
1 13 0 0 0 0 0 0 1.1237 1.12866 0.10566 0 0 -500 0
391 1
1 13 0 0 0 0 0 0 1.48902 1.49277 0.10566 0 0 -500 0
392 1
1 13 0 0 0 0 0 0 1.45129 1.45513 0.10566 0 0 -500 0
393 1
1 13 0 0 0 0 0 0 1.3831 1.38713 0.10566 0 0 -500 0
394 1
1 13 0 0 0 0 0 0 1.1642 1.16898 0.10566 0 0 -500 0
395 1
1 13 0 0 0 0 0 0 1.20037 1.20501 0.10566 0 0 -500 0
396 1
1 13 0 0 0 0 0 0 1.21633 1.22091 0.10566 0 0 -500 0
397 1
1 13 0 0 0 0 0 0 1.36091 1.365 0.10566 0 0 -500 0
398 1
1 13 0 0 0 0 0 0 1.43203 1.43592 0.10566 0 0 -500 0
399 1
1 13 0 0 0 0 0 0 1.42987 1.43377 0.10566 0 0 -500 0
400 1
1 13 0 0 0 0 0 0 1.03305 1.03844 0.10566 0 0 -500 0
401 1
1 13 0 0 0 0 0 0 1.11132 1.11633 0.10566 0 0 -500 0
402 1
1 13 0 0 0 0 0 0 1.0181 1.02357 0.10566 0 0 -500 0
403 1
1 13 0 0 0 0 0 0 1.37827 1.38231 0.10566 0 0 -500 0
404 1
1 13 0 0 0 0 0 0 1.03462 1.04001 0.10566 0 0 -500 0
405 1
1 13 0 0 0 0 0 0 1.39444 1.39844 0.10566 0 0 -500 0
406 1
1 13 0 0 0 0 0 0 1.07925 1.08441 0.10566 0 0 -500 0
407 1
1 13 0 0 0 0 0 0 1.33617 1.34034 0.10566 0 0 -500 0
408 1
1 13 0 0 0 0 0 0 1.04866 1.05397 0.10566 0 0 -500 0
409 1
1 13 0 0 0 0 0 0 1.00329 1.00884 0.10566 0 0 -500 0
410 1
1 13 0 0 0 0 0 0 1.33672 1.34089 0.10566 0 0 -500 0
411 1
1 13 0 0 0 0 0 0 1.11604 1.12103 0.10566 0 0 -500 0
412 1
1 13 0 0 0 0 0 0 1.23691 1.24141 0.10566 0 0 -500 0
413 1
1 13 0 0 0 0 0 0 1.11659 1.12158 0.10566 0 0 -500 0
414 1
1 13 0 0 0 0 0 0 1.32835 1.33255 0.10566 0 0 -500 0
415 1
1 13 0 0 0 0 0 0 1.27939 1.28375 0.10566 0 0 -500 0
416 1
1 13 0 0 0 0 0 0 1.02739 1.0328 0.10566 0 0 -500 0
417 1
1 13 0 0 0 0 0 0 1.08495 1.09009 0.10566 0 0 -500 0
418 1
1 13 0 0 0 0 0 0 1.30923 1.31349 0.10566 0 0 -500 0
419 1
1 13 0 0 0 0 0 0 1.3328 1.33699 0.10566 0 0 -500 0
420 1
1 13 0 0 0 0 0 0 1.16629 1.17106 0.10566 0 0 -500 0
421 1
1 13 0 0 0 0 0 0 1.38354 1.38757 0.10566 0 0 -500 0
422 1
1 13 0 0 0 0 0 0 1.49632 1.50004 0.10566 0 0 -500 0
423 1
1 13 0 0 0 0 0 0 1.39724 1.40123 0.10566 0 0 -500 0
424 1
1 13 0 0 0 0 0 0 1.04273 1.04807 0.10566 0 0 -500 0
425 1
1 13 0 0 0 0 0 0 1.01927 1.02473 0.10566 0 0 -500 0
426 1
1 13 0 0 0 0 0 0 1.40196 1.40593 0.10566 0 0 -500 0
427 1
1 13 0 0 0 0 0 0 1.27362 1.278 0.10566 0 0 -500 0
428 1
1 13 0 0 0 0 0 0 1.09889 1.10396 0.10566 0 0 -500 0
429 1
1 13 0 0 0 0 0 0 1.01886 1.02432 0.10566 0 0 -500 0
430 1
1 13 0 0 0 0 0 0 1.19186 1.19654 0.10566 0 0 -500 0
431 1
1 13 0 0 0 0 0 0 1.34844 1.35258 0.10566 0 0 -500 0
432 1
1 13 0 0 0 0 0 0 1.03066 1.03607 0.10566 0 0 -500 0
433 1
1 13 0 0 0 0 0 0 1.19026 1.19494 0.10566 0 0 -500 0
434 1
1 13 0 0 0 0 0 0 1.3048 1.30907 0.10566 0 0 -500 0
435 1
1 13 0 0 0 0 0 0 1.36569 1.36977 0.10566 0 0 -500 0
436 1
1 13 0 0 0 0 0 0 1.39687 1.40086 0.10566 0 0 -500 0
437 1
1 13 0 0 0 0 0 0 1.03884 1.0442 0.10566 0 0 -500 0
438 1
1 13 0 0 0 0 0 0 1.33934 1.34351 0.10566 0 0 -500 0
439 1
1 13 0 0 0 0 0 0 1.27269 1.27707 0.10566 0 0 -500 0
440 1
1 13 0 0 0 0 0 0 1.19375 1.19842 0.10566 0 0 -500 0
441 1
1 13 0 0 0 0 0 0 1.13331 1.13822 0.10566 0 0 -500 0
442 1
1 13 0 0 0 0 0 0 1.38417 1.3882 0.10566 0 0 -500 0
443 1
1 13 0 0 0 0 0 0 1.02978 1.03519 0.10566 0 0 -500 0
444 1
1 13 0 0 0 0 0 0 1.43369 1.43758 0.10566 0 0 -500 0
445 1
1 13 0 0 0 0 0 0 1.10956 1.11458 0.10566 0 0 -500 0
446 1
1 13 0 0 0 0 0 0 1.31518 1.31942 0.10566 0 0 -500 0
447 1
1 13 0 0 0 0 0 0 1.0972 1.10228 0.10566 0 0 -500 0
448 1
1 13 0 0 0 0 0 0 1.37836 1.3824 0.10566 0 0 -500 0
449 1
1 13 0 0 0 0 0 0 1.11397 1.11897 0.10566 0 0 -500 0
450 1
1 13 0 0 0 0 0 0 1.40611 1.41008 0.10566 0 0 -500 0
451 1
1 13 0 0 0 0 0 0 1.27858 1.28294 0.10566 0 0 -500 0
452 1
1 13 0 0 0 0 0 0 1.1622 1.16699 0.10566 0 0 -500 0
453 1
1 13 0 0 0 0 0 0 1.32792 1.33212 0.10566 0 0 -500 0
454 1
1 13 0 0 0 0 0 0 1.18331 1.18802 0.10566 0 0 -500 0
455 1
1 13 0 0 0 0 0 0 1.27902 1.28338 0.10566 0 0 -500 0
456 1
1 13 0 0 0 0 0 0 1.00452 1.01006 0.10566 0 0 -500 0
457 1
1 13 0 0 0 0 0 0 1.28636 1.29069 0.10566 0 0 -500 0
458 1
1 13 0 0 0 0 0 0 1.4915 1.49524 0.10566 0 0 -500 0
459 1
1 13 0 0 0 0 0 0 1.11868 1.12366 0.10566 0 0 -500 0
460 1
1 13 0 0 0 0 0 0 1.41638 1.42031 0.10566 0 0 -500 0
461 1
1 13 0 0 0 0 0 0 1.06133 1.06658 0.10566 0 0 -500 0
462 1
1 13 0 0 0 0 0 0 1.15301 1.15784 0.10566 0 0 -500 0
463 1
1 13 0 0 0 0 0 0 1.07021 1.07541 0.10566 0 0 -500 0
464 1
1 13 0 0 0 0 0 0 1.38122 1.38525 0.10566 0 0 -500 0
465 1
1 13 0 0 0 0 0 0 1.30244 1.30672 0.10566 0 0 -500 0
466 1
1 13 0 0 0 0 0 0 1.17391 1.17866 0.10566 0 0 -500 0
467 1
1 13 0 0 0 0 0 0 1.38791 1.39192 0.10566 0 0 -500 0
468 1
1 13 0 0 0 0 0 0 1.13647 1.14137 0.10566 0 0 -500 0
469 1
1 13 0 0 0 0 0 0 1.30962 1.31387 0.10566 0 0 -500 0
470 1
1 13 0 0 0 0 0 0 1.27883 1.28319 0.10566 0 0 -500 0
471 1
1 13 0 0 0 0 0 0 1.03374 1.03912 0.10566 0 0 -500 0
472 1
1 13 0 0 0 0 0 0 1.30228 1.30656 0.10566 0 0 -500 0
473 1
1 13 0 0 0 0 0 0 1.09635 1.10143 0.10566 0 0 -500 0
474 1
1 13 0 0 0 0 0 0 1.40261 1.40659 0.10566 0 0 -500 0
475 1
1 13 0 0 0 0 0 0 1.16055 1.16535 0.10566 0 0 -500 0
476 1
1 13 0 0 0 0 0 0 1.24223 1.24672 0.10566 0 0 -500 0
477 1
1 13 0 0 0 0 0 0 1.18993 1.19461 0.10566 0 0 -500 0
478 1
1 13 0 0 0 0 0 0 1.07121 1.07641 0.10566 0 0 -500 0
479 1
1 13 0 0 0 0 0 0 1.33603 1.3402 0.10566 0 0 -500 0
480 1
1 13 0 0 0 0 0 0 1.24436 1.24884 0.10566 0 0 -500 0
481 1
1 13 0 0 0 0 0 0 1.41687 1.42081 0.10566 0 0 -500 0
482 1
1 13 0 0 0 0 0 0 1.32385 1.32806 0.10566 0 0 -500 0
483 1
1 13 0 0 0 0 0 0 1.26966 1.27405 0.10566 0 0 -500 0
484 1
1 13 0 0 0 0 0 0 1.44092 1.44479 0.10566 0 0 -500 0
485 1
1 13 0 0 0 0 0 0 1.05317 1.05845 0.10566 0 0 -500 0
486 1
1 13 0 0 0 0 0 0 1.16197 1.16677 0.10566 0 0 -500 0
487 1
1 13 0 0 0 0 0 0 1.06771 1.07293 0.10566 0 0 -500 0
488 1
1 13 0 0 0 0 0 0 1.16548 1.17026 0.10566 0 0 -500 0
489 1
1 13 0 0 0 0 0 0 1.04802 1.05333 0.10566 0 0 -500 0
490 1
1 13 0 0 0 0 0 0 1.064 1.06923 0.10566 0 0 -500 0
491 1
1 13 0 0 0 0 0 0 1.22594 1.23049 0.10566 0 0 -500 0
492 1
1 13 0 0 0 0 0 0 1.4463 1.45016 0.10566 0 0 -500 0
493 1
1 13 0 0 0 0 0 0 1.47828 1.48206 0.10566 0 0 -500 0
494 1
1 13 0 0 0 0 0 0 1.17568 1.18041 0.10566 0 0 -500 0
495 1
1 13 0 0 0 0 0 0 1.01803 1.0235 0.10566 0 0 -500 0
496 1
1 13 0 0 0 0 0 0 1.42671 1.43062 0.10566 0 0 -500 0
497 1
1 13 0 0 0 0 0 0 1.13126 1.13619 0.10566 0 0 -500 0
498 1
1 13 0 0 0 0 0 0 1.38678 1.3908 0.10566 0 0 -500 0
499 1
1 13 0 0 0 0 0 0 1.29183 1.29615 0.10566 0 0 -500 0
500 1
1 13 0 0 0 0 0 0 1.18181 1.18653 0.10566 0 0 -500 0
501 1
1 13 0 0 0 0 0 0 1.17506 1.1798 0.10566 0 0 -500 0
502 1
1 13 0 0 0 0 0 0 1.47566 1.47944 0.10566 0 0 -500 0
503 1
1 13 0 0 0 0 0 0 1.15878 1.16359 0.10566 0 0 -500 0
504 1
1 13 0 0 0 0 0 0 1.19798 1.20263 0.10566 0 0 -500 0
505 1
1 13 0 0 0 0 0 0 1.23542 1.23993 0.10566 0 0 -500 0
506 1
1 13 0 0 0 0 0 0 1.04127 1.04661 0.10566 0 0 -500 0
507 1
1 13 0 0 0 0 0 0 1.08883 1.09395 0.10566 0 0 -500 0
508 1
1 13 0 0 0 0 0 0 1.24383 1.24831 0.10566 0 0 -500 0
509 1
1 13 0 0 0 0 0 0 1.17427 1.17901 0.10566 0 0 -500 0
510 1
1 13 0 0 0 0 0 0 1.26768 1.27208 0.10566 0 0 -500 0
511 1
1 13 0 0 0 0 0 0 1.48048 1.48425 0.10566 0 0 -500 0
512 1
1 13 0 0 0 0 0 0 1.20062 1.20526 0.10566 0 0 -500 0
513 1
1 13 0 0 0 0 0 0 1.44687 1.45072 0.10566 0 0 -500 0
514 1
1 13 0 0 0 0 0 0 1.45286 1.4567 0.10566 0 0 -500 0
515 1
1 13 0 0 0 0 0 0 1.17689 1.18162 0.10566 0 0 -500 0
516 1
1 13 0 0 0 0 0 0 1.30504 1.30931 0.10566 0 0 -500 0
517 1
1 13 0 0 0 0 0 0 1.32879 1.33298 0.10566 0 0 -500 0
518 1
1 13 0 0 0 0 0 0 1.11578 1.12077 0.10566 0 0 -500 0
519 1
1 13 0 0 0 0 0 0 1.26851 1.2729 0.10566 0 0 -500 0
520 1
1 13 0 0 0 0 0 0 1.08239 1.08753 0.10566 0 0 -500 0
521 1
1 13 0 0 0 0 0 0 1.27477 1.27914 0.10566 0 0 -500 0
522 1
1 13 0 0 0 0 0 0 1.01384 1.01933 0.10566 0 0 -500 0
523 1
1 13 0 0 0 0 0 0 1.42261 1.42653 0.10566 0 0 -500 0
524 1
1 13 0 0 0 0 0 0 1.07567 1.08085 0.10566 0 0 -500 0
525 1
1 13 0 0 0 0 0 0 1.47259 1.47637 0.10566 0 0 -500 0
526 1
1 13 0 0 0 0 0 0 1.42773 1.43163 0.10566 0 0 -500 0
527 1
1 13 0 0 0 0 0 0 1.14954 1.15438 0.10566 0 0 -500 0
528 1
1 13 0 0 0 0 0 0 1.12791 1.13285 0.10566 0 0 -500 0
529 1
1 13 0 0 0 0 0 0 1.45678 1.4606 0.10566 0 0 -500 0
530 1
1 13 0 0 0 0 0 0 1.22105 1.22561 0.10566 0 0 -500 0
531 1
1 13 0 0 0 0 0 0 1.4333 1.43718 0.10566 0 0 -500 0
532 1
1 13 0 0 0 0 0 0 1.09182 1.09692 0.10566 0 0 -500 0
533 1
1 13 0 0 0 0 0 0 1.17273 1.17748 0.10566 0 0 -500 0
534 1
1 13 0 0 0 0 0 0 1.14615 1.15101 0.10566 0 0 -500 0
535 1
1 13 0 0 0 0 0 0 1.15953 1.16433 0.10566 0 0 -500 0
536 1
1 13 0 0 0 0 0 0 1.18015 1.18487 0.10566 0 0 -500 0
537 1
1 13 0 0 0 0 0 0 1.18386 1.18857 0.10566 0 0 -500 0
538 1
1 13 0 0 0 0 0 0 1.2041 1.20872 0.10566 0 0 -500 0
539 1
1 13 0 0 0 0 0 0 1.35457 1.35868 0.10566 0 0 -500 0
540 1
1 13 0 0 0 0 0 0 1.00274 1.00829 0.10566 0 0 -500 0
541 1
1 13 0 0 0 0 0 0 1.00855 1.01407 0.10566 0 0 -500 0
542 1
1 13 0 0 0 0 0 0 1.48508 1.48883 0.10566 0 0 -500 0
543 1
1 13 0 0 0 0 0 0 1.09165 1.09676 0.10566 0 0 -500 0
544 1
1 13 0 0 0 0 0 0 1.45168 1.45552 0.10566 0 0 -500 0
545 1
1 13 0 0 0 0 0 0 1.28538 1.28972 0.10566 0 0 -500 0
546 1
1 13 0 0 0 0 0 0 1.20525 1.20987 0.10566 0 0 -500 0
547 1
1 13 0 0 0 0 0 0 1.01228 1.01778 0.10566 0 0 -500 0
548 1
1 13 0 0 0 0 0 0 1.38257 1.3866 0.10566 0 0 -500 0
549 1
1 13 0 0 0 0 0 0 1.24328 1.24777 0.10566 0 0 -500 0
550 1
1 13 0 0 0 0 0 0 1.41938 1.42331 0.10566 0 0 -500 0
551 1
1 13 0 0 0 0 0 0 1.3439 1.34805 0.10566 0 0 -500 0
552 1
1 13 0 0 0 0 0 0 1.35272 1.35684 0.10566 0 0 -500 0
553 1
1 13 0 0 0 0 0 0 1.3657 1.36978 0.10566 0 0 -500 0
554 1
1 13 0 0 0 0 0 0 1.01534 1.02082 0.10566 0 0 -500 0
555 1
1 13 0 0 0 0 0 0 1.02078 1.02624 0.10566 0 0 -500 0
556 1
1 13 0 0 0 0 0 0 1.02697 1.0324 0.10566 0 0 -500 0
557 1
1 13 0 0 0 0 0 0 1.09688 1.10195 0.10566 0 0 -500 0
558 1
1 13 0 0 0 0 0 0 1.40438 1.40835 0.10566 0 0 -500 0
559 1
1 13 0 0 0 0 0 0 1.34988 1.35401 0.10566 0 0 -500 0
560 1
1 13 0 0 0 0 0 0 1.37207 1.37613 0.10566 0 0 -500 0
561 1
1 13 0 0 0 0 0 0 1.08245 1.08759 0.10566 0 0 -500 0
562 1
1 13 0 0 0 0 0 0 1.19364 1.1983 0.10566 0 0 -500 0
563 1
1 13 0 0 0 0 0 0 1.39089 1.3949 0.10566 0 0 -500 0
564 1
1 13 0 0 0 0 0 0 1.10539 1.11043 0.10566 0 0 -500 0
565 1
1 13 0 0 0 0 0 0 1.44847 1.45232 0.10566 0 0 -500 0
566 1
1 13 0 0 0 0 0 0 1.01311 1.01861 0.10566 0 0 -500 0
567 1
1 13 0 0 0 0 0 0 1.13117 1.13609 0.10566 0 0 -500 0
568 1
1 13 0 0 0 0 0 0 1.00393 1.00947 0.10566 0 0 -500 0
569 1
1 13 0 0 0 0 0 0 1.42936 1.43326 0.10566 0 0 -500 0
570 1
1 13 0 0 0 0 0 0 1.39928 1.40326 0.10566 0 0 -500 0
571 1
1 13 0 0 0 0 0 0 1.16149 1.16629 0.10566 0 0 -500 0
572 1
1 13 0 0 0 0 0 0 1.2822 1.28655 0.10566 0 0 -500 0
573 1
1 13 0 0 0 0 0 0 1.055 1.06028 0.10566 0 0 -500 0
574 1
1 13 0 0 0 0 0 0 1.21005 1.21465 0.10566 0 0 -500 0
575 1
1 13 0 0 0 0 0 0 1.03858 1.04394 0.10566 0 0 -500 0
576 1
1 13 0 0 0 0 0 0 1.47649 1.48026 0.10566 0 0 -500 0
577 1
1 13 0 0 0 0 0 0 1.29231 1.29662 0.10566 0 0 -500 0
578 1
1 13 0 0 0 0 0 0 1.40299 1.40696 0.10566 0 0 -500 0
579 1
1 13 0 0 0 0 0 0 1.26582 1.27022 0.10566 0 0 -500 0
580 1
1 13 0 0 0 0 0 0 1.37524 1.3793 0.10566 0 0 -500 0
581 1
1 13 0 0 0 0 0 0 1.16479 1.16957 0.10566 0 0 -500 0
582 1
1 13 0 0 0 0 0 0 1.32349 1.3277 0.10566 0 0 -500 0
583 1
1 13 0 0 0 0 0 0 1.01966 1.02512 0.10566 0 0 -500 0
584 1
1 13 0 0 0 0 0 0 1.18717 1.19186 0.10566 0 0 -500 0
585 1
1 13 0 0 0 0 0 0 1.3707 1.37477 0.10566 0 0 -500 0
586 1
1 13 0 0 0 0 0 0 1.0649 1.07013 0.10566 0 0 -500 0
587 1
1 13 0 0 0 0 0 0 1.1415 1.14638 0.10566 0 0 -500 0
588 1
1 13 0 0 0 0 0 0 1.45746 1.46129 0.10566 0 0 -500 0
589 1
1 13 0 0 0 0 0 0 1.18209 1.1868 0.10566 0 0 -500 0
590 1
1 13 0 0 0 0 0 0 1.47319 1.47697 0.10566 0 0 -500 0
591 1
1 13 0 0 0 0 0 0 1.3261 1.3303 0.10566 0 0 -500 0
592 1
1 13 0 0 0 0 0 0 1.16019 1.16499 0.10566 0 0 -500 0
593 1
1 13 0 0 0 0 0 0 1.25214 1.25659 0.10566 0 0 -500 0
594 1
1 13 0 0 0 0 0 0 1.47518 1.47896 0.10566 0 0 -500 0
595 1
1 13 0 0 0 0 0 0 1.12879 1.13372 0.10566 0 0 -500 0
596 1
1 13 0 0 0 0 0 0 1.40795 1.41191 0.10566 0 0 -500 0
597 1
1 13 0 0 0 0 0 0 1.40442 1.40839 0.10566 0 0 -500 0
598 1
1 13 0 0 0 0 0 0 1.09786 1.10294 0.10566 0 0 -500 0
599 1
1 13 0 0 0 0 0 0 1.13366 1.13858 0.10566 0 0 -500 0
600 1
1 13 0 0 0 0 0 0 1.20366 1.20829 0.10566 0 0 -500 0
601 1
1 13 0 0 0 0 0 0 1.3399 1.34406 0.10566 0 0 -500 0
602 1
1 13 0 0 0 0 0 0 1.48774 1.49149 0.10566 0 0 -500 0
603 1
1 13 0 0 0 0 0 0 1.39149 1.39549 0.10566 0 0 -500 0
604 1
1 13 0 0 0 0 0 0 1.277 1.28136 0.10566 0 0 -500 0
605 1
1 13 0 0 0 0 0 0 1.37098 1.37504 0.10566 0 0 -500 0
606 1
1 13 0 0 0 0 0 0 1.42505 1.42896 0.10566 0 0 -500 0
607 1
1 13 0 0 0 0 0 0 1.18602 1.19072 0.10566 0 0 -500 0
608 1
1 13 0 0 0 0 0 0 1.4411 1.44497 0.10566 0 0 -500 0
609 1
1 13 0 0 0 0 0 0 1.01343 1.01892 0.10566 0 0 -500 0
610 1
1 13 0 0 0 0 0 0 1.41465 1.41859 0.10566 0 0 -500 0
611 1
1 13 0 0 0 0 0 0 1.30922 1.31348 0.10566 0 0 -500 0
612 1
1 13 0 0 0 0 0 0 1.46464 1.46844 0.10566 0 0 -500 0
613 1
1 13 0 0 0 0 0 0 1.45726 1.46109 0.10566 0 0 -500 0
614 1
1 13 0 0 0 0 0 0 1.00613 1.01166 0.10566 0 0 -500 0
615 1
1 13 0 0 0 0 0 0 1.47478 1.47857 0.10566 0 0 -500 0
616 1
1 13 0 0 0 0 0 0 1.41507 1.41901 0.10566 0 0 -500 0
617 1
1 13 0 0 0 0 0 0 1.37082 1.37489 0.10566 0 0 -500 0
618 1
1 13 0 0 0 0 0 0 1.13043 1.13535 0.10566 0 0 -500 0
619 1
1 13 0 0 0 0 0 0 1.37358 1.37764 0.10566 0 0 -500 0
620 1
1 13 0 0 0 0 0 0 1.01624 1.02172 0.10566 0 0 -500 0
621 1
1 13 0 0 0 0 0 0 1.00057 1.00614 0.10566 0 0 -500 0
622 1
1 13 0 0 0 0 0 0 1.08957 1.09469 0.10566 0 0 -500 0
623 1
1 13 0 0 0 0 0 0 1.21886 1.22343 0.10566 0 0 -500 0
624 1
1 13 0 0 0 0 0 0 1.20049 1.20513 0.10566 0 0 -500 0
625 1
1 13 0 0 0 0 0 0 1.19942 1.20407 0.10566 0 0 -500 0
626 1
1 13 0 0 0 0 0 0 1.19361 1.19827 0.10566 0 0 -500 0
627 1
1 13 0 0 0 0 0 0 1.45739 1.46122 0.10566 0 0 -500 0
628 1
1 13 0 0 0 0 0 0 1.02816 1.03357 0.10566 0 0 -500 0
629 1
1 13 0 0 0 0 0 0 1.41302 1.41696 0.10566 0 0 -500 0
630 1
1 13 0 0 0 0 0 0 1.4025 1.40647 0.10566 0 0 -500 0
631 1
1 13 0 0 0 0 0 0 1.45183 1.45567 0.10566 0 0 -500 0
632 1
1 13 0 0 0 0 0 0 1.49803 1.50175 0.10566 0 0 -500 0
633 1
1 13 0 0 0 0 0 0 1.19908 1.20373 0.10566 0 0 -500 0
634 1
1 13 0 0 0 0 0 0 1.1721 1.17685 0.10566 0 0 -500 0
635 1
1 13 0 0 0 0 0 0 1.08118 1.08633 0.10566 0 0 -500 0
636 1
1 13 0 0 0 0 0 0 1.12478 1.12973 0.10566 0 0 -500 0
637 1
1 13 0 0 0 0 0 0 1.15363 1.15846 0.10566 0 0 -500 0
638 1
1 13 0 0 0 0 0 0 1.38687 1.39089 0.10566 0 0 -500 0
639 1
1 13 0 0 0 0 0 0 1.04378 1.04911 0.10566 0 0 -500 0
640 1
1 13 0 0 0 0 0 0 1.10432 1.10936 0.10566 0 0 -500 0
641 1
1 13 0 0 0 0 0 0 1.41231 1.41625 0.10566 0 0 -500 0
642 1
1 13 0 0 0 0 0 0 1.12568 1.13063 0.10566 0 0 -500 0
643 1
1 13 0 0 0 0 0 0 1.33948 1.34364 0.10566 0 0 -500 0
644 1
1 13 0 0 0 0 0 0 1.19335 1.19802 0.10566 0 0 -500 0
645 1
1 13 0 0 0 0 0 0 1.25016 1.25461 0.10566 0 0 -500 0
646 1
1 13 0 0 0 0 0 0 1.45635 1.46018 0.10566 0 0 -500 0
647 1
1 13 0 0 0 0 0 0 1.14807 1.15292 0.10566 0 0 -500 0
648 1
1 13 0 0 0 0 0 0 1.43255 1.43644 0.10566 0 0 -500 0
649 1
1 13 0 0 0 0 0 0 1.15165 1.15649 0.10566 0 0 -500 0
650 1
1 13 0 0 0 0 0 0 1.17936 1.18408 0.10566 0 0 -500 0
651 1
1 13 0 0 0 0 0 0 1.19891 1.20356 0.10566 0 0 -500 0
652 1
1 13 0 0 0 0 0 0 1.27868 1.28304 0.10566 0 0 -500 0
653 1
1 13 0 0 0 0 0 0 1.09015 1.09526 0.10566 0 0 -500 0
654 1
1 13 0 0 0 0 0 0 1.21664 1.22122 0.10566 0 0 -500 0
655 1
1 13 0 0 0 0 0 0 1.30149 1.30577 0.10566 0 0 -500 0
656 1
1 13 0 0 0 0 0 0 1.1341 1.13901 0.10566 0 0 -500 0
657 1
1 13 0 0 0 0 0 0 1.01795 1.02342 0.10566 0 0 -500 0
658 1
1 13 0 0 0 0 0 0 1.23334 1.23786 0.10566 0 0 -500 0
659 1
1 13 0 0 0 0 0 0 1.47276 1.47655 0.10566 0 0 -500 0
660 1
1 13 0 0 0 0 0 0 1.23307 1.23759 0.10566 0 0 -500 0
661 1
1 13 0 0 0 0 0 0 1.02955 1.03496 0.10566 0 0 -500 0
662 1
1 13 0 0 0 0 0 0 1.38602 1.39004 0.10566 0 0 -500 0
663 1
1 13 0 0 0 0 0 0 1.42218 1.4261 0.10566 0 0 -500 0
664 1
1 13 0 0 0 0 0 0 1.23523 1.23974 0.10566 0 0 -500 0
665 1
1 13 0 0 0 0 0 0 1.02125 1.0267 0.10566 0 0 -500 0
666 1
1 13 0 0 0 0 0 0 1.49175 1.49549 0.10566 0 0 -500 0
667 1
1 13 0 0 0 0 0 0 1.17981 1.18453 0.10566 0 0 -500 0
668 1
1 13 0 0 0 0 0 0 1.09748 1.10256 0.10566 0 0 -500 0
669 1
1 13 0 0 0 0 0 0 1.47192 1.47571 0.10566 0 0 -500 0
670 1
1 13 0 0 0 0 0 0 1.0928 1.0979 0.10566 0 0 -500 0
671 1
1 13 0 0 0 0 0 0 1.01896 1.02442 0.10566 0 0 -500 0
672 1
1 13 0 0 0 0 0 0 1.4725 1.47629 0.10566 0 0 -500 0
673 1
1 13 0 0 0 0 0 0 1.21713 1.22171 0.10566 0 0 -500 0
674 1
1 13 0 0 0 0 0 0 1.24233 1.24681 0.10566 0 0 -500 0
675 1
1 13 0 0 0 0 0 0 1.24388 1.24836 0.10566 0 0 -500 0
676 1
1 13 0 0 0 0 0 0 1.3708 1.37487 0.10566 0 0 -500 0
677 1
1 13 0 0 0 0 0 0 1.15909 1.1639 0.10566 0 0 -500 0
678 1
1 13 0 0 0 0 0 0 1.07153 1.07672 0.10566 0 0 -500 0
679 1
1 13 0 0 0 0 0 0 1.42308 1.427 0.10566 0 0 -500 0
680 1
1 13 0 0 0 0 0 0 1.16416 1.16895 0.10566 0 0 -500 0
681 1
1 13 0 0 0 0 0 0 1.0638 1.06903 0.10566 0 0 -500 0
682 1
1 13 0 0 0 0 0 0 1.36166 1.36575 0.10566 0 0 -500 0
683 1
1 13 0 0 0 0 0 0 1.24142 1.24591 0.10566 0 0 -500 0
684 1
1 13 0 0 0 0 0 0 1.09534 1.10042 0.10566 0 0 -500 0
685 1
1 13 0 0 0 0 0 0 1.44736 1.45121 0.10566 0 0 -500 0
686 1
1 13 0 0 0 0 0 0 1.24782 1.25228 0.10566 0 0 -500 0
687 1
1 13 0 0 0 0 0 0 1.43434 1.43822 0.10566 0 0 -500 0
688 1
1 13 0 0 0 0 0 0 1.14146 1.14634 0.10566 0 0 -500 0
689 1
1 13 0 0 0 0 0 0 1.18803 1.19272 0.10566 0 0 -500 0
690 1
1 13 0 0 0 0 0 0 1.18233 1.18705 0.10566 0 0 -500 0
691 1
1 13 0 0 0 0 0 0 1.20507 1.20969 0.10566 0 0 -500 0
692 1
1 13 0 0 0 0 0 0 1.19854 1.20319 0.10566 0 0 -500 0
693 1
1 13 0 0 0 0 0 0 1.04979 1.05509 0.10566 0 0 -500 0
694 1
1 13 0 0 0 0 0 0 1.09914 1.10421 0.10566 0 0 -500 0
695 1
1 13 0 0 0 0 0 0 1.26984 1.27423 0.10566 0 0 -500 0
696 1
1 13 0 0 0 0 0 0 1.13233 1.13725 0.10566 0 0 -500 0
697 1
1 13 0 0 0 0 0 0 1.4718 1.47559 0.10566 0 0 -500 0
698 1
1 13 0 0 0 0 0 0 1.12268 1.12764 0.10566 0 0 -500 0
699 1
1 13 0 0 0 0 0 0 1.21144 1.21603 0.10566 0 0 -500 0
700 1
1 13 0 0 0 0 0 0 1.08214 1.08729 0.10566 0 0 -500 0
701 1
1 13 0 0 0 0 0 0 1.45073 1.45458 0.10566 0 0 -500 0
702 1
1 13 0 0 0 0 0 0 1.47502 1.4788 0.10566 0 0 -500 0
703 1
1 13 0 0 0 0 0 0 1.07138 1.07658 0.10566 0 0 -500 0
704 1
1 13 0 0 0 0 0 0 1.09572 1.10081 0.10566 0 0 -500 0
705 1
1 13 0 0 0 0 0 0 1.13928 1.14417 0.10566 0 0 -500 0
706 1
1 13 0 0 0 0 0 0 1.01981 1.02527 0.10566 0 0 -500 0
707 1
1 13 0 0 0 0 0 0 1.47246 1.47624 0.10566 0 0 -500 0
708 1
1 13 0 0 0 0 0 0 1.10764 1.11267 0.10566 0 0 -500 0
709 1
1 13 0 0 0 0 0 0 1.19852 1.20317 0.10566 0 0 -500 0
710 1
1 13 0 0 0 0 0 0 1.30452 1.30879 0.10566 0 0 -500 0
711 1
1 13 0 0 0 0 0 0 1.3791 1.38314 0.10566 0 0 -500 0
712 1
1 13 0 0 0 0 0 0 1.02291 1.02836 0.10566 0 0 -500 0
713 1
1 13 0 0 0 0 0 0 1.12179 1.12676 0.10566 0 0 -500 0
714 1
1 13 0 0 0 0 0 0 1.29746 1.30176 0.10566 0 0 -500 0
715 1
1 13 0 0 0 0 0 0 1.4525 1.45634 0.10566 0 0 -500 0
716 1
1 13 0 0 0 0 0 0 1.45594 1.45977 0.10566 0 0 -500 0
717 1
1 13 0 0 0 0 0 0 1.23512 1.23963 0.10566 0 0 -500 0
718 1
1 13 0 0 0 0 0 0 1.271 1.27538 0.10566 0 0 -500 0
719 1
1 13 0 0 0 0 0 0 1.00842 1.01394 0.10566 0 0 -500 0
720 1
1 13 0 0 0 0 0 0 1.29995 1.30424 0.10566 0 0 -500 0
721 1
1 13 0 0 0 0 0 0 1.0313 1.0367 0.10566 0 0 -500 0
722 1
1 13 0 0 0 0 0 0 1.05257 1.05786 0.10566 0 0 -500 0
723 1
1 13 0 0 0 0 0 0 1.25752 1.26195 0.10566 0 0 -500 0
724 1
1 13 0 0 0 0 0 0 1.42638 1.43029 0.10566 0 0 -500 0
725 1
1 13 0 0 0 0 0 0 1.22117 1.22573 0.10566 0 0 -500 0
726 1
1 13 0 0 0 0 0 0 1.22041 1.22497 0.10566 0 0 -500 0
727 1
1 13 0 0 0 0 0 0 1.37844 1.38248 0.10566 0 0 -500 0
728 1
1 13 0 0 0 0 0 0 1.21528 1.21986 0.10566 0 0 -500 0
729 1
1 13 0 0 0 0 0 0 1.09548 1.10056 0.10566 0 0 -500 0
730 1
1 13 0 0 0 0 0 0 1.06479 1.07002 0.10566 0 0 -500 0
731 1
1 13 0 0 0 0 0 0 1.18485 1.18955 0.10566 0 0 -500 0
732 1
1 13 0 0 0 0 0 0 1.40979 1.41375 0.10566 0 0 -500 0
733 1
1 13 0 0 0 0 0 0 1.09488 1.09997 0.10566 0 0 -500 0
734 1
1 13 0 0 0 0 0 0 1.29148 1.2958 0.10566 0 0 -500 0
735 1
1 13 0 0 0 0 0 0 1.32266 1.32687 0.10566 0 0 -500 0
736 1
1 13 0 0 0 0 0 0 1.26675 1.27115 0.10566 0 0 -500 0
737 1
1 13 0 0 0 0 0 0 1.37937 1.38341 0.10566 0 0 -500 0
738 1
1 13 0 0 0 0 0 0 1.35427 1.35838 0.10566 0 0 -500 0
739 1
1 13 0 0 0 0 0 0 1.05267 1.05796 0.10566 0 0 -500 0
740 1
1 13 0 0 0 0 0 0 1.47767 1.48145 0.10566 0 0 -500 0
741 1
1 13 0 0 0 0 0 0 1.12747 1.13241 0.10566 0 0 -500 0
742 1
1 13 0 0 0 0 0 0 1.1387 1.14359 0.10566 0 0 -500 0
743 1
1 13 0 0 0 0 0 0 1.40558 1.40955 0.10566 0 0 -500 0
744 1
1 13 0 0 0 0 0 0 1.27041 1.2748 0.10566 0 0 -500 0
745 1
1 13 0 0 0 0 0 0 1.40276 1.40674 0.10566 0 0 -500 0
746 1
1 13 0 0 0 0 0 0 1.0653 1.07053 0.10566 0 0 -500 0
747 1
1 13 0 0 0 0 0 0 1.23674 1.24125 0.10566 0 0 -500 0
748 1
1 13 0 0 0 0 0 0 1.10428 1.10932 0.10566 0 0 -500 0
749 1
1 13 0 0 0 0 0 0 1.06566 1.07089 0.10566 0 0 -500 0
750 1
1 13 0 0 0 0 0 0 1.06477 1.07 0.10566 0 0 -500 0
751 1
1 13 0 0 0 0 0 0 1.28183 1.28618 0.10566 0 0 -500 0
752 1
1 13 0 0 0 0 0 0 1.13504 1.13995 0.10566 0 0 -500 0
753 1
1 13 0 0 0 0 0 0 1.30803 1.31229 0.10566 0 0 -500 0
754 1
1 13 0 0 0 0 0 0 1.38835 1.39236 0.10566 0 0 -500 0
755 1
1 13 0 0 0 0 0 0 1.33596 1.34014 0.10566 0 0 -500 0
756 1
1 13 0 0 0 0 0 0 1.47727 1.48105 0.10566 0 0 -500 0
757 1
1 13 0 0 0 0 0 0 1.36586 1.36994 0.10566 0 0 -500 0
758 1
1 13 0 0 0 0 0 0 1.40042 1.4044 0.10566 0 0 -500 0
759 1
1 13 0 0 0 0 0 0 1.35076 1.35489 0.10566 0 0 -500 0
760 1
1 13 0 0 0 0 0 0 1.4028 1.40677 0.10566 0 0 -500 0
761 1
1 13 0 0 0 0 0 0 1.23878 1.24328 0.10566 0 0 -500 0
762 1
1 13 0 0 0 0 0 0 1.15623 1.16105 0.10566 0 0 -500 0
763 1
1 13 0 0 0 0 0 0 1.08886 1.09398 0.10566 0 0 -500 0
764 1
1 13 0 0 0 0 0 0 1.41802 1.42195 0.10566 0 0 -500 0
765 1
1 13 0 0 0 0 0 0 1.01524 1.02073 0.10566 0 0 -500 0
766 1
1 13 0 0 0 0 0 0 1.05379 1.05907 0.10566 0 0 -500 0
767 1
1 13 0 0 0 0 0 0 1.22513 1.22967 0.10566 0 0 -500 0
768 1
1 13 0 0 0 0 0 0 1.47467 1.47845 0.10566 0 0 -500 0
769 1
1 13 0 0 0 0 0 0 1.0241 1.02954 0.10566 0 0 -500 0
770 1
1 13 0 0 0 0 0 0 1.05896 1.06422 0.10566 0 0 -500 0
771 1
1 13 0 0 0 0 0 0 1.24659 1.25106 0.10566 0 0 -500 0
772 1
1 13 0 0 0 0 0 0 1.00616 1.01169 0.10566 0 0 -500 0
773 1
1 13 0 0 0 0 0 0 1.10002 1.10508 0.10566 0 0 -500 0
774 1
1 13 0 0 0 0 0 0 1.0389 1.04425 0.10566 0 0 -500 0
775 1
1 13 0 0 0 0 0 0 1.13876 1.14365 0.10566 0 0 -500 0
776 1
1 13 0 0 0 0 0 0 1.11627 1.12126 0.10566 0 0 -500 0
777 1
1 13 0 0 0 0 0 0 1.39809 1.40208 0.10566 0 0 -500 0
778 1
1 13 0 0 0 0 0 0 1.28741 1.29173 0.10566 0 0 -500 0
779 1
1 13 0 0 0 0 0 0 1.48403 1.48779 0.10566 0 0 -500 0
780 1
1 13 0 0 0 0 0 0 1.48606 1.48981 0.10566 0 0 -500 0
781 1
1 13 0 0 0 0 0 0 1.36707 1.37115 0.10566 0 0 -500 0
782 1
1 13 0 0 0 0 0 0 1.02435 1.02978 0.10566 0 0 -500 0
783 1
1 13 0 0 0 0 0 0 1.1217 1.12666 0.10566 0 0 -500 0
784 1
1 13 0 0 0 0 0 0 1.27248 1.27686 0.10566 0 0 -500 0
785 1
1 13 0 0 0 0 0 0 1.11466 1.11965 0.10566 0 0 -500 0
786 1
1 13 0 0 0 0 0 0 1.29412 1.29842 0.10566 0 0 -500 0
787 1
1 13 0 0 0 0 0 0 1.44472 1.44858 0.10566 0 0 -500 0
788 1
1 13 0 0 0 0 0 0 1.26845 1.27285 0.10566 0 0 -500 0
789 1
1 13 0 0 0 0 0 0 1.25569 1.26013 0.10566 0 0 -500 0
790 1
1 13 0 0 0 0 0 0 1.43893 1.4428 0.10566 0 0 -500 0
791 1
1 13 0 0 0 0 0 0 1.00488 1.01042 0.10566 0 0 -500 0
792 1
1 13 0 0 0 0 0 0 1.19303 1.1977 0.10566 0 0 -500 0
793 1
1 13 0 0 0 0 0 0 1.25195 1.2564 0.10566 0 0 -500 0
794 1
1 13 0 0 0 0 0 0 1.23199 1.23652 0.10566 0 0 -500 0
795 1
1 13 0 0 0 0 0 0 1.09694 1.10202 0.10566 0 0 -500 0
796 1
1 13 0 0 0 0 0 0 1.30242 1.3067 0.10566 0 0 -500 0
797 1
1 13 0 0 0 0 0 0 1.24648 1.25095 0.10566 0 0 -500 0
798 1
1 13 0 0 0 0 0 0 1.20221 1.20685 0.10566 0 0 -500 0
799 1
1 13 0 0 0 0 0 0 1.35121 1.35533 0.10566 0 0 -500 0
800 1
1 13 0 0 0 0 0 0 1.33625 1.34042 0.10566 0 0 -500 0
801 1
1 13 0 0 0 0 0 0 1.15133 1.15617 0.10566 0 0 -500 0
802 1
1 13 0 0 0 0 0 0 1.46674 1.47054 0.10566 0 0 -500 0
803 1
1 13 0 0 0 0 0 0 1.38113 1.38517 0.10566 0 0 -500 0
804 1
1 13 0 0 0 0 0 0 1.00178 1.00734 0.10566 0 0 -500 0
805 1
1 13 0 0 0 0 0 0 1.40065 1.40463 0.10566 0 0 -500 0
806 1
1 13 0 0 0 0 0 0 1.27423 1.2786 0.10566 0 0 -500 0
807 1
1 13 0 0 0 0 0 0 1.47171 1.4755 0.10566 0 0 -500 0
808 1
1 13 0 0 0 0 0 0 1.14235 1.14722 0.10566 0 0 -500 0
809 1
1 13 0 0 0 0 0 0 1.28373 1.28807 0.10566 0 0 -500 0
810 1
1 13 0 0 0 0 0 0 1.16631 1.17108 0.10566 0 0 -500 0
811 1
1 13 0 0 0 0 0 0 1.4608 1.46462 0.10566 0 0 -500 0
812 1
1 13 0 0 0 0 0 0 1.23822 1.24272 0.10566 0 0 -500 0
813 1
1 13 0 0 0 0 0 0 1.27094 1.27533 0.10566 0 0 -500 0
814 1
1 13 0 0 0 0 0 0 1.36228 1.36637 0.10566 0 0 -500 0
815 1
1 13 0 0 0 0 0 0 1.23491 1.23942 0.10566 0 0 -500 0
816 1
1 13 0 0 0 0 0 0 1.0449 1.05023 0.10566 0 0 -500 0
817 1
1 13 0 0 0 0 0 0 1.33698 1.34115 0.10566 0 0 -500 0
818 1
1 13 0 0 0 0 0 0 1.3702 1.37426 0.10566 0 0 -500 0
819 1
1 13 0 0 0 0 0 0 1.31933 1.32356 0.10566 0 0 -500 0
820 1
1 13 0 0 0 0 0 0 1.42209 1.42601 0.10566 0 0 -500 0
821 1
1 13 0 0 0 0 0 0 1.19878 1.20343 0.10566 0 0 -500 0
822 1
1 13 0 0 0 0 0 0 1.20766 1.21228 0.10566 0 0 -500 0
823 1
1 13 0 0 0 0 0 0 1.39785 1.40184 0.10566 0 0 -500 0
824 1
1 13 0 0 0 0 0 0 1.37262 1.37668 0.10566 0 0 -500 0
825 1
1 13 0 0 0 0 0 0 1.10151 1.10657 0.10566 0 0 -500 0
826 1
1 13 0 0 0 0 0 0 1.1608 1.1656 0.10566 0 0 -500 0
827 1
1 13 0 0 0 0 0 0 1.45767 1.4615 0.10566 0 0 -500 0
828 1
1 13 0 0 0 0 0 0 1.45579 1.45962 0.10566 0 0 -500 0
829 1
1 13 0 0 0 0 0 0 1.39838 1.40236 0.10566 0 0 -500 0
830 1
1 13 0 0 0 0 0 0 1.19988 1.20453 0.10566 0 0 -500 0
831 1
1 13 0 0 0 0 0 0 1.34923 1.35336 0.10566 0 0 -500 0
832 1
1 13 0 0 0 0 0 0 1.3021 1.30638 0.10566 0 0 -500 0
833 1
1 13 0 0 0 0 0 0 1.33343 1.33761 0.10566 0 0 -500 0
834 1
1 13 0 0 0 0 0 0 1.21478 1.21936 0.10566 0 0 -500 0
835 1
1 13 0 0 0 0 0 0 1.00454 1.01008 0.10566 0 0 -500 0
836 1
1 13 0 0 0 0 0 0 1.46859 1.47238 0.10566 0 0 -500 0
837 1
1 13 0 0 0 0 0 0 1.27844 1.2828 0.10566 0 0 -500 0
838 1
1 13 0 0 0 0 0 0 1.4455 1.44936 0.10566 0 0 -500 0
839 1
1 13 0 0 0 0 0 0 1.48169 1.48545 0.10566 0 0 -500 0
840 1
1 13 0 0 0 0 0 0 1.01712 1.02259 0.10566 0 0 -500 0
841 1
1 13 0 0 0 0 0 0 1.35896 1.36306 0.10566 0 0 -500 0
842 1
1 13 0 0 0 0 0 0 1.46705 1.47085 0.10566 0 0 -500 0
843 1
1 13 0 0 0 0 0 0 1.21726 1.22184 0.10566 0 0 -500 0
844 1
1 13 0 0 0 0 0 0 1.19972 1.20436 0.10566 0 0 -500 0
845 1
1 13 0 0 0 0 0 0 1.35741 1.36151 0.10566 0 0 -500 0
846 1
1 13 0 0 0 0 0 0 1.4429 1.44676 0.10566 0 0 -500 0
847 1
1 13 0 0 0 0 0 0 1.34274 1.34689 0.10566 0 0 -500 0
848 1
1 13 0 0 0 0 0 0 1.49291 1.49665 0.10566 0 0 -500 0
849 1
1 13 0 0 0 0 0 0 1.3243 1.32851 0.10566 0 0 -500 0
850 1
1 13 0 0 0 0 0 0 1.43986 1.44374 0.10566 0 0 -500 0
851 1
1 13 0 0 0 0 0 0 1.38471 1.38874 0.10566 0 0 -500 0
852 1
1 13 0 0 0 0 0 0 1.21088 1.21548 0.10566 0 0 -500 0
853 1
1 13 0 0 0 0 0 0 1.29822 1.30251 0.10566 0 0 -500 0
854 1
1 13 0 0 0 0 0 0 1.35778 1.36189 0.10566 0 0 -500 0
855 1
1 13 0 0 0 0 0 0 1.31842 1.32265 0.10566 0 0 -500 0
856 1
1 13 0 0 0 0 0 0 1.14606 1.15092 0.10566 0 0 -500 0
857 1
1 13 0 0 0 0 0 0 1.19768 1.20233 0.10566 0 0 -500 0
858 1
1 13 0 0 0 0 0 0 1.43818 1.44206 0.10566 0 0 -500 0
859 1
1 13 0 0 0 0 0 0 1.06648 1.0717 0.10566 0 0 -500 0
860 1
1 13 0 0 0 0 0 0 1.09382 1.09891 0.10566 0 0 -500 0
861 1
1 13 0 0 0 0 0 0 1.44846 1.4523 0.10566 0 0 -500 0
862 1
1 13 0 0 0 0 0 0 1.30691 1.31117 0.10566 0 0 -500 0
863 1
1 13 0 0 0 0 0 0 1.30242 1.3067 0.10566 0 0 -500 0
864 1
1 13 0 0 0 0 0 0 1.07164 1.07684 0.10566 0 0 -500 0
865 1
1 13 0 0 0 0 0 0 1.01194 1.01744 0.10566 0 0 -500 0
866 1
1 13 0 0 0 0 0 0 1.2255 1.23005 0.10566 0 0 -500 0
867 1
1 13 0 0 0 0 0 0 1.33408 1.33826 0.10566 0 0 -500 0
868 1
1 13 0 0 0 0 0 0 1.18022 1.18494 0.10566 0 0 -500 0
869 1
1 13 0 0 0 0 0 0 1.36115 1.36524 0.10566 0 0 -500 0
870 1
1 13 0 0 0 0 0 0 1.29657 1.30087 0.10566 0 0 -500 0
871 1
1 13 0 0 0 0 0 0 1.42147 1.42539 0.10566 0 0 -500 0
872 1
1 13 0 0 0 0 0 0 1.05896 1.06422 0.10566 0 0 -500 0
873 1
1 13 0 0 0 0 0 0 1.24695 1.25142 0.10566 0 0 -500 0
874 1
1 13 0 0 0 0 0 0 1.22865 1.23318 0.10566 0 0 -500 0
875 1
1 13 0 0 0 0 0 0 1.09749 1.10257 0.10566 0 0 -500 0
876 1
1 13 0 0 0 0 0 0 1.10662 1.11166 0.10566 0 0 -500 0
877 1
1 13 0 0 0 0 0 0 1.28208 1.28643 0.10566 0 0 -500 0
878 1
1 13 0 0 0 0 0 0 1.32219 1.3264 0.10566 0 0 -500 0
879 1
1 13 0 0 0 0 0 0 1.24208 1.24656 0.10566 0 0 -500 0
880 1
1 13 0 0 0 0 0 0 1.09614 1.10122 0.10566 0 0 -500 0
881 1
1 13 0 0 0 0 0 0 1.29739 1.30168 0.10566 0 0 -500 0
882 1
1 13 0 0 0 0 0 0 1.31093 1.31518 0.10566 0 0 -500 0
883 1
1 13 0 0 0 0 0 0 1.30643 1.3107 0.10566 0 0 -500 0
884 1
1 13 0 0 0 0 0 0 1.09119 1.09629 0.10566 0 0 -500 0
885 1
1 13 0 0 0 0 0 0 1.32503 1.32923 0.10566 0 0 -500 0
886 1
1 13 0 0 0 0 0 0 1.11339 1.11839 0.10566 0 0 -500 0
887 1
1 13 0 0 0 0 0 0 1.34094 1.3451 0.10566 0 0 -500 0
888 1
1 13 0 0 0 0 0 0 1.37539 1.37944 0.10566 0 0 -500 0
889 1
1 13 0 0 0 0 0 0 1.23163 1.23615 0.10566 0 0 -500 0
890 1
1 13 0 0 0 0 0 0 1.2995 1.30378 0.10566 0 0 -500 0
891 1
1 13 0 0 0 0 0 0 1.23339 1.23791 0.10566 0 0 -500 0
892 1
1 13 0 0 0 0 0 0 1.49163 1.49536 0.10566 0 0 -500 0
893 1
1 13 0 0 0 0 0 0 1.30406 1.30834 0.10566 0 0 -500 0
894 1
1 13 0 0 0 0 0 0 1.00714 1.01266 0.10566 0 0 -500 0
895 1
1 13 0 0 0 0 0 0 1.15411 1.15894 0.10566 0 0 -500 0
896 1
1 13 0 0 0 0 0 0 1.12884 1.13378 0.10566 0 0 -500 0
897 1
1 13 0 0 0 0 0 0 1.38589 1.38991 0.10566 0 0 -500 0
898 1
1 13 0 0 0 0 0 0 1.34295 1.3471 0.10566 0 0 -500 0
899 1
1 13 0 0 0 0 0 0 1.18968 1.19436 0.10566 0 0 -500 0
900 1
1 13 0 0 0 0 0 0 1.20942 1.21402 0.10566 0 0 -500 0
901 1
1 13 0 0 0 0 0 0 1.42272 1.42663 0.10566 0 0 -500 0
902 1
1 13 0 0 0 0 0 0 1.45101 1.45486 0.10566 0 0 -500 0
903 1
1 13 0 0 0 0 0 0 1.07033 1.07553 0.10566 0 0 -500 0
904 1
1 13 0 0 0 0 0 0 1.41008 1.41403 0.10566 0 0 -500 0
905 1
1 13 0 0 0 0 0 0 1.2838 1.28814 0.10566 0 0 -500 0
906 1
1 13 0 0 0 0 0 0 1.49703 1.50075 0.10566 0 0 -500 0
907 1
1 13 0 0 0 0 0 0 1.3678 1.37187 0.10566 0 0 -500 0
908 1
1 13 0 0 0 0 0 0 1.08722 1.09234 0.10566 0 0 -500 0
909 1
1 13 0 0 0 0 0 0 1.43251 1.4364 0.10566 0 0 -500 0
910 1
1 13 0 0 0 0 0 0 1.17845 1.18318 0.10566 0 0 -500 0
911 1
1 13 0 0 0 0 0 0 1.47048 1.47427 0.10566 0 0 -500 0
912 1
1 13 0 0 0 0 0 0 1.2459 1.25038 0.10566 0 0 -500 0
913 1
1 13 0 0 0 0 0 0 1.0286 1.03401 0.10566 0 0 -500 0
914 1
1 13 0 0 0 0 0 0 1.18091 1.18563 0.10566 0 0 -500 0
915 1
1 13 0 0 0 0 0 0 1.34887 1.353 0.10566 0 0 -500 0
916 1
1 13 0 0 0 0 0 0 1.40523 1.4092 0.10566 0 0 -500 0
917 1
1 13 0 0 0 0 0 0 1.07108 1.07628 0.10566 0 0 -500 0
918 1
1 13 0 0 0 0 0 0 1.15415 1.15897 0.10566 0 0 -500 0
919 1
1 13 0 0 0 0 0 0 1.0141 1.01959 0.10566 0 0 -500 0
920 1
1 13 0 0 0 0 0 0 1.33789 1.34206 0.10566 0 0 -500 0
921 1
1 13 0 0 0 0 0 0 1.20031 1.20495 0.10566 0 0 -500 0
922 1
1 13 0 0 0 0 0 0 1.10862 1.11364 0.10566 0 0 -500 0
923 1
1 13 0 0 0 0 0 0 1.22134 1.2259 0.10566 0 0 -500 0
924 1
1 13 0 0 0 0 0 0 1.42655 1.43046 0.10566 0 0 -500 0
925 1
1 13 0 0 0 0 0 0 1.02902 1.03443 0.10566 0 0 -500 0
926 1
1 13 0 0 0 0 0 0 1.05142 1.05671 0.10566 0 0 -500 0
927 1
1 13 0 0 0 0 0 0 1.2972 1.3015 0.10566 0 0 -500 0
928 1
1 13 0 0 0 0 0 0 1.33487 1.33905 0.10566 0 0 -500 0
929 1
1 13 0 0 0 0 0 0 1.37116 1.37523 0.10566 0 0 -500 0
930 1
1 13 0 0 0 0 0 0 1.07 1.07521 0.10566 0 0 -500 0
931 1
1 13 0 0 0 0 0 0 1.15032 1.15516 0.10566 0 0 -500 0
932 1
1 13 0 0 0 0 0 0 1.25518 1.25962 0.10566 0 0 -500 0
933 1
1 13 0 0 0 0 0 0 1.14046 1.14535 0.10566 0 0 -500 0
934 1
1 13 0 0 0 0 0 0 1.43567 1.43956 0.10566 0 0 -500 0
935 1
1 13 0 0 0 0 0 0 1.18212 1.18683 0.10566 0 0 -500 0
936 1
1 13 0 0 0 0 0 0 1.25325 1.2577 0.10566 0 0 -500 0
937 1
1 13 0 0 0 0 0 0 1.02453 1.02997 0.10566 0 0 -500 0
938 1
1 13 0 0 0 0 0 0 1.32977 1.33396 0.10566 0 0 -500 0
939 1
1 13 0 0 0 0 0 0 1.20984 1.21444 0.10566 0 0 -500 0
940 1
1 13 0 0 0 0 0 0 1.40713 1.41109 0.10566 0 0 -500 0
941 1
1 13 0 0 0 0 0 0 1.00534 1.01088 0.10566 0 0 -500 0
942 1
1 13 0 0 0 0 0 0 1.18323 1.18793 0.10566 0 0 -500 0
943 1
1 13 0 0 0 0 0 0 1.06856 1.07377 0.10566 0 0 -500 0
944 1
1 13 0 0 0 0 0 0 1.43398 1.43787 0.10566 0 0 -500 0
945 1
1 13 0 0 0 0 0 0 1.17444 1.17918 0.10566 0 0 -500 0
946 1
1 13 0 0 0 0 0 0 1.1296 1.13453 0.10566 0 0 -500 0
947 1
1 13 0 0 0 0 0 0 1.31953 1.32376 0.10566 0 0 -500 0
948 1
1 13 0 0 0 0 0 0 1.11956 1.12453 0.10566 0 0 -500 0
949 1
1 13 0 0 0 0 0 0 1.10974 1.11476 0.10566 0 0 -500 0
950 1
1 13 0 0 0 0 0 0 1.06034 1.06559 0.10566 0 0 -500 0
951 1
1 13 0 0 0 0 0 0 1.30507 1.30934 0.10566 0 0 -500 0
952 1
1 13 0 0 0 0 0 0 1.04213 1.04748 0.10566 0 0 -500 0
953 1
1 13 0 0 0 0 0 0 1.41303 1.41698 0.10566 0 0 -500 0
954 1
1 13 0 0 0 0 0 0 1.25062 1.25507 0.10566 0 0 -500 0
955 1
1 13 0 0 0 0 0 0 1.39783 1.40182 0.10566 0 0 -500 0
956 1
1 13 0 0 0 0 0 0 1.04277 1.0481 0.10566 0 0 -500 0
957 1
1 13 0 0 0 0 0 0 1.49345 1.49719 0.10566 0 0 -500 0
958 1
1 13 0 0 0 0 0 0 1.34197 1.34612 0.10566 0 0 -500 0
959 1
1 13 0 0 0 0 0 0 1.28043 1.28478 0.10566 0 0 -500 0
960 1
1 13 0 0 0 0 0 0 1.01021 1.01572 0.10566 0 0 -500 0
961 1
1 13 0 0 0 0 0 0 1.20811 1.21272 0.10566 0 0 -500 0
962 1
1 13 0 0 0 0 0 0 1.40319 1.40716 0.10566 0 0 -500 0
963 1
1 13 0 0 0 0 0 0 1.33939 1.34355 0.10566 0 0 -500 0
964 1
1 13 0 0 0 0 0 0 1.15342 1.15825 0.10566 0 0 -500 0
965 1
1 13 0 0 0 0 0 0 1.41765 1.42158 0.10566 0 0 -500 0
966 1
1 13 0 0 0 0 0 0 1.0757 1.08087 0.10566 0 0 -500 0
967 1
1 13 0 0 0 0 0 0 1.04126 1.04661 0.10566 0 0 -500 0
968 1
1 13 0 0 0 0 0 0 1.32495 1.32915 0.10566 0 0 -500 0
969 1
1 13 0 0 0 0 0 0 1.23163 1.23616 0.10566 0 0 -500 0
970 1
1 13 0 0 0 0 0 0 1.18633 1.19102 0.10566 0 0 -500 0
971 1
1 13 0 0 0 0 0 0 1.25924 1.26367 0.10566 0 0 -500 0
972 1
1 13 0 0 0 0 0 0 1.18641 1.19111 0.10566 0 0 -500 0
973 1
1 13 0 0 0 0 0 0 1.40538 1.40935 0.10566 0 0 -500 0
974 1
1 13 0 0 0 0 0 0 1.24423 1.24871 0.10566 0 0 -500 0
975 1
1 13 0 0 0 0 0 0 1.42395 1.42786 0.10566 0 0 -500 0
976 1
1 13 0 0 0 0 0 0 1.3818 1.38584 0.10566 0 0 -500 0
977 1
1 13 0 0 0 0 0 0 1.18561 1.19031 0.10566 0 0 -500 0
978 1
1 13 0 0 0 0 0 0 1.4682 1.472 0.10566 0 0 -500 0
979 1
1 13 0 0 0 0 0 0 1.00181 1.00737 0.10566 0 0 -500 0
980 1
1 13 0 0 0 0 0 0 1.30583 1.31009 0.10566 0 0 -500 0
981 1
1 13 0 0 0 0 0 0 1.37975 1.38379 0.10566 0 0 -500 0
982 1
1 13 0 0 0 0 0 0 1.09241 1.09751 0.10566 0 0 -500 0
983 1
1 13 0 0 0 0 0 0 1.29876 1.30305 0.10566 0 0 -500 0
984 1
1 13 0 0 0 0 0 0 1.32514 1.32934 0.10566 0 0 -500 0
985 1
1 13 0 0 0 0 0 0 1.15969 1.16449 0.10566 0 0 -500 0
986 1
1 13 0 0 0 0 0 0 1.08233 1.08747 0.10566 0 0 -500 0
987 1
1 13 0 0 0 0 0 0 1.19312 1.19779 0.10566 0 0 -500 0
988 1
1 13 0 0 0 0 0 0 1.4749 1.47868 0.10566 0 0 -500 0
989 1
1 13 0 0 0 0 0 0 1.09506 1.10014 0.10566 0 0 -500 0
990 1
1 13 0 0 0 0 0 0 1.45507 1.4589 0.10566 0 0 -500 0
991 1
1 13 0 0 0 0 0 0 1.46237 1.46619 0.10566 0 0 -500 0
992 1
1 13 0 0 0 0 0 0 1.20939 1.214 0.10566 0 0 -500 0
993 1
1 13 0 0 0 0 0 0 1.2891 1.29342 0.10566 0 0 -500 0
994 1
1 13 0 0 0 0 0 0 1.41665 1.42059 0.10566 0 0 -500 0
995 1
1 13 0 0 0 0 0 0 1.49504 1.49877 0.10566 0 0 -500 0
996 1
1 13 0 0 0 0 0 0 1.28397 1.28831 0.10566 0 0 -500 0
997 1
1 13 0 0 0 0 0 0 1.42889 1.43279 0.10566 0 0 -500 0
998 1
1 13 0 0 0 0 0 0 1.11832 1.1233 0.10566 0 0 -500 0
999 1
1 13 0 0 0 0 0 0 1.46441 1.46822 0.10566 0 0 -500 0