0 1
1 13 0 0 0 0 0 0 1.71675 1.72 0.10566 0 0 -500 0
1 1
1 13 0 0 0 0 0 0 1.77896 1.78209 0.10566 0 0 -500 0
2 1
1 13 0 0 0 0 0 0 1.57136 1.5749 0.10566 0 0 -500 0
3 1
1 13 0 0 0 0 0 0 1.56999 1.57354 0.10566 0 0 -500 0
4 1
1 13 0 0 0 0 0 0 1.9005 1.90343 0.10566 0 0 -500 0
5 1
1 13 0 0 0 0 0 0 1.86501 1.868 0.10566 0 0 -500 0
6 1
1 13 0 0 0 0 0 0 1.62763 1.63105 0.10566 0 0 -500 0
7 1
1 13 0 0 0 0 0 0 1.55616 1.55974 0.10566 0 0 -500 0
8 1
1 13 0 0 0 0 0 0 1.83746 1.84049 0.10566 0 0 -500 0
9 1
1 13 0 0 0 0 0 0 1.99681 1.9996 0.10566 0 0 -500 0
10 1
1 13 0 0 0 0 0 0 1.69383 1.69712 0.10566 0 0 -500 0
11 1
1 13 0 0 0 0 0 0 1.77311 1.77626 0.10566 0 0 -500 0
12 1
1 13 0 0 0 0 0 0 1.56367 1.56724 0.10566 0 0 -500 0
13 1
1 13 0 0 0 0 0 0 1.93724 1.94012 0.10566 0 0 -500 0
14 1
1 13 0 0 0 0 0 0 1.72437 1.72761 0.10566 0 0 -500 0
15 1
1 13 0 0 0 0 0 0 1.99703 1.99982 0.10566 0 0 -500 0
16 1
1 13 0 0 0 0 0 0 1.67159 1.67493 0.10566 0 0 -500 0
17 1
1 13 0 0 0 0 0 0 1.57185 1.5754 0.10566 0 0 -500 0
18 1
1 13 0 0 0 0 0 0 1.88971 1.89266 0.10566 0 0 -500 0
19 1
1 13 0 0 0 0 0 0 1.66972 1.67306 0.10566 0 0 -500 0
20 1
1 13 0 0 0 0 0 0 1.72591 1.72914 0.10566 0 0 -500 0
21 1
1 13 0 0 0 0 0 0 1.52899 1.53263 0.10566 0 0 -500 0
22 1
1 13 0 0 0 0 0 0 1.912 1.91491 0.10566 0 0 -500 0
23 1
1 13 0 0 0 0 0 0 1.80835 1.81143 0.10566 0 0 -500 0
24 1
1 13 0 0 0 0 0 0 1.88506 1.88802 0.10566 0 0 -500 0
25 1
1 13 0 0 0 0 0 0 1.9932 1.996 0.10566 0 0 -500 0
26 1
1 13 0 0 0 0 0 0 1.63802 1.64142 0.10566 0 0 -500 0
27 1
1 13 0 0 0 0 0 0 1.63434 1.63776 0.10566 0 0 -500 0
28 1
1 13 0 0 0 0 0 0 1.79309 1.7962 0.10566 0 0 -500 0
29 1
1 13 0 0 0 0 0 0 1.5441 1.54771 0.10566 0 0 -500 0
30 1
1 13 0 0 0 0 0 0 1.77576 1.7789 0.10566 0 0 -500 0
31 1
1 13 0 0 0 0 0 0 1.82072 1.82378 0.10566 0 0 -500 0
32 1
1 13 0 0 0 0 0 0 1.68462 1.68793 0.10566 0 0 -500 0
33 1
1 13 0 0 0 0 0 0 1.58559 1.58911 0.10566 0 0 -500 0
34 1
1 13 0 0 0 0 0 0 1.65786 1.66123 0.10566 0 0 -500 0
35 1
1 13 0 0 0 0 0 0 1.76537 1.76853 0.10566 0 0 -500 0
36 1
1 13 0 0 0 0 0 0 1.62935 1.63277 0.10566 0 0 -500 0
37 1
1 13 0 0 0 0 0 0 1.76924 1.77239 0.10566 0 0 -500 0
38 1
1 13 0 0 0 0 0 0 1.6381 1.6415 0.10566 0 0 -500 0
39 1
1 13 0 0 0 0 0 0 1.79918 1.80228 0.10566 0 0 -500 0
40 1
1 13 0 0 0 0 0 0 1.92562 1.92852 0.10566 0 0 -500 0
41 1
1 13 0 0 0 0 0 0 1.94183 1.94471 0.10566 0 0 -500 0
42 1
1 13 0 0 0 0 0 0 1.8086 1.81168 0.10566 0 0 -500 0
43 1
1 13 0 0 0 0 0 0 1.92821 1.9311 0.10566 0 0 -500 0
44 1
1 13 0 0 0 0 0 0 1.92415 1.92705 0.10566 0 0 -500 0
45 1
1 13 0 0 0 0 0 0 1.53461 1.53824 0.10566 0 0 -500 0
46 1
1 13 0 0 0 0 0 0 1.82642 1.82947 0.10566 0 0 -500 0
47 1
1 13 0 0 0 0 0 0 1.98411 1.98692 0.10566 0 0 -500 0
48 1
1 13 0 0 0 0 0 0 1.52883 1.53248 0.10566 0 0 -500 0
49 1
1 13 0 0 0 0 0 0 1.70411 1.70738 0.10566 0 0 -500 0
50 1
1 13 0 0 0 0 0 0 1.84294 1.84597 0.10566 0 0 -500 0
51 1
1 13 0 0 0 0 0 0 1.92069 1.9236 0.10566 0 0 -500 0
52 1
1 13 0 0 0 0 0 0 1.74704 1.75023 0.10566 0 0 -500 0
53 1
1 13 0 0 0 0 0 0 1.8586 1.8616 0.10566 0 0 -500 0
54 1
1 13 0 0 0 0 0 0 1.87176 1.87474 0.10566 0 0 -500 0
55 1
1 13 0 0 0 0 0 0 1.68462 1.68793 0.10566 0 0 -500 0
56 1
1 13 0 0 0 0 0 0 1.5079 1.51159 0.10566 0 0 -500 0
57 1
1 13 0 0 0 0 0 0 1.84257 1.84559 0.10566 0 0 -500 0
58 1
1 13 0 0 0 0 0 0 1.65922 1.66259 0.10566 0 0 -500 0
59 1
1 13 0 0 0 0 0 0 1.74691 1.7501 0.10566 0 0 -500 0
60 1
1 13 0 0 0 0 0 0 1.98116 1.98398 0.10566 0 0 -500 0
61 1
1 13 0 0 0 0 0 0 1.91123 1.91415 0.10566 0 0 -500 0
62 1
1 13 0 0 0 0 0 0 1.88899 1.89194 0.10566 0 0 -500 0
63 1
1 13 0 0 0 0 0 0 1.95964 1.96249 0.10566 0 0 -500 0
64 1
1 13 0 0 0 0 0 0 1.98852 1.99132 0.10566 0 0 -500 0
65 1
1 13 0 0 0 0 0 0 1.93334 1.93623 0.10566 0 0 -500 0
66 1
1 13 0 0 0 0 0 0 1.92566 1.92855 0.10566 0 0 -500 0
67 1
1 13 0 0 0 0 0 0 1.57658 1.58012 0.10566 0 0 -500 0
68 1
1 13 0 0 0 0 0 0 1.69482 1.69811 0.10566 0 0 -500 0
69 1
1 13 0 0 0 0 0 0 1.95961 1.96245 0.10566 0 0 -500 0
70 1
1 13 0 0 0 0 0 0 1.93131 1.9342 0.10566 0 0 -500 0
71 1
1 13 0 0 0 0 0 0 1.64439 1.64778 0.10566 0 0 -500 0
72 1
1 13 0 0 0 0 0 0 1.93386 1.93675 0.10566 0 0 -500 0
73 1
1 13 0 0 0 0 0 0 1.65349 1.65686 0.10566 0 0 -500 0
74 1
1 13 0 0 0 0 0 0 1.60293 1.60641 0.10566 0 0 -500 0
75 1
1 13 0 0 0 0 0 0 1.52957 1.53321 0.10566 0 0 -500 0
76 1
1 13 0 0 0 0 0 0 1.73363 1.73685 0.10566 0 0 -500 0
77 1
1 13 0 0 0 0 0 0 1.99429 1.99708 0.10566 0 0 -500 0
78 1
1 13 0 0 0 0 0 0 1.62295 1.62639 0.10566 0 0 -500 0
79 1
1 13 0 0 0 0 0 0 1.56812 1.57167 0.10566 0 0 -500 0
80 1
1 13 0 0 0 0 0 0 1.50222 1.50593 0.10566 0 0 -500 0
81 1
1 13 0 0 0 0 0 0 1.53473 1.53836 0.10566 0 0 -500 0
82 1
1 13 0 0 0 0 0 0 1.81352 1.8166 0.10566 0 0 -500 0
83 1
1 13 0 0 0 0 0 0 1.5595 1.56307 0.10566 0 0 -500 0
84 1
1 13 0 0 0 0 0 0 1.89598 1.89892 0.10566 0 0 -500 0
85 1
1 13 0 0 0 0 0 0 1.96674 1.96958 0.10566 0 0 -500 0
86 1
1 13 0 0 0 0 0 0 1.51304 1.51673 0.10566 0 0 -500 0
87 1
1 13 0 0 0 0 0 0 1.71053 1.71379 0.10566 0 0 -500 0
88 1
1 13 0 0 0 0 0 0 1.61392 1.61737 0.10566 0 0 -500 0
89 1
1 13 0 0 0 0 0 0 1.72343 1.72666 0.10566 0 0 -500 0
90 1
1 13 0 0 0 0 0 0 1.62635 1.62978 0.10566 0 0 -500 0
91 1
1 13 0 0 0 0 0 0 1.91949 1.9224 0.10566 0 0 -500 0
92 1
1 13 0 0 0 0 0 0 1.69774 1.70102 0.10566 0 0 -500 0
93 1
1 13 0 0 0 0 0 0 1.85077 1.85378 0.10566 0 0 -500 0
94 1
1 13 0 0 0 0 0 0 1.74324 1.74644 0.10566 0 0 -500 0
95 1
1 13 0 0 0 0 0 0 1.54061 1.54422 0.10566 0 0 -500 0
96 1
1 13 0 0 0 0 0 0 1.56723 1.57078 0.10566 0 0 -500 0
97 1
1 13 0 0 0 0 0 0 1.51556 1.51924 0.10566 0 0 -500 0
98 1
1 13 0 0 0 0 0 0 1.729 1.73222 0.10566 0 0 -500 0
99 1
1 13 0 0 0 0 0 0 1.8292 1.83225 0.10566 0 0 -500 0
100 1
1 13 0 0 0 0 0 0 1.7439 1.7471 0.10566 0 0 -500 0
101 1
1 13 0 0 0 0 0 0 1.81325 1.81633 0.10566 0 0 -500 0
102 1
1 13 0 0 0 0 0 0 1.65813 1.66149 0.10566 0 0 -500 0
103 1
1 13 0 0 0 0 0 0 1.64005 1.64345 0.10566 0 0 -500 0
104 1
1 13 0 0 0 0 0 0 1.81097 1.81405 0.10566 0 0 -500 0
105 1
1 13 0 0 0 0 0 0 1.98167 1.98448 0.10566 0 0 -500 0
106 1
1 13 0 0 0 0 0 0 1.87834 1.88131 0.10566 0 0 -500 0
107 1
1 13 0 0 0 0 0 0 1.88785 1.89081 0.10566 0 0 -500 0
108 1
1 13 0 0 0 0 0 0 1.67681 1.68014 0.10566 0 0 -500 0
109 1
1 13 0 0 0 0 0 0 1.66871 1.67206 0.10566 0 0 -500 0
110 1
1 13 0 0 0 0 0 0 1.65929 1.66265 0.10566 0 0 -500 0
111 1
1 13 0 0 0 0 0 0 1.77852 1.78166 0.10566 0 0 -500 0
112 1
1 13 0 0 0 0 0 0 1.89763 1.90057 0.10566 0 0 -500 0
113 1
1 13 0 0 0 0 0 0 1.93188 1.93476 0.10566 0 0 -500 0
114 1
1 13 0 0 0 0 0 0 1.8638 1.86679 0.10566 0 0 -500 0
115 1
1 13 0 0 0 0 0 0 1.88878 1.89174 0.10566 0 0 -500 0
116 1
1 13 0 0 0 0 0 0 1.90661 1.90954 0.10566 0 0 -500 0
117 1
1 13 0 0 0 0 0 0 1.76906 1.77221 0.10566 0 0 -500 0
118 1
1 13 0 0 0 0 0 0 1.70841 1.71168 0.10566 0 0 -500 0
119 1
1 13 0 0 0 0 0 0 1.64513 1.64852 0.10566 0 0 -500 0
120 1
1 13 0 0 0 0 0 0 1.86366 1.86665 0.10566 0 0 -500 0
121 1
1 13 0 0 0 0 0 0 1.58985 1.59335 0.10566 0 0 -500 0
122 1
1 13 0 0 0 0 0 0 1.74182 1.74502 0.10566 0 0 -500 0
123 1
1 13 0 0 0 0 0 0 1.50996 1.51365 0.10566 0 0 -500 0
124 1
1 13 0 0 0 0 0 0 1.73962 1.74283 0.10566 0 0 -500 0
125 1
1 13 0 0 0 0 0 0 1.86158 1.86458 0.10566 0 0 -500 0
126 1
1 13 0 0 0 0 0 0 1.61526 1.61871 0.10566 0 0 -500 0
127 1
1 13 0 0 0 0 0 0 1.69222 1.69551 0.10566 0 0 -500 0
128 1
1 13 0 0 0 0 0 0 1.73469 1.73791 0.10566 0 0 -500 0
129 1
1 13 0 0 0 0 0 0 1.90739 1.91032 0.10566 0 0 -500 0
130 1
1 13 0 0 0 0 0 0 1.96085 1.96369 0.10566 0 0 -500 0
131 1
1 13 0 0 0 0 0 0 1.88474 1.8877 0.10566 0 0 -500 0
132 1
1 13 0 0 0 0 0 0 1.68954 1.69284 0.10566 0 0 -500 0
133 1
1 13 0 0 0 0 0 0 1.88331 1.88627 0.10566 0 0 -500 0
134 1
1 13 0 0 0 0 0 0 1.56187 1.56544 0.10566 0 0 -500 0
135 1
1 13 0 0 0 0 0 0 1.79018 1.79329 0.10566 0 0 -500 0
136 1
1 13 0 0 0 0 0 0 1.63344 1.63686 0.10566 0 0 -500 0
137 1
1 13 0 0 0 0 0 0 1.8202 1.82326 0.10566 0 0 -500 0
138 1
1 13 0 0 0 0 0 0 1.74866 1.75185 0.10566 0 0 -500 0
139 1
1 13 0 0 0 0 0 0 1.97868 1.9815 0.10566 0 0 -500 0
140 1
1 13 0 0 0 0 0 0 1.89878 1.90171 0.10566 0 0 -500 0
141 1
1 13 0 0 0 0 0 0 1.80584 1.80893 0.10566 0 0 -500 0
142 1
1 13 0 0 0 0 0 0 1.7758 1.77894 0.10566 0 0 -500 0
143 1
1 13 0 0 0 0 0 0 1.75507 1.75825 0.10566 0 0 -500 0
144 1
1 13 0 0 0 0 0 0 1.87016 1.87314 0.10566 0 0 -500 0
145 1
1 13 0 0 0 0 0 0 1.67716 1.68048 0.10566 0 0 -500 0
146 1
1 13 0 0 0 0 0 0 1.73869 1.7419 0.10566 0 0 -500 0
147 1
1 13 0 0 0 0 0 0 1.53053 1.53417 0.10566 0 0 -500 0
148 1
1 13 0 0 0 0 0 0 1.60238 1.60586 0.10566 0 0 -500 0
149 1
1 13 0 0 0 0 0 0 1.50541 1.50911 0.10566 0 0 -500 0
150 1
1 13 0 0 0 0 0 0 1.80443 1.80753 0.10566 0 0 -500 0
151 1
1 13 0 0 0 0 0 0 1.96123 1.96408 0.10566 0 0 -500 0
152 1
1 13 0 0 0 0 0 0 1.94182 1.94469 0.10566 0 0 -500 0
153 1
1 13 0 0 0 0 0 0 1.59832 1.60181 0.10566 0 0 -500 0
154 1
1 13 0 0 0 0 0 0 1.94494 1.9478 0.10566 0 0 -500 0
155 1
1 13 0 0 0 0 0 0 1.70626 1.70953 0.10566 0 0 -500 0
156 1
1 13 0 0 0 0 0 0 1.90337 1.9063 0.10566 0 0 -500 0
157 1
1 13 0 0 0 0 0 0 1.6827 1.68601 0.10566 0 0 -500 0
158 1
1 13 0 0 0 0 0 0 1.52338 1.52704 0.10566 0 0 -500 0
159 1
1 13 0 0 0 0 0 0 1.6719 1.67524 0.10566 0 0 -500 0
160 1
1 13 0 0 0 0 0 0 1.80317 1.80627 0.10566 0 0 -500 0
161 1
1 13 0 0 0 0 0 0 1.97096 1.97379 0.10566 0 0 -500 0
162 1
1 13 0 0 0 0 0 0 1.61006 1.61352 0.10566 0 0 -500 0
163 1
1 13 0 0 0 0 0 0 1.86919 1.87217 0.10566 0 0 -500 0
164 1
1 13 0 0 0 0 0 0 1.57057 1.57412 0.10566 0 0 -500 0
165 1
1 13 0 0 0 0 0 0 1.64487 1.64826 0.10566 0 0 -500 0
166 1
1 13 0 0 0 0 0 0 1.58991 1.59342 0.10566 0 0 -500 0
167 1
1 13 0 0 0 0 0 0 1.55099 1.55458 0.10566 0 0 -500 0
168 1
1 13 0 0 0 0 0 0 1.95558 1.95843 0.10566 0 0 -500 0
169 1
1 13 0 0 0 0 0 0 1.74923 1.75241 0.10566 0 0 -500 0
170 1
1 13 0 0 0 0 0 0 1.56062 1.56419 0.10566 0 0 -500 0
171 1
1 13 0 0 0 0 0 0 1.56337 1.56694 0.10566 0 0 -500 0
172 1
1 13 0 0 0 0 0 0 1.59049 1.594 0.10566 0 0 -500 0
173 1
1 13 0 0 0 0 0 0 1.76663 1.76979 0.10566 0 0 -500 0
174 1
1 13 0 0 0 0 0 0 1.56213 1.5657 0.10566 0 0 -500 0
175 1
1 13 0 0 0 0 0 0 1.8105 1.81358 0.10566 0 0 -500 0
176 1
1 13 0 0 0 0 0 0 1.87382 1.87679 0.10566 0 0 -500 0
177 1
1 13 0 0 0 0 0 0 1.6233 1.62673 0.10566 0 0 -500 0
178 1
1 13 0 0 0 0 0 0 1.8982 1.90114 0.10566 0 0 -500 0
179 1
1 13 0 0 0 0 0 0 1.69027 1.69357 0.10566 0 0 -500 0
180 1
1 13 0 0 0 0 0 0 1.71223 1.71549 0.10566 0 0 -500 0
181 1
1 13 0 0 0 0 0 0 1.50558 1.50928 0.10566 0 0 -500 0
182 1
1 13 0 0 0 0 0 0 1.71428 1.71753 0.10566 0 0 -500 0
183 1
1 13 0 0 0 0 0 0 1.66407 1.66742 0.10566 0 0 -500 0
184 1
1 13 0 0 0 0 0 0 1.98155 1.98436 0.10566 0 0 -500 0
185 1
1 13 0 0 0 0 0 0 1.93541 1.93829 0.10566 0 0 -500 0
186 1
1 13 0 0 0 0 0 0 1.90849 1.91142 0.10566 0 0 -500 0
187 1
1 13 0 0 0 0 0 0 1.5263 1.52996 0.10566 0 0 -500 0
188 1
1 13 0 0 0 0 0 0 1.94226 1.94513 0.10566 0 0 -500 0
189 1
1 13 0 0 0 0 0 0 1.92325 1.92615 0.10566 0 0 -500 0
190 1
1 13 0 0 0 0 0 0 1.65005 1.65343 0.10566 0 0 -500 0
191 1
1 13 0 0 0 0 0 0 1.76586 1.76902 0.10566 0 0 -500 0
192 1
1 13 0 0 0 0 0 0 1.98895 1.99175 0.10566 0 0 -500 0
193 1
1 13 0 0 0 0 0 0 1.83305 1.83609 0.10566 0 0 -500 0
194 1
1 13 0 0 0 0 0 0 1.87647 1.87944 0.10566 0 0 -500 0
195 1
1 13 0 0 0 0 0 0 1.69076 1.69405 0.10566 0 0 -500 0
196 1
1 13 0 0 0 0 0 0 1.72505 1.72828 0.10566 0 0 -500 0
197 1
1 13 0 0 0 0 0 0 1.55377 1.55736 0.10566 0 0 -500 0
198 1
1 13 0 0 0 0 0 0 1.9693 1.97214 0.10566 0 0 -500 0
199 1
1 13 0 0 0 0 0 0 1.78012 1.78325 0.10566 0 0 -500 0
200 1
1 13 0 0 0 0 0 0 1.67776 1.68109 0.10566 0 0 -500 0
201 1
1 13 0 0 0 0 0 0 1.98164 1.98446 0.10566 0 0 -500 0
202 1
1 13 0 0 0 0 0 0 1.55188 1.55547 0.10566 0 0 -500 0
203 1
1 13 0 0 0 0 0 0 1.54387 1.54748 0.10566 0 0 -500 0
204 1
1 13 0 0 0 0 0 0 1.63915 1.64255 0.10566 0 0 -500 0
205 1
1 13 0 0 0 0 0 0 1.90064 1.90358 0.10566 0 0 -500 0
206 1
1 13 0 0 0 0 0 0 1.94691 1.94977 0.10566 0 0 -500 0
207 1
1 13 0 0 0 0 0 0 1.75878 1.76195 0.10566 0 0 -500 0
208 1
1 13 0 0 0 0 0 0 1.76748 1.77063 0.10566 0 0 -500 0
209 1
1 13 0 0 0 0 0 0 1.88018 1.88315 0.10566 0 0 -500 0
210 1
1 13 0 0 0 0 0 0 1.86852 1.8715 0.10566 0 0 -500 0
211 1
1 13 0 0 0 0 0 0 1.74364 1.74684 0.10566 0 0 -500 0
212 1
1 13 0 0 0 0 0 0 1.90231 1.90524 0.10566 0 0 -500 0
213 1
1 13 0 0 0 0 0 0 1.60815 1.61162 0.10566 0 0 -500 0
214 1
1 13 0 0 0 0 0 0 1.54167 1.54528 0.10566 0 0 -500 0
215 1
1 13 0 0 0 0 0 0 1.59944 1.60292 0.10566 0 0 -500 0
216 1
1 13 0 0 0 0 0 0 1.92694 1.92983 0.10566 0 0 -500 0
217 1
1 13 0 0 0 0 0 0 1.84939 1.85241 0.10566 0 0 -500 0
218 1
1 13 0 0 0 0 0 0 1.86231 1.86531 0.10566 0 0 -500 0
219 1
1 13 0 0 0 0 0 0 1.85349 1.85649 0.10566 0 0 -500 0
220 1
1 13 0 0 0 0 0 0 1.90639 1.90931 0.10566 0 0 -500 0
221 1
1 13 0 0 0 0 0 0 1.69736 1.70064 0.10566 0 0 -500 0
222 1
1 13 0 0 0 0 0 0 1.7907 1.79381 0.10566 0 0 -500 0
223 1
1 13 0 0 0 0 0 0 1.97175 1.97458 0.10566 0 0 -500 0
224 1
1 13 0 0 0 0 0 0 1.94855 1.95141 0.10566 0 0 -500 0
225 1
1 13 0 0 0 0 0 0 1.58187 1.5854 0.10566 0 0 -500 0
226 1
1 13 0 0 0 0 0 0 1.5832 1.58672 0.10566 0 0 -500 0
227 1
1 13 0 0 0 0 0 0 1.61757 1.62101 0.10566 0 0 -500 0
228 1
1 13 0 0 0 0 0 0 1.53596 1.53959 0.10566 0 0 -500 0
229 1
1 13 0 0 0 0 0 0 1.88845 1.89141 0.10566 0 0 -500 0
230 1
1 13 0 0 0 0 0 0 1.55555 1.55913 0.10566 0 0 -500 0
231 1
1 13 0 0 0 0 0 0 1.88611 1.88907 0.10566 0 0 -500 0
232 1
1 13 0 0 0 0 0 0 1.56664 1.5702 0.10566 0 0 -500 0
233 1
1 13 0 0 0 0 0 0 1.86212 1.86512 0.10566 0 0 -500 0
234 1
1 13 0 0 0 0 0 0 1.93715 1.94003 0.10566 0 0 -500 0
235 1
1 13 0 0 0 0 0 0 1.77617 1.77931 0.10566 0 0 -500 0
236 1
1 13 0 0 0 0 0 0 1.80204 1.80514 0.10566 0 0 -500 0
237 1
1 13 0 0 0 0 0 0 1.77607 1.77921 0.10566 0 0 -500 0
238 1
1 13 0 0 0 0 0 0 1.53395 1.53759 0.10566 0 0 -500 0
239 1
1 13 0 0 0 0 0 0 1.75115 1.75433 0.10566 0 0 -500 0
240 1
1 13 0 0 0 0 0 0 1.8975 1.90044 0.10566 0 0 -500 0
241 1
1 13 0 0 0 0 0 0 1.90813 1.91105 0.10566 0 0 -500 0
242 1
1 13 0 0 0 0 0 0 1.70924 1.7125 0.10566 0 0 -500 0
243 1
1 13 0 0 0 0 0 0 1.57222 1.57577 0.10566 0 0 -500 0
244 1
1 13 0 0 0 0 0 0 1.7268 1.73003 0.10566 0 0 -500 0
245 1
1 13 0 0 0 0 0 0 1.64078 1.64418 0.10566 0 0 -500 0
246 1
1 13 0 0 0 0 0 0 1.78241 1.78554 0.10566 0 0 -500 0
247 1
1 13 0 0 0 0 0 0 1.76425 1.76741 0.10566 0 0 -500 0
248 1
1 13 0 0 0 0 0 0 1.77465 1.77779 0.10566 0 0 -500 0
249 1
1 13 0 0 0 0 0 0 1.54249 1.5461 0.10566 0 0 -500 0
250 1
1 13 0 0 0 0 0 0 1.81529 1.81836 0.10566 0 0 -500 0
251 1
1 13 0 0 0 0 0 0 1.98132 1.98414 0.10566 0 0 -500 0
252 1
1 13 0 0 0 0 0 0 1.81087 1.81395 0.10566 0 0 -500 0
253 1
1 13 0 0 0 0 0 0 1.79812 1.80122 0.10566 0 0 -500 0
254 1
1 13 0 0 0 0 0 0 1.97515 1.97797 0.10566 0 0 -500 0
255 1
1 13 0 0 0 0 0 0 1.68568 1.68899 0.10566 0 0 -500 0
256 1
1 13 0 0 0 0 0 0 1.75767 1.76085 0.10566 0 0 -500 0
257 1
1 13 0 0 0 0 0 0 1.81328 1.81635 0.10566 0 0 -500 0
258 1
1 13 0 0 0 0 0 0 1.83782 1.84085 0.10566 0 0 -500 0
259 1
1 13 0 0 0 0 0 0 1.77012 1.77327 0.10566 0 0 -500 0
260 1
1 13 0 0 0 0 0 0 1.77597 1.77911 0.10566 0 0 -500 0
261 1
1 13 0 0 0 0 0 0 1.66653 1.66988 0.10566 0 0 -500 0
262 1
1 13 0 0 0 0 0 0 1.56865 1.57221 0.10566 0 0 -500 0
263 1
1 13 0 0 0 0 0 0 1.78029 1.78342 0.10566 0 0 -500 0
264 1
1 13 0 0 0 0 0 0 1.95186 1.95472 0.10566 0 0 -500 0
265 1
1 13 0 0 0 0 0 0 1.74049 1.7437 0.10566 0 0 -500 0
266 1
1 13 0 0 0 0 0 0 1.75109 1.75427 0.10566 0 0 -500 0
267 1
1 13 0 0 0 0 0 0 1.78181 1.78494 0.10566 0 0 -500 0
268 1
1 13 0 0 0 0 0 0 1.65914 1.6625 0.10566 0 0 -500 0
269 1
1 13 0 0 0 0 0 0 1.74155 1.74475 0.10566 0 0 -500 0
270 1
1 13 0 0 0 0 0 0 1.92987 1.93276 0.10566 0 0 -500 0
271 1
1 13 0 0 0 0 0 0 1.91359 1.9165 0.10566 0 0 -500 0
272 1
1 13 0 0 0 0 0 0 1.59411 1.59761 0.10566 0 0 -500 0
273 1
1 13 0 0 0 0 0 0 1.63457 1.63798 0.10566 0 0 -500 0
274 1
1 13 0 0 0 0 0 0 1.82957 1.83261 0.10566 0 0 -500 0
275 1
1 13 0 0 0 0 0 0 1.68685 1.69016 0.10566 0 0 -500 0
276 1
1 13 0 0 0 0 0 0 1.51726 1.52093 0.10566 0 0 -500 0
277 1
1 13 0 0 0 0 0 0 1.59471 1.59821 0.10566 0 0 -500 0
278 1
1 13 0 0 0 0 0 0 1.72052 1.72377 0.10566 0 0 -500 0
279 1
1 13 0 0 0 0 0 0 1.70095 1.70423 0.10566 0 0 -500 0
280 1
1 13 0 0 0 0 0 0 1.51747 1.52114 0.10566 0 0 -500 0
281 1
1 13 0 0 0 0 0 0 1.97447 1.97729 0.10566 0 0 -500 0
282 1
1 13 0 0 0 0 0 0 1.65772 1.66108 0.10566 0 0 -500 0
283 1
1 13 0 0 0 0 0 0 1.97429 1.97712 0.10566 0 0 -500 0
284 1
1 13 0 0 0 0 0 0 1.88886 1.89181 0.10566 0 0 -500 0
285 1
1 13 0 0 0 0 0 0 1.8695 1.87248 0.10566 0 0 -500 0
286 1
1 13 0 0 0 0 0 0 1.88484 1.8878 0.10566 0 0 -500 0
287 1
1 13 0 0 0 0 0 0 1.60247 1.60595 0.10566 0 0 -500 0
288 1
1 13 0 0 0 0 0 0 1.8463 1.84932 0.10566 0 0 -500 0
289 1
1 13 0 0 0 0 0 0 1.87264 1.87562 0.10566 0 0 -500 0
290 1
1 13 0 0 0 0 0 0 1.96007 1.96292 0.10566 0 0 -500 0
291 1
1 13 0 0 0 0 0 0 1.8418 1.84483 0.10566 0 0 -500 0
292 1
1 13 0 0 0 0 0 0 1.93058 1.93347 0.10566 0 0 -500 0
293 1
1 13 0 0 0 0 0 0 1.52443 1.52809 0.10566 0 0 -500 0
294 1
1 13 0 0 0 0 0 0 1.79502 1.79812 0.10566 0 0 -500 0
295 1
1 13 0 0 0 0 0 0 1.78611 1.78924 0.10566 0 0 -500 0
296 1
1 13 0 0 0 0 0 0 1.81516 1.81823 0.10566 0 0 -500 0
297 1
1 13 0 0 0 0 0 0 1.67114 1.67447 0.10566 0 0 -500 0
298 1
1 13 0 0 0 0 0 0 1.51455 1.51823 0.10566 0 0 -500 0
299 1
1 13 0 0 0 0 0 0 1.84942 1.85244 0.10566 0 0 -500 0
300 1
1 13 0 0 0 0 0 0 1.50752 1.51122 0.10566 0 0 -500 0
301 1
1 13 0 0 0 0 0 0 1.99893 2.00172 0.10566 0 0 -500 0
302 1
1 13 0 0 0 0 0 0 1.99723 2.00002 0.10566 0 0 -500 0
303 1
1 13 0 0 0 0 0 0 1.9269 1.92979 0.10566 0 0 -500 0
304 1
1 13 0 0 0 0 0 0 1.56981 1.57336 0.10566 0 0 -500 0
305 1
1 13 0 0 0 0 0 0 1.90068 1.90361 0.10566 0 0 -500 0
306 1
1 13 0 0 0 0 0 0 1.64511 1.6485 0.10566 0 0 -500 0
307 1
1 13 0 0 0 0 0 0 1.5075 1.5112 0.10566 0 0 -500 0
308 1
1 13 0 0 0 0 0 0 1.80883 1.81191 0.10566 0 0 -500 0
309 1
1 13 0 0 0 0 0 0 1.88377 1.88673 0.10566 0 0 -500 0
310 1
1 13 0 0 0 0 0 0 1.80151 1.8046 0.10566 0 0 -500 0
311 1
1 13 0 0 0 0 0 0 1.78932 1.79244 0.10566 0 0 -500 0
312 1
1 13 0 0 0 0 0 0 1.67875 1.68208 0.10566 0 0 -500 0
313 1
1 13 0 0 0 0 0 0 1.56445 1.56801 0.10566 0 0 -500 0
314 1
1 13 0 0 0 0 0 0 1.81198 1.81506 0.10566 0 0 -500 0
315 1
1 13 0 0 0 0 0 0 1.78273 1.78586 0.10566 0 0 -500 0
316 1
1 13 0 0 0 0 0 0 1.98924 1.99204 0.10566 0 0 -500 0
317 1
1 13 0 0 0 0 0 0 1.74974 1.75293 0.10566 0 0 -500 0
318 1
1 13 0 0 0 0 0 0 1.61835 1.6218 0.10566 0 0 -500 0
319 1
1 13 0 0 0 0 0 0 1.72578 1.72901 0.10566 0 0 -500 0
320 1
1 13 0 0 0 0 0 0 1.75374 1.75692 0.10566 0 0 -500 0
321 1
1 13 0 0 0 0 0 0 1.92802 1.93091 0.10566 0 0 -500 0
322 1
1 13 0 0 0 0 0 0 1.77953 1.78267 0.10566 0 0 -500 0
323 1
1 13 0 0 0 0 0 0 1.95717 1.96002 0.10566 0 0 -500 0
324 1
1 13 0 0 0 0 0 0 1.54295 1.54656 0.10566 0 0 -500 0
325 1
1 13 0 0 0 0 0 0 1.63071 1.63413 0.10566 0 0 -500 0
326 1
1 13 0 0 0 0 0 0 1.57035 1.5739 0.10566 0 0 -500 0
327 1
1 13 0 0 0 0 0 0 1.9809 1.98371 0.10566 0 0 -500 0
328 1
1 13 0 0 0 0 0 0 1.57857 1.5821 0.10566 0 0 -500 0
329 1
1 13 0 0 0 0 0 0 1.98196 1.98478 0.10566 0 0 -500 0
330 1
1 13 0 0 0 0 0 0 1.52745 1.5311 0.10566 0 0 -500 0
331 1
1 13 0 0 0 0 0 0 1.77933 1.78246 0.10566 0 0 -500 0
332 1
1 13 0 0 0 0 0 0 1.66792 1.67127 0.10566 0 0 -500 0
333 1
1 13 0 0 0 0 0 0 1.86584 1.86883 0.10566 0 0 -500 0
334 1
1 13 0 0 0 0 0 0 1.64808 1.65146 0.10566 0 0 -500 0
335 1
1 13 0 0 0 0 0 0 1.60271 1.60619 0.10566 0 0 -500 0
336 1
1 13 0 0 0 0 0 0 1.61509 1.61854 0.10566 0 0 -500 0
337 1
1 13 0 0 0 0 0 0 1.67189 1.67522 0.10566 0 0 -500 0
338 1
1 13 0 0 0 0 0 0 1.98692 1.98973 0.10566 0 0 -500 0
339 1
1 13 0 0 0 0 0 0 1.52047 1.52413 0.10566 0 0 -500 0
340 1
1 13 0 0 0 0 0 0 1.74628 1.74947 0.10566 0 0 -500 0
341 1
1 13 0 0 0 0 0 0 1.83569 1.83873 0.10566 0 0 -500 0
342 1
1 13 0 0 0 0 0 0 1.94126 1.94413 0.10566 0 0 -500 0
343 1
1 13 0 0 0 0 0 0 1.88014 1.88311 0.10566 0 0 -500 0
344 1
1 13 0 0 0 0 0 0 1.69977 1.70305 0.10566 0 0 -500 0
345 1
1 13 0 0 0 0 0 0 1.61735 1.6208 0.10566 0 0 -500 0
346 1
1 13 0 0 0 0 0 0 1.64864 1.65203 0.10566 0 0 -500 0
347 1
1 13 0 0 0 0 0 0 1.63083 1.63425 0.10566 0 0 -500 0
348 1
1 13 0 0 0 0 0 0 1.84043 1.84346 0.10566 0 0 -500 0
349 1
1 13 0 0 0 0 0 0 1.92324 1.92614 0.10566 0 0 -500 0
350 1
1 13 0 0 0 0 0 0 1.85488 1.85789 0.10566 0 0 -500 0
351 1
1 13 0 0 0 0 0 0 1.87731 1.88028 0.10566 0 0 -500 0
352 1
1 13 0 0 0 0 0 0 1.66966 1.673 0.10566 0 0 -500 0
353 1
1 13 0 0 0 0 0 0 1.62509 1.62852 0.10566 0 0 -500 0
354 1
1 13 0 0 0 0 0 0 1.93796 1.94083 0.10566 0 0 -500 0
355 1
1 13 0 0 0 0 0 0 1.85589 1.85889 0.10566 0 0 -500 0
356 1
1 13 0 0 0 0 0 0 1.91828 1.92119 0.10566 0 0 -500 0
357 1
1 13 0 0 0 0 0 0 1.85722 1.86022 0.10566 0 0 -500 0
358 1
1 13 0 0 0 0 0 0 1.55623 1.55982 0.10566 0 0 -500 0
359 1
1 13 0 0 0 0 0 0 1.70959 1.71286 0.10566 0 0 -500 0
360 1
1 13 0 0 0 0 0 0 1.53995 1.54357 0.10566 0 0 -500 0
361 1
1 13 0 0 0 0 0 0 1.80057 1.80367 0.10566 0 0 -500 0
362 1
1 13 0 0 0 0 0 0 1.98478 1.98759 0.10566 0 0 -500 0
363 1
1 13 0 0 0 0 0 0 1.9912 1.994 0.10566 0 0 -500 0
364 1
1 13 0 0 0 0 0 0 1.68098 1.6843 0.10566 0 0 -500 0
365 1
1 13 0 0 0 0 0 0 1.59538 1.59888 0.10566 0 0 -500 0
366 1
1 13 0 0 0 0 0 0 1.91323 1.91614 0.10566 0 0 -500 0
367 1
1 13 0 0 0 0 0 0 1.58123 1.58476 0.10566 0 0 -500 0
368 1
1 13 0 0 0 0 0 0 1.88977 1.89272 0.10566 0 0 -500 0
369 1
1 13 0 0 0 0 0 0 1.87245 1.87543 0.10566 0 0 -500 0
370 1
1 13 0 0 0 0 0 0 1.60294 1.60642 0.10566 0 0 -500 0
371 1
1 13 0 0 0 0 0 0 1.96395 1.96679 0.10566 0 0 -500 0
372 1
1 13 0 0 0 0 0 0 1.50374 1.50745 0.10566 0 0 -500 0
373 1
1 13 0 0 0 0 0 0 1.71845 1.7217 0.10566 0 0 -500 0
374 1
1 13 0 0 0 0 0 0 1.9558 1.95865 0.10566 0 0 -500 0
375 1
1 13 0 0 0 0 0 0 1.63267 1.63608 0.10566 0 0 -500 0
376 1
1 13 0 0 0 0 0 0 1.84946 1.85248 0.10566 0 0 -500 0
377 1
1 13 0 0 0 0 0 0 1.74763 1.75082 0.10566 0 0 -500 0
378 1
1 13 0 0 0 0 0 0 1.62347 1.62691 0.10566 0 0 -500 0
379 1
1 13 0 0 0 0 0 0 1.6379 1.6413 0.10566 0 0 -500 0
380 1
1 13 0 0 0 0 0 0 1.51107 1.51476 0.10566 0 0 -500 0
381 1
1 13 0 0 0 0 0 0 1.94269 1.94556 0.10566 0 0 -500 0
382 1
1 13 0 0 0 0 0 0 1.89463 1.89758 0.10566 0 0 -500 0
383 1
1 13 0 0 0 0 0 0 1.93514 1.93802 0.10566 0 0 -500 0
384 1
1 13 0 0 0 0 0 0 1.9513 1.95416 0.10566 0 0 -500 0
385 1
1 13 0 0 0 0 0 0 1.53995 1.54358 0.10566 0 0 -500 0
386 1
1 13 0 0 0 0 0 0 1.53788 1.54151 0.10566 0 0 -500 0
387 1
1 13 0 0 0 0 0 0 1.75562 1.75879 0.10566 0 0 -500 0
388 1
1 13 0 0 0 0 0 0 1.97411 1.97694 0.10566 0 0 -500 0
389 1
1 13 0 0 0 0 0 0 1.93516 1.93804 0.10566 0 0 -500 0
390 1
1 13 0 0 0 0 0 0 1.93583 1.93871 0.10566 0 0 -500 0
391 1
1 13 0 0 0 0 0 0 1.90459 1.90751 0.10566 0 0 -500 0
392 1
1 13 0 0 0 0 0 0 1.50631 1.51001 0.10566 0 0 -500 0
393 1
1 13 0 0 0 0 0 0 1.97 1.97283 0.10566 0 0 -500 0
394 1
1 13 0 0 0 0 0 0 1.76034 1.76351 0.10566 0 0 -500 0
395 1
1 13 0 0 0 0 0 0 1.98601 1.98882 0.10566 0 0 -500 0
396 1
1 13 0 0 0 0 0 0 1.9318 1.93468 0.10566 0 0 -500 0
397 1
1 13 0 0 0 0 0 0 1.97595 1.97878 0.10566 0 0 -500 0
398 1
1 13 0 0 0 0 0 0 1.61765 1.6211 0.10566 0 0 -500 0
399 1
1 13 0 0 0 0 0 0 1.91647 1.91938 0.10566 0 0 -500 0
400 1
1 13 0 0 0 0 0 0 1.60973 1.6132 0.10566 0 0 -500 0
401 1
1 13 0 0 0 0 0 0 1.92498 1.92788 0.10566 0 0 -500 0
402 1
1 13 0 0 0 0 0 0 1.65979 1.66315 0.10566 0 0 -500 0
403 1
1 13 0 0 0 0 0 0 1.95161 1.95447 0.10566 0 0 -500 0
404 1
1 13 0 0 0 0 0 0 1.8725 1.87547 0.10566 0 0 -500 0
405 1
1 13 0 0 0 0 0 0 1.69421 1.6975 0.10566 0 0 -500 0
406 1
1 13 0 0 0 0 0 0 1.64183 1.64523 0.10566 0 0 -500 0
407 1
1 13 0 0 0 0 0 0 1.97388 1.97671 0.10566 0 0 -500 0
408 1
1 13 0 0 0 0 0 0 1.61564 1.61909 0.10566 0 0 -500 0
409 1
1 13 0 0 0 0 0 0 1.93935 1.94222 0.10566 0 0 -500 0
410 1
1 13 0 0 0 0 0 0 1.5402 1.54382 0.10566 0 0 -500 0
411 1
1 13 0 0 0 0 0 0 1.79296 1.79607 0.10566 0 0 -500 0
412 1
1 13 0 0 0 0 0 0 1.50885 1.51255 0.10566 0 0 -500 0
413 1
1 13 0 0 0 0 0 0 1.84882 1.85184 0.10566 0 0 -500 0
414 1
1 13 0 0 0 0 0 0 1.91672 1.91963 0.10566 0 0 -500 0
415 1
1 13 0 0 0 0 0 0 1.84164 1.84466 0.10566 0 0 -500 0
416 1
1 13 0 0 0 0 0 0 1.79799 1.80109 0.10566 0 0 -500 0
417 1
1 13 0 0 0 0 0 0 1.82458 1.82763 0.10566 0 0 -500 0
418 1
1 13 0 0 0 0 0 0 1.59125 1.59476 0.10566 0 0 -500 0
419 1
1 13 0 0 0 0 0 0 1.99604 1.99884 0.10566 0 0 -500 0
420 1
1 13 0 0 0 0 0 0 1.71361 1.71686 0.10566 0 0 -500 0
421 1
1 13 0 0 0 0 0 0 1.84658 1.8496 0.10566 0 0 -500 0
422 1
1 13 0 0 0 0 0 0 1.67062 1.67395 0.10566 0 0 -500 0
423 1
1 13 0 0 0 0 0 0 1.65553 1.65889 0.10566 0 0 -500 0
424 1
1 13 0 0 0 0 0 0 1.54143 1.54504 0.10566 0 0 -500 0
425 1
1 13 0 0 0 0 0 0 1.99206 1.99486 0.10566 0 0 -500 0
426 1
1 13 0 0 0 0 0 0 1.92976 1.93265 0.10566 0 0 -500 0
427 1
1 13 0 0 0 0 0 0 1.99141 1.99421 0.10566 0 0 -500 0
428 1
1 13 0 0 0 0 0 0 1.5486 1.5522 0.10566 0 0 -500 0
429 1
1 13 0 0 0 0 0 0 1.73526 1.73847 0.10566 0 0 -500 0
430 1
1 13 0 0 0 0 0 0 1.55483 1.55841 0.10566 0 0 -500 0
431 1
1 13 0 0 0 0 0 0 1.72193 1.72517 0.10566 0 0 -500 0
432 1
1 13 0 0 0 0 0 0 1.6443 1.64769 0.10566 0 0 -500 0
433 1
1 13 0 0 0 0 0 0 1.70498 1.70825 0.10566 0 0 -500 0
434 1
1 13 0 0 0 0 0 0 1.93845 1.94133 0.10566 0 0 -500 0
435 1
1 13 0 0 0 0 0 0 1.73859 1.7418 0.10566 0 0 -500 0
436 1
1 13 0 0 0 0 0 0 1.59389 1.59739 0.10566 0 0 -500 0
437 1
1 13 0 0 0 0 0 0 1.92474 1.92764 0.10566 0 0 -500 0
438 1
1 13 0 0 0 0 0 0 1.68029 1.68361 0.10566 0 0 -500 0
439 1
1 13 0 0 0 0 0 0 1.89631 1.89925 0.10566 0 0 -500 0
440 1
1 13 0 0 0 0 0 0 1.87132 1.8743 0.10566 0 0 -500 0
441 1
1 13 0 0 0 0 0 0 1.84019 1.84322 0.10566 0 0 -500 0
442 1
1 13 0 0 0 0 0 0 1.71651 1.71976 0.10566 0 0 -500 0
443 1
1 13 0 0 0 0 0 0 1.92552 1.92841 0.10566 0 0 -500 0
444 1
1 13 0 0 0 0 0 0 1.92658 1.92948 0.10566 0 0 -500 0
445 1
1 13 0 0 0 0 0 0 1.5684 1.57196 0.10566 0 0 -500 0
446 1
1 13 0 0 0 0 0 0 1.5236 1.52726 0.10566 0 0 -500 0
447 1
1 13 0 0 0 0 0 0 1.66783 1.67117 0.10566 0 0 -500 0
448 1
1 13 0 0 0 0 0 0 1.75993 1.7631 0.10566 0 0 -500 0
449 1
1 13 0 0 0 0 0 0 1.97834 1.98116 0.10566 0 0 -500 0
450 1
1 13 0 0 0 0 0 0 1.96563 1.96846 0.10566 0 0 -500 0
451 1
1 13 0 0 0 0 0 0 1.55563 1.55921 0.10566 0 0 -500 0
452 1
1 13 0 0 0 0 0 0 1.8962 1.89914 0.10566 0 0 -500 0
453 1
1 13 0 0 0 0 0 0 1.57263 1.57617 0.10566 0 0 -500 0
454 1
1 13 0 0 0 0 0 0 1.61724 1.62069 0.10566 0 0 -500 0
455 1
1 13 0 0 0 0 0 0 1.57424 1.57778 0.10566 0 0 -500 0
456 1
1 13 0 0 0 0 0 0 1.51976 1.52343 0.10566 0 0 -500 0
457 1
1 13 0 0 0 0 0 0 1.67516 1.67849 0.10566 0 0 -500 0
458 1
1 13 0 0 0 0 0 0 1.61832 1.62176 0.10566 0 0 -500 0
459 1
1 13 0 0 0 0 0 0 1.77771 1.78084 0.10566 0 0 -500 0
460 1
1 13 0 0 0 0 0 0 1.78421 1.78734 0.10566 0 0 -500 0
461 1
1 13 0 0 0 0 0 0 1.7945 1.7976 0.10566 0 0 -500 0
462 1
1 13 0 0 0 0 0 0 1.71954 1.72279 0.10566 0 0 -500 0
463 1
1 13 0 0 0 0 0 0 1.78941 1.79253 0.10566 0 0 -500 0
464 1
1 13 0 0 0 0 0 0 1.80726 1.81035 0.10566 0 0 -500 0
465 1
1 13 0 0 0 0 0 0 1.51014 1.51383 0.10566 0 0 -500 0
466 1
1 13 0 0 0 0 0 0 1.56067 1.56425 0.10566 0 0 -500 0
467 1
1 13 0 0 0 0 0 0 1.81889 1.82196 0.10566 0 0 -500 0
468 1
1 13 0 0 0 0 0 0 1.6775 1.68083 0.10566 0 0 -500 0
469 1
1 13 0 0 0 0 0 0 1.92941 1.9323 0.10566 0 0 -500 0
470 1
1 13 0 0 0 0 0 0 1.79971 1.80281 0.10566 0 0 -500 0
471 1
1 13 0 0 0 0 0 0 1.95952 1.96236 0.10566 0 0 -500 0
472 1
1 13 0 0 0 0 0 0 1.50684 1.51054 0.10566 0 0 -500 0
473 1
1 13 0 0 0 0 0 0 1.57367 1.57721 0.10566 0 0 -500 0
474 1
1 13 0 0 0 0 0 0 1.80384 1.80693 0.10566 0 0 -500 0
475 1
1 13 0 0 0 0 0 0 1.88782 1.89077 0.10566 0 0 -500 0
476 1
1 13 0 0 0 0 0 0 1.51013 1.51382 0.10566 0 0 -500 0
477 1
1 13 0 0 0 0 0 0 1.79535 1.79845 0.10566 0 0 -500 0
478 1
1 13 0 0 0 0 0 0 1.95221 1.95507 0.10566 0 0 -500 0
479 1
1 13 0 0 0 0 0 0 1.55498 1.55856 0.10566 0 0 -500 0
480 1
1 13 0 0 0 0 0 0 1.82813 1.83118 0.10566 0 0 -500 0
481 1
1 13 0 0 0 0 0 0 1.68543 1.68874 0.10566 0 0 -500 0
482 1
1 13 0 0 0 0 0 0 1.62034 1.62378 0.10566 0 0 -500 0
483 1
1 13 0 0 0 0 0 0 1.60187 1.60536 0.10566 0 0 -500 0
484 1
1 13 0 0 0 0 0 0 1.87667 1.87964 0.10566 0 0 -500 0
485 1
1 13 0 0 0 0 0 0 1.80924 1.81233 0.10566 0 0 -500 0
486 1
1 13 0 0 0 0 0 0 1.55163 1.55522 0.10566 0 0 -500 0
487 1
1 13 0 0 0 0 0 0 1.86985 1.87283 0.10566 0 0 -500 0
488 1
1 13 0 0 0 0 0 0 1.81838 1.82144 0.10566 0 0 -500 0
489 1
1 13 0 0 0 0 0 0 1.69551 1.6988 0.10566 0 0 -500 0
490 1
1 13 0 0 0 0 0 0 1.63022 1.63364 0.10566 0 0 -500 0
491 1
1 13 0 0 0 0 0 0 1.95418 1.95703 0.10566 0 0 -500 0
492 1
1 13 0 0 0 0 0 0 1.88966 1.89261 0.10566 0 0 -500 0
493 1
1 13 0 0 0 0 0 0 1.65598 1.65935 0.10566 0 0 -500 0
494 1
1 13 0 0 0 0 0 0 1.87643 1.8794 0.10566 0 0 -500 0
495 1
1 13 0 0 0 0 0 0 1.67667 1.68 0.10566 0 0 -500 0
496 1
1 13 0 0 0 0 0 0 1.72264 1.72587 0.10566 0 0 -500 0
497 1
1 13 0 0 0 0 0 0 1.71552 1.71877 0.10566 0 0 -500 0
498 1
1 13 0 0 0 0 0 0 1.83197 1.83501 0.10566 0 0 -500 0
499 1
1 13 0 0 0 0 0 0 1.7377 1.74091 0.10566 0 0 -500 0
500 1
1 13 0 0 0 0 0 0 1.74321 1.74641 0.10566 0 0 -500 0
501 1
1 13 0 0 0 0 0 0 1.82272 1.82578 0.10566 0 0 -500 0
502 1
1 13 0 0 0 0 0 0 1.98093 1.98374 0.10566 0 0 -500 0
503 1
1 13 0 0 0 0 0 0 1.85474 1.85775 0.10566 0 0 -500 0
504 1
1 13 0 0 0 0 0 0 1.87939 1.88236 0.10566 0 0 -500 0
505 1
1 13 0 0 0 0 0 0 1.7364 1.73961 0.10566 0 0 -500 0
506 1
1 13 0 0 0 0 0 0 1.55077 1.55437 0.10566 0 0 -500 0
507 1
1 13 0 0 0 0 0 0 1.64659 1.64997 0.10566 0 0 -500 0
508 1
1 13 0 0 0 0 0 0 1.80038 1.80347 0.10566 0 0 -500 0
509 1
1 13 0 0 0 0 0 0 1.78372 1.78684 0.10566 0 0 -500 0
510 1
1 13 0 0 0 0 0 0 1.57894 1.58248 0.10566 0 0 -500 0
511 1
1 13 0 0 0 0 0 0 1.81658 1.81965 0.10566 0 0 -500 0
512 1
1 13 0 0 0 0 0 0 1.74502 1.74822 0.10566 0 0 -500 0
513 1
1 13 0 0 0 0 0 0 1.65203 1.6554 0.10566 0 0 -500 0
514 1
1 13 0 0 0 0 0 0 1.53789 1.54152 0.10566 0 0 -500 0
515 1
1 13 0 0 0 0 0 0 1.70024 1.70352 0.10566 0 0 -500 0
516 1
1 13 0 0 0 0 0 0 1.65063 1.65401 0.10566 0 0 -500 0
517 1
1 13 0 0 0 0 0 0 1.96345 1.96629 0.10566 0 0 -500 0
518 1
1 13 0 0 0 0 0 0 1.56083 1.5644 0.10566 0 0 -500 0
519 1
1 13 0 0 0 0 0 0 1.80162 1.80472 0.10566 0 0 -500 0
520 1
1 13 0 0 0 0 0 0 1.9672 1.97004 0.10566 0 0 -500 0
521 1
1 13 0 0 0 0 0 0 1.98876 1.99156 0.10566 0 0 -500 0
522 1
1 13 0 0 0 0 0 0 1.73714 1.74035 0.10566 0 0 -500 0
523 1
1 13 0 0 0 0 0 0 1.96797 1.9708 0.10566 0 0 -500 0
524 1
1 13 0 0 0 0 0 0 1.9144 1.91731 0.10566 0 0 -500 0
525 1
1 13 0 0 0 0 0 0 1.56788 1.57144 0.10566 0 0 -500 0
526 1
1 13 0 0 0 0 0 0 1.80971 1.81279 0.10566 0 0 -500 0
527 1
1 13 0 0 0 0 0 0 1.59216 1.59567 0.10566 0 0 -500 0
528 1
1 13 0 0 0 0 0 0 1.87757 1.88054 0.10566 0 0 -500 0
529 1
1 13 0 0 0 0 0 0 1.50953 1.51323 0.10566 0 0 -500 0
530 1
1 13 0 0 0 0 0 0 1.68018 1.6835 0.10566 0 0 -500 0
531 1
1 13 0 0 0 0 0 0 1.60614 1.60962 0.10566 0 0 -500 0
532 1
1 13 0 0 0 0 0 0 1.76551 1.76866 0.10566 0 0 -500 0
533 1
1 13 0 0 0 0 0 0 1.74073 1.74394 0.10566 0 0 -500 0
534 1
1 13 0 0 0 0 0 0 1.69534 1.69863 0.10566 0 0 -500 0
535 1
1 13 0 0 0 0 0 0 1.51033 1.51402 0.10566 0 0 -500 0
536 1
1 13 0 0 0 0 0 0 1.52448 1.52814 0.10566 0 0 -500 0
537 1
1 13 0 0 0 0 0 0 1.98684 1.98965 0.10566 0 0 -500 0
538 1
1 13 0 0 0 0 0 0 1.53457 1.5382 0.10566 0 0 -500 0
539 1
1 13 0 0 0 0 0 0 1.87119 1.87417 0.10566 0 0 -500 0
540 1
1 13 0 0 0 0 0 0 1.71385 1.71711 0.10566 0 0 -500 0
541 1
1 13 0 0 0 0 0 0 1.78324 1.78637 0.10566 0 0 -500 0
542 1
1 13 0 0 0 0 0 0 1.75684 1.76001 0.10566 0 0 -500 0
543 1
1 13 0 0 0 0 0 0 1.75271 1.7559 0.10566 0 0 -500 0
544 1
1 13 0 0 0 0 0 0 1.82526 1.82832 0.10566 0 0 -500 0
545 1
1 13 0 0 0 0 0 0 1.78431 1.78744 0.10566 0 0 -500 0
546 1
1 13 0 0 0 0 0 0 1.73253 1.73575 0.10566 0 0 -500 0
547 1
1 13 0 0 0 0 0 0 1.90706 1.90999 0.10566 0 0 -500 0
548 1
1 13 0 0 0 0 0 0 1.84381 1.84684 0.10566 0 0 -500 0
549 1
1 13 0 0 0 0 0 0 1.99728 2.00008 0.10566 0 0 -500 0
550 1
1 13 0 0 0 0 0 0 1.79107 1.79419 0.10566 0 0 -500 0
551 1
1 13 0 0 0 0 0 0 1.98213 1.98495 0.10566 0 0 -500 0
552 1
1 13 0 0 0 0 0 0 1.75695 1.76013 0.10566 0 0 -500 0
553 1
1 13 0 0 0 0 0 0 1.52208 1.52574 0.10566 0 0 -500 0
554 1
1 13 0 0 0 0 0 0 1.64758 1.65096 0.10566 0 0 -500 0
555 1
1 13 0 0 0 0 0 0 1.9052 1.90813 0.10566 0 0 -500 0
556 1
1 13 0 0 0 0 0 0 1.77226 1.7754 0.10566 0 0 -500 0
557 1
1 13 0 0 0 0 0 0 1.78424 1.78737 0.10566 0 0 -500 0
558 1
1 13 0 0 0 0 0 0 1.5465 1.5501 0.10566 0 0 -500 0
559 1
1 13 0 0 0 0 0 0 1.57253 1.57608 0.10566 0 0 -500 0
560 1
1 13 0 0 0 0 0 0 1.76474 1.7679 0.10566 0 0 -500 0
561 1
1 13 0 0 0 0 0 0 1.76438 1.76754 0.10566 0 0 -500 0
562 1
1 13 0 0 0 0 0 0 1.97379 1.97661 0.10566 0 0 -500 0
563 1
1 13 0 0 0 0 0 0 1.74647 1.74966 0.10566 0 0 -500 0
564 1
1 13 0 0 0 0 0 0 1.96431 1.96715 0.10566 0 0 -500 0
565 1
1 13 0 0 0 0 0 0 1.66607 1.66942 0.10566 0 0 -500 0
566 1
1 13 0 0 0 0 0 0 1.50176 1.50547 0.10566 0 0 -500 0
567 1
1 13 0 0 0 0 0 0 1.564 1.56756 0.10566 0 0 -500 0
568 1
1 13 0 0 0 0 0 0 1.63444 1.63785 0.10566 0 0 -500 0
569 1
1 13 0 0 0 0 0 0 1.69728 1.70057 0.10566 0 0 -500 0
570 1
1 13 0 0 0 0 0 0 1.9581 1.96095 0.10566 0 0 -500 0
571 1
1 13 0 0 0 0 0 0 1.60688 1.61035 0.10566 0 0 -500 0
572 1
1 13 0 0 0 0 0 0 1.54238 1.546 0.10566 0 0 -500 0
573 1
1 13 0 0 0 0 0 0 1.67894 1.68226 0.10566 0 0 -500 0
574 1
1 13 0 0 0 0 0 0 1.78844 1.79156 0.10566 0 0 -500 0
575 1
1 13 0 0 0 0 0 0 1.55716 1.56075 0.10566 0 0 -500 0
576 1
1 13 0 0 0 0 0 0 1.89909 1.90203 0.10566 0 0 -500 0
577 1
1 13 0 0 0 0 0 0 1.922 1.9249 0.10566 0 0 -500 0
578 1
1 13 0 0 0 0 0 0 1.72478 1.72802 0.10566 0 0 -500 0
579 1
1 13 0 0 0 0 0 0 1.87645 1.87942 0.10566 0 0 -500 0
580 1
1 13 0 0 0 0 0 0 1.6075 1.61096 0.10566 0 0 -500 0
581 1
1 13 0 0 0 0 0 0 1.60294 1.60642 0.10566 0 0 -500 0
582 1
1 13 0 0 0 0 0 0 1.64622 1.64961 0.10566 0 0 -500 0
583 1
1 13 0 0 0 0 0 0 1.72336 1.7266 0.10566 0 0 -500 0
584 1
1 13 0 0 0 0 0 0 1.7516 1.75478 0.10566 0 0 -500 0
585 1
1 13 0 0 0 0 0 0 1.98235 1.98516 0.10566 0 0 -500 0
586 1
1 13 0 0 0 0 0 0 1.68055 1.68387 0.10566 0 0 -500 0
587 1
1 13 0 0 0 0 0 0 1.99847 2.00126 0.10566 0 0 -500 0
588 1
1 13 0 0 0 0 0 0 1.92419 1.92709 0.10566 0 0 -500 0
589 1
1 13 0 0 0 0 0 0 1.5015 1.50521 0.10566 0 0 -500 0
590 1
1 13 0 0 0 0 0 0 1.64481 1.6482 0.10566 0 0 -500 0
591 1
1 13 0 0 0 0 0 0 1.50537 1.50907 0.10566 0 0 -500 0
592 1
1 13 0 0 0 0 0 0 1.90486 1.90779 0.10566 0 0 -500 0
593 1
1 13 0 0 0 0 0 0 1.91494 1.91786 0.10566 0 0 -500 0
594 1
1 13 0 0 0 0 0 0 1.70282 1.70609 0.10566 0 0 -500 0
595 1
1 13 0 0 0 0 0 0 1.64302 1.64642 0.10566 0 0 -500 0
596 1
1 13 0 0 0 0 0 0 1.95447 1.95732 0.10566 0 0 -500 0
597 1
1 13 0 0 0 0 0 0 1.63185 1.63527 0.10566 0 0 -500 0
598 1
1 13 0 0 0 0 0 0 1.74995 1.75313 0.10566 0 0 -500 0
599 1
1 13 0 0 0 0 0 0 1.57204 1.57558 0.10566 0 0 -500 0
600 1
1 13 0 0 0 0 0 0 1.99469 1.99749 0.10566 0 0 -500 0
601 1
1 13 0 0 0 0 0 0 1.70578 1.70905 0.10566 0 0 -500 0
602 1
1 13 0 0 0 0 0 0 1.97732 1.98015 0.10566 0 0 -500 0
603 1
1 13 0 0 0 0 0 0 1.60733 1.6108 0.10566 0 0 -500 0
604 1
1 13 0 0 0 0 0 0 1.67122 1.67456 0.10566 0 0 -500 0
605 1
1 13 0 0 0 0 0 0 1.85813 1.86113 0.10566 0 0 -500 0
606 1
1 13 0 0 0 0 0 0 1.64285 1.64624 0.10566 0 0 -500 0
607 1
1 13 0 0 0 0 0 0 1.65506 1.65843 0.10566 0 0 -500 0
608 1
1 13 0 0 0 0 0 0 1.82634 1.82939 0.10566 0 0 -500 0
609 1
1 13 0 0 0 0 0 0 1.99095 1.99375 0.10566 0 0 -500 0
610 1
1 13 0 0 0 0 0 0 1.9158 1.91871 0.10566 0 0 -500 0
611 1
1 13 0 0 0 0 0 0 1.86703 1.87002 0.10566 0 0 -500 0
612 1
1 13 0 0 0 0 0 0 1.80853 1.81161 0.10566 0 0 -500 0
613 1
1 13 0 0 0 0 0 0 1.78435 1.78747 0.10566 0 0 -500 0
614 1
1 13 0 0 0 0 0 0 1.55703 1.56061 0.10566 0 0 -500 0
615 1
1 13 0 0 0 0 0 0 1.88749 1.89044 0.10566 0 0 -500 0
616 1
1 13 0 0 0 0 0 0 1.60164 1.60512 0.10566 0 0 -500 0
617 1
1 13 0 0 0 0 0 0 1.66149 1.66484 0.10566 0 0 -500 0
618 1
1 13 0 0 0 0 0 0 1.94415 1.94702 0.10566 0 0 -500 0
619 1
1 13 0 0 0 0 0 0 1.63835 1.64176 0.10566 0 0 -500 0
620 1
1 13 0 0 0 0 0 0 1.91164 1.91456 0.10566 0 0 -500 0
621 1
1 13 0 0 0 0 0 0 1.52308 1.52674 0.10566 0 0 -500 0
622 1
1 13 0 0 0 0 0 0 1.88067 1.88364 0.10566 0 0 -500 0
623 1
1 13 0 0 0 0 0 0 1.98481 1.98762 0.10566 0 0 -500 0
624 1
1 13 0 0 0 0 0 0 1.71398 1.71723 0.10566 0 0 -500 0
625 1
1 13 0 0 0 0 0 0 1.71861 1.72185 0.10566 0 0 -500 0
626 1
1 13 0 0 0 0 0 0 1.72774 1.73097 0.10566 0 0 -500 0
627 1
1 13 0 0 0 0 0 0 1.55275 1.55634 0.10566 0 0 -500 0
628 1
1 13 0 0 0 0 0 0 1.67743 1.68076 0.10566 0 0 -500 0
629 1
1 13 0 0 0 0 0 0 1.83398 1.83702 0.10566 0 0 -500 0
630 1
1 13 0 0 0 0 0 0 1.82557 1.82862 0.10566 0 0 -500 0
631 1
1 13 0 0 0 0 0 0 1.56266 1.56622 0.10566 0 0 -500 0
632 1
1 13 0 0 0 0 0 0 1.6887 1.692 0.10566 0 0 -500 0
633 1
1 13 0 0 0 0 0 0 1.96108 1.96392 0.10566 0 0 -500 0
634 1
1 13 0 0 0 0 0 0 1.77683 1.77997 0.10566 0 0 -500 0
635 1
1 13 0 0 0 0 0 0 1.79577 1.79888 0.10566 0 0 -500 0
636 1
1 13 0 0 0 0 0 0 1.89113 1.89408 0.10566 0 0 -500 0
637 1
1 13 0 0 0 0 0 0 1.92627 1.92917 0.10566 0 0 -500 0
638 1
1 13 0 0 0 0 0 0 1.66111 1.66447 0.10566 0 0 -500 0
639 1
1 13 0 0 0 0 0 0 1.73426 1.73748 0.10566 0 0 -500 0
640 1
1 13 0 0 0 0 0 0 1.9931 1.9959 0.10566 0 0 -500 0
641 1
1 13 0 0 0 0 0 0 1.69597 1.69926 0.10566 0 0 -500 0
642 1
1 13 0 0 0 0 0 0 1.91329 1.9162 0.10566 0 0 -500 0
643 1
1 13 0 0 0 0 0 0 1.5376 1.54122 0.10566 0 0 -500 0
644 1
1 13 0 0 0 0 0 0 1.93569 1.93857 0.10566 0 0 -500 0
645 1
1 13 0 0 0 0 0 0 1.52342 1.52708 0.10566 0 0 -500 0
646 1
1 13 0 0 0 0 0 0 1.64469 1.64808 0.10566 0 0 -500 0
647 1
1 13 0 0 0 0 0 0 1.77482 1.77796 0.10566 0 0 -500 0
648 1
1 13 0 0 0 0 0 0 1.7795 1.78263 0.10566 0 0 -500 0
649 1
1 13 0 0 0 0 0 0 1.76179 1.76496 0.10566 0 0 -500 0
650 1
1 13 0 0 0 0 0 0 1.96128 1.96412 0.10566 0 0 -500 0
651 1
1 13 0 0 0 0 0 0 1.93436 1.93724 0.10566 0 0 -500 0
652 1
1 13 0 0 0 0 0 0 1.7578 1.76097 0.10566 0 0 -500 0
653 1
1 13 0 0 0 0 0 0 1.79615 1.79926 0.10566 0 0 -500 0
654 1
1 13 0 0 0 0 0 0 1.96024 1.96309 0.10566 0 0 -500 0
655 1
1 13 0 0 0 0 0 0 1.61389 1.61734 0.10566 0 0 -500 0
656 1
1 13 0 0 0 0 0 0 1.5244 1.52806 0.10566 0 0 -500 0
657 1
1 13 0 0 0 0 0 0 1.56052 1.56409 0.10566 0 0 -500 0
658 1
1 13 0 0 0 0 0 0 1.5071 1.5108 0.10566 0 0 -500 0
659 1
1 13 0 0 0 0 0 0 1.9503 1.95316 0.10566 0 0 -500 0
660 1
1 13 0 0 0 0 0 0 1.65027 1.65365 0.10566 0 0 -500 0
661 1
1 13 0 0 0 0 0 0 1.6094 1.61287 0.10566 0 0 -500 0
662 1
1 13 0 0 0 0 0 0 1.91877 1.92167 0.10566 0 0 -500 0
663 1
1 13 0 0 0 0 0 0 1.78895 1.79206 0.10566 0 0 -500 0
664 1
1 13 0 0 0 0 0 0 1.58454 1.58805 0.10566 0 0 -500 0
665 1
1 13 0 0 0 0 0 0 1.70307 1.70635 0.10566 0 0 -500 0
666 1
1 13 0 0 0 0 0 0 1.80215 1.80524 0.10566 0 0 -500 0
667 1
1 13 0 0 0 0 0 0 1.77314 1.77628 0.10566 0 0 -500 0
668 1
1 13 0 0 0 0 0 0 1.95171 1.95456 0.10566 0 0 -500 0
669 1
1 13 0 0 0 0 0 0 1.82157 1.82463 0.10566 0 0 -500 0
670 1
1 13 0 0 0 0 0 0 1.80297 1.80606 0.10566 0 0 -500 0
671 1
1 13 0 0 0 0 0 0 1.86101 1.86401 0.10566 0 0 -500 0
672 1
1 13 0 0 0 0 0 0 1.84213 1.84516 0.10566 0 0 -500 0
673 1
1 13 0 0 0 0 0 0 1.85859 1.86159 0.10566 0 0 -500 0
674 1
1 13 0 0 0 0 0 0 1.55072 1.55432 0.10566 0 0 -500 0
675 1
1 13 0 0 0 0 0 0 1.60958 1.61305 0.10566 0 0 -500 0
676 1
1 13 0 0 0 0 0 0 1.66969 1.67303 0.10566 0 0 -500 0
677 1
1 13 0 0 0 0 0 0 1.51836 1.52203 0.10566 0 0 -500 0
678 1
1 13 0 0 0 0 0 0 1.9698 1.97263 0.10566 0 0 -500 0
679 1
1 13 0 0 0 0 0 0 1.79333 1.79644 0.10566 0 0 -500 0
680 1
1 13 0 0 0 0 0 0 1.96527 1.96811 0.10566 0 0 -500 0
681 1
1 13 0 0 0 0 0 0 1.69474 1.69803 0.10566 0 0 -500 0
682 1
1 13 0 0 0 0 0 0 1.91383 1.91674 0.10566 0 0 -500 0
683 1
1 13 0 0 0 0 0 0 1.84316 1.84619 0.10566 0 0 -500 0
684 1
1 13 0 0 0 0 0 0 1.88319 1.88615 0.10566 0 0 -500 0
685 1
1 13 0 0 0 0 0 0 1.9494 1.95226 0.10566 0 0 -500 0
686 1
1 13 0 0 0 0 0 0 1.95619 1.95905 0.10566 0 0 -500 0
687 1
1 13 0 0 0 0 0 0 1.94134 1.94421 0.10566 0 0 -500 0
688 1
1 13 0 0 0 0 0 0 1.96747 1.9703 0.10566 0 0 -500 0
689 1
1 13 0 0 0 0 0 0 1.9275 1.93039 0.10566 0 0 -500 0
690 1
1 13 0 0 0 0 0 0 1.53434 1.53797 0.10566 0 0 -500 0
691 1
1 13 0 0 0 0 0 0 1.6598 1.66316 0.10566 0 0 -500 0
692 1
1 13 0 0 0 0 0 0 1.97771 1.98053 0.10566 0 0 -500 0
693 1
1 13 0 0 0 0 0 0 1.88823 1.89118 0.10566 0 0 -500 0
694 1
1 13 0 0 0 0 0 0 1.9482 1.95107 0.10566 0 0 -500 0
695 1
1 13 0 0 0 0 0 0 1.965 1.96784 0.10566 0 0 -500 0
696 1
1 13 0 0 0 0 0 0 1.98167 1.98448 0.10566 0 0 -500 0
697 1
1 13 0 0 0 0 0 0 1.6519 1.65528 0.10566 0 0 -500 0
698 1
1 13 0 0 0 0 0 0 1.52037 1.52404 0.10566 0 0 -500 0
699 1
1 13 0 0 0 0 0 0 1.72823 1.73146 0.10566 0 0 -500 0
700 1
1 13 0 0 0 0 0 0 1.98427 1.98708 0.10566 0 0 -500 0
701 1
1 13 0 0 0 0 0 0 1.59601 1.59951 0.10566 0 0 -500 0
702 1
1 13 0 0 0 0 0 0 1.96502 1.96786 0.10566 0 0 -500 0
703 1
1 13 0 0 0 0 0 0 1.78663 1.78976 0.10566 0 0 -500 0
704 1
1 13 0 0 0 0 0 0 1.67016 1.6735 0.10566 0 0 -500 0
705 1
1 13 0 0 0 0 0 0 1.85585 1.85885 0.10566 0 0 -500 0
706 1
1 13 0 0 0 0 0 0 1.67263 1.67596 0.10566 0 0 -500 0
707 1
1 13 0 0 0 0 0 0 1.93961 1.94249 0.10566 0 0 -500 0
708 1
1 13 0 0 0 0 0 0 1.99384 1.99664 0.10566 0 0 -500 0
709 1
1 13 0 0 0 0 0 0 1.71153 1.71479 0.10566 0 0 -500 0
710 1
1 13 0 0 0 0 0 0 1.85261 1.85562 0.10566 0 0 -500 0
711 1
1 13 0 0 0 0 0 0 1.70052 1.7038 0.10566 0 0 -500 0
712 1
1 13 0 0 0 0 0 0 1.79732 1.80043 0.10566 0 0 -500 0
713 1
1 13 0 0 0 0 0 0 1.88961 1.89256 0.10566 0 0 -500 0
714 1
1 13 0 0 0 0 0 0 1.99561 1.9984 0.10566 0 0 -500 0
715 1
1 13 0 0 0 0 0 0 1.85209 1.8551 0.10566 0 0 -500 0
716 1
1 13 0 0 0 0 0 0 1.76498 1.76813 0.10566 0 0 -500 0
717 1
1 13 0 0 0 0 0 0 1.55225 1.55584 0.10566 0 0 -500 0
718 1
1 13 0 0 0 0 0 0 1.57461 1.57815 0.10566 0 0 -500 0
719 1
1 13 0 0 0 0 0 0 1.59997 1.60345 0.10566 0 0 -500 0
720 1
1 13 0 0 0 0 0 0 1.7593 1.76247 0.10566 0 0 -500 0
721 1
1 13 0 0 0 0 0 0 1.63584 1.63925 0.10566 0 0 -500 0
722 1
1 13 0 0 0 0 0 0 1.542 1.54561 0.10566 0 0 -500 0
723 1
1 13 0 0 0 0 0 0 1.62424 1.62767 0.10566 0 0 -500 0
724 1
1 13 0 0 0 0 0 0 1.64708 1.65047 0.10566 0 0 -500 0
725 1
1 13 0 0 0 0 0 0 1.8481 1.85111 0.10566 0 0 -500 0
726 1
1 13 0 0 0 0 0 0 1.78661 1.78973 0.10566 0 0 -500 0
727 1
1 13 0 0 0 0 0 0 1.97611 1.97894 0.10566 0 0 -500 0
728 1
1 13 0 0 0 0 0 0 1.87188 1.87486 0.10566 0 0 -500 0
729 1
1 13 0 0 0 0 0 0 1.5279 1.53155 0.10566 0 0 -500 0
730 1
1 13 0 0 0 0 0 0 1.94208 1.94495 0.10566 0 0 -500 0
731 1
1 13 0 0 0 0 0 0 1.79439 1.7975 0.10566 0 0 -500 0
732 1
1 13 0 0 0 0 0 0 1.79996 1.80306 0.10566 0 0 -500 0
733 1
1 13 0 0 0 0 0 0 1.86995 1.87293 0.10566 0 0 -500 0
734 1
1 13 0 0 0 0 0 0 1.56191 1.56548 0.10566 0 0 -500 0
735 1
1 13 0 0 0 0 0 0 1.68981 1.69311 0.10566 0 0 -500 0
736 1
1 13 0 0 0 0 0 0 1.50115 1.50487 0.10566 0 0 -500 0
737 1
1 13 0 0 0 0 0 0 1.81893 1.82199 0.10566 0 0 -500 0
738 1
1 13 0 0 0 0 0 0 1.64836 1.65174 0.10566 0 0 -500 0
739 1
1 13 0 0 0 0 0 0 1.59405 1.59755 0.10566 0 0 -500 0
740 1
1 13 0 0 0 0 0 0 1.69541 1.6987 0.10566 0 0 -500 0
741 1
1 13 0 0 0 0 0 0 1.51478 1.51846 0.10566 0 0 -500 0
742 1
1 13 0 0 0 0 0 0 1.8017 1.8048 0.10566 0 0 -500 0
743 1
1 13 0 0 0 0 0 0 1.98335 1.98616 0.10566 0 0 -500 0
744 1
1 13 0 0 0 0 0 0 1.5056 1.5093 0.10566 0 0 -500 0
745 1
1 13 0 0 0 0 0 0 1.98407 1.98688 0.10566 0 0 -500 0
746 1
1 13 0 0 0 0 0 0 1.67303 1.67636 0.10566 0 0 -500 0
747 1
1 13 0 0 0 0 0 0 1.79508 1.79819 0.10566 0 0 -500 0
748 1
1 13 0 0 0 0 0 0 1.88513 1.88809 0.10566 0 0 -500 0
749 1
1 13 0 0 0 0 0 0 1.58677 1.59028 0.10566 0 0 -500 0
750 1
1 13 0 0 0 0 0 0 1.73751 1.74072 0.10566 0 0 -500 0
751 1
1 13 0 0 0 0 0 0 1.98724 1.99005 0.10566 0 0 -500 0
752 1
1 13 0 0 0 0 0 0 1.64265 1.64605 0.10566 0 0 -500 0
753 1
1 13 0 0 0 0 0 0 1.81109 1.81417 0.10566 0 0 -500 0
754 1
1 13 0 0 0 0 0 0 1.79424 1.79735 0.10566 0 0 -500 0
755 1
1 13 0 0 0 0 0 0 1.70269 1.70596 0.10566 0 0 -500 0
756 1
1 13 0 0 0 0 0 0 1.9631 1.96594 0.10566 0 0 -500 0
757 1
1 13 0 0 0 0 0 0 1.52843 1.53208 0.10566 0 0 -500 0
758 1
1 13 0 0 0 0 0 0 1.91773 1.92064 0.10566 0 0 -500 0
759 1
1 13 0 0 0 0 0 0 1.65878 1.66214 0.10566 0 0 -500 0
760 1
1 13 0 0 0 0 0 0 1.59576 1.59925 0.10566 0 0 -500 0
761 1
1 13 0 0 0 0 0 0 1.77447 1.77761 0.10566 0 0 -500 0
762 1
1 13 0 0 0 0 0 0 1.67329 1.67662 0.10566 0 0 -500 0
763 1
1 13 0 0 0 0 0 0 1.6464 1.64978 0.10566 0 0 -500 0
764 1
1 13 0 0 0 0 0 0 1.6391 1.6425 0.10566 0 0 -500 0
765 1
1 13 0 0 0 0 0 0 1.79186 1.79497 0.10566 0 0 -500 0
766 1
1 13 0 0 0 0 0 0 1.68429 1.6876 0.10566 0 0 -500 0
767 1
1 13 0 0 0 0 0 0 1.93387 1.93675 0.10566 0 0 -500 0
768 1
1 13 0 0 0 0 0 0 1.78279 1.78592 0.10566 0 0 -500 0
769 1
1 13 0 0 0 0 0 0 1.88822 1.89117 0.10566 0 0 -500 0
770 1
1 13 0 0 0 0 0 0 1.63812 1.64152 0.10566 0 0 -500 0
771 1
1 13 0 0 0 0 0 0 1.93092 1.93381 0.10566 0 0 -500 0
772 1
1 13 0 0 0 0 0 0 1.96871 1.97154 0.10566 0 0 -500 0
773 1
1 13 0 0 0 0 0 0 1.85613 1.85913 0.10566 0 0 -500 0
774 1
1 13 0 0 0 0 0 0 1.87124 1.87422 0.10566 0 0 -500 0
775 1
1 13 0 0 0 0 0 0 1.96166 1.96451 0.10566 0 0 -500 0
776 1
1 13 0 0 0 0 0 0 1.87815 1.88112 0.10566 0 0 -500 0
777 1
1 13 0 0 0 0 0 0 1.80466 1.80775 0.10566 0 0 -500 0
778 1
1 13 0 0 0 0 0 0 1.67866 1.68199 0.10566 0 0 -500 0
779 1
1 13 0 0 0 0 0 0 1.80028 1.80337 0.10566 0 0 -500 0
780 1
1 13 0 0 0 0 0 0 1.93748 1.94035 0.10566 0 0 -500 0
781 1
1 13 0 0 0 0 0 0 1.54073 1.54435 0.10566 0 0 -500 0
782 1
1 13 0 0 0 0 0 0 1.7286 1.73183 0.10566 0 0 -500 0
783 1
1 13 0 0 0 0 0 0 1.58514 1.58866 0.10566 0 0 -500 0
784 1
1 13 0 0 0 0 0 0 1.95547 1.95832 0.10566 0 0 -500 0
785 1
1 13 0 0 0 0 0 0 1.76203 1.7652 0.10566 0 0 -500 0
786 1
1 13 0 0 0 0 0 0 1.93027 1.93316 0.10566 0 0 -500 0
787 1
1 13 0 0 0 0 0 0 1.97217 1.975 0.10566 0 0 -500 0
788 1
1 13 0 0 0 0 0 0 1.87935 1.88232 0.10566 0 0 -500 0
789 1
1 13 0 0 0 0 0 0 1.99438 1.99717 0.10566 0 0 -500 0
790 1
1 13 0 0 0 0 0 0 1.64021 1.64361 0.10566 0 0 -500 0
791 1
1 13 0 0 0 0 0 0 1.52105 1.52471 0.10566 0 0 -500 0
792 1
1 13 0 0 0 0 0 0 1.81788 1.82094 0.10566 0 0 -500 0
793 1
1 13 0 0 0 0 0 0 1.90354 1.90647 0.10566 0 0 -500 0
794 1
1 13 0 0 0 0 0 0 1.56497 1.56853 0.10566 0 0 -500 0
795 1
1 13 0 0 0 0 0 0 1.64367 1.64706 0.10566 0 0 -500 0
796 1
1 13 0 0 0 0 0 0 1.70222 1.7055 0.10566 0 0 -500 0
797 1
1 13 0 0 0 0 0 0 1.67133 1.67467 0.10566 0 0 -500 0
798 1
1 13 0 0 0 0 0 0 1.59114 1.59464 0.10566 0 0 -500 0
799 1
1 13 0 0 0 0 0 0 1.63521 1.63862 0.10566 0 0 -500 0
800 1
1 13 0 0 0 0 0 0 1.69434 1.69763 0.10566 0 0 -500 0
801 1
1 13 0 0 0 0 0 0 1.56318 1.56674 0.10566 0 0 -500 0
802 1
1 13 0 0 0 0 0 0 1.5365 1.54013 0.10566 0 0 -500 0
803 1
1 13 0 0 0 0 0 0 1.90987 1.91279 0.10566 0 0 -500 0
804 1
1 13 0 0 0 0 0 0 1.57338 1.57692 0.10566 0 0 -500 0
805 1
1 13 0 0 0 0 0 0 1.81783 1.8209 0.10566 0 0 -500 0
806 1
1 13 0 0 0 0 0 0 1.66724 1.67058 0.10566 0 0 -500 0
807 1
1 13 0 0 0 0 0 0 1.52834 1.53199 0.10566 0 0 -500 0
808 1
1 13 0 0 0 0 0 0 1.96576 1.9686 0.10566 0 0 -500 0
809 1
1 13 0 0 0 0 0 0 1.75117 1.75435 0.10566 0 0 -500 0
810 1
1 13 0 0 0 0 0 0 1.86403 1.86702 0.10566 0 0 -500 0
811 1
1 13 0 0 0 0 0 0 1.77864 1.78177 0.10566 0 0 -500 0
812 1
1 13 0 0 0 0 0 0 1.77719 1.78033 0.10566 0 0 -500 0
813 1
1 13 0 0 0 0 0 0 1.7144 1.71765 0.10566 0 0 -500 0
814 1
1 13 0 0 0 0 0 0 1.52792 1.53157 0.10566 0 0 -500 0
815 1
1 13 0 0 0 0 0 0 1.92778 1.93067 0.10566 0 0 -500 0
816 1
1 13 0 0 0 0 0 0 1.67004 1.67338 0.10566 0 0 -500 0
817 1
1 13 0 0 0 0 0 0 1.75545 1.75863 0.10566 0 0 -500 0
818 1
1 13 0 0 0 0 0 0 1.62687 1.6303 0.10566 0 0 -500 0
819 1
1 13 0 0 0 0 0 0 1.9701 1.97293 0.10566 0 0 -500 0
820 1
1 13 0 0 0 0 0 0 1.91539 1.91831 0.10566 0 0 -500 0
821 1
1 13 0 0 0 0 0 0 1.54904 1.55264 0.10566 0 0 -500 0
822 1
1 13 0 0 0 0 0 0 1.61037 1.61383 0.10566 0 0 -500 0
823 1
1 13 0 0 0 0 0 0 1.96822 1.97106 0.10566 0 0 -500 0
824 1
1 13 0 0 0 0 0 0 1.74807 1.75126 0.10566 0 0 -500 0
825 1
1 13 0 0 0 0 0 0 1.94281 1.94568 0.10566 0 0 -500 0
826 1
1 13 0 0 0 0 0 0 1.96083 1.96368 0.10566 0 0 -500 0
827 1
1 13 0 0 0 0 0 0 1.65151 1.65489 0.10566 0 0 -500 0
828 1
1 13 0 0 0 0 0 0 1.69895 1.70224 0.10566 0 0 -500 0
829 1
1 13 0 0 0 0 0 0 1.67769 1.68101 0.10566 0 0 -500 0
830 1
1 13 0 0 0 0 0 0 1.90183 1.90476 0.10566 0 0 -500 0
831 1
1 13 0 0 0 0 0 0 1.87349 1.87647 0.10566 0 0 -500 0
832 1
1 13 0 0 0 0 0 0 1.99179 1.99459 0.10566 0 0 -500 0
833 1
1 13 0 0 0 0 0 0 1.81318 1.81625 0.10566 0 0 -500 0
834 1
1 13 0 0 0 0 0 0 1.92393 1.92683 0.10566 0 0 -500 0
835 1
1 13 0 0 0 0 0 0 1.70849 1.71175 0.10566 0 0 -500 0
836 1
1 13 0 0 0 0 0 0 1.75304 1.75622 0.10566 0 0 -500 0
837 1
1 13 0 0 0 0 0 0 1.66485 1.6682 0.10566 0 0 -500 0
838 1
1 13 0 0 0 0 0 0 1.66455 1.6679 0.10566 0 0 -500 0
839 1
1 13 0 0 0 0 0 0 1.57147 1.57502 0.10566 0 0 -500 0
840 1
1 13 0 0 0 0 0 0 1.7534 1.75658 0.10566 0 0 -500 0
841 1
1 13 0 0 0 0 0 0 1.79132 1.79444 0.10566 0 0 -500 0
842 1
1 13 0 0 0 0 0 0 1.57024 1.57379 0.10566 0 0 -500 0
843 1
1 13 0 0 0 0 0 0 1.71176 1.71502 0.10566 0 0 -500 0
844 1
1 13 0 0 0 0 0 0 1.52242 1.52608 0.10566 0 0 -500 0
845 1
1 13 0 0 0 0 0 0 1.59733 1.60082 0.10566 0 0 -500 0
846 1
1 13 0 0 0 0 0 0 1.65709 1.66046 0.10566 0 0 -500 0
847 1
1 13 0 0 0 0 0 0 1.60635 1.60982 0.10566 0 0 -500 0
848 1
1 13 0 0 0 0 0 0 1.74204 1.74524 0.10566 0 0 -500 0
849 1
1 13 0 0 0 0 0 0 1.80824 1.81133 0.10566 0 0 -500 0
850 1
1 13 0 0 0 0 0 0 1.6762 1.67952 0.10566 0 0 -500 0
851 1
1 13 0 0 0 0 0 0 1.88429 1.88725 0.10566 0 0 -500 0
852 1
1 13 0 0 0 0 0 0 1.71431 1.71756 0.10566 0 0 -500 0
853 1
1 13 0 0 0 0 0 0 1.63712 1.64053 0.10566 0 0 -500 0
854 1
1 13 0 0 0 0 0 0 1.56838 1.57194 0.10566 0 0 -500 0
855 1
1 13 0 0 0 0 0 0 1.5006 1.50432 0.10566 0 0 -500 0
856 1
1 13 0 0 0 0 0 0 1.8423 1.84533 0.10566 0 0 -500 0
857 1
1 13 0 0 0 0 0 0 1.96516 1.96799 0.10566 0 0 -500 0
858 1
1 13 0 0 0 0 0 0 1.74124 1.74444 0.10566 0 0 -500 0
859 1
1 13 0 0 0 0 0 0 1.5799 1.58343 0.10566 0 0 -500 0
860 1
1 13 0 0 0 0 0 0 1.90968 1.9126 0.10566 0 0 -500 0
861 1
1 13 0 0 0 0 0 0 1.99928 2.00207 0.10566 0 0 -500 0
862 1
1 13 0 0 0 0 0 0 1.86693 1.86992 0.10566 0 0 -500 0
863 1
1 13 0 0 0 0 0 0 1.51628 1.51996 0.10566 0 0 -500 0
864 1
1 13 0 0 0 0 0 0 1.81515 1.81823 0.10566 0 0 -500 0
865 1
1 13 0 0 0 0 0 0 1.86512 1.86811 0.10566 0 0 -500 0
866 1
1 13 0 0 0 0 0 0 1.79809 1.8012 0.10566 0 0 -500 0
867 1
1 13 0 0 0 0 0 0 1.53558 1.53922 0.10566 0 0 -500 0
868 1
1 13 0 0 0 0 0 0 1.59651 1.60001 0.10566 0 0 -500 0
869 1
1 13 0 0 0 0 0 0 1.70703 1.71029 0.10566 0 0 -500 0
870 1
1 13 0 0 0 0 0 0 1.94139 1.94426 0.10566 0 0 -500 0
871 1
1 13 0 0 0 0 0 0 1.5627 1.56627 0.10566 0 0 -500 0
872 1
1 13 0 0 0 0 0 0 1.87121 1.87419 0.10566 0 0 -500 0
873 1
1 13 0 0 0 0 0 0 1.54891 1.55251 0.10566 0 0 -500 0
874 1
1 13 0 0 0 0 0 0 1.6087 1.61217 0.10566 0 0 -500 0
875 1
1 13 0 0 0 0 0 0 1.94963 1.95249 0.10566 0 0 -500 0
876 1
1 13 0 0 0 0 0 0 1.82144 1.8245 0.10566 0 0 -500 0
877 1
1 13 0 0 0 0 0 0 1.91268 1.9156 0.10566 0 0 -500 0
878 1
1 13 0 0 0 0 0 0 1.52804 1.53169 0.10566 0 0 -500 0
879 1
1 13 0 0 0 0 0 0 1.98796 1.99077 0.10566 0 0 -500 0
880 1
1 13 0 0 0 0 0 0 1.53138 1.53502 0.10566 0 0 -500 0
881 1
1 13 0 0 0 0 0 0 1.98763 1.99044 0.10566 0 0 -500 0
882 1
1 13 0 0 0 0 0 0 1.7175 1.72075 0.10566 0 0 -500 0
883 1
1 13 0 0 0 0 0 0 1.95718 1.96003 0.10566 0 0 -500 0
884 1
1 13 0 0 0 0 0 0 1.6944 1.69769 0.10566 0 0 -500 0
885 1
1 13 0 0 0 0 0 0 1.78717 1.79029 0.10566 0 0 -500 0
886 1
1 13 0 0 0 0 0 0 1.8354 1.83844 0.10566 0 0 -500 0
887 1
1 13 0 0 0 0 0 0 1.93325 1.93614 0.10566 0 0 -500 0
888 1
1 13 0 0 0 0 0 0 1.67294 1.67627 0.10566 0 0 -500 0
889 1
1 13 0 0 0 0 0 0 1.73918 1.74238 0.10566 0 0 -500 0
890 1
1 13 0 0 0 0 0 0 1.62052 1.62396 0.10566 0 0 -500 0
891 1
1 13 0 0 0 0 0 0 1.77848 1.78162 0.10566 0 0 -500 0
892 1
1 13 0 0 0 0 0 0 1.54102 1.54464 0.10566 0 0 -500 0
893 1
1 13 0 0 0 0 0 0 1.55835 1.56193 0.10566 0 0 -500 0
894 1
1 13 0 0 0 0 0 0 1.56196 1.56553 0.10566 0 0 -500 0
895 1
1 13 0 0 0 0 0 0 1.76595 1.76911 0.10566 0 0 -500 0
896 1
1 13 0 0 0 0 0 0 1.99754 2.00033 0.10566 0 0 -500 0
897 1
1 13 0 0 0 0 0 0 1.59861 1.6021 0.10566 0 0 -500 0
898 1
1 13 0 0 0 0 0 0 1.91594 1.91885 0.10566 0 0 -500 0
899 1
1 13 0 0 0 0 0 0 1.54266 1.54627 0.10566 0 0 -500 0
900 1
1 13 0 0 0 0 0 0 1.87184 1.87482 0.10566 0 0 -500 0
901 1
1 13 0 0 0 0 0 0 1.96019 1.96303 0.10566 0 0 -500 0
902 1
1 13 0 0 0 0 0 0 1.93437 1.93725 0.10566 0 0 -500 0
903 1
1 13 0 0 0 0 0 0 1.8248 1.82786 0.10566 0 0 -500 0
904 1
1 13 0 0 0 0 0 0 1.52458 1.52824 0.10566 0 0 -500 0
905 1
1 13 0 0 0 0 0 0 1.57993 1.58346 0.10566 0 0 -500 0
906 1
1 13 0 0 0 0 0 0 1.89172 1.89467 0.10566 0 0 -500 0
907 1
1 13 0 0 0 0 0 0 1.73247 1.73569 0.10566 0 0 -500 0
908 1
1 13 0 0 0 0 0 0 1.63882 1.64222 0.10566 0 0 -500 0
909 1
1 13 0 0 0 0 0 0 1.73646 1.73968 0.10566 0 0 -500 0
910 1
1 13 0 0 0 0 0 0 1.98928 1.99208 0.10566 0 0 -500 0
911 1
1 13 0 0 0 0 0 0 1.77624 1.77938 0.10566 0 0 -500 0
912 1
1 13 0 0 0 0 0 0 1.96895 1.97178 0.10566 0 0 -500 0
913 1
1 13 0 0 0 0 0 0 1.9031 1.90603 0.10566 0 0 -500 0
914 1
1 13 0 0 0 0 0 0 1.69406 1.69736 0.10566 0 0 -500 0
915 1
1 13 0 0 0 0 0 0 1.61727 1.62072 0.10566 0 0 -500 0
916 1
1 13 0 0 0 0 0 0 1.89899 1.90193 0.10566 0 0 -500 0
917 1
1 13 0 0 0 0 0 0 1.90381 1.90674 0.10566 0 0 -500 0
918 1
1 13 0 0 0 0 0 0 1.82537 1.82842 0.10566 0 0 -500 0
919 1
1 13 0 0 0 0 0 0 1.77627 1.77941 0.10566 0 0 -500 0
920 1
1 13 0 0 0 0 0 0 1.94229 1.94516 0.10566 0 0 -500 0
921 1
1 13 0 0 0 0 0 0 1.66987 1.67321 0.10566 0 0 -500 0
922 1
1 13 0 0 0 0 0 0 1.57751 1.58104 0.10566 0 0 -500 0
923 1
1 13 0 0 0 0 0 0 1.54377 1.54738 0.10566 0 0 -500 0
924 1
1 13 0 0 0 0 0 0 1.61213 1.61559 0.10566 0 0 -500 0
925 1
1 13 0 0 0 0 0 0 1.90935 1.91227 0.10566 0 0 -500 0
926 1
1 13 0 0 0 0 0 0 1.70727 1.71054 0.10566 0 0 -500 0
927 1
1 13 0 0 0 0 0 0 1.90977 1.91269 0.10566 0 0 -500 0
928 1
1 13 0 0 0 0 0 0 1.58944 1.59295 0.10566 0 0 -500 0
929 1
1 13 0 0 0 0 0 0 1.95365 1.9565 0.10566 0 0 -500 0
930 1
1 13 0 0 0 0 0 0 1.85882 1.86182 0.10566 0 0 -500 0
931 1
1 13 0 0 0 0 0 0 1.95217 1.95502 0.10566 0 0 -500 0
932 1
1 13 0 0 0 0 0 0 1.71194 1.71519 0.10566 0 0 -500 0
933 1
1 13 0 0 0 0 0 0 1.95925 1.9621 0.10566 0 0 -500 0
934 1
1 13 0 0 0 0 0 0 1.67294 1.67628 0.10566 0 0 -500 0
935 1
1 13 0 0 0 0 0 0 1.83456 1.8376 0.10566 0 0 -500 0
936 1
1 13 0 0 0 0 0 0 1.7185 1.72174 0.10566 0 0 -500 0
937 1
1 13 0 0 0 0 0 0 1.74831 1.7515 0.10566 0 0 -500 0
938 1
1 13 0 0 0 0 0 0 1.56478 1.56834 0.10566 0 0 -500 0
939 1
1 13 0 0 0 0 0 0 1.99037 1.99317 0.10566 0 0 -500 0
940 1
1 13 0 0 0 0 0 0 1.85041 1.85342 0.10566 0 0 -500 0
941 1
1 13 0 0 0 0 0 0 1.60092 1.6044 0.10566 0 0 -500 0
942 1
1 13 0 0 0 0 0 0 1.92351 1.92641 0.10566 0 0 -500 0
943 1
1 13 0 0 0 0 0 0 1.79903 1.80213 0.10566 0 0 -500 0
944 1
1 13 0 0 0 0 0 0 1.80819 1.81128 0.10566 0 0 -500 0
945 1
1 13 0 0 0 0 0 0 1.90014 1.90307 0.10566 0 0 -500 0
946 1
1 13 0 0 0 0 0 0 1.84045 1.84348 0.10566 0 0 -500 0
947 1
1 13 0 0 0 0 0 0 1.93911 1.94199 0.10566 0 0 -500 0
948 1
1 13 0 0 0 0 0 0 1.988 1.9908 0.10566 0 0 -500 0
949 1
1 13 0 0 0 0 0 0 1.62636 1.62979 0.10566 0 0 -500 0
950 1
1 13 0 0 0 0 0 0 1.64646 1.64985 0.10566 0 0 -500 0
951 1
1 13 0 0 0 0 0 0 1.71208 1.71534 0.10566 0 0 -500 0
952 1
1 13 0 0 0 0 0 0 1.91561 1.91853 0.10566 0 0 -500 0
953 1
1 13 0 0 0 0 0 0 1.58455 1.58807 0.10566 0 0 -500 0
954 1
1 13 0 0 0 0 0 0 1.67142 1.67475 0.10566 0 0 -500 0
955 1
1 13 0 0 0 0 0 0 1.68358 1.68689 0.10566 0 0 -500 0
956 1
1 13 0 0 0 0 0 0 1.99905 2.00184 0.10566 0 0 -500 0
957 1
1 13 0 0 0 0 0 0 1.64398 1.64737 0.10566 0 0 -500 0
958 1
1 13 0 0 0 0 0 0 1.51383 1.51751 0.10566 0 0 -500 0
959 1
1 13 0 0 0 0 0 0 1.68528 1.68859 0.10566 0 0 -500 0
960 1
1 13 0 0 0 0 0 0 1.58052 1.58404 0.10566 0 0 -500 0
961 1
1 13 0 0 0 0 0 0 1.98081 1.98363 0.10566 0 0 -500 0
962 1
1 13 0 0 0 0 0 0 1.51276 1.51644 0.10566 0 0 -500 0
963 1
1 13 0 0 0 0 0 0 1.77817 1.78131 0.10566 0 0 -500 0
964 1
1 13 0 0 0 0 0 0 1.90246 1.90539 0.10566 0 0 -500 0
965 1
1 13 0 0 0 0 0 0 1.81014 1.81322 0.10566 0 0 -500 0
966 1
1 13 0 0 0 0 0 0 1.50052 1.50424 0.10566 0 0 -500 0
967 1
1 13 0 0 0 0 0 0 1.87252 1.8755 0.10566 0 0 -500 0
968 1
1 13 0 0 0 0 0 0 1.53646 1.54009 0.10566 0 0 -500 0
969 1
1 13 0 0 0 0 0 0 1.89491 1.89786 0.10566 0 0 -500 0
970 1
1 13 0 0 0 0 0 0 1.81258 1.81565 0.10566 0 0 -500 0
971 1
1 13 0 0 0 0 0 0 1.8548 1.8578 0.10566 0 0 -500 0
972 1
1 13 0 0 0 0 0 0 1.94419 1.94706 0.10566 0 0 -500 0
973 1
1 13 0 0 0 0 0 0 1.70093 1.7042 0.10566 0 0 -500 0
974 1
1 13 0 0 0 0 0 0 1.87431 1.87729 0.10566 0 0 -500 0
975 1
1 13 0 0 0 0 0 0 1.56977 1.57332 0.10566 0 0 -500 0
976 1
1 13 0 0 0 0 0 0 1.86906 1.87204 0.10566 0 0 -500 0
977 1
1 13 0 0 0 0 0 0 1.564 1.56756 0.10566 0 0 -500 0
978 1
1 13 0 0 0 0 0 0 1.90851 1.91143 0.10566 0 0 -500 0
979 1
1 13 0 0 0 0 0 0 1.9414 1.94427 0.10566 0 0 -500 0
980 1
1 13 0 0 0 0 0 0 1.9114 1.91432 0.10566 0 0 -500 0
981 1
1 13 0 0 0 0 0 0 1.52639 1.53004 0.10566 0 0 -500 0
982 1
1 13 0 0 0 0 0 0 1.7393 1.7425 0.10566 0 0 -500 0
983 1
1 13 0 0 0 0 0 0 1.78497 1.7881 0.10566 0 0 -500 0
984 1
1 13 0 0 0 0 0 0 1.77172 1.77487 0.10566 0 0 -500 0
985 1
1 13 0 0 0 0 0 0 1.521 1.52467 0.10566 0 0 -500 0
986 1
1 13 0 0 0 0 0 0 1.82796 1.83102 0.10566 0 0 -500 0
987 1
1 13 0 0 0 0 0 0 1.6635 1.66685 0.10566 0 0 -500 0
988 1
1 13 0 0 0 0 0 0 1.83561 1.83865 0.10566 0 0 -500 0
989 1
1 13 0 0 0 0 0 0 1.74313 1.74633 0.10566 0 0 -500 0
990 1
1 13 0 0 0 0 0 0 1.66814 1.67148 0.10566 0 0 -500 0
991 1
1 13 0 0 0 0 0 0 1.72287 1.72611 0.10566 0 0 -500 0
992 1
1 13 0 0 0 0 0 0 1.61709 1.62053 0.10566 0 0 -500 0
993 1
1 13 0 0 0 0 0 0 1.60751 1.61098 0.10566 0 0 -500 0
994 1
1 13 0 0 0 0 0 0 1.55033 1.55393 0.10566 0 0 -500 0
995 1
1 13 0 0 0 0 0 0 1.71464 1.71789 0.10566 0 0 -500 0
996 1
1 13 0 0 0 0 0 0 1.50681 1.51051 0.10566 0 0 -500 0
997 1
1 13 0 0 0 0 0 0 1.77601 1.77915 0.10566 0 0 -500 0
998 1
1 13 0 0 0 0 0 0 1.76634 1.7695 0.10566 0 0 -500 0
999 1
1 13 0 0 0 0 0 0 1.52526 1.52891 0.10566 0 0 -500 0