0 1
1 13 0 0 0 0 0 0 2.47123 2.47348 0.10566 0 0 -500 0
1 1
1 13 0 0 0 0 0 0 2.35863 2.361 0.10566 0 0 -500 0
2 1
1 13 0 0 0 0 0 0 2.23289 2.23538 0.10566 0 0 -500 0
3 1
1 13 0 0 0 0 0 0 2.48258 2.48483 0.10566 0 0 -500 0
4 1
1 13 0 0 0 0 0 0 2.05338 2.05609 0.10566 0 0 -500 0
5 1
1 13 0 0 0 0 0 0 2.09992 2.10258 0.10566 0 0 -500 0
6 1
1 13 0 0 0 0 0 0 2.16902 2.17159 0.10566 0 0 -500 0
7 1
1 13 0 0 0 0 0 0 2.13894 2.14155 0.10566 0 0 -500 0
8 1
1 13 0 0 0 0 0 0 2.17614 2.17871 0.10566 0 0 -500 0
9 1
1 13 0 0 0 0 0 0 2.39462 2.39695 0.10566 0 0 -500 0
10 1
1 13 0 0 0 0 0 0 2.26563 2.26809 0.10566 0 0 -500 0
11 1
1 13 0 0 0 0 0 0 2.2008 2.20334 0.10566 0 0 -500 0
12 1
1 13 0 0 0 0 0 0 2.42025 2.42255 0.10566 0 0 -500 0
13 1
1 13 0 0 0 0 0 0 2.42157 2.42387 0.10566 0 0 -500 0
14 1
1 13 0 0 0 0 0 0 2.38814 2.39048 0.10566 0 0 -500 0
15 1
1 13 0 0 0 0 0 0 2.29585 2.29828 0.10566 0 0 -500 0
16 1
1 13 0 0 0 0 0 0 2.06291 2.06561 0.10566 0 0 -500 0
17 1
1 13 0 0 0 0 0 0 2.34753 2.34991 0.10566 0 0 -500 0
18 1
1 13 0 0 0 0 0 0 2.42615 2.42845 0.10566 0 0 -500 0
19 1
1 13 0 0 0 0 0 0 2.2272 2.22971 0.10566 0 0 -500 0
20 1
1 13 0 0 0 0 0 0 2.25667 2.25914 0.10566 0 0 -500 0
21 1
1 13 0 0 0 0 0 0 2.13485 2.13747 0.10566 0 0 -500 0
22 1
1 13 0 0 0 0 0 0 2.03667 2.03941 0.10566 0 0 -500 0
23 1
1 13 0 0 0 0 0 0 2.498 2.50023 0.10566 0 0 -500 0
24 1
1 13 0 0 0 0 0 0 2.16919 2.17176 0.10566 0 0 -500 0
25 1
1 13 0 0 0 0 0 0 2.0775 2.08019 0.10566 0 0 -500 0
26 1
1 13 0 0 0 0 0 0 2.08485 2.08753 0.10566 0 0 -500 0
27 1
1 13 0 0 0 0 0 0 2.37537 2.37772 0.10566 0 0 -500 0
28 1
1 13 0 0 0 0 0 0 2.36322 2.36558 0.10566 0 0 -500 0
29 1
1 13 0 0 0 0 0 0 2.34939 2.35176 0.10566 0 0 -500 0
30 1
1 13 0 0 0 0 0 0 2.14227 2.14487 0.10566 0 0 -500 0
31 1
1 13 0 0 0 0 0 0 2.35903 2.36139 0.10566 0 0 -500 0
32 1
1 13 0 0 0 0 0 0 2.09362 2.09628 0.10566 0 0 -500 0
33 1
1 13 0 0 0 0 0 0 2.42126 2.42356 0.10566 0 0 -500 0
34 1
1 13 0 0 0 0 0 0 2.15184 2.15443 0.10566 0 0 -500 0
35 1
1 13 0 0 0 0 0 0 2.15367 2.15626 0.10566 0 0 -500 0
36 1
1 13 0 0 0 0 0 0 2.4081 2.41042 0.10566 0 0 -500 0
37 1
1 13 0 0 0 0 0 0 2.2713 2.27375 0.10566 0 0 -500 0
38 1
1 13 0 0 0 0 0 0 2.03816 2.0409 0.10566 0 0 -500 0
39 1
1 13 0 0 0 0 0 0 2.16746 2.17003 0.10566 0 0 -500 0
40 1
1 13 0 0 0 0 0 0 2.13325 2.13586 0.10566 0 0 -500 0
41 1
1 13 0 0 0 0 0 0 2.29 2.29244 0.10566 0 0 -500 0
42 1
1 13 0 0 0 0 0 0 2.25038 2.25286 0.10566 0 0 -500 0
43 1
1 13 0 0 0 0 0 0 2.21417 2.21669 0.10566 0 0 -500 0
44 1
1 13 0 0 0 0 0 0 2.27503 2.27749 0.10566 0 0 -500 0
45 1
1 13 0 0 0 0 0 0 2.25399 2.25647 0.10566 0 0 -500 0
46 1
1 13 0 0 0 0 0 0 2.18995 2.1925 0.10566 0 0 -500 0
47 1
1 13 0 0 0 0 0 0 2.04484 2.04757 0.10566 0 0 -500 0
48 1
1 13 0 0 0 0 0 0 2.2394 2.24189 0.10566 0 0 -500 0
49 1
1 13 0 0 0 0 0 0 2.2436 2.24608 0.10566 0 0 -500 0
50 1
1 13 0 0 0 0 0 0 2.07731 2.07999 0.10566 0 0 -500 0
51 1
1 13 0 0 0 0 0 0 2.31744 2.31984 0.10566 0 0 -500 0
52 1
1 13 0 0 0 0 0 0 2.06912 2.07181 0.10566 0 0 -500 0
53 1
1 13 0 0 0 0 0 0 2.13564 2.13825 0.10566 0 0 -500 0
54 1
1 13 0 0 0 0 0 0 2.03686 2.0396 0.10566 0 0 -500 0
55 1
1 13 0 0 0 0 0 0 2.10134 2.104 0.10566 0 0 -500 0
56 1
1 13 0 0 0 0 0 0 2.43281 2.43511 0.10566 0 0 -500 0
57 1
1 13 0 0 0 0 0 0 2.22932 2.23182 0.10566 0 0 -500 0
58 1
1 13 0 0 0 0 0 0 2.37165 2.374 0.10566 0 0 -500 0
59 1
1 13 0 0 0 0 0 0 2.23036 2.23286 0.10566 0 0 -500 0
60 1
1 13 0 0 0 0 0 0 2.46206 2.46432 0.10566 0 0 -500 0
61 1
1 13 0 0 0 0 0 0 2.14763 2.15023 0.10566 0 0 -500 0
62 1
1 13 0 0 0 0 0 0 2.27592 2.27837 0.10566 0 0 -500 0
63 1
1 13 0 0 0 0 0 0 2.45735 2.45962 0.10566 0 0 -500 0
64 1
1 13 0 0 0 0 0 0 2.23085 2.23335 0.10566 0 0 -500 0
65 1
1 13 0 0 0 0 0 0 2.43035 2.43264 0.10566 0 0 -500 0
66 1
1 13 0 0 0 0 0 0 2.38724 2.38957 0.10566 0 0 -500 0
67 1
1 13 0 0 0 0 0 0 2.22437 2.22688 0.10566 0 0 -500 0
68 1
1 13 0 0 0 0 0 0 2.23218 2.23468 0.10566 0 0 -500 0
69 1
1 13 0 0 0 0 0 0 2.42358 2.42588 0.10566 0 0 -500 0
70 1
1 13 0 0 0 0 0 0 2.33818 2.34057 0.10566 0 0 -500 0
71 1
1 13 0 0 0 0 0 0 2.29511 2.29754 0.10566 0 0 -500 0
72 1
1 13 0 0 0 0 0 0 2.05906 2.06177 0.10566 0 0 -500 0
73 1
1 13 0 0 0 0 0 0 2.03834 2.04108 0.10566 0 0 -500 0
74 1
1 13 0 0 0 0 0 0 2.10443 2.10708 0.10566 0 0 -500 0
75 1
1 13 0 0 0 0 0 0 2.27534 2.27779 0.10566 0 0 -500 0
76 1
1 13 0 0 0 0 0 0 2.31442 2.31683 0.10566 0 0 -500 0
77 1
1 13 0 0 0 0 0 0 2.32446 2.32686 0.10566 0 0 -500 0
78 1
1 13 0 0 0 0 0 0 2.2467 2.24919 0.10566 0 0 -500 0
79 1
1 13 0 0 0 0 0 0 2.3252 2.3276 0.10566 0 0 -500 0
80 1
1 13 0 0 0 0 0 0 2.17374 2.17631 0.10566 0 0 -500 0
81 1
1 13 0 0 0 0 0 0 2.45444 2.45671 0.10566 0 0 -500 0
82 1
1 13 0 0 0 0 0 0 2.37189 2.37425 0.10566 0 0 -500 0
83 1
1 13 0 0 0 0 0 0 2.08935 2.09202 0.10566 0 0 -500 0
84 1
1 13 0 0 0 0 0 0 2.15733 2.15992 0.10566 0 0 -500 0
85 1
1 13 0 0 0 0 0 0 2.0161 2.01887 0.10566 0 0 -500 0
86 1
1 13 0 0 0 0 0 0 2.03925 2.04198 0.10566 0 0 -500 0
87 1
1 13 0 0 0 0 0 0 2.00555 2.00833 0.10566 0 0 -500 0
88 1
1 13 0 0 0 0 0 0 2.1035 2.10615 0.10566 0 0 -500 0
89 1
1 13 0 0 0 0 0 0 2.12911 2.13173 0.10566 0 0 -500 0
90 1
1 13 0 0 0 0 0 0 2.12772 2.13035 0.10566 0 0 -500 0
91 1
1 13 0 0 0 0 0 0 2.08438 2.08705 0.10566 0 0 -500 0
92 1
1 13 0 0 0 0 0 0 2.39151 2.39384 0.10566 0 0 -500 0
93 1
1 13 0 0 0 0 0 0 2.13997 2.14258 0.10566 0 0 -500 0
94 1
1 13 0 0 0 0 0 0 2.00094 2.00373 0.10566 0 0 -500 0
95 1
1 13 0 0 0 0 0 0 2.2252 2.22771 0.10566 0 0 -500 0
96 1
1 13 0 0 0 0 0 0 2.45598 2.45825 0.10566 0 0 -500 0
97 1
1 13 0 0 0 0 0 0 2.35787 2.36024 0.10566 0 0 -500 0
98 1
1 13 0 0 0 0 0 0 2.0358 2.03854 0.10566 0 0 -500 0
99 1
1 13 0 0 0 0 0 0 2.06647 2.06917 0.10566 0 0 -500 0
100 1
1 13 0 0 0 0 0 0 2.28674 2.28918 0.10566 0 0 -500 0
101 1
1 13 0 0 0 0 0 0 2.14969 2.15228 0.10566 0 0 -500 0
102 1
1 13 0 0 0 0 0 0 2.00741 2.01019 0.10566 0 0 -500 0
103 1
1 13 0 0 0 0 0 0 2.05278 2.0555 0.10566 0 0 -500 0
104 1
1 13 0 0 0 0 0 0 2.02508 2.02784 0.10566 0 0 -500 0
105 1
1 13 0 0 0 0 0 0 2.2739 2.27636 0.10566 0 0 -500 0
106 1
1 13 0 0 0 0 0 0 2.34217 2.34455 0.10566 0 0 -500 0
107 1
1 13 0 0 0 0 0 0 2.10275 2.1054 0.10566 0 0 -500 0
108 1
1 13 0 0 0 0 0 0 2.18493 2.18748 0.10566 0 0 -500 0
109 1
1 13 0 0 0 0 0 0 2.46661 2.46888 0.10566 0 0 -500 0
110 1
1 13 0 0 0 0 0 0 2.45931 2.46158 0.10566 0 0 -500 0
111 1
1 13 0 0 0 0 0 0 2.02483 2.02758 0.10566 0 0 -500 0
112 1
1 13 0 0 0 0 0 0 2.28536 2.2878 0.10566 0 0 -500 0
113 1
1 13 0 0 0 0 0 0 2.46292 2.46519 0.10566 0 0 -500 0
114 1
1 13 0 0 0 0 0 0 2.31915 2.32156 0.10566 0 0 -500 0
115 1
1 13 0 0 0 0 0 0 2.28324 2.28569 0.10566 0 0 -500 0
116 1
1 13 0 0 0 0 0 0 2.48149 2.48374 0.10566 0 0 -500 0
117 1
1 13 0 0 0 0 0 0 2.30793 2.31035 0.10566 0 0 -500 0
118 1
1 13 0 0 0 0 0 0 2.04272 2.04545 0.10566 0 0 -500 0
119 1
1 13 0 0 0 0 0 0 2.00319 2.00597 0.10566 0 0 -500 0
120 1
1 13 0 0 0 0 0 0 2.46689 2.46915 0.10566 0 0 -500 0
121 1
1 13 0 0 0 0 0 0 2.01862 2.02139 0.10566 0 0 -500 0
122 1
1 13 0 0 0 0 0 0 2.20035 2.20289 0.10566 0 0 -500 0
123 1
1 13 0 0 0 0 0 0 2.25302 2.2555 0.10566 0 0 -500 0
124 1
1 13 0 0 0 0 0 0 2.39307 2.3954 0.10566 0 0 -500 0
125 1
1 13 0 0 0 0 0 0 2.46893 2.47119 0.10566 0 0 -500 0
126 1
1 13 0 0 0 0 0 0 2.17169 2.17426 0.10566 0 0 -500 0
127 1
1 13 0 0 0 0 0 0 2.39701 2.39934 0.10566 0 0 -500 0
128 1
1 13 0 0 0 0 0 0 2.07113 2.07383 0.10566 0 0 -500 0
129 1
1 13 0 0 0 0 0 0 2.06795 2.07065 0.10566 0 0 -500 0
130 1
1 13 0 0 0 0 0 0 2.23714 2.23963 0.10566 0 0 -500 0
131 1
1 13 0 0 0 0 0 0 2.13313 2.13574 0.10566 0 0 -500 0
132 1
1 13 0 0 0 0 0 0 2.03903 2.04177 0.10566 0 0 -500 0
133 1
1 13 0 0 0 0 0 0 2.39055 2.39288 0.10566 0 0 -500 0
134 1
1 13 0 0 0 0 0 0 2.28812 2.29055 0.10566 0 0 -500 0
135 1
1 13 0 0 0 0 0 0 2.48006 2.48231 0.10566 0 0 -500 0
136 1
1 13 0 0 0 0 0 0 2.19199 2.19454 0.10566 0 0 -500 0
137 1
1 13 0 0 0 0 0 0 2.20587 2.2084 0.10566 0 0 -500 0
138 1
1 13 0 0 0 0 0 0 2.0438 2.04653 0.10566 0 0 -500 0
139 1
1 13 0 0 0 0 0 0 2.41519 2.4175 0.10566 0 0 -500 0
140 1
1 13 0 0 0 0 0 0 2.27068 2.27314 0.10566 0 0 -500 0
141 1
1 13 0 0 0 0 0 0 2.01554 2.01831 0.10566 0 0 -500 0
142 1
1 13 0 0 0 0 0 0 2.06572 2.06842 0.10566 0 0 -500 0
143 1
1 13 0 0 0 0 0 0 2.07439 2.07708 0.10566 0 0 -500 0
144 1
1 13 0 0 0 0 0 0 2.20482 2.20735 0.10566 0 0 -500 0
145 1
1 13 0 0 0 0 0 0 2.12494 2.12756 0.10566 0 0 -500 0
146 1
1 13 0 0 0 0 0 0 2.18742 2.18997 0.10566 0 0 -500 0
147 1
1 13 0 0 0 0 0 0 2.08934 2.09201 0.10566 0 0 -500 0
148 1
1 13 0 0 0 0 0 0 2.05459 2.05731 0.10566 0 0 -500 0
149 1
1 13 0 0 0 0 0 0 2.07485 2.07754 0.10566 0 0 -500 0
150 1
1 13 0 0 0 0 0 0 2.41055 2.41286 0.10566 0 0 -500 0
151 1
1 13 0 0 0 0 0 0 2.05479 2.0575 0.10566 0 0 -500 0
152 1
1 13 0 0 0 0 0 0 2.08443 2.08711 0.10566 0 0 -500 0
153 1
1 13 0 0 0 0 0 0 2.3584 2.36076 0.10566 0 0 -500 0
154 1
1 13 0 0 0 0 0 0 2.17861 2.18117 0.10566 0 0 -500 0
155 1
1 13 0 0 0 0 0 0 2.29617 2.2986 0.10566 0 0 -500 0
156 1
1 13 0 0 0 0 0 0 2.391 2.39334 0.10566 0 0 -500 0
157 1
1 13 0 0 0 0 0 0 2.44862 2.4509 0.10566 0 0 -500 0
158 1
1 13 0 0 0 0 0 0 2.28785 2.29029 0.10566 0 0 -500 0
159 1
1 13 0 0 0 0 0 0 2.45038 2.45266 0.10566 0 0 -500 0
160 1
1 13 0 0 0 0 0 0 2.18815 2.1907 0.10566 0 0 -500 0
161 1
1 13 0 0 0 0 0 0 2.18375 2.18631 0.10566 0 0 -500 0
162 1
1 13 0 0 0 0 0 0 2.31741 2.31982 0.10566 0 0 -500 0
163 1
1 13 0 0 0 0 0 0 2.33422 2.33661 0.10566 0 0 -500 0
164 1
1 13 0 0 0 0 0 0 2.49824 2.50047 0.10566 0 0 -500 0
165 1
1 13 0 0 0 0 0 0 2.32722 2.32962 0.10566 0 0 -500 0
166 1
1 13 0 0 0 0 0 0 2.29369 2.29613 0.10566 0 0 -500 0
167 1
1 13 0 0 0 0 0 0 2.34843 2.3508 0.10566 0 0 -500 0
168 1
1 13 0 0 0 0 0 0 2.38952 2.39186 0.10566 0 0 -500 0
169 1
1 13 0 0 0 0 0 0 2.33555 2.33793 0.10566 0 0 -500 0
170 1
1 13 0 0 0 0 0 0 2.23298 2.23547 0.10566 0 0 -500 0
171 1
1 13 0 0 0 0 0 0 2.26623 2.26869 0.10566 0 0 -500 0
172 1
1 13 0 0 0 0 0 0 2.29632 2.29875 0.10566 0 0 -500 0
173 1
1 13 0 0 0 0 0 0 2.28765 2.29009 0.10566 0 0 -500 0
174 1
1 13 0 0 0 0 0 0 2.31976 2.32217 0.10566 0 0 -500 0
175 1
1 13 0 0 0 0 0 0 2.49342 2.49566 0.10566 0 0 -500 0
176 1
1 13 0 0 0 0 0 0 2.19035 2.19289 0.10566 0 0 -500 0
177 1
1 13 0 0 0 0 0 0 2.45426 2.45653 0.10566 0 0 -500 0
178 1
1 13 0 0 0 0 0 0 2.49003 2.49227 0.10566 0 0 -500 0
179 1
1 13 0 0 0 0 0 0 2.23311 2.23561 0.10566 0 0 -500 0
180 1
1 13 0 0 0 0 0 0 2.22426 2.22677 0.10566 0 0 -500 0
181 1
1 13 0 0 0 0 0 0 2.05272 2.05544 0.10566 0 0 -500 0
182 1
1 13 0 0 0 0 0 0 2.46022 2.46249 0.10566 0 0 -500 0
183 1
1 13 0 0 0 0 0 0 2.20729 2.20982 0.10566 0 0 -500 0
184 1
1 13 0 0 0 0 0 0 2.05831 2.06102 0.10566 0 0 -500 0
185 1
1 13 0 0 0 0 0 0 2.01051 2.01329 0.10566 0 0 -500 0
186 1
1 13 0 0 0 0 0 0 2.42993 2.43223 0.10566 0 0 -500 0
187 1
1 13 0 0 0 0 0 0 2.29812 2.30055 0.10566 0 0 -500 0
188 1
1 13 0 0 0 0 0 0 2.37778 2.38013 0.10566 0 0 -500 0
189 1
1 13 0 0 0 0 0 0 2.24107 2.24356 0.10566 0 0 -500 0
190 1
1 13 0 0 0 0 0 0 2.00429 2.00707 0.10566 0 0 -500 0
191 1
1 13 0 0 0 0 0 0 2.41927 2.42158 0.10566 0 0 -500 0
192 1
1 13 0 0 0 0 0 0 2.38967 2.39201 0.10566 0 0 -500 0
193 1
1 13 0 0 0 0 0 0 2.1148 2.11744 0.10566 0 0 -500 0
194 1
1 13 0 0 0 0 0 0 2.23114 2.23364 0.10566 0 0 -500 0
195 1
1 13 0 0 0 0 0 0 2.26917 2.27163 0.10566 0 0 -500 0
196 1
1 13 0 0 0 0 0 0 2.31667 2.31908 0.10566 0 0 -500 0
197 1
1 13 0 0 0 0 0 0 2.10371 2.10636 0.10566 0 0 -500 0
198 1
1 13 0 0 0 0 0 0 2.38986 2.39219 0.10566 0 0 -500 0
199 1
1 13 0 0 0 0 0 0 2.32637 2.32876 0.10566 0 0 -500 0
200 1
1 13 0 0 0 0 0 0 2.35184 2.35421 0.10566 0 0 -500 0
201 1
1 13 0 0 0 0 0 0 2.15956 2.16214 0.10566 0 0 -500 0
202 1
1 13 0 0 0 0 0 0 2.28557 2.28801 0.10566 0 0 -500 0
203 1
1 13 0 0 0 0 0 0 2.18651 2.18906 0.10566 0 0 -500 0
204 1
1 13 0 0 0 0 0 0 2.19797 2.20051 0.10566 0 0 -500 0
205 1
1 13 0 0 0 0 0 0 2.34079 2.34317 0.10566 0 0 -500 0
206 1
1 13 0 0 0 0 0 0 2.05083 2.05355 0.10566 0 0 -500 0
207 1
1 13 0 0 0 0 0 0 2.19782 2.20036 0.10566 0 0 -500 0
208 1
1 13 0 0 0 0 0 0 2.42817 2.43046 0.10566 0 0 -500 0
209 1
1 13 0 0 0 0 0 0 2.33898 2.34136 0.10566 0 0 -500 0
210 1
1 13 0 0 0 0 0 0 2.29422 2.29665 0.10566 0 0 -500 0
211 1
1 13 0 0 0 0 0 0 2.30404 2.30647 0.10566 0 0 -500 0
212 1
1 13 0 0 0 0 0 0 2.31703 2.31944 0.10566 0 0 -500 0
213 1
1 13 0 0 0 0 0 0 2.39599 2.39831 0.10566 0 0 -500 0
214 1
1 13 0 0 0 0 0 0 2.34421 2.34659 0.10566 0 0 -500 0
215 1
1 13 0 0 0 0 0 0 2.15131 2.15391 0.10566 0 0 -500 0
216 1
1 13 0 0 0 0 0 0 2.13095 2.13357 0.10566 0 0 -500 0
217 1
1 13 0 0 0 0 0 0 2.34023 2.34261 0.10566 0 0 -500 0
218 1
1 13 0 0 0 0 0 0 2.4593 2.46157 0.10566 0 0 -500 0
219 1
1 13 0 0 0 0 0 0 2.26306 2.26553 0.10566 0 0 -500 0
220 1
1 13 0 0 0 0 0 0 2.41303 2.41534 0.10566 0 0 -500 0
221 1
1 13 0 0 0 0 0 0 2.04582 2.04855 0.10566 0 0 -500 0
222 1
1 13 0 0 0 0 0 0 2.43742 2.43971 0.10566 0 0 -500 0
223 1
1 13 0 0 0 0 0 0 2.41266 2.41497 0.10566 0 0 -500 0
224 1
1 13 0 0 0 0 0 0 2.13187 2.13449 0.10566 0 0 -500 0
225 1
1 13 0 0 0 0 0 0 2.14511 2.14771 0.10566 0 0 -500 0
226 1
1 13 0 0 0 0 0 0 2.43826 2.44055 0.10566 0 0 -500 0
227 1
1 13 0 0 0 0 0 0 2.2999 2.30233 0.10566 0 0 -500 0
228 1
1 13 0 0 0 0 0 0 2.27255 2.27501 0.10566 0 0 -500 0
229 1
1 13 0 0 0 0 0 0 2.35555 2.35792 0.10566 0 0 -500 0
230 1
1 13 0 0 0 0 0 0 2.11394 2.11657 0.10566 0 0 -500 0
231 1
1 13 0 0 0 0 0 0 2.33291 2.3353 0.10566 0 0 -500 0
232 1
1 13 0 0 0 0 0 0 2.33942 2.34181 0.10566 0 0 -500 0
233 1
1 13 0 0 0 0 0 0 2.33946 2.34185 0.10566 0 0 -500 0
234 1
1 13 0 0 0 0 0 0 2.19374 2.19628 0.10566 0 0 -500 0
235 1
1 13 0 0 0 0 0 0 2.47171 2.47397 0.10566 0 0 -500 0
236 1
1 13 0 0 0 0 0 0 2.05984 2.06254 0.10566 0 0 -500 0
237 1
1 13 0 0 0 0 0 0 2.39035 2.39268 0.10566 0 0 -500 0
238 1
1 13 0 0 0 0 0 0 2.40482 2.40714 0.10566 0 0 -500 0
239 1
1 13 0 0 0 0 0 0 2.05538 2.0581 0.10566 0 0 -500 0
240 1
1 13 0 0 0 0 0 0 2.46731 2.46957 0.10566 0 0 -500 0
241 1
1 13 0 0 0 0 0 0 2.25059 2.25306 0.10566 0 0 -500 0
242 1
1 13 0 0 0 0 0 0 2.03109 2.03384 0.10566 0 0 -500 0
243 1
1 13 0 0 0 0 0 0 2.04108 2.04381 0.10566 0 0 -500 0
244 1
1 13 0 0 0 0 0 0 2.39533 2.39766 0.10566 0 0 -500 0
245 1
1 13 0 0 0 0 0 0 2.08955 2.09222 0.10566 0 0 -500 0
246 1
1 13 0 0 0 0 0 0 2.3584 2.36076 0.10566 0 0 -500 0
247 1
1 13 0 0 0 0 0 0 2.19631 2.19885 0.10566 0 0 -500 0
248 1
1 13 0 0 0 0 0 0 2.21714 2.21965 0.10566 0 0 -500 0
249 1
1 13 0 0 0 0 0 0 2.09696 2.09962 0.10566 0 0 -500 0
250 1
1 13 0 0 0 0 0 0 2.27828 2.28072 0.10566 0 0 -500 0
251 1
1 13 0 0 0 0 0 0 2.19952 2.20206 0.10566 0 0 -500 0
252 1
1 13 0 0 0 0 0 0 2.37686 2.37921 0.10566 0 0 -500 0
253 1
1 13 0 0 0 0 0 0 2.12518 2.1278 0.10566 0 0 -500 0
254 1
1 13 0 0 0 0 0 0 2.40695 2.40927 0.10566 0 0 -500 0
255 1
1 13 0 0 0 0 0 0 2.22666 2.22917 0.10566 0 0 -500 0
256 1
1 13 0 0 0 0 0 0 2.27019 2.27265 0.10566 0 0 -500 0
257 1
1 13 0 0 0 0 0 0 2.37243 2.37478 0.10566 0 0 -500 0
258 1
1 13 0 0 0 0 0 0 2.09846 2.10112 0.10566 0 0 -500 0
259 1
1 13 0 0 0 0 0 0 2.44604 2.44832 0.10566 0 0 -500 0
260 1
1 13 0 0 0 0 0 0 2.43117 2.43347 0.10566 0 0 -500 0
261 1
1 13 0 0 0 0 0 0 2.17274 2.17531 0.10566 0 0 -500 0
262 1
1 13 0 0 0 0 0 0 2.23925 2.24174 0.10566 0 0 -500 0
263 1
1 13 0 0 0 0 0 0 2.38535 2.38769 0.10566 0 0 -500 0
264 1
1 13 0 0 0 0 0 0 2.37289 2.37524 0.10566 0 0 -500 0
265 1
1 13 0 0 0 0 0 0 2.07656 2.07925 0.10566 0 0 -500 0
266 1
1 13 0 0 0 0 0 0 2.33582 2.3382 0.10566 0 0 -500 0
267 1
1 13 0 0 0 0 0 0 2.48435 2.4866 0.10566 0 0 -500 0
268 1
1 13 0 0 0 0 0 0 2.27646 2.27891 0.10566 0 0 -500 0
269 1
1 13 0 0 0 0 0 0 2.3424 2.34478 0.10566 0 0 -500 0
270 1
1 13 0 0 0 0 0 0 2.48894 2.49118 0.10566 0 0 -500 0
271 1
1 13 0 0 0 0 0 0 2.05348 2.0562 0.10566 0 0 -500 0
272 1
1 13 0 0 0 0 0 0 2.36408 2.36644 0.10566 0 0 -500 0
273 1
1 13 0 0 0 0 0 0 2.01538 2.01814 0.10566 0 0 -500 0
274 1
1 13 0 0 0 0 0 0 2.19144 2.19398 0.10566 0 0 -500 0
275 1
1 13 0 0 0 0 0 0 2.01221 2.01498 0.10566 0 0 -500 0
276 1
1 13 0 0 0 0 0 0 2.0964 2.09906 0.10566 0 0 -500 0
277 1
1 13 0 0 0 0 0 0 2.45606 2.45834 0.10566 0 0 -500 0
278 1
1 13 0 0 0 0 0 0 2.40601 2.40833 0.10566 0 0 -500 0
279 1
1 13 0 0 0 0 0 0 2.35085 2.35322 0.10566 0 0 -500 0
280 1
1 13 0 0 0 0 0 0 2.45913 2.4614 0.10566 0 0 -500 0
281 1
1 13 0 0 0 0 0 0 2.04251 2.04524 0.10566 0 0 -500 0
282 1
1 13 0 0 0 0 0 0 2.04262 2.04535 0.10566 0 0 -500 0
283 1
1 13 0 0 0 0 0 0 2.26153 2.26399 0.10566 0 0 -500 0
284 1
1 13 0 0 0 0 0 0 2.29544 2.29787 0.10566 0 0 -500 0
285 1
1 13 0 0 0 0 0 0 2.26626 2.26872 0.10566 0 0 -500 0
286 1
1 13 0 0 0 0 0 0 2.43862 2.44091 0.10566 0 0 -500 0
287 1
1 13 0 0 0 0 0 0 2.12447 2.12709 0.10566 0 0 -500 0
288 1
1 13 0 0 0 0 0 0 2.10001 2.10266 0.10566 0 0 -500 0
289 1
1 13 0 0 0 0 0 0 2.06918 2.07187 0.10566 0 0 -500 0
290 1
1 13 0 0 0 0 0 0 2.01378 2.01655 0.10566 0 0 -500 0
291 1
1 13 0 0 0 0 0 0 2.37695 2.3793 0.10566 0 0 -500 0
292 1
1 13 0 0 0 0 0 0 2.08559 2.08827 0.10566 0 0 -500 0
293 1
1 13 0 0 0 0 0 0 2.49653 2.49877 0.10566 0 0 -500 0
294 1
1 13 0 0 0 0 0 0 2.39703 2.39936 0.10566 0 0 -500 0
295 1
1 13 0 0 0 0 0 0 2.12069 2.12332 0.10566 0 0 -500 0
296 1
1 13 0 0 0 0 0 0 2.34966 2.35204 0.10566 0 0 -500 0
297 1
1 13 0 0 0 0 0 0 2.19328 2.19582 0.10566 0 0 -500 0
298 1
1 13 0 0 0 0 0 0 2.1611 2.16368 0.10566 0 0 -500 0
299 1
1 13 0 0 0 0 0 0 2.26126 2.26373 0.10566 0 0 -500 0
300 1
1 13 0 0 0 0 0 0 2.20261 2.20514 0.10566 0 0 -500 0
301 1
1 13 0 0 0 0 0 0 2.43317 2.43546 0.10566 0 0 -500 0
302 1
1 13 0 0 0 0 0 0 2.47703 2.47928 0.10566 0 0 -500 0
303 1
1 13 0 0 0 0 0 0 2.05746 2.06017 0.10566 0 0 -500 0
304 1
1 13 0 0 0 0 0 0 2.23848 2.24097 0.10566 0 0 -500 0
305 1
1 13 0 0 0 0 0 0 2.34908 2.35146 0.10566 0 0 -500 0
306 1
1 13 0 0 0 0 0 0 2.06733 2.07003 0.10566 0 0 -500 0
307 1
1 13 0 0 0 0 0 0 2.07483 2.07752 0.10566 0 0 -500 0
308 1
1 13 0 0 0 0 0 0 2.37699 2.37934 0.10566 0 0 -500 0
309 1
1 13 0 0 0 0 0 0 2.39435 2.39668 0.10566 0 0 -500 0
310 1
1 13 0 0 0 0 0 0 2.35792 2.36029 0.10566 0 0 -500 0
311 1
1 13 0 0 0 0 0 0 2.13884 2.14145 0.10566 0 0 -500 0
312 1
1 13 0 0 0 0 0 0 2.0274 2.03015 0.10566 0 0 -500 0
313 1
1 13 0 0 0 0 0 0 2.20677 2.20929 0.10566 0 0 -500 0
314 1
1 13 0 0 0 0 0 0 2.30501 2.30743 0.10566 0 0 -500 0
315 1
1 13 0 0 0 0 0 0 2.28231 2.28475 0.10566 0 0 -500 0
316 1
1 13 0 0 0 0 0 0 2.3277 2.3301 0.10566 0 0 -500 0
317 1
1 13 0 0 0 0 0 0 2.18056 2.18312 0.10566 0 0 -500 0
318 1
1 13 0 0 0 0 0 0 2.13623 2.13884 0.10566 0 0 -500 0
319 1
1 13 0 0 0 0 0 0 2.41458 2.41689 0.10566 0 0 -500 0
320 1
1 13 0 0 0 0 0 0 2.10713 2.10978 0.10566 0 0 -500 0
321 1
1 13 0 0 0 0 0 0 2.47112 2.47338 0.10566 0 0 -500 0
322 1
1 13 0 0 0 0 0 0 2.49519 2.49743 0.10566 0 0 -500 0
323 1
1 13 0 0 0 0 0 0 2.42853 2.43083 0.10566 0 0 -500 0
324 1
1 13 0 0 0 0 0 0 2.19144 2.19398 0.10566 0 0 -500 0
325 1
1 13 0 0 0 0 0 0 2.12992 2.13254 0.10566 0 0 -500 0
326 1
1 13 0 0 0 0 0 0 2.12069 2.12332 0.10566 0 0 -500 0
327 1
1 13 0 0 0 0 0 0 2.48684 2.48909 0.10566 0 0 -500 0
328 1
1 13 0 0 0 0 0 0 2.21755 2.22007 0.10566 0 0 -500 0
329 1
1 13 0 0 0 0 0 0 2.0867 2.08938 0.10566 0 0 -500 0
330 1
1 13 0 0 0 0 0 0 2.07889 2.08158 0.10566 0 0 -500 0
331 1
1 13 0 0 0 0 0 0 2.09976 2.10241 0.10566 0 0 -500 0
332 1
1 13 0 0 0 0 0 0 2.41801 2.42031 0.10566 0 0 -500 0
333 1
1 13 0 0 0 0 0 0 2.02423 2.02699 0.10566 0 0 -500 0
334 1
1 13 0 0 0 0 0 0 2.33366 2.33605 0.10566 0 0 -500 0
335 1
1 13 0 0 0 0 0 0 2.24311 2.2456 0.10566 0 0 -500 0
336 1
1 13 0 0 0 0 0 0 2.00883 2.01161 0.10566 0 0 -500 0
337 1
1 13 0 0 0 0 0 0 2.30606 2.30848 0.10566 0 0 -500 0
338 1
1 13 0 0 0 0 0 0 2.43362 2.43591 0.10566 0 0 -500 0
339 1
1 13 0 0 0 0 0 0 2.09392 2.09659 0.10566 0 0 -500 0
340 1
1 13 0 0 0 0 0 0 2.03904 2.04178 0.10566 0 0 -500 0
341 1
1 13 0 0 0 0 0 0 2.13513 2.13774 0.10566 0 0 -500 0
342 1
1 13 0 0 0 0 0 0 2.08657 2.08924 0.10566 0 0 -500 0
343 1
1 13 0 0 0 0 0 0 2.45894 2.46121 0.10566 0 0 -500 0
344 1
1 13 0 0 0 0 0 0 2.00047 2.00325 0.10566 0 0 -500 0
345 1
1 13 0 0 0 0 0 0 2.41129 2.41361 0.10566 0 0 -500 0
346 1
1 13 0 0 0 0 0 0 2.26233 2.2648 0.10566 0 0 -500 0
347 1
1 13 0 0 0 0 0 0 2.45432 2.45659 0.10566 0 0 -500 0
348 1
1 13 0 0 0 0 0 0 2.38387 2.38621 0.10566 0 0 -500 0
349 1
1 13 0 0 0 0 0 0 2.13159 2.13421 0.10566 0 0 -500 0
350 1
1 13 0 0 0 0 0 0 2.19881 2.20135 0.10566 0 0 -500 0
351 1
1 13 0 0 0 0 0 0 2.47521 2.47747 0.10566 0 0 -500 0
352 1
1 13 0 0 0 0 0 0 2.18919 2.19174 0.10566 0 0 -500 0
353 1
1 13 0 0 0 0 0 0 2.1216 2.12423 0.10566 0 0 -500 0
354 1
1 13 0 0 0 0 0 0 2.08018 2.08286 0.10566 0 0 -500 0
355 1
1 13 0 0 0 0 0 0 2.35138 2.35375 0.10566 0 0 -500 0
356 1
1 13 0 0 0 0 0 0 2.0787 2.08138 0.10566 0 0 -500 0
357 1
1 13 0 0 0 0 0 0 2.43743 2.43972 0.10566 0 0 -500 0
358 1
1 13 0 0 0 0 0 0 2.40174 2.40406 0.10566 0 0 -500 0
359 1
1 13 0 0 0 0 0 0 2.1896 2.19214 0.10566 0 0 -500 0
360 1
1 13 0 0 0 0 0 0 2.04058 2.04331 0.10566 0 0 -500 0
361 1
1 13 0 0 0 0 0 0 2.31841 2.32081 0.10566 0 0 -500 0
362 1
1 13 0 0 0 0 0 0 2.47086 2.47312 0.10566 0 0 -500 0
363 1
1 13 0 0 0 0 0 0 2.0377 2.04044 0.10566 0 0 -500 0
364 1
1 13 0 0 0 0 0 0 2.05824 2.06095 0.10566 0 0 -500 0
365 1
1 13 0 0 0 0 0 0 2.23428 2.23678 0.10566 0 0 -500 0
366 1
1 13 0 0 0 0 0 0 2.49525 2.49749 0.10566 0 0 -500 0
367 1
1 13 0 0 0 0 0 0 2.43899 2.44128 0.10566 0 0 -500 0
368 1
1 13 0 0 0 0 0 0 2.3327 2.33509 0.10566 0 0 -500 0
369 1
1 13 0 0 0 0 0 0 2.39189 2.39422 0.10566 0 0 -500 0
370 1
1 13 0 0 0 0 0 0 2.13919 2.1418 0.10566 0 0 -500 0
371 1
1 13 0 0 0 0 0 0 2.17858 2.18114 0.10566 0 0 -500 0
372 1
1 13 0 0 0 0 0 0 2.02216 2.02492 0.10566 0 0 -500 0
373 1
1 13 0 0 0 0 0 0 2.46198 2.46424 0.10566 0 0 -500 0
374 1
1 13 0 0 0 0 0 0 2.25688 2.25935 0.10566 0 0 -500 0
375 1
1 13 0 0 0 0 0 0 2.43053 2.43283 0.10566 0 0 -500 0
376 1
1 13 0 0 0 0 0 0 2.4232 2.4255 0.10566 0 0 -500 0
377 1
1 13 0 0 0 0 0 0 2.38503 2.38737 0.10566 0 0 -500 0
378 1
1 13 0 0 0 0 0 0 2.08974 2.09241 0.10566 0 0 -500 0
379 1
1 13 0 0 0 0 0 0 2.30598 2.30839 0.10566 0 0 -500 0
380 1
1 13 0 0 0 0 0 0 2.14404 2.14664 0.10566 0 0 -500 0
381 1
1 13 0 0 0 0 0 0 2.19684 2.19938 0.10566 0 0 -500 0
382 1
1 13 0 0 0 0 0 0 2.31394 2.31635 0.10566 0 0 -500 0
383 1
1 13 0 0 0 0 0 0 2.04906 2.05178 0.10566 0 0 -500 0
384 1
1 13 0 0 0 0 0 0 2.25104 2.25352 0.10566 0 0 -500 0
385 1
1 13 0 0 0 0 0 0 2.36339 2.36575 0.10566 0 0 -500 0
386 1
1 13 0 0 0 0 0 0 2.49495 2.49718 0.10566 0 0 -500 0
387 1
1 13 0 0 0 0 0 0 2.21609 2.21861 0.10566 0 0 -500 0
388 1
1 13 0 0 0 0 0 0 2.30891 2.31133 0.10566 0 0 -500 0
389 1
1 13 0 0 0 0 0 0 2.10005 2.10271 0.10566 0 0 -500 0
390 1
1 13 0 0 0 0 0 0 2.14196 2.14456 0.10566 0 0 -500 0
391 1
1 13 0 0 0 0 0 0 2.44572 2.448 0.10566 0 0 -500 0
392 1
1 13 0 0 0 0 0 0 2.26988 2.27234 0.10566 0 0 -500 0
393 1
1 13 0 0 0 0 0 0 2.39423 2.39656 0.10566 0 0 -500 0
394 1
1 13 0 0 0 0 0 0 2.03432 2.03706 0.10566 0 0 -500 0
395 1
1 13 0 0 0 0 0 0 2.43353 2.43582 0.10566 0 0 -500 0
396 1
1 13 0 0 0 0 0 0 2.09318 2.09585 0.10566 0 0 -500 0
397 1
1 13 0 0 0 0 0 0 2.2354 2.23789 0.10566 0 0 -500 0
398 1
1 13 0 0 0 0 0 0 2.49996 2.5022 0.10566 0 0 -500 0
399 1
1 13 0 0 0 0 0 0 2.13564 2.13825 0.10566 0 0 -500 0
400 1
1 13 0 0 0 0 0 0 2.2227 2.22521 0.10566 0 0 -500 0
401 1
1 13 0 0 0 0 0 0 2.2911 2.29354 0.10566 0 0 -500 0
402 1
1 13 0 0 0 0 0 0 2.22804 2.23054 0.10566 0 0 -500 0
403 1
1 13 0 0 0 0 0 0 2.09066 2.09332 0.10566 0 0 -500 0
404 1
1 13 0 0 0 0 0 0 2.09553 2.09819 0.10566 0 0 -500 0
405 1
1 13 0 0 0 0 0 0 2.25276 2.25524 0.10566 0 0 -500 0
406 1
1 13 0 0 0 0 0 0 2.08809 2.09076 0.10566 0 0 -500 0
407 1
1 13 0 0 0 0 0 0 2.27261 2.27507 0.10566 0 0 -500 0
408 1
1 13 0 0 0 0 0 0 2.24938 2.25186 0.10566 0 0 -500 0
409 1
1 13 0 0 0 0 0 0 2.20303 2.20557 0.10566 0 0 -500 0
410 1
1 13 0 0 0 0 0 0 2.00172 2.00451 0.10566 0 0 -500 0
411 1
1 13 0 0 0 0 0 0 2.43179 2.43409 0.10566 0 0 -500 0
412 1
1 13 0 0 0 0 0 0 2.42472 2.42702 0.10566 0 0 -500 0
413 1
1 13 0 0 0 0 0 0 2.42811 2.43041 0.10566 0 0 -500 0
414 1
1 13 0 0 0 0 0 0 2.22724 2.22974 0.10566 0 0 -500 0
415 1
1 13 0 0 0 0 0 0 2.42009 2.42239 0.10566 0 0 -500 0
416 1
1 13 0 0 0 0 0 0 2.36514 2.3675 0.10566 0 0 -500 0
417 1
1 13 0 0 0 0 0 0 2.42916 2.43146 0.10566 0 0 -500 0
418 1
1 13 0 0 0 0 0 0 2.49045 2.49269 0.10566 0 0 -500 0
419 1
1 13 0 0 0 0 0 0 2.09094 2.0936 0.10566 0 0 -500 0
420 1
1 13 0 0 0 0 0 0 2.20546 2.20799 0.10566 0 0 -500 0
421 1
1 13 0 0 0 0 0 0 2.21901 2.22153 0.10566 0 0 -500 0
422 1
1 13 0 0 0 0 0 0 2.49883 2.50106 0.10566 0 0 -500 0
423 1
1 13 0 0 0 0 0 0 2.26242 2.26489 0.10566 0 0 -500 0
424 1
1 13 0 0 0 0 0 0 2.28473 2.28717 0.10566 0 0 -500 0
425 1
1 13 0 0 0 0 0 0 2.29939 2.30182 0.10566 0 0 -500 0
426 1
1 13 0 0 0 0 0 0 2.4029 2.40523 0.10566 0 0 -500 0
427 1
1 13 0 0 0 0 0 0 2.11649 2.11913 0.10566 0 0 -500 0
428 1
1 13 0 0 0 0 0 0 2.33125 2.33364 0.10566 0 0 -500 0
429 1
1 13 0 0 0 0 0 0 2.13499 2.13761 0.10566 0 0 -500 0
430 1
1 13 0 0 0 0 0 0 2.30888 2.31129 0.10566 0 0 -500 0
431 1
1 13 0 0 0 0 0 0 2.14272 2.14532 0.10566 0 0 -500 0
432 1
1 13 0 0 0 0 0 0 2.0313 2.03405 0.10566 0 0 -500 0
433 1
1 13 0 0 0 0 0 0 2.34732 2.3497 0.10566 0 0 -500 0
434 1
1 13 0 0 0 0 0 0 2.057 2.05971 0.10566 0 0 -500 0
435 1
1 13 0 0 0 0 0 0 2.27177 2.27423 0.10566 0 0 -500 0
436 1
1 13 0 0 0 0 0 0 2.22282 2.22533 0.10566 0 0 -500 0
437 1
1 13 0 0 0 0 0 0 2.20267 2.2052 0.10566 0 0 -500 0
438 1
1 13 0 0 0 0 0 0 2.45231 2.45458 0.10566 0 0 -500 0
439 1
1 13 0 0 0 0 0 0 2.25891 2.26137 0.10566 0 0 -500 0
440 1
1 13 0 0 0 0 0 0 2.02527 2.02802 0.10566 0 0 -500 0
441 1
1 13 0 0 0 0 0 0 2.08734 2.09001 0.10566 0 0 -500 0
442 1
1 13 0 0 0 0 0 0 2.11068 2.11332 0.10566 0 0 -500 0
443 1
1 13 0 0 0 0 0 0 2.37397 2.37632 0.10566 0 0 -500 0
444 1
1 13 0 0 0 0 0 0 2.23555 2.23805 0.10566 0 0 -500 0
445 1
1 13 0 0 0 0 0 0 2.07995 2.08263 0.10566 0 0 -500 0
446 1
1 13 0 0 0 0 0 0 2.49746 2.4997 0.10566 0 0 -500 0
447 1
1 13 0 0 0 0 0 0 2.08459 2.08726 0.10566 0 0 -500 0
448 1
1 13 0 0 0 0 0 0 2.07737 2.08006 0.10566 0 0 -500 0
449 1
1 13 0 0 0 0 0 0 2.41911 2.42141 0.10566 0 0 -500 0
450 1
1 13 0 0 0 0 0 0 2.12039 2.12302 0.10566 0 0 -500 0
451 1
1 13 0 0 0 0 0 0 2.28591 2.28835 0.10566 0 0 -500 0
452 1
1 13 0 0 0 0 0 0 2.29662 2.29905 0.10566 0 0 -500 0
453 1
1 13 0 0 0 0 0 0 2.14538 2.14798 0.10566 0 0 -500 0
454 1
1 13 0 0 0 0 0 0 2.17145 2.17402 0.10566 0 0 -500 0
455 1
1 13 0 0 0 0 0 0 2.19739 2.19993 0.10566 0 0 -500 0
456 1
1 13 0 0 0 0 0 0 2.49989 2.50212 0.10566 0 0 -500 0
457 1
1 13 0 0 0 0 0 0 2.15494 2.15753 0.10566 0 0 -500 0
458 1
1 13 0 0 0 0 0 0 2.35821 2.36057 0.10566 0 0 -500 0
459 1
1 13 0 0 0 0 0 0 2.27058 2.27303 0.10566 0 0 -500 0
460 1
1 13 0 0 0 0 0 0 2.22836 2.23086 0.10566 0 0 -500 0
461 1
1 13 0 0 0 0 0 0 2.49912 2.50135 0.10566 0 0 -500 0
462 1
1 13 0 0 0 0 0 0 2.38173 2.38407 0.10566 0 0 -500 0
463 1
1 13 0 0 0 0 0 0 2.09777 2.10043 0.10566 0 0 -500 0
464 1
1 13 0 0 0 0 0 0 2.1147 2.11734 0.10566 0 0 -500 0
465 1
1 13 0 0 0 0 0 0 2.04844 2.05117 0.10566 0 0 -500 0
466 1
1 13 0 0 0 0 0 0 2.23866 2.24115 0.10566 0 0 -500 0
467 1
1 13 0 0 0 0 0 0 2.4965 2.49873 0.10566 0 0 -500 0
468 1
1 13 0 0 0 0 0 0 2.18172 2.18428 0.10566 0 0 -500 0
469 1
1 13 0 0 0 0 0 0 2.26178 2.26425 0.10566 0 0 -500 0
470 1
1 13 0 0 0 0 0 0 2.11444 2.11708 0.10566 0 0 -500 0
471 1
1 13 0 0 0 0 0 0 2.48395 2.4862 0.10566 0 0 -500 0
472 1
1 13 0 0 0 0 0 0 2.47308 2.47533 0.10566 0 0 -500 0
473 1
1 13 0 0 0 0 0 0 2.4703 2.47256 0.10566 0 0 -500 0
474 1
1 13 0 0 0 0 0 0 2.28448 2.28692 0.10566 0 0 -500 0
475 1
1 13 0 0 0 0 0 0 2.43643 2.43872 0.10566 0 0 -500 0
476 1
1 13 0 0 0 0 0 0 2.25417 2.25665 0.10566 0 0 -500 0
477 1
1 13 0 0 0 0 0 0 2.27315 2.2756 0.10566 0 0 -500 0
478 1
1 13 0 0 0 0 0 0 2 2.00279 0.10566 0 0 -500 0
479 1
1 13 0 0 0 0 0 0 2.30301 2.30543 0.10566 0 0 -500 0
480 1
1 13 0 0 0 0 0 0 2.40325 2.40557 0.10566 0 0 -500 0
481 1
1 13 0 0 0 0 0 0 2.26689 2.26935 0.10566 0 0 -500 0
482 1
1 13 0 0 0 0 0 0 2.07549 2.07818 0.10566 0 0 -500 0
483 1
1 13 0 0 0 0 0 0 2.29778 2.30021 0.10566 0 0 -500 0
484 1
1 13 0 0 0 0 0 0 2.38167 2.38401 0.10566 0 0 -500 0
485 1
1 13 0 0 0 0 0 0 2.36528 2.36763 0.10566 0 0 -500 0
486 1
1 13 0 0 0 0 0 0 2.15694 2.15953 0.10566 0 0 -500 0
487 1
1 13 0 0 0 0 0 0 2.11593 2.11857 0.10566 0 0 -500 0
488 1
1 13 0 0 0 0 0 0 2.26571 2.26818 0.10566 0 0 -500 0
489 1
1 13 0 0 0 0 0 0 2.02948 2.03222 0.10566 0 0 -500 0
490 1
1 13 0 0 0 0 0 0 2.07623 2.07892 0.10566 0 0 -500 0
491 1
1 13 0 0 0 0 0 0 2.19408 2.19662 0.10566 0 0 -500 0
492 1
1 13 0 0 0 0 0 0 2.47835 2.4806 0.10566 0 0 -500 0
493 1
1 13 0 0 0 0 0 0 2.08081 2.0835 0.10566 0 0 -500 0
494 1
1 13 0 0 0 0 0 0 2.39456 2.39689 0.10566 0 0 -500 0
495 1
1 13 0 0 0 0 0 0 2.12433 2.12695 0.10566 0 0 -500 0
496 1
1 13 0 0 0 0 0 0 2.31311 2.31552 0.10566 0 0 -500 0
497 1
1 13 0 0 0 0 0 0 2.17549 2.17806 0.10566 0 0 -500 0
498 1
1 13 0 0 0 0 0 0 2.41678 2.41909 0.10566 0 0 -500 0
499 1
1 13 0 0 0 0 0 0 2.05459 2.0573 0.10566 0 0 -500 0
500 1
1 13 0 0 0 0 0 0 2.27835 2.2808 0.10566 0 0 -500 0
501 1
1 13 0 0 0 0 0 0 2.07191 2.07461 0.10566 0 0 -500 0
502 1
1 13 0 0 0 0 0 0 2.17966 2.18222 0.10566 0 0 -500 0
503 1
1 13 0 0 0 0 0 0 2.06833 2.07103 0.10566 0 0 -500 0
504 1
1 13 0 0 0 0 0 0 2.35531 2.35768 0.10566 0 0 -500 0
505 1
1 13 0 0 0 0 0 0 2.05858 2.06129 0.10566 0 0 -500 0
506 1
1 13 0 0 0 0 0 0 2.06812 2.07082 0.10566 0 0 -500 0
507 1
1 13 0 0 0 0 0 0 2.07093 2.07363 0.10566 0 0 -500 0
508 1
1 13 0 0 0 0 0 0 2.26177 2.26424 0.10566 0 0 -500 0
509 1
1 13 0 0 0 0 0 0 2.4553 2.45757 0.10566 0 0 -500 0
510 1
1 13 0 0 0 0 0 0 2.28832 2.29075 0.10566 0 0 -500 0
511 1
1 13 0 0 0 0 0 0 2.31086 2.31327 0.10566 0 0 -500 0
512 1
1 13 0 0 0 0 0 0 2.08988 2.09255 0.10566 0 0 -500 0
513 1
1 13 0 0 0 0 0 0 2.43298 2.43527 0.10566 0 0 -500 0
514 1
1 13 0 0 0 0 0 0 2.22326 2.22576 0.10566 0 0 -500 0
515 1
1 13 0 0 0 0 0 0 2.14186 2.14446 0.10566 0 0 -500 0
516 1
1 13 0 0 0 0 0 0 2.33865 2.34104 0.10566 0 0 -500 0
517 1
1 13 0 0 0 0 0 0 2.17638 2.17894 0.10566 0 0 -500 0
518 1
1 13 0 0 0 0 0 0 2.2157 2.21822 0.10566 0 0 -500 0
519 1
1 13 0 0 0 0 0 0 2.21086 2.21338 0.10566 0 0 -500 0
520 1
1 13 0 0 0 0 0 0 2.49084 2.49308 0.10566 0 0 -500 0
521 1
1 13 0 0 0 0 0 0 2.25426 2.25673 0.10566 0 0 -500 0
522 1
1 13 0 0 0 0 0 0 2.18868 2.19123 0.10566 0 0 -500 0
523 1
1 13 0 0 0 0 0 0 2.32387 2.32627 0.10566 0 0 -500 0
524 1
1 13 0 0 0 0 0 0 2.28097 2.28342 0.10566 0 0 -500 0
525 1
1 13 0 0 0 0 0 0 2.31937 2.32178 0.10566 0 0 -500 0
526 1
1 13 0 0 0 0 0 0 2.24924 2.25172 0.10566 0 0 -500 0
527 1
1 13 0 0 0 0 0 0 2.16813 2.1707 0.10566 0 0 -500 0
528 1
1 13 0 0 0 0 0 0 2.14581 2.14841 0.10566 0 0 -500 0
529 1
1 13 0 0 0 0 0 0 2.01366 2.01643 0.10566 0 0 -500 0
530 1
1 13 0 0 0 0 0 0 2.05822 2.06093 0.10566 0 0 -500 0
531 1
1 13 0 0 0 0 0 0 2.19372 2.19626 0.10566 0 0 -500 0
532 1
1 13 0 0 0 0 0 0 2.48563 2.48787 0.10566 0 0 -500 0
533 1
1 13 0 0 0 0 0 0 2.04658 2.04931 0.10566 0 0 -500 0
534 1
1 13 0 0 0 0 0 0 2.46272 2.46498 0.10566 0 0 -500 0
535 1
1 13 0 0 0 0 0 0 2.13534 2.13795 0.10566 0 0 -500 0
536 1
1 13 0 0 0 0 0 0 2.21402 2.21654 0.10566 0 0 -500 0
537 1
1 13 0 0 0 0 0 0 2.28554 2.28798 0.10566 0 0 -500 0
538 1
1 13 0 0 0 0 0 0 2.48221 2.48446 0.10566 0 0 -500 0
539 1
1 13 0 0 0 0 0 0 2.48299 2.48524 0.10566 0 0 -500 0
540 1
1 13 0 0 0 0 0 0 2.14854 2.15114 0.10566 0 0 -500 0
541 1
1 13 0 0 0 0 0 0 2.26664 2.2691 0.10566 0 0 -500 0
542 1
1 13 0 0 0 0 0 0 2.28206 2.28451 0.10566 0 0 -500 0
543 1
1 13 0 0 0 0 0 0 2.44207 2.44435 0.10566 0 0 -500 0
544 1
1 13 0 0 0 0 0 0 2.49358 2.49581 0.10566 0 0 -500 0
545 1
1 13 0 0 0 0 0 0 2.20159 2.20413 0.10566 0 0 -500 0
546 1
1 13 0 0 0 0 0 0 2.44679 2.44907 0.10566 0 0 -500 0
547 1
1 13 0 0 0 0 0 0 2.26383 2.26629 0.10566 0 0 -500 0
548 1
1 13 0 0 0 0 0 0 2.23821 2.2407 0.10566 0 0 -500 0
549 1
1 13 0 0 0 0 0 0 2.49626 2.4985 0.10566 0 0 -500 0
550 1
1 13 0 0 0 0 0 0 2.22167 2.22418 0.10566 0 0 -500 0
551 1
1 13 0 0 0 0 0 0 2.12136 2.12399 0.10566 0 0 -500 0
552 1
1 13 0 0 0 0 0 0 2.09205 2.09471 0.10566 0 0 -500 0
553 1
1 13 0 0 0 0 0 0 2.02267 2.02543 0.10566 0 0 -500 0
554 1
1 13 0 0 0 0 0 0 2.01013 2.01291 0.10566 0 0 -500 0
555 1
1 13 0 0 0 0 0 0 2.416 2.41831 0.10566 0 0 -500 0
556 1
1 13 0 0 0 0 0 0 2.00955 2.01232 0.10566 0 0 -500 0
557 1
1 13 0 0 0 0 0 0 2.32586 2.32826 0.10566 0 0 -500 0
558 1
1 13 0 0 0 0 0 0 2.12059 2.12322 0.10566 0 0 -500 0
559 1
1 13 0 0 0 0 0 0 2.1664 2.16897 0.10566 0 0 -500 0
560 1
1 13 0 0 0 0 0 0 2.1782 2.18076 0.10566 0 0 -500 0
561 1
1 13 0 0 0 0 0 0 2.29409 2.29652 0.10566 0 0 -500 0
562 1
1 13 0 0 0 0 0 0 2.35411 2.35648 0.10566 0 0 -500 0
563 1
1 13 0 0 0 0 0 0 2.048 2.05072 0.10566 0 0 -500 0
564 1
1 13 0 0 0 0 0 0 2.49485 2.49709 0.10566 0 0 -500 0
565 1
1 13 0 0 0 0 0 0 2.42804 2.43034 0.10566 0 0 -500 0
566 1
1 13 0 0 0 0 0 0 2.01861 2.02138 0.10566 0 0 -500 0
567 1
1 13 0 0 0 0 0 0 2.00607 2.00885 0.10566 0 0 -500 0
568 1
1 13 0 0 0 0 0 0 2.345 2.34738 0.10566 0 0 -500 0
569 1
1 13 0 0 0 0 0 0 2.42511 2.42741 0.10566 0 0 -500 0
570 1
1 13 0 0 0 0 0 0 2.32203 2.32443 0.10566 0 0 -500 0
571 1
1 13 0 0 0 0 0 0 2.41648 2.41879 0.10566 0 0 -500 0
572 1
1 13 0 0 0 0 0 0 2.48151 2.48375 0.10566 0 0 -500 0
573 1
1 13 0 0 0 0 0 0 2.49669 2.49892 0.10566 0 0 -500 0
574 1
1 13 0 0 0 0 0 0 2.08787 2.09054 0.10566 0 0 -500 0
575 1
1 13 0 0 0 0 0 0 2.20822 2.21075 0.10566 0 0 -500 0
576 1
1 13 0 0 0 0 0 0 2.48663 2.48887 0.10566 0 0 -500 0
577 1
1 13 0 0 0 0 0 0 2.47226 2.47452 0.10566 0 0 -500 0
578 1
1 13 0 0 0 0 0 0 2.03877 2.04151 0.10566 0 0 -500 0
579 1
1 13 0 0 0 0 0 0 2.07623 2.07891 0.10566 0 0 -500 0
580 1
1 13 0 0 0 0 0 0 2.05538 2.0581 0.10566 0 0 -500 0
581 1
1 13 0 0 0 0 0 0 2.37773 2.38008 0.10566 0 0 -500 0
582 1
1 13 0 0 0 0 0 0 2.49906 2.5013 0.10566 0 0 -500 0
583 1
1 13 0 0 0 0 0 0 2.00158 2.00436 0.10566 0 0 -500 0
584 1
1 13 0 0 0 0 0 0 2.19098 2.19353 0.10566 0 0 -500 0
585 1
1 13 0 0 0 0 0 0 2.38822 2.39055 0.10566 0 0 -500 0
586 1
1 13 0 0 0 0 0 0 2.19342 2.19597 0.10566 0 0 -500 0
587 1
1 13 0 0 0 0 0 0 2.4641 2.46636 0.10566 0 0 -500 0
588 1
1 13 0 0 0 0 0 0 2.17138 2.17395 0.10566 0 0 -500 0
589 1
1 13 0 0 0 0 0 0 2.10093 2.10358 0.10566 0 0 -500 0
590 1
1 13 0 0 0 0 0 0 2.36476 2.36712 0.10566 0 0 -500 0
591 1
1 13 0 0 0 0 0 0 2.16119 2.16377 0.10566 0 0 -500 0
592 1
1 13 0 0 0 0 0 0 2.42284 2.42514 0.10566 0 0 -500 0
593 1
1 13 0 0 0 0 0 0 2.2454 2.24788 0.10566 0 0 -500 0
594 1
1 13 0 0 0 0 0 0 2.43893 2.44122 0.10566 0 0 -500 0
595 1
1 13 0 0 0 0 0 0 2.12047 2.1231 0.10566 0 0 -500 0
596 1
1 13 0 0 0 0 0 0 2.2949 2.29734 0.10566 0 0 -500 0
597 1
1 13 0 0 0 0 0 0 2.20934 2.21187 0.10566 0 0 -500 0
598 1
1 13 0 0 0 0 0 0 2.2394 2.24189 0.10566 0 0 -500 0
599 1
1 13 0 0 0 0 0 0 2.18784 2.19039 0.10566 0 0 -500 0
600 1
1 13 0 0 0 0 0 0 2.3193 2.3217 0.10566 0 0 -500 0
601 1
1 13 0 0 0 0 0 0 2.05331 2.05603 0.10566 0 0 -500 0
602 1
1 13 0 0 0 0 0 0 2.45427 2.45654 0.10566 0 0 -500 0
603 1
1 13 0 0 0 0 0 0 2.31303 2.31545 0.10566 0 0 -500 0
604 1
1 13 0 0 0 0 0 0 2.06113 2.06383 0.10566 0 0 -500 0
605 1
1 13 0 0 0 0 0 0 2.34193 2.34431 0.10566 0 0 -500 0
606 1
1 13 0 0 0 0 0 0 2.27576 2.27821 0.10566 0 0 -500 0
607 1
1 13 0 0 0 0 0 0 2.2606 2.26307 0.10566 0 0 -500 0
608 1
1 13 0 0 0 0 0 0 2.39036 2.3927 0.10566 0 0 -500 0
609 1
1 13 0 0 0 0 0 0 2.08629 2.08897 0.10566 0 0 -500 0
610 1
1 13 0 0 0 0 0 0 2.39539 2.39772 0.10566 0 0 -500 0
611 1
1 13 0 0 0 0 0 0 2.02608 2.02883 0.10566 0 0 -500 0
612 1
1 13 0 0 0 0 0 0 2.438 2.44029 0.10566 0 0 -500 0
613 1
1 13 0 0 0 0 0 0 2.12673 2.12935 0.10566 0 0 -500 0
614 1
1 13 0 0 0 0 0 0 2.34691 2.34929 0.10566 0 0 -500 0
615 1
1 13 0 0 0 0 0 0 2.43391 2.4362 0.10566 0 0 -500 0
616 1
1 13 0 0 0 0 0 0 2.23404 2.23654 0.10566 0 0 -500 0
617 1
1 13 0 0 0 0 0 0 2.08947 2.09214 0.10566 0 0 -500 0
618 1
1 13 0 0 0 0 0 0 2.03867 2.0414 0.10566 0 0 -500 0
619 1
1 13 0 0 0 0 0 0 2.17041 2.17298 0.10566 0 0 -500 0
620 1
1 13 0 0 0 0 0 0 2.46555 2.46782 0.10566 0 0 -500 0
621 1
1 13 0 0 0 0 0 0 2.32907 2.33146 0.10566 0 0 -500 0
622 1
1 13 0 0 0 0 0 0 2.08086 2.08354 0.10566 0 0 -500 0
623 1
1 13 0 0 0 0 0 0 2.39743 2.39975 0.10566 0 0 -500 0
624 1
1 13 0 0 0 0 0 0 2.17129 2.17386 0.10566 0 0 -500 0
625 1
1 13 0 0 0 0 0 0 2.05864 2.06135 0.10566 0 0 -500 0
626 1
1 13 0 0 0 0 0 0 2.05713 2.05984 0.10566 0 0 -500 0
627 1
1 13 0 0 0 0 0 0 2.29604 2.29847 0.10566 0 0 -500 0
628 1
1 13 0 0 0 0 0 0 2.33213 2.33452 0.10566 0 0 -500 0
629 1
1 13 0 0 0 0 0 0 2.15454 2.15713 0.10566 0 0 -500 0
630 1
1 13 0 0 0 0 0 0 2.39843 2.40075 0.10566 0 0 -500 0
631 1
1 13 0 0 0 0 0 0 2.08372 2.0864 0.10566 0 0 -500 0
632 1
1 13 0 0 0 0 0 0 2.37136 2.37371 0.10566 0 0 -500 0
633 1
1 13 0 0 0 0 0 0 2.04796 2.05069 0.10566 0 0 -500 0
634 1
1 13 0 0 0 0 0 0 2.2345 2.23699 0.10566 0 0 -500 0
635 1
1 13 0 0 0 0 0 0 2.39182 2.39415 0.10566 0 0 -500 0
636 1
1 13 0 0 0 0 0 0 2.47309 2.47535 0.10566 0 0 -500 0
637 1
1 13 0 0 0 0 0 0 2.20715 2.20968 0.10566 0 0 -500 0
638 1
1 13 0 0 0 0 0 0 2.06354 2.06625 0.10566 0 0 -500 0
639 1
1 13 0 0 0 0 0 0 2.39037 2.3927 0.10566 0 0 -500 0
640 1
1 13 0 0 0 0 0 0 2.12223 2.12486 0.10566 0 0 -500 0
641 1
1 13 0 0 0 0 0 0 2.46814 2.4704 0.10566 0 0 -500 0
642 1
1 13 0 0 0 0 0 0 2.49678 2.49902 0.10566 0 0 -500 0
643 1
1 13 0 0 0 0 0 0 2.16875 2.17132 0.10566 0 0 -500 0
644 1
1 13 0 0 0 0 0 0 2.43088 2.43317 0.10566 0 0 -500 0
645 1
1 13 0 0 0 0 0 0 2.09405 2.09671 0.10566 0 0 -500 0
646 1
1 13 0 0 0 0 0 0 2.27866 2.28111 0.10566 0 0 -500 0
647 1
1 13 0 0 0 0 0 0 2.11681 2.11944 0.10566 0 0 -500 0
648 1
1 13 0 0 0 0 0 0 2.29172 2.29416 0.10566 0 0 -500 0
649 1
1 13 0 0 0 0 0 0 2.19131 2.19386 0.10566 0 0 -500 0
650 1
1 13 0 0 0 0 0 0 2.12757 2.13019 0.10566 0 0 -500 0
651 1
1 13 0 0 0 0 0 0 2.2367 2.23919 0.10566 0 0 -500 0
652 1
1 13 0 0 0 0 0 0 2.47792 2.48017 0.10566 0 0 -500 0
653 1
1 13 0 0 0 0 0 0 2.07576 2.07845 0.10566 0 0 -500 0
654 1
1 13 0 0 0 0 0 0 2.41552 2.41783 0.10566 0 0 -500 0
655 1
1 13 0 0 0 0 0 0 2.32207 2.32448 0.10566 0 0 -500 0
656 1
1 13 0 0 0 0 0 0 2.12144 2.12407 0.10566 0 0 -500 0
657 1
1 13 0 0 0 0 0 0 2.43524 2.43753 0.10566 0 0 -500 0
658 1
1 13 0 0 0 0 0 0 2.08603 2.0887 0.10566 0 0 -500 0
659 1
1 13 0 0 0 0 0 0 2.26432 2.26678 0.10566 0 0 -500 0
660 1
1 13 0 0 0 0 0 0 2.26164 2.26411 0.10566 0 0 -500 0
661 1
1 13 0 0 0 0 0 0 2.1904 2.19295 0.10566 0 0 -500 0
662 1
1 13 0 0 0 0 0 0 2.19048 2.19302 0.10566 0 0 -500 0
663 1
1 13 0 0 0 0 0 0 2.07111 2.0738 0.10566 0 0 -500 0
664 1
1 13 0 0 0 0 0 0 2.12215 2.12478 0.10566 0 0 -500 0
665 1
1 13 0 0 0 0 0 0 2.30142 2.30385 0.10566 0 0 -500 0
666 1
1 13 0 0 0 0 0 0 2.48702 2.48927 0.10566 0 0 -500 0
667 1
1 13 0 0 0 0 0 0 2.06787 2.07057 0.10566 0 0 -500 0
668 1
1 13 0 0 0 0 0 0 2.28366 2.2861 0.10566 0 0 -500 0
669 1
1 13 0 0 0 0 0 0 2.27412 2.27658 0.10566 0 0 -500 0
670 1
1 13 0 0 0 0 0 0 2.23846 2.24095 0.10566 0 0 -500 0
671 1
1 13 0 0 0 0 0 0 2.27965 2.2821 0.10566 0 0 -500 0
672 1
1 13 0 0 0 0 0 0 2.36258 2.36494 0.10566 0 0 -500 0
673 1
1 13 0 0 0 0 0 0 2.30136 2.30378 0.10566 0 0 -500 0
674 1
1 13 0 0 0 0 0 0 2.1921 2.19464 0.10566 0 0 -500 0
675 1
1 13 0 0 0 0 0 0 2.37585 2.3782 0.10566 0 0 -500 0
676 1
1 13 0 0 0 0 0 0 2.28176 2.2842 0.10566 0 0 -500 0
677 1
1 13 0 0 0 0 0 0 2.01341 2.01618 0.10566 0 0 -500 0
678 1
1 13 0 0 0 0 0 0 2.2244 2.2269 0.10566 0 0 -500 0
679 1
1 13 0 0 0 0 0 0 2.46956 2.47182 0.10566 0 0 -500 0
680 1
1 13 0 0 0 0 0 0 2.09059 2.09326 0.10566 0 0 -500 0
681 1
1 13 0 0 0 0 0 0 2.45054 2.45281 0.10566 0 0 -500 0
682 1
1 13 0 0 0 0 0 0 2.44687 2.44915 0.10566 0 0 -500 0
683 1
1 13 0 0 0 0 0 0 2.38826 2.3906 0.10566 0 0 -500 0
684 1
1 13 0 0 0 0 0 0 2.43383 2.43612 0.10566 0 0 -500 0
685 1
1 13 0 0 0 0 0 0 2.2053 2.20783 0.10566 0 0 -500 0
686 1
1 13 0 0 0 0 0 0 2.01673 2.0195 0.10566 0 0 -500 0
687 1
1 13 0 0 0 0 0 0 2.46115 2.46342 0.10566 0 0 -500 0
688 1
1 13 0 0 0 0 0 0 2.3787 2.38105 0.10566 0 0 -500 0
689 1
1 13 0 0 0 0 0 0 2.46882 2.47108 0.10566 0 0 -500 0
690 1
1 13 0 0 0 0 0 0 2.16137 2.16395 0.10566 0 0 -500 0
691 1
1 13 0 0 0 0 0 0 2.3415 2.34389 0.10566 0 0 -500 0
692 1
1 13 0 0 0 0 0 0 2.41423 2.41654 0.10566 0 0 -500 0
693 1
1 13 0 0 0 0 0 0 2.45046 2.45274 0.10566 0 0 -500 0
694 1
1 13 0 0 0 0 0 0 2.47846 2.48072 0.10566 0 0 -500 0
695 1
1 13 0 0 0 0 0 0 2.34042 2.3428 0.10566 0 0 -500 0
696 1
1 13 0 0 0 0 0 0 2.38873 2.39107 0.10566 0 0 -500 0
697 1
1 13 0 0 0 0 0 0 2.23722 2.23971 0.10566 0 0 -500 0
698 1
1 13 0 0 0 0 0 0 2.20034 2.20288 0.10566 0 0 -500 0
699 1
1 13 0 0 0 0 0 0 2.24519 2.24767 0.10566 0 0 -500 0
700 1
1 13 0 0 0 0 0 0 2.21906 2.22157 0.10566 0 0 -500 0
701 1
1 13 0 0 0 0 0 0 2.00829 2.01106 0.10566 0 0 -500 0
702 1
1 13 0 0 0 0 0 0 2.27472 2.27718 0.10566 0 0 -500 0
703 1
1 13 0 0 0 0 0 0 2.219 2.22151 0.10566 0 0 -500 0
704 1
1 13 0 0 0 0 0 0 2.34535 2.34773 0.10566 0 0 -500 0
705 1
1 13 0 0 0 0 0 0 2.09702 2.09968 0.10566 0 0 -500 0
706 1
1 13 0 0 0 0 0 0 2.4681 2.47036 0.10566 0 0 -500 0
707 1
1 13 0 0 0 0 0 0 2.3077 2.31012 0.10566 0 0 -500 0
708 1
1 13 0 0 0 0 0 0 2.41515 2.41746 0.10566 0 0 -500 0
709 1
1 13 0 0 0 0 0 0 2.4348 2.43709 0.10566 0 0 -500 0
710 1
1 13 0 0 0 0 0 0 2.00913 2.01191 0.10566 0 0 -500 0
711 1
1 13 0 0 0 0 0 0 2.21175 2.21427 0.10566 0 0 -500 0
712 1
1 13 0 0 0 0 0 0 2.31024 2.31266 0.10566 0 0 -500 0
713 1
1 13 0 0 0 0 0 0 2.08785 2.09053 0.10566 0 0 -500 0
714 1
1 13 0 0 0 0 0 0 2.19621 2.19875 0.10566 0 0 -500 0
715 1
1 13 0 0 0 0 0 0 2.45985 2.46211 0.10566 0 0 -500 0
716 1
1 13 0 0 0 0 0 0 2.40598 2.4083 0.10566 0 0 -500 0
717 1
1 13 0 0 0 0 0 0 2.23688 2.23937 0.10566 0 0 -500 0
718 1
1 13 0 0 0 0 0 0 2.28777 2.2902 0.10566 0 0 -500 0
719 1
1 13 0 0 0 0 0 0 2.15374 2.15633 0.10566 0 0 -500 0
720 1
1 13 0 0 0 0 0 0 2.00132 2.00411 0.10566 0 0 -500 0
721 1
1 13 0 0 0 0 0 0 2.4344 2.43669 0.10566 0 0 -500 0
722 1
1 13 0 0 0 0 0 0 2.33625 2.33864 0.10566 0 0 -500 0
723 1
1 13 0 0 0 0 0 0 2.32606 2.32846 0.10566 0 0 -500 0
724 1
1 13 0 0 0 0 0 0 2.17661 2.17917 0.10566 0 0 -500 0
725 1
1 13 0 0 0 0 0 0 2.15115 2.15374 0.10566 0 0 -500 0
726 1
1 13 0 0 0 0 0 0 2.27459 2.27704 0.10566 0 0 -500 0
727 1
1 13 0 0 0 0 0 0 2.0688 2.0715 0.10566 0 0 -500 0
728 1
1 13 0 0 0 0 0 0 2.26536 2.26782 0.10566 0 0 -500 0
729 1
1 13 0 0 0 0 0 0 2.21049 2.21302 0.10566 0 0 -500 0
730 1
1 13 0 0 0 0 0 0 2.1066 2.10925 0.10566 0 0 -500 0
731 1
1 13 0 0 0 0 0 0 2.04933 2.05205 0.10566 0 0 -500 0
732 1
1 13 0 0 0 0 0 0 2.07147 2.07417 0.10566 0 0 -500 0
733 1
1 13 0 0 0 0 0 0 2.25332 2.2558 0.10566 0 0 -500 0
734 1
1 13 0 0 0 0 0 0 2.44725 2.44953 0.10566 0 0 -500 0
735 1
1 13 0 0 0 0 0 0 2.32778 2.33018 0.10566 0 0 -500 0
736 1
1 13 0 0 0 0 0 0 2.3343 2.33669 0.10566 0 0 -500 0
737 1
1 13 0 0 0 0 0 0 2.29043 2.29286 0.10566 0 0 -500 0
738 1
1 13 0 0 0 0 0 0 2.01085 2.01362 0.10566 0 0 -500 0
739 1
1 13 0 0 0 0 0 0 2.0357 2.03844 0.10566 0 0 -500 0
740 1
1 13 0 0 0 0 0 0 2.02353 2.02629 0.10566 0 0 -500 0
741 1
1 13 0 0 0 0 0 0 2.24484 2.24732 0.10566 0 0 -500 0
742 1
1 13 0 0 0 0 0 0 2.37231 2.37466 0.10566 0 0 -500 0
743 1
1 13 0 0 0 0 0 0 2.06713 2.06983 0.10566 0 0 -500 0
744 1
1 13 0 0 0 0 0 0 2.40939 2.4117 0.10566 0 0 -500 0
745 1
1 13 0 0 0 0 0 0 2.37691 2.37926 0.10566 0 0 -500 0
746 1
1 13 0 0 0 0 0 0 2.3522 2.35457 0.10566 0 0 -500 0
747 1
1 13 0 0 0 0 0 0 2.47254 2.4748 0.10566 0 0 -500 0
748 1
1 13 0 0 0 0 0 0 2.44802 2.4503 0.10566 0 0 -500 0
749 1
1 13 0 0 0 0 0 0 2.30605 2.30847 0.10566 0 0 -500 0
750 1
1 13 0 0 0 0 0 0 2.31863 2.32104 0.10566 0 0 -500 0
751 1
1 13 0 0 0 0 0 0 2.25133 2.25381 0.10566 0 0 -500 0
752 1
1 13 0 0 0 0 0 0 2.08375 2.08643 0.10566 0 0 -500 0
753 1
1 13 0 0 0 0 0 0 2.31457 2.31698 0.10566 0 0 -500 0
754 1
1 13 0 0 0 0 0 0 2.39699 2.39932 0.10566 0 0 -500 0
755 1
1 13 0 0 0 0 0 0 2.28338 2.28582 0.10566 0 0 -500 0
756 1
1 13 0 0 0 0 0 0 2.4512 2.45347 0.10566 0 0 -500 0
757 1
1 13 0 0 0 0 0 0 2.23989 2.24238 0.10566 0 0 -500 0
758 1
1 13 0 0 0 0 0 0 2.15958 2.16216 0.10566 0 0 -500 0
759 1
1 13 0 0 0 0 0 0 2.24342 2.2459 0.10566 0 0 -500 0
760 1
1 13 0 0 0 0 0 0 2.04957 2.05229 0.10566 0 0 -500 0
761 1
1 13 0 0 0 0 0 0 2.15929 2.16188 0.10566 0 0 -500 0
762 1
1 13 0 0 0 0 0 0 2.25964 2.26211 0.10566 0 0 -500 0
763 1
1 13 0 0 0 0 0 0 2.45891 2.46118 0.10566 0 0 -500 0
764 1
1 13 0 0 0 0 0 0 2.46956 2.47182 0.10566 0 0 -500 0
765 1
1 13 0 0 0 0 0 0 2.4763 2.47855 0.10566 0 0 -500 0
766 1
1 13 0 0 0 0 0 0 2.36499 2.36735 0.10566 0 0 -500 0
767 1
1 13 0 0 0 0 0 0 2.14172 2.14433 0.10566 0 0 -500 0
768 1
1 13 0 0 0 0 0 0 2.26477 2.26723 0.10566 0 0 -500 0
769 1
1 13 0 0 0 0 0 0 2.1665 2.16907 0.10566 0 0 -500 0
770 1
1 13 0 0 0 0 0 0 2.4202 2.42251 0.10566 0 0 -500 0
771 1
1 13 0 0 0 0 0 0 2.43 2.4323 0.10566 0 0 -500 0
772 1
1 13 0 0 0 0 0 0 2.07735 2.08003 0.10566 0 0 -500 0
773 1
1 13 0 0 0 0 0 0 2.33947 2.34185 0.10566 0 0 -500 0
774 1
1 13 0 0 0 0 0 0 2.17411 2.17668 0.10566 0 0 -500 0
775 1
1 13 0 0 0 0 0 0 2.33014 2.33253 0.10566 0 0 -500 0
776 1
1 13 0 0 0 0 0 0 2.29166 2.2941 0.10566 0 0 -500 0
777 1
1 13 0 0 0 0 0 0 2.34026 2.34265 0.10566 0 0 -500 0
778 1
1 13 0 0 0 0 0 0 2.0495 2.05222 0.10566 0 0 -500 0
779 1
1 13 0 0 0 0 0 0 2.13618 2.13879 0.10566 0 0 -500 0
780 1
1 13 0 0 0 0 0 0 2.36929 2.37164 0.10566 0 0 -500 0
781 1
1 13 0 0 0 0 0 0 2.09262 2.09528 0.10566 0 0 -500 0
782 1
1 13 0 0 0 0 0 0 2.30065 2.30308 0.10566 0 0 -500 0
783 1
1 13 0 0 0 0 0 0 2.03714 2.03988 0.10566 0 0 -500 0
784 1
1 13 0 0 0 0 0 0 2.03318 2.03592 0.10566 0 0 -500 0
785 1
1 13 0 0 0 0 0 0 2.15183 2.15442 0.10566 0 0 -500 0
786 1
1 13 0 0 0 0 0 0 2.09513 2.09779 0.10566 0 0 -500 0
787 1
1 13 0 0 0 0 0 0 2.03285 2.03559 0.10566 0 0 -500 0
788 1
1 13 0 0 0 0 0 0 2.39256 2.39489 0.10566 0 0 -500 0
789 1
1 13 0 0 0 0 0 0 2.21868 2.2212 0.10566 0 0 -500 0
790 1
1 13 0 0 0 0 0 0 2.19033 2.19288 0.10566 0 0 -500 0
791 1
1 13 0 0 0 0 0 0 2.43229 2.43458 0.10566 0 0 -500 0
792 1
1 13 0 0 0 0 0 0 2.48892 2.49116 0.10566 0 0 -500 0
793 1
1 13 0 0 0 0 0 0 2.40986 2.41218 0.10566 0 0 -500 0
794 1
1 13 0 0 0 0 0 0 2.11883 2.12146 0.10566 0 0 -500 0
795 1
1 13 0 0 0 0 0 0 2.17489 2.17745 0.10566 0 0 -500 0
796 1
1 13 0 0 0 0 0 0 2.12083 2.12346 0.10566 0 0 -500 0
797 1
1 13 0 0 0 0 0 0 2.30427 2.30669 0.10566 0 0 -500 0
798 1
1 13 0 0 0 0 0 0 2.00728 2.01006 0.10566 0 0 -500 0
799 1
1 13 0 0 0 0 0 0 2.34158 2.34396 0.10566 0 0 -500 0
800 1
1 13 0 0 0 0 0 0 2.33068 2.33308 0.10566 0 0 -500 0
801 1
1 13 0 0 0 0 0 0 2.19117 2.19372 0.10566 0 0 -500 0
802 1
1 13 0 0 0 0 0 0 2.293 2.29543 0.10566 0 0 -500 0
803 1
1 13 0 0 0 0 0 0 2.16158 2.16416 0.10566 0 0 -500 0
804 1
1 13 0 0 0 0 0 0 2.36812 2.37047 0.10566 0 0 -500 0
805 1
1 13 0 0 0 0 0 0 2.10465 2.1073 0.10566 0 0 -500 0
806 1
1 13 0 0 0 0 0 0 2.01218 2.01496 0.10566 0 0 -500 0
807 1
1 13 0 0 0 0 0 0 2.42874 2.43104 0.10566 0 0 -500 0
808 1
1 13 0 0 0 0 0 0 2.11392 2.11656 0.10566 0 0 -500 0
809 1
1 13 0 0 0 0 0 0 2.09839 2.10105 0.10566 0 0 -500 0
810 1
1 13 0 0 0 0 0 0 2.09896 2.10162 0.10566 0 0 -500 0
811 1
1 13 0 0 0 0 0 0 2.34532 2.34769 0.10566 0 0 -500 0
812 1
1 13 0 0 0 0 0 0 2.45104 2.45332 0.10566 0 0 -500 0
813 1
1 13 0 0 0 0 0 0 2.11806 2.12069 0.10566 0 0 -500 0
814 1
1 13 0 0 0 0 0 0 2.37575 2.3781 0.10566 0 0 -500 0
815 1
1 13 0 0 0 0 0 0 2.41454 2.41685 0.10566 0 0 -500 0
816 1
1 13 0 0 0 0 0 0 2.47731 2.47956 0.10566 0 0 -500 0
817 1
1 13 0 0 0 0 0 0 2.47241 2.47467 0.10566 0 0 -500 0
818 1
1 13 0 0 0 0 0 0 2.00811 2.01089 0.10566 0 0 -500 0
819 1
1 13 0 0 0 0 0 0 2.41128 2.41359 0.10566 0 0 -500 0
820 1
1 13 0 0 0 0 0 0 2.39158 2.39391 0.10566 0 0 -500 0
821 1
1 13 0 0 0 0 0 0 2.16143 2.16401 0.10566 0 0 -500 0
822 1
1 13 0 0 0 0 0 0 2.34797 2.35034 0.10566 0 0 -500 0
823 1
1 13 0 0 0 0 0 0 2.08357 2.08625 0.10566 0 0 -500 0
824 1
1 13 0 0 0 0 0 0 2.07055 2.07325 0.10566 0 0 -500 0
825 1
1 13 0 0 0 0 0 0 2.2023 2.20483 0.10566 0 0 -500 0
826 1
1 13 0 0 0 0 0 0 2.47094 2.4732 0.10566 0 0 -500 0
827 1
1 13 0 0 0 0 0 0 2.11247 2.11511 0.10566 0 0 -500 0
828 1
1 13 0 0 0 0 0 0 2.30246 2.30489 0.10566 0 0 -500 0
829 1
1 13 0 0 0 0 0 0 2.17967 2.18223 0.10566 0 0 -500 0
830 1
1 13 0 0 0 0 0 0 2.36768 2.37004 0.10566 0 0 -500 0
831 1
1 13 0 0 0 0 0 0 2.14869 2.15128 0.10566 0 0 -500 0
832 1
1 13 0 0 0 0 0 0 2.098 2.10066 0.10566 0 0 -500 0
833 1
1 13 0 0 0 0 0 0 2.4822 2.48445 0.10566 0 0 -500 0
834 1
1 13 0 0 0 0 0 0 2.27284 2.2753 0.10566 0 0 -500 0
835 1
1 13 0 0 0 0 0 0 2.04308 2.04581 0.10566 0 0 -500 0
836 1
1 13 0 0 0 0 0 0 2.39679 2.39912 0.10566 0 0 -500 0
837 1
1 13 0 0 0 0 0 0 2.06668 2.06938 0.10566 0 0 -500 0
838 1
1 13 0 0 0 0 0 0 2.03332 2.03606 0.10566 0 0 -500 0
839 1
1 13 0 0 0 0 0 0 2.03755 2.04028 0.10566 0 0 -500 0
840 1
1 13 0 0 0 0 0 0 2.07644 2.07912 0.10566 0 0 -500 0
841 1
1 13 0 0 0 0 0 0 2.31664 2.31904 0.10566 0 0 -500 0
842 1
1 13 0 0 0 0 0 0 2.49406 2.4963 0.10566 0 0 -500 0
843 1
1 13 0 0 0 0 0 0 2.40064 2.40297 0.10566 0 0 -500 0
844 1
1 13 0 0 0 0 0 0 2.12156 2.12419 0.10566 0 0 -500 0
845 1
1 13 0 0 0 0 0 0 2.34301 2.34539 0.10566 0 0 -500 0
846 1
1 13 0 0 0 0 0 0 2.36889 2.37124 0.10566 0 0 -500 0
847 1
1 13 0 0 0 0 0 0 2.31582 2.31823 0.10566 0 0 -500 0
848 1
1 13 0 0 0 0 0 0 2.40354 2.40586 0.10566 0 0 -500 0
849 1
1 13 0 0 0 0 0 0 2.36162 2.36398 0.10566 0 0 -500 0
850 1
1 13 0 0 0 0 0 0 2.14016 2.14277 0.10566 0 0 -500 0
851 1
1 13 0 0 0 0 0 0 2.03598 2.03872 0.10566 0 0 -500 0
852 1
1 13 0 0 0 0 0 0 2.22057 2.22308 0.10566 0 0 -500 0
853 1
1 13 0 0 0 0 0 0 2.03146 2.0342 0.10566 0 0 -500 0
854 1
1 13 0 0 0 0 0 0 2.09883 2.10149 0.10566 0 0 -500 0
855 1
1 13 0 0 0 0 0 0 2.23162 2.23412 0.10566 0 0 -500 0
856 1
1 13 0 0 0 0 0 0 2.06358 2.06629 0.10566 0 0 -500 0
857 1
1 13 0 0 0 0 0 0 2.01373 2.0165 0.10566 0 0 -500 0
858 1
1 13 0 0 0 0 0 0 2.0236 2.02636 0.10566 0 0 -500 0
859 1
1 13 0 0 0 0 0 0 2.07695 2.07963 0.10566 0 0 -500 0
860 1
1 13 0 0 0 0 0 0 2.05998 2.06269 0.10566 0 0 -500 0
861 1
1 13 0 0 0 0 0 0 2.21927 2.22178 0.10566 0 0 -500 0
862 1
1 13 0 0 0 0 0 0 2.08194 2.08462 0.10566 0 0 -500 0
863 1
1 13 0 0 0 0 0 0 2.30669 2.30911 0.10566 0 0 -500 0
864 1
1 13 0 0 0 0 0 0 2.27576 2.27821 0.10566 0 0 -500 0
865 1
1 13 0 0 0 0 0 0 2.39523 2.39756 0.10566 0 0 -500 0
866 1
1 13 0 0 0 0 0 0 2.42593 2.42823 0.10566 0 0 -500 0
867 1
1 13 0 0 0 0 0 0 2.07773 2.08041 0.10566 0 0 -500 0
868 1
1 13 0 0 0 0 0 0 2.43023 2.43252 0.10566 0 0 -500 0
869 1
1 13 0 0 0 0 0 0 2.09605 2.09872 0.10566 0 0 -500 0
870 1
1 13 0 0 0 0 0 0 2.41031 2.41262 0.10566 0 0 -500 0
871 1
1 13 0 0 0 0 0 0 2.10689 2.10953 0.10566 0 0 -500 0
872 1
1 13 0 0 0 0 0 0 2.15554 2.15813 0.10566 0 0 -500 0
873 1
1 13 0 0 0 0 0 0 2.38783 2.39016 0.10566 0 0 -500 0
874 1
1 13 0 0 0 0 0 0 2.47512 2.47737 0.10566 0 0 -500 0
875 1
1 13 0 0 0 0 0 0 2.2284 2.23091 0.10566 0 0 -500 0
876 1
1 13 0 0 0 0 0 0 2.44484 2.44712 0.10566 0 0 -500 0
877 1
1 13 0 0 0 0 0 0 2.43954 2.44183 0.10566 0 0 -500 0
878 1
1 13 0 0 0 0 0 0 2.34162 2.344 0.10566 0 0 -500 0
879 1
1 13 0 0 0 0 0 0 2.14325 2.14585 0.10566 0 0 -500 0
880 1
1 13 0 0 0 0 0 0 2.02784 2.03059 0.10566 0 0 -500 0
881 1
1 13 0 0 0 0 0 0 2.18165 2.1842 0.10566 0 0 -500 0
882 1
1 13 0 0 0 0 0 0 2.42812 2.43042 0.10566 0 0 -500 0
883 1
1 13 0 0 0 0 0 0 2.21618 2.2187 0.10566 0 0 -500 0
884 1
1 13 0 0 0 0 0 0 2.41061 2.41293 0.10566 0 0 -500 0
885 1
1 13 0 0 0 0 0 0 2.07585 2.07853 0.10566 0 0 -500 0
886 1
1 13 0 0 0 0 0 0 2.33361 2.336 0.10566 0 0 -500 0
887 1
1 13 0 0 0 0 0 0 2.30435 2.30677 0.10566 0 0 -500 0
888 1
1 13 0 0 0 0 0 0 2.38055 2.38289 0.10566 0 0 -500 0
889 1
1 13 0 0 0 0 0 0 2.19813 2.20067 0.10566 0 0 -500 0
890 1
1 13 0 0 0 0 0 0 2.02057 2.02333 0.10566 0 0 -500 0
891 1
1 13 0 0 0 0 0 0 2.43854 2.44082 0.10566 0 0 -500 0
892 1
1 13 0 0 0 0 0 0 2.00041 2.0032 0.10566 0 0 -500 0
893 1
1 13 0 0 0 0 0 0 2.47735 2.4796 0.10566 0 0 -500 0
894 1
1 13 0 0 0 0 0 0 2.2114 2.21393 0.10566 0 0 -500 0
895 1
1 13 0 0 0 0 0 0 2.16198 2.16456 0.10566 0 0 -500 0
896 1
1 13 0 0 0 0 0 0 2.22197 2.22448 0.10566 0 0 -500 0
897 1
1 13 0 0 0 0 0 0 2.28942 2.29185 0.10566 0 0 -500 0
898 1
1 13 0 0 0 0 0 0 2.02217 2.02493 0.10566 0 0 -500 0
899 1
1 13 0 0 0 0 0 0 2.27719 2.27964 0.10566 0 0 -500 0
900 1
1 13 0 0 0 0 0 0 2.02206 2.02481 0.10566 0 0 -500 0
901 1
1 13 0 0 0 0 0 0 2.27307 2.27553 0.10566 0 0 -500 0
902 1
1 13 0 0 0 0 0 0 2.01535 2.01812 0.10566 0 0 -500 0
903 1
1 13 0 0 0 0 0 0 2.10737 2.11002 0.10566 0 0 -500 0
904 1
1 13 0 0 0 0 0 0 2.46681 2.46908 0.10566 0 0 -500 0
905 1
1 13 0 0 0 0 0 0 2.0838 2.08647 0.10566 0 0 -500 0
906 1
1 13 0 0 0 0 0 0 2.40434 2.40666 0.10566 0 0 -500 0
907 1
1 13 0 0 0 0 0 0 2.04038 2.04312 0.10566 0 0 -500 0
908 1
1 13 0 0 0 0 0 0 2.06118 2.06389 0.10566 0 0 -500 0
909 1
1 13 0 0 0 0 0 0 2.21419 2.21671 0.10566 0 0 -500 0
910 1
1 13 0 0 0 0 0 0 2.22407 2.22658 0.10566 0 0 -500 0
911 1
1 13 0 0 0 0 0 0 2.23258 2.23508 0.10566 0 0 -500 0
912 1
1 13 0 0 0 0 0 0 2.07861 2.0813 0.10566 0 0 -500 0
913 1
1 13 0 0 0 0 0 0 2.02055 2.02331 0.10566 0 0 -500 0
914 1
1 13 0 0 0 0 0 0 2.33107 2.33347 0.10566 0 0 -500 0
915 1
1 13 0 0 0 0 0 0 2.25595 2.25842 0.10566 0 0 -500 0
916 1
1 13 0 0 0 0 0 0 2.31759 2.32 0.10566 0 0 -500 0
917 1
1 13 0 0 0 0 0 0 2.28193 2.28438 0.10566 0 0 -500 0
918 1
1 13 0 0 0 0 0 0 2.43731 2.4396 0.10566 0 0 -500 0
919 1
1 13 0 0 0 0 0 0 2.10624 2.10889 0.10566 0 0 -500 0
920 1
1 13 0 0 0 0 0 0 2.02169 2.02445 0.10566 0 0 -500 0
921 1
1 13 0 0 0 0 0 0 2.08353 2.08621 0.10566 0 0 -500 0
922 1
1 13 0 0 0 0 0 0 2.24131 2.2438 0.10566 0 0 -500 0
923 1
1 13 0 0 0 0 0 0 2.48646 2.48871 0.10566 0 0 -500 0
924 1
1 13 0 0 0 0 0 0 2.48353 2.48578 0.10566 0 0 -500 0
925 1
1 13 0 0 0 0 0 0 2.30249 2.30491 0.10566 0 0 -500 0
926 1
1 13 0 0 0 0 0 0 2.25814 2.26061 0.10566 0 0 -500 0
927 1
1 13 0 0 0 0 0 0 2.25607 2.25854 0.10566 0 0 -500 0
928 1
1 13 0 0 0 0 0 0 2.10599 2.10864 0.10566 0 0 -500 0
929 1
1 13 0 0 0 0 0 0 2.17611 2.17867 0.10566 0 0 -500 0
930 1
1 13 0 0 0 0 0 0 2.02849 2.03124 0.10566 0 0 -500 0
931 1
1 13 0 0 0 0 0 0 2.31033 2.31275 0.10566 0 0 -500 0
932 1
1 13 0 0 0 0 0 0 2.37977 2.38211 0.10566 0 0 -500 0
933 1
1 13 0 0 0 0 0 0 2.49383 2.49607 0.10566 0 0 -500 0
934 1
1 13 0 0 0 0 0 0 2.22118 2.22369 0.10566 0 0 -500 0
935 1
1 13 0 0 0 0 0 0 2.35707 2.35943 0.10566 0 0 -500 0
936 1
1 13 0 0 0 0 0 0 2.11661 2.11925 0.10566 0 0 -500 0
937 1
1 13 0 0 0 0 0 0 2.45169 2.45397 0.10566 0 0 -500 0
938 1
1 13 0 0 0 0 0 0 2.38912 2.39146 0.10566 0 0 -500 0
939 1
1 13 0 0 0 0 0 0 2.43439 2.43668 0.10566 0 0 -500 0
940 1
1 13 0 0 0 0 0 0 2.1747 2.17727 0.10566 0 0 -500 0
941 1
1 13 0 0 0 0 0 0 2.39411 2.39644 0.10566 0 0 -500 0
942 1
1 13 0 0 0 0 0 0 2.37771 2.38006 0.10566 0 0 -500 0
943 1
1 13 0 0 0 0 0 0 2.43778 2.44007 0.10566 0 0 -500 0
944 1
1 13 0 0 0 0 0 0 2.124 2.12663 0.10566 0 0 -500 0
945 1
1 13 0 0 0 0 0 0 2.19291 2.19546 0.10566 0 0 -500 0
946 1
1 13 0 0 0 0 0 0 2.07142 2.07411 0.10566 0 0 -500 0
947 1
1 13 0 0 0 0 0 0 2.00132 2.00411 0.10566 0 0 -500 0
948 1
1 13 0 0 0 0 0 0 2.12081 2.12344 0.10566 0 0 -500 0
949 1
1 13 0 0 0 0 0 0 2.07752 2.08021 0.10566 0 0 -500 0
950 1
1 13 0 0 0 0 0 0 2.30168 2.30411 0.10566 0 0 -500 0
951 1
1 13 0 0 0 0 0 0 2.03341 2.03616 0.10566 0 0 -500 0
952 1
1 13 0 0 0 0 0 0 2.45742 2.45969 0.10566 0 0 -500 0
953 1
1 13 0 0 0 0 0 0 2.48682 2.48906 0.10566 0 0 -500 0
954 1
1 13 0 0 0 0 0 0 2.40476 2.40708 0.10566 0 0 -500 0
955 1
1 13 0 0 0 0 0 0 2.14893 2.15152 0.10566 0 0 -500 0
956 1
1 13 0 0 0 0 0 0 2.35804 2.36041 0.10566 0 0 -500 0
957 1
1 13 0 0 0 0 0 0 2.16775 2.17032 0.10566 0 0 -500 0
958 1
1 13 0 0 0 0 0 0 2.43232 2.43461 0.10566 0 0 -500 0
959 1
1 13 0 0 0 0 0 0 2.43299 2.43528 0.10566 0 0 -500 0
960 1
1 13 0 0 0 0 0 0 2.20561 2.20814 0.10566 0 0 -500 0
961 1
1 13 0 0 0 0 0 0 2.02093 2.02369 0.10566 0 0 -500 0
962 1
1 13 0 0 0 0 0 0 2.49868 2.50091 0.10566 0 0 -500 0
963 1
1 13 0 0 0 0 0 0 2.15204 2.15463 0.10566 0 0 -500 0
964 1
1 13 0 0 0 0 0 0 2.24217 2.24466 0.10566 0 0 -500 0
965 1
1 13 0 0 0 0 0 0 2.18311 2.18566 0.10566 0 0 -500 0
966 1
1 13 0 0 0 0 0 0 2.18071 2.18326 0.10566 0 0 -500 0
967 1
1 13 0 0 0 0 0 0 2.15411 2.1567 0.10566 0 0 -500 0
968 1
1 13 0 0 0 0 0 0 2.10484 2.10749 0.10566 0 0 -500 0
969 1
1 13 0 0 0 0 0 0 2.07527 2.07796 0.10566 0 0 -500 0
970 1
1 13 0 0 0 0 0 0 2.00506 2.00784 0.10566 0 0 -500 0
971 1
1 13 0 0 0 0 0 0 2.21333 2.21585 0.10566 0 0 -500 0
972 1
1 13 0 0 0 0 0 0 2.29136 2.29379 0.10566 0 0 -500 0
973 1
1 13 0 0 0 0 0 0 2.03602 2.03876 0.10566 0 0 -500 0
974 1
1 13 0 0 0 0 0 0 2.15929 2.16187 0.10566 0 0 -500 0
975 1
1 13 0 0 0 0 0 0 2.08782 2.0905 0.10566 0 0 -500 0
976 1
1 13 0 0 0 0 0 0 2.32178 2.32419 0.10566 0 0 -500 0
977 1
1 13 0 0 0 0 0 0 2.09278 2.09545 0.10566 0 0 -500 0
978 1
1 13 0 0 0 0 0 0 2.48865 2.49089 0.10566 0 0 -500 0
979 1
1 13 0 0 0 0 0 0 2.40965 2.41197 0.10566 0 0 -500 0
980 1
1 13 0 0 0 0 0 0 2.33536 2.33775 0.10566 0 0 -500 0
981 1
1 13 0 0 0 0 0 0 2.22122 2.22373 0.10566 0 0 -500 0
982 1
1 13 0 0 0 0 0 0 2.00218 2.00496 0.10566 0 0 -500 0
983 1
1 13 0 0 0 0 0 0 2.04977 2.05249 0.10566 0 0 -500 0
984 1
1 13 0 0 0 0 0 0 2.01237 2.01514 0.10566 0 0 -500 0
985 1
1 13 0 0 0 0 0 0 2.41131 2.41362 0.10566 0 0 -500 0
986 1
1 13 0 0 0 0 0 0 2.44315 2.44543 0.10566 0 0 -500 0
987 1
1 13 0 0 0 0 0 0 2.14009 2.14269 0.10566 0 0 -500 0
988 1
1 13 0 0 0 0 0 0 2.14212 2.14473 0.10566 0 0 -500 0
989 1
1 13 0 0 0 0 0 0 2.16208 2.16466 0.10566 0 0 -500 0
990 1
1 13 0 0 0 0 0 0 2.35871 2.36107 0.10566 0 0 -500 0
991 1
1 13 0 0 0 0 0 0 2.19509 2.19763 0.10566 0 0 -500 0
992 1
1 13 0 0 0 0 0 0 2.37201 2.37436 0.10566 0 0 -500 0
993 1
1 13 0 0 0 0 0 0 2.16921 2.17178 0.10566 0 0 -500 0
994 1
1 13 0 0 0 0 0 0 2.10126 2.10392 0.10566 0 0 -500 0
995 1
1 13 0 0 0 0 0 0 2.15184 2.15443 0.10566 0 0 -500 0
996 1
1 13 0 0 0 0 0 0 2.14504 2.14764 0.10566 0 0 -500 0
997 1
1 13 0 0 0 0 0 0 2.41489 2.4172 0.10566 0 0 -500 0
998 1
1 13 0 0 0 0 0 0 2.17324 2.1758 0.10566 0 0 -500 0
999 1
1 13 0 0 0 0 0 0 2.17032 2.17289 0.10566 0 0 -500 0