0 1
1 13 0 0 0 0 0 0 2.87699 2.87893 0.10566 0 0 -500 0
1 1
1 13 0 0 0 0 0 0 2.91733 2.91925 0.10566 0 0 -500 0
2 1
1 13 0 0 0 0 0 0 2.53438 2.53658 0.10566 0 0 -500 0
3 1
1 13 0 0 0 0 0 0 2.93334 2.93524 0.10566 0 0 -500 0
4 1
1 13 0 0 0 0 0 0 2.61578 2.61792 0.10566 0 0 -500 0
5 1
1 13 0 0 0 0 0 0 2.89458 2.8965 0.10566 0 0 -500 0
6 1
1 13 0 0 0 0 0 0 2.65676 2.65886 0.10566 0 0 -500 0
7 1
1 13 0 0 0 0 0 0 2.70384 2.7059 0.10566 0 0 -500 0
8 1
1 13 0 0 0 0 0 0 2.54188 2.54408 0.10566 0 0 -500 0
9 1
1 13 0 0 0 0 0 0 2.6303 2.63242 0.10566 0 0 -500 0
10 1
1 13 0 0 0 0 0 0 2.73002 2.73206 0.10566 0 0 -500 0
11 1
1 13 0 0 0 0 0 0 2.60081 2.60295 0.10566 0 0 -500 0
12 1
1 13 0 0 0 0 0 0 2.73056 2.7326 0.10566 0 0 -500 0
13 1
1 13 0 0 0 0 0 0 2.5604 2.56258 0.10566 0 0 -500 0
14 1
1 13 0 0 0 0 0 0 2.7499 2.75193 0.10566 0 0 -500 0
15 1
1 13 0 0 0 0 0 0 2.78557 2.78757 0.10566 0 0 -500 0
16 1
1 13 0 0 0 0 0 0 2.764 2.76602 0.10566 0 0 -500 0
17 1
1 13 0 0 0 0 0 0 2.63049 2.63261 0.10566 0 0 -500 0
18 1
1 13 0 0 0 0 0 0 2.98363 2.9855 0.10566 0 0 -500 0
19 1
1 13 0 0 0 0 0 0 2.9774 2.97927 0.10566 0 0 -500 0
20 1
1 13 0 0 0 0 0 0 2.54952 2.55171 0.10566 0 0 -500 0
21 1
1 13 0 0 0 0 0 0 2.70359 2.70566 0.10566 0 0 -500 0
22 1
1 13 0 0 0 0 0 0 2.8257 2.82767 0.10566 0 0 -500 0
23 1
1 13 0 0 0 0 0 0 2.75892 2.76094 0.10566 0 0 -500 0
24 1
1 13 0 0 0 0 0 0 2.82137 2.82335 0.10566 0 0 -500 0
25 1
1 13 0 0 0 0 0 0 2.61502 2.61715 0.10566 0 0 -500 0
26 1
1 13 0 0 0 0 0 0 2.71794 2.72 0.10566 0 0 -500 0
27 1
1 13 0 0 0 0 0 0 2.53057 2.53277 0.10566 0 0 -500 0
28 1
1 13 0 0 0 0 0 0 2.86627 2.86821 0.10566 0 0 -500 0
29 1
1 13 0 0 0 0 0 0 2.77881 2.78082 0.10566 0 0 -500 0
30 1
1 13 0 0 0 0 0 0 2.88898 2.89091 0.10566 0 0 -500 0
31 1
1 13 0 0 0 0 0 0 2.99919 3.00105 0.10566 0 0 -500 0
32 1
1 13 0 0 0 0 0 0 2.53223 2.53443 0.10566 0 0 -500 0
33 1
1 13 0 0 0 0 0 0 2.75849 2.76051 0.10566 0 0 -500 0
34 1
1 13 0 0 0 0 0 0 2.87534 2.87728 0.10566 0 0 -500 0
35 1
1 13 0 0 0 0 0 0 2.79434 2.79634 0.10566 0 0 -500 0
36 1
1 13 0 0 0 0 0 0 2.96659 2.96847 0.10566 0 0 -500 0
37 1
1 13 0 0 0 0 0 0 2.79303 2.79502 0.10566 0 0 -500 0
38 1
1 13 0 0 0 0 0 0 2.65219 2.65429 0.10566 0 0 -500 0
39 1
1 13 0 0 0 0 0 0 2.57276 2.57493 0.10566 0 0 -500 0
40 1
1 13 0 0 0 0 0 0 2.68582 2.6879 0.10566 0 0 -500 0
41 1
1 13 0 0 0 0 0 0 2.9557 2.95759 0.10566 0 0 -500 0
42 1
1 13 0 0 0 0 0 0 2.60623 2.60837 0.10566 0 0 -500 0
43 1
1 13 0 0 0 0 0 0 2.83297 2.83494 0.10566 0 0 -500 0
44 1
1 13 0 0 0 0 0 0 2.71655 2.7186 0.10566 0 0 -500 0
45 1
1 13 0 0 0 0 0 0 2.81224 2.81422 0.10566 0 0 -500 0
46 1
1 13 0 0 0 0 0 0 2.77886 2.78087 0.10566 0 0 -500 0
47 1
1 13 0 0 0 0 0 0 2.89619 2.89811 0.10566 0 0 -500 0
48 1
1 13 0 0 0 0 0 0 2.50413 2.50636 0.10566 0 0 -500 0
49 1
1 13 0 0 0 0 0 0 2.82191 2.82388 0.10566 0 0 -500 0
50 1
1 13 0 0 0 0 0 0 2.84601 2.84798 0.10566 0 0 -500 0
51 1
1 13 0 0 0 0 0 0 2.81742 2.8194 0.10566 0 0 -500 0
52 1
1 13 0 0 0 0 0 0 2.58021 2.58237 0.10566 0 0 -500 0
53 1
1 13 0 0 0 0 0 0 2.55386 2.55605 0.10566 0 0 -500 0
54 1
1 13 0 0 0 0 0 0 2.56331 2.56549 0.10566 0 0 -500 0
55 1
1 13 0 0 0 0 0 0 2.95515 2.95704 0.10566 0 0 -500 0
56 1
1 13 0 0 0 0 0 0 2.5627 2.56488 0.10566 0 0 -500 0
57 1
1 13 0 0 0 0 0 0 2.90614 2.90806 0.10566 0 0 -500 0
58 1
1 13 0 0 0 0 0 0 2.54812 2.55031 0.10566 0 0 -500 0
59 1
1 13 0 0 0 0 0 0 2.79394 2.79594 0.10566 0 0 -500 0
60 1
1 13 0 0 0 0 0 0 2.69997 2.70204 0.10566 0 0 -500 0
61 1
1 13 0 0 0 0 0 0 2.64128 2.64339 0.10566 0 0 -500 0
62 1
1 13 0 0 0 0 0 0 2.80104 2.80303 0.10566 0 0 -500 0
63 1
1 13 0 0 0 0 0 0 2.60562 2.60776 0.10566 0 0 -500 0
64 1
1 13 0 0 0 0 0 0 2.52776 2.52997 0.10566 0 0 -500 0
65 1
1 13 0 0 0 0 0 0 2.91747 2.91938 0.10566 0 0 -500 0
66 1
1 13 0 0 0 0 0 0 2.99208 2.99394 0.10566 0 0 -500 0
67 1
1 13 0 0 0 0 0 0 2.95128 2.95317 0.10566 0 0 -500 0
68 1
1 13 0 0 0 0 0 0 2.657 2.6591 0.10566 0 0 -500 0
69 1
1 13 0 0 0 0 0 0 2.66289 2.66498 0.10566 0 0 -500 0
70 1
1 13 0 0 0 0 0 0 2.98647 2.98834 0.10566 0 0 -500 0
71 1
1 13 0 0 0 0 0 0 2.96351 2.9654 0.10566 0 0 -500 0
72 1
1 13 0 0 0 0 0 0 2.5763 2.57846 0.10566 0 0 -500 0
73 1
1 13 0 0 0 0 0 0 2.6628 2.6649 0.10566 0 0 -500 0
74 1
1 13 0 0 0 0 0 0 2.61159 2.61373 0.10566 0 0 -500 0
75 1
1 13 0 0 0 0 0 0 2.53041 2.53261 0.10566 0 0 -500 0
76 1
1 13 0 0 0 0 0 0 2.88053 2.88246 0.10566 0 0 -500 0
77 1
1 13 0 0 0 0 0 0 2.51069 2.51291 0.10566 0 0 -500 0
78 1
1 13 0 0 0 0 0 0 2.98792 2.98979 0.10566 0 0 -500 0
79 1
1 13 0 0 0 0 0 0 2.71794 2.71999 0.10566 0 0 -500 0
80 1
1 13 0 0 0 0 0 0 2.8104 2.81239 0.10566 0 0 -500 0
81 1
1 13 0 0 0 0 0 0 2.50637 2.5086 0.10566 0 0 -500 0
82 1
1 13 0 0 0 0 0 0 2.52589 2.5281 0.10566 0 0 -500 0
83 1
1 13 0 0 0 0 0 0 2.66694 2.66903 0.10566 0 0 -500 0
84 1
1 13 0 0 0 0 0 0 2.76205 2.76407 0.10566 0 0 -500 0
85 1
1 13 0 0 0 0 0 0 2.74323 2.74526 0.10566 0 0 -500 0
86 1
1 13 0 0 0 0 0 0 2.52348 2.52569 0.10566 0 0 -500 0
87 1
1 13 0 0 0 0 0 0 2.70779 2.70985 0.10566 0 0 -500 0
88 1
1 13 0 0 0 0 0 0 2.85196 2.85392 0.10566 0 0 -500 0
89 1
1 13 0 0 0 0 0 0 2.62619 2.62831 0.10566 0 0 -500 0
90 1
1 13 0 0 0 0 0 0 2.67652 2.67861 0.10566 0 0 -500 0
91 1
1 13 0 0 0 0 0 0 2.74484 2.74687 0.10566 0 0 -500 0
92 1
1 13 0 0 0 0 0 0 2.60533 2.60747 0.10566 0 0 -500 0
93 1
1 13 0 0 0 0 0 0 2.8257 2.82767 0.10566 0 0 -500 0
94 1
1 13 0 0 0 0 0 0 2.54966 2.55185 0.10566 0 0 -500 0
95 1
1 13 0 0 0 0 0 0 2.65516 2.65726 0.10566 0 0 -500 0
96 1
1 13 0 0 0 0 0 0 2.77627 2.77828 0.10566 0 0 -500 0
97 1
1 13 0 0 0 0 0 0 2.57545 2.57762 0.10566 0 0 -500 0
98 1
1 13 0 0 0 0 0 0 2.66594 2.66803 0.10566 0 0 -500 0
99 1
1 13 0 0 0 0 0 0 2.8376 2.83956 0.10566 0 0 -500 0
100 1
1 13 0 0 0 0 0 0 2.57545 2.57762 0.10566 0 0 -500 0
101 1
1 13 0 0 0 0 0 0 2.89625 2.89818 0.10566 0 0 -500 0
102 1
1 13 0 0 0 0 0 0 2.5066 2.50882 0.10566 0 0 -500 0
103 1
1 13 0 0 0 0 0 0 2.99975 3.00161 0.10566 0 0 -500 0
104 1
1 13 0 0 0 0 0 0 2.7494 2.75143 0.10566 0 0 -500 0
105 1
1 13 0 0 0 0 0 0 2.50843 2.51065 0.10566 0 0 -500 0
106 1
1 13 0 0 0 0 0 0 2.57201 2.57418 0.10566 0 0 -500 0
107 1
1 13 0 0 0 0 0 0 2.5206 2.52281 0.10566 0 0 -500 0
108 1
1 13 0 0 0 0 0 0 2.63338 2.6355 0.10566 0 0 -500 0
109 1
1 13 0 0 0 0 0 0 2.83196 2.83393 0.10566 0 0 -500 0
110 1
1 13 0 0 0 0 0 0 2.90182 2.90374 0.10566 0 0 -500 0
111 1
1 13 0 0 0 0 0 0 2.64234 2.64445 0.10566 0 0 -500 0
112 1
1 13 0 0 0 0 0 0 2.83139 2.83336 0.10566 0 0 -500 0
113 1
1 13 0 0 0 0 0 0 2.52809 2.5303 0.10566 0 0 -500 0
114 1
1 13 0 0 0 0 0 0 2.77343 2.77544 0.10566 0 0 -500 0
115 1
1 13 0 0 0 0 0 0 2.78575 2.78775 0.10566 0 0 -500 0
116 1
1 13 0 0 0 0 0 0 2.76355 2.76557 0.10566 0 0 -500 0
117 1
1 13 0 0 0 0 0 0 2.97045 2.97233 0.10566 0 0 -500 0
118 1
1 13 0 0 0 0 0 0 2.80001 2.802 0.10566 0 0 -500 0
119 1
1 13 0 0 0 0 0 0 2.75619 2.75821 0.10566 0 0 -500 0
120 1
1 13 0 0 0 0 0 0 2.73757 2.7396 0.10566 0 0 -500 0
121 1
1 13 0 0 0 0 0 0 2.60338 2.60552 0.10566 0 0 -500 0
122 1
1 13 0 0 0 0 0 0 2.52782 2.53002 0.10566 0 0 -500 0
123 1
1 13 0 0 0 0 0 0 2.84648 2.84844 0.10566 0 0 -500 0
124 1
1 13 0 0 0 0 0 0 2.56145 2.56363 0.10566 0 0 -500 0
125 1
1 13 0 0 0 0 0 0 2.52925 2.53146 0.10566 0 0 -500 0
126 1
1 13 0 0 0 0 0 0 2.8729 2.87485 0.10566 0 0 -500 0
127 1
1 13 0 0 0 0 0 0 2.90927 2.91119 0.10566 0 0 -500 0
128 1
1 13 0 0 0 0 0 0 2.67919 2.68127 0.10566 0 0 -500 0
129 1
1 13 0 0 0 0 0 0 2.5009 2.50313 0.10566 0 0 -500 0
130 1
1 13 0 0 0 0 0 0 2.75707 2.75909 0.10566 0 0 -500 0
131 1
1 13 0 0 0 0 0 0 2.76532 2.76734 0.10566 0 0 -500 0
132 1
1 13 0 0 0 0 0 0 2.60946 2.6116 0.10566 0 0 -500 0
133 1
1 13 0 0 0 0 0 0 2.70527 2.70734 0.10566 0 0 -500 0
134 1
1 13 0 0 0 0 0 0 2.69058 2.69265 0.10566 0 0 -500 0
135 1
1 13 0 0 0 0 0 0 2.81614 2.81812 0.10566 0 0 -500 0
136 1
1 13 0 0 0 0 0 0 2.9666 2.96848 0.10566 0 0 -500 0
137 1
1 13 0 0 0 0 0 0 2.71282 2.71488 0.10566 0 0 -500 0
138 1
1 13 0 0 0 0 0 0 2.71624 2.71829 0.10566 0 0 -500 0
139 1
1 13 0 0 0 0 0 0 2.51848 2.52069 0.10566 0 0 -500 0
140 1
1 13 0 0 0 0 0 0 2.53249 2.5347 0.10566 0 0 -500 0
141 1
1 13 0 0 0 0 0 0 2.88511 2.88705 0.10566 0 0 -500 0
142 1
1 13 0 0 0 0 0 0 2.85682 2.85877 0.10566 0 0 -500 0
143 1
1 13 0 0 0 0 0 0 2.83256 2.83453 0.10566 0 0 -500 0
144 1
1 13 0 0 0 0 0 0 2.79738 2.79937 0.10566 0 0 -500 0
145 1
1 13 0 0 0 0 0 0 2.86199 2.86393 0.10566 0 0 -500 0
146 1
1 13 0 0 0 0 0 0 2.77929 2.7813 0.10566 0 0 -500 0
147 1
1 13 0 0 0 0 0 0 2.64926 2.65137 0.10566 0 0 -500 0
148 1
1 13 0 0 0 0 0 0 2.67785 2.67993 0.10566 0 0 -500 0
149 1
1 13 0 0 0 0 0 0 2.6508 2.6529 0.10566 0 0 -500 0
150 1
1 13 0 0 0 0 0 0 2.88805 2.88998 0.10566 0 0 -500 0
151 1
1 13 0 0 0 0 0 0 2.7764 2.77841 0.10566 0 0 -500 0
152 1
1 13 0 0 0 0 0 0 2.54933 2.55152 0.10566 0 0 -500 0
153 1
1 13 0 0 0 0 0 0 2.62376 2.62589 0.10566 0 0 -500 0
154 1
1 13 0 0 0 0 0 0 2.75181 2.75384 0.10566 0 0 -500 0
155 1
1 13 0 0 0 0 0 0 2.61568 2.61781 0.10566 0 0 -500 0
156 1
1 13 0 0 0 0 0 0 2.79346 2.79546 0.10566 0 0 -500 0
157 1
1 13 0 0 0 0 0 0 2.84798 2.84993 0.10566 0 0 -500 0
158 1
1 13 0 0 0 0 0 0 2.91537 2.91729 0.10566 0 0 -500 0
159 1
1 13 0 0 0 0 0 0 2.56725 2.56943 0.10566 0 0 -500 0
160 1
1 13 0 0 0 0 0 0 2.79322 2.79522 0.10566 0 0 -500 0
161 1
1 13 0 0 0 0 0 0 2.83832 2.84028 0.10566 0 0 -500 0
162 1
1 13 0 0 0 0 0 0 2.93331 2.93521 0.10566 0 0 -500 0
163 1
1 13 0 0 0 0 0 0 2.94925 2.95114 0.10566 0 0 -500 0
164 1
1 13 0 0 0 0 0 0 2.7076 2.70966 0.10566 0 0 -500 0
165 1
1 13 0 0 0 0 0 0 2.71318 2.71524 0.10566 0 0 -500 0
166 1
1 13 0 0 0 0 0 0 2.63665 2.63877 0.10566 0 0 -500 0
167 1
1 13 0 0 0 0 0 0 2.93282 2.93472 0.10566 0 0 -500 0
168 1
1 13 0 0 0 0 0 0 2.92714 2.92904 0.10566 0 0 -500 0
169 1
1 13 0 0 0 0 0 0 2.77455 2.77656 0.10566 0 0 -500 0
170 1
1 13 0 0 0 0 0 0 2.78084 2.78285 0.10566 0 0 -500 0
171 1
1 13 0 0 0 0 0 0 2.88108 2.88302 0.10566 0 0 -500 0
172 1
1 13 0 0 0 0 0 0 2.94834 2.95023 0.10566 0 0 -500 0
173 1
1 13 0 0 0 0 0 0 2.92664 2.92854 0.10566 0 0 -500 0
174 1
1 13 0 0 0 0 0 0 2.70338 2.70545 0.10566 0 0 -500 0
175 1
1 13 0 0 0 0 0 0 2.88118 2.88312 0.10566 0 0 -500 0
176 1
1 13 0 0 0 0 0 0 2.62348 2.62561 0.10566 0 0 -500 0
177 1
1 13 0 0 0 0 0 0 2.99086 2.99273 0.10566 0 0 -500 0
178 1
1 13 0 0 0 0 0 0 2.73058 2.73262 0.10566 0 0 -500 0
179 1
1 13 0 0 0 0 0 0 2.62583 2.62796 0.10566 0 0 -500 0
180 1
1 13 0 0 0 0 0 0 2.81895 2.82093 0.10566 0 0 -500 0
181 1
1 13 0 0 0 0 0 0 2.81474 2.81672 0.10566 0 0 -500 0
182 1
1 13 0 0 0 0 0 0 2.96556 2.96744 0.10566 0 0 -500 0
183 1
1 13 0 0 0 0 0 0 2.99999 3.00185 0.10566 0 0 -500 0
184 1
1 13 0 0 0 0 0 0 2.60288 2.60503 0.10566 0 0 -500 0
185 1
1 13 0 0 0 0 0 0 2.64124 2.64335 0.10566 0 0 -500 0
186 1
1 13 0 0 0 0 0 0 2.75549 2.75752 0.10566 0 0 -500 0
187 1
1 13 0 0 0 0 0 0 2.83464 2.83661 0.10566 0 0 -500 0
188 1
1 13 0 0 0 0 0 0 2.54192 2.54412 0.10566 0 0 -500 0
189 1
1 13 0 0 0 0 0 0 2.74374 2.74578 0.10566 0 0 -500 0
190 1
1 13 0 0 0 0 0 0 2.80152 2.80352 0.10566 0 0 -500 0
191 1
1 13 0 0 0 0 0 0 2.96296 2.96485 0.10566 0 0 -500 0
192 1
1 13 0 0 0 0 0 0 2.65841 2.66051 0.10566 0 0 -500 0
193 1
1 13 0 0 0 0 0 0 2.67311 2.67519 0.10566 0 0 -500 0
194 1
1 13 0 0 0 0 0 0 2.79543 2.79742 0.10566 0 0 -500 0
195 1
1 13 0 0 0 0 0 0 2.89016 2.89209 0.10566 0 0 -500 0
196 1
1 13 0 0 0 0 0 0 2.87599 2.87793 0.10566 0 0 -500 0
197 1
1 13 0 0 0 0 0 0 2.66 2.6621 0.10566 0 0 -500 0
198 1
1 13 0 0 0 0 0 0 2.76144 2.76346 0.10566 0 0 -500 0
199 1
1 13 0 0 0 0 0 0 2.78371 2.78571 0.10566 0 0 -500 0
200 1
1 13 0 0 0 0 0 0 2.81732 2.8193 0.10566 0 0 -500 0
201 1
1 13 0 0 0 0 0 0 2.92981 2.93171 0.10566 0 0 -500 0
202 1
1 13 0 0 0 0 0 0 2.78536 2.78736 0.10566 0 0 -500 0
203 1
1 13 0 0 0 0 0 0 2.55167 2.55385 0.10566 0 0 -500 0
204 1
1 13 0 0 0 0 0 0 2.96547 2.96735 0.10566 0 0 -500 0
205 1
1 13 0 0 0 0 0 0 2.51275 2.51497 0.10566 0 0 -500 0
206 1
1 13 0 0 0 0 0 0 2.72443 2.72648 0.10566 0 0 -500 0
207 1
1 13 0 0 0 0 0 0 2.60609 2.60823 0.10566 0 0 -500 0
208 1
1 13 0 0 0 0 0 0 2.53652 2.53872 0.10566 0 0 -500 0
209 1
1 13 0 0 0 0 0 0 2.59288 2.59503 0.10566 0 0 -500 0
210 1
1 13 0 0 0 0 0 0 2.93274 2.93465 0.10566 0 0 -500 0
211 1
1 13 0 0 0 0 0 0 2.6573 2.6594 0.10566 0 0 -500 0
212 1
1 13 0 0 0 0 0 0 2.97552 2.9774 0.10566 0 0 -500 0
213 1
1 13 0 0 0 0 0 0 2.89787 2.89979 0.10566 0 0 -500 0
214 1
1 13 0 0 0 0 0 0 2.92929 2.9312 0.10566 0 0 -500 0
215 1
1 13 0 0 0 0 0 0 2.81357 2.81556 0.10566 0 0 -500 0
216 1
1 13 0 0 0 0 0 0 2.50409 2.50632 0.10566 0 0 -500 0
217 1
1 13 0 0 0 0 0 0 2.70261 2.70468 0.10566 0 0 -500 0
218 1
1 13 0 0 0 0 0 0 2.98306 2.98493 0.10566 0 0 -500 0
219 1
1 13 0 0 0 0 0 0 2.94907 2.95097 0.10566 0 0 -500 0
220 1
1 13 0 0 0 0 0 0 2.96862 2.9705 0.10566 0 0 -500 0
221 1
1 13 0 0 0 0 0 0 2.97834 2.98021 0.10566 0 0 -500 0
222 1
1 13 0 0 0 0 0 0 2.55058 2.55277 0.10566 0 0 -500 0
223 1
1 13 0 0 0 0 0 0 2.66612 2.66821 0.10566 0 0 -500 0
224 1
1 13 0 0 0 0 0 0 2.51871 2.52092 0.10566 0 0 -500 0
225 1
1 13 0 0 0 0 0 0 2.58954 2.59169 0.10566 0 0 -500 0
226 1
1 13 0 0 0 0 0 0 2.97238 2.97426 0.10566 0 0 -500 0
227 1
1 13 0 0 0 0 0 0 2.52962 2.53183 0.10566 0 0 -500 0
228 1
1 13 0 0 0 0 0 0 2.93994 2.94184 0.10566 0 0 -500 0
229 1
1 13 0 0 0 0 0 0 2.91766 2.91958 0.10566 0 0 -500 0
230 1
1 13 0 0 0 0 0 0 2.50415 2.50637 0.10566 0 0 -500 0
231 1
1 13 0 0 0 0 0 0 2.90657 2.90849 0.10566 0 0 -500 0
232 1
1 13 0 0 0 0 0 0 2.67036 2.67245 0.10566 0 0 -500 0
233 1
1 13 0 0 0 0 0 0 2.93396 2.93586 0.10566 0 0 -500 0
234 1
1 13 0 0 0 0 0 0 2.81058 2.81256 0.10566 0 0 -500 0
235 1
1 13 0 0 0 0 0 0 2.6095 2.61164 0.10566 0 0 -500 0
236 1
1 13 0 0 0 0 0 0 2.58629 2.58845 0.10566 0 0 -500 0
237 1
1 13 0 0 0 0 0 0 2.85052 2.85247 0.10566 0 0 -500 0
238 1
1 13 0 0 0 0 0 0 2.78224 2.78424 0.10566 0 0 -500 0
239 1
1 13 0 0 0 0 0 0 2.81013 2.81212 0.10566 0 0 -500 0
240 1
1 13 0 0 0 0 0 0 2.53559 2.53779 0.10566 0 0 -500 0
241 1
1 13 0 0 0 0 0 0 2.59674 2.59889 0.10566 0 0 -500 0
242 1
1 13 0 0 0 0 0 0 2.67884 2.68092 0.10566 0 0 -500 0
243 1
1 13 0 0 0 0 0 0 2.82628 2.82826 0.10566 0 0 -500 0
244 1
1 13 0 0 0 0 0 0 2.80572 2.80771 0.10566 0 0 -500 0
245 1
1 13 0 0 0 0 0 0 2.82628 2.82826 0.10566 0 0 -500 0
246 1
1 13 0 0 0 0 0 0 2.63983 2.64194 0.10566 0 0 -500 0
247 1
1 13 0 0 0 0 0 0 2.65351 2.65562 0.10566 0 0 -500 0
248 1
1 13 0 0 0 0 0 0 2.58947 2.59162 0.10566 0 0 -500 0
249 1
1 13 0 0 0 0 0 0 2.89524 2.89717 0.10566 0 0 -500 0
250 1
1 13 0 0 0 0 0 0 2.83778 2.83975 0.10566 0 0 -500 0
251 1
1 13 0 0 0 0 0 0 2.64274 2.64485 0.10566 0 0 -500 0
252 1
1 13 0 0 0 0 0 0 2.87882 2.88076 0.10566 0 0 -500 0
253 1
1 13 0 0 0 0 0 0 2.65238 2.65448 0.10566 0 0 -500 0
254 1
1 13 0 0 0 0 0 0 2.85518 2.85714 0.10566 0 0 -500 0
255 1
1 13 0 0 0 0 0 0 2.88781 2.88974 0.10566 0 0 -500 0
256 1
1 13 0 0 0 0 0 0 2.91733 2.91924 0.10566 0 0 -500 0
257 1
1 13 0 0 0 0 0 0 2.70095 2.70301 0.10566 0 0 -500 0
258 1
1 13 0 0 0 0 0 0 2.67277 2.67486 0.10566 0 0 -500 0
259 1
1 13 0 0 0 0 0 0 2.7171 2.71915 0.10566 0 0 -500 0
260 1
1 13 0 0 0 0 0 0 2.97972 2.98159 0.10566 0 0 -500 0
261 1
1 13 0 0 0 0 0 0 2.50582 2.50805 0.10566 0 0 -500 0
262 1
1 13 0 0 0 0 0 0 2.73089 2.73294 0.10566 0 0 -500 0
263 1
1 13 0 0 0 0 0 0 2.60506 2.6072 0.10566 0 0 -500 0
264 1
1 13 0 0 0 0 0 0 2.64958 2.65169 0.10566 0 0 -500 0
265 1
1 13 0 0 0 0 0 0 2.99243 2.9943 0.10566 0 0 -500 0
266 1
1 13 0 0 0 0 0 0 2.65429 2.65639 0.10566 0 0 -500 0
267 1
1 13 0 0 0 0 0 0 2.78347 2.78548 0.10566 0 0 -500 0
268 1
1 13 0 0 0 0 0 0 2.95815 2.96004 0.10566 0 0 -500 0
269 1
1 13 0 0 0 0 0 0 2.84847 2.85043 0.10566 0 0 -500 0
270 1
1 13 0 0 0 0 0 0 2.64276 2.64487 0.10566 0 0 -500 0
271 1
1 13 0 0 0 0 0 0 2.97758 2.97946 0.10566 0 0 -500 0
272 1
1 13 0 0 0 0 0 0 2.91621 2.91812 0.10566 0 0 -500 0
273 1
1 13 0 0 0 0 0 0 2.66527 2.66736 0.10566 0 0 -500 0
274 1
1 13 0 0 0 0 0 0 2.74219 2.74422 0.10566 0 0 -500 0
275 1
1 13 0 0 0 0 0 0 2.5823 2.58446 0.10566 0 0 -500 0
276 1
1 13 0 0 0 0 0 0 2.59797 2.60011 0.10566 0 0 -500 0
277 1
1 13 0 0 0 0 0 0 2.93575 2.93765 0.10566 0 0 -500 0
278 1
1 13 0 0 0 0 0 0 2.84694 2.8489 0.10566 0 0 -500 0
279 1
1 13 0 0 0 0 0 0 2.98334 2.98521 0.10566 0 0 -500 0
280 1
1 13 0 0 0 0 0 0 2.83477 2.83674 0.10566 0 0 -500 0
281 1
1 13 0 0 0 0 0 0 2.87079 2.87274 0.10566 0 0 -500 0
282 1
1 13 0 0 0 0 0 0 2.80095 2.80294 0.10566 0 0 -500 0
283 1
1 13 0 0 0 0 0 0 2.76375 2.76577 0.10566 0 0 -500 0
284 1
1 13 0 0 0 0 0 0 2.66743 2.66952 0.10566 0 0 -500 0
285 1
1 13 0 0 0 0 0 0 2.86377 2.86572 0.10566 0 0 -500 0
286 1
1 13 0 0 0 0 0 0 2.93569 2.93759 0.10566 0 0 -500 0
287 1
1 13 0 0 0 0 0 0 2.56127 2.56345 0.10566 0 0 -500 0
288 1
1 13 0 0 0 0 0 0 2.90324 2.90516 0.10566 0 0 -500 0
289 1
1 13 0 0 0 0 0 0 2.5146 2.51682 0.10566 0 0 -500 0
290 1
1 13 0 0 0 0 0 0 2.91671 2.91863 0.10566 0 0 -500 0
291 1
1 13 0 0 0 0 0 0 2.59122 2.59337 0.10566 0 0 -500 0
292 1
1 13 0 0 0 0 0 0 2.74104 2.74307 0.10566 0 0 -500 0
293 1
1 13 0 0 0 0 0 0 2.53101 2.53321 0.10566 0 0 -500 0
294 1
1 13 0 0 0 0 0 0 2.56754 2.56972 0.10566 0 0 -500 0
295 1
1 13 0 0 0 0 0 0 2.70268 2.70474 0.10566 0 0 -500 0
296 1
1 13 0 0 0 0 0 0 2.56458 2.56676 0.10566 0 0 -500 0
297 1
1 13 0 0 0 0 0 0 2.51178 2.514 0.10566 0 0 -500 0
298 1
1 13 0 0 0 0 0 0 2.81442 2.81641 0.10566 0 0 -500 0
299 1
1 13 0 0 0 0 0 0 2.88215 2.88409 0.10566 0 0 -500 0
300 1
1 13 0 0 0 0 0 0 2.69313 2.6952 0.10566 0 0 -500 0
301 1
1 13 0 0 0 0 0 0 2.68032 2.6824 0.10566 0 0 -500 0
302 1
1 13 0 0 0 0 0 0 2.94777 2.94966 0.10566 0 0 -500 0
303 1
1 13 0 0 0 0 0 0 2.76655 2.76857 0.10566 0 0 -500 0
304 1
1 13 0 0 0 0 0 0 2.85005 2.85201 0.10566 0 0 -500 0
305 1
1 13 0 0 0 0 0 0 2.77298 2.77499 0.10566 0 0 -500 0
306 1
1 13 0 0 0 0 0 0 2.94357 2.94547 0.10566 0 0 -500 0
307 1
1 13 0 0 0 0 0 0 2.73491 2.73695 0.10566 0 0 -500 0
308 1
1 13 0 0 0 0 0 0 2.66406 2.66615 0.10566 0 0 -500 0
309 1
1 13 0 0 0 0 0 0 2.94092 2.94282 0.10566 0 0 -500 0
310 1
1 13 0 0 0 0 0 0 2.95009 2.95198 0.10566 0 0 -500 0
311 1
1 13 0 0 0 0 0 0 2.90731 2.90923 0.10566 0 0 -500 0
312 1
1 13 0 0 0 0 0 0 2.8905 2.89243 0.10566 0 0 -500 0
313 1
1 13 0 0 0 0 0 0 2.92851 2.93041 0.10566 0 0 -500 0
314 1
1 13 0 0 0 0 0 0 2.55866 2.56084 0.10566 0 0 -500 0
315 1
1 13 0 0 0 0 0 0 2.88607 2.88801 0.10566 0 0 -500 0
316 1
1 13 0 0 0 0 0 0 2.83774 2.8397 0.10566 0 0 -500 0
317 1
1 13 0 0 0 0 0 0 2.86365 2.86559 0.10566 0 0 -500 0
318 1
1 13 0 0 0 0 0 0 2.69134 2.69341 0.10566 0 0 -500 0
319 1
1 13 0 0 0 0 0 0 2.9815 2.98337 0.10566 0 0 -500 0
320 1
1 13 0 0 0 0 0 0 2.86284 2.86479 0.10566 0 0 -500 0
321 1
1 13 0 0 0 0 0 0 2.9054 2.90732 0.10566 0 0 -500 0
322 1
1 13 0 0 0 0 0 0 2.52757 2.52977 0.10566 0 0 -500 0
323 1
1 13 0 0 0 0 0 0 2.73412 2.73616 0.10566 0 0 -500 0
324 1
1 13 0 0 0 0 0 0 2.88384 2.88577 0.10566 0 0 -500 0
325 1
1 13 0 0 0 0 0 0 2.57432 2.57648 0.10566 0 0 -500 0
326 1
1 13 0 0 0 0 0 0 2.51909 2.52131 0.10566 0 0 -500 0
327 1
1 13 0 0 0 0 0 0 2.6009 2.60305 0.10566 0 0 -500 0
328 1
1 13 0 0 0 0 0 0 2.6064 2.60854 0.10566 0 0 -500 0
329 1
1 13 0 0 0 0 0 0 2.78092 2.78293 0.10566 0 0 -500 0
330 1
1 13 0 0 0 0 0 0 2.61593 2.61806 0.10566 0 0 -500 0
331 1
1 13 0 0 0 0 0 0 2.99236 2.99422 0.10566 0 0 -500 0
332 1
1 13 0 0 0 0 0 0 2.85174 2.85369 0.10566 0 0 -500 0
333 1
1 13 0 0 0 0 0 0 2.68177 2.68386 0.10566 0 0 -500 0
334 1
1 13 0 0 0 0 0 0 2.98922 2.99108 0.10566 0 0 -500 0
335 1
1 13 0 0 0 0 0 0 2.79043 2.79243 0.10566 0 0 -500 0
336 1
1 13 0 0 0 0 0 0 2.56099 2.56317 0.10566 0 0 -500 0
337 1
1 13 0 0 0 0 0 0 2.52165 2.52386 0.10566 0 0 -500 0
338 1
1 13 0 0 0 0 0 0 2.57484 2.57701 0.10566 0 0 -500 0
339 1
1 13 0 0 0 0 0 0 2.74369 2.74572 0.10566 0 0 -500 0
340 1
1 13 0 0 0 0 0 0 2.69286 2.69493 0.10566 0 0 -500 0
341 1
1 13 0 0 0 0 0 0 2.77038 2.7724 0.10566 0 0 -500 0
342 1
1 13 0 0 0 0 0 0 2.75247 2.7545 0.10566 0 0 -500 0
343 1
1 13 0 0 0 0 0 0 2.64595 2.64806 0.10566 0 0 -500 0
344 1
1 13 0 0 0 0 0 0 2.5051 2.50733 0.10566 0 0 -500 0
345 1
1 13 0 0 0 0 0 0 2.94645 2.94834 0.10566 0 0 -500 0
346 1
1 13 0 0 0 0 0 0 2.71005 2.71211 0.10566 0 0 -500 0
347 1
1 13 0 0 0 0 0 0 2.98968 2.99155 0.10566 0 0 -500 0
348 1
1 13 0 0 0 0 0 0 2.8637 2.86565 0.10566 0 0 -500 0
349 1
1 13 0 0 0 0 0 0 2.59299 2.59514 0.10566 0 0 -500 0
350 1
1 13 0 0 0 0 0 0 2.99046 2.99232 0.10566 0 0 -500 0
351 1
1 13 0 0 0 0 0 0 2.57354 2.57571 0.10566 0 0 -500 0
352 1
1 13 0 0 0 0 0 0 2.98133 2.9832 0.10566 0 0 -500 0
353 1
1 13 0 0 0 0 0 0 2.97779 2.97966 0.10566 0 0 -500 0
354 1
1 13 0 0 0 0 0 0 2.87365 2.87559 0.10566 0 0 -500 0
355 1
1 13 0 0 0 0 0 0 2.99863 3.00049 0.10566 0 0 -500 0
356 1
1 13 0 0 0 0 0 0 2.80635 2.80833 0.10566 0 0 -500 0
357 1
1 13 0 0 0 0 0 0 2.95709 2.95897 0.10566 0 0 -500 0
358 1
1 13 0 0 0 0 0 0 2.55302 2.55521 0.10566 0 0 -500 0
359 1
1 13 0 0 0 0 0 0 2.8058 2.80779 0.10566 0 0 -500 0
360 1
1 13 0 0 0 0 0 0 2.56215 2.56433 0.10566 0 0 -500 0
361 1
1 13 0 0 0 0 0 0 2.68231 2.68439 0.10566 0 0 -500 0
362 1
1 13 0 0 0 0 0 0 2.9506 2.95249 0.10566 0 0 -500 0
363 1
1 13 0 0 0 0 0 0 2.58824 2.5904 0.10566 0 0 -500 0
364 1
1 13 0 0 0 0 0 0 2.6401 2.64222 0.10566 0 0 -500 0
365 1
1 13 0 0 0 0 0 0 2.58677 2.58892 0.10566 0 0 -500 0
366 1
1 13 0 0 0 0 0 0 2.80616 2.80815 0.10566 0 0 -500 0
367 1
1 13 0 0 0 0 0 0 2.50462 2.50685 0.10566 0 0 -500 0
368 1
1 13 0 0 0 0 0 0 2.83244 2.83441 0.10566 0 0 -500 0
369 1
1 13 0 0 0 0 0 0 2.99114 2.99301 0.10566 0 0 -500 0
370 1
1 13 0 0 0 0 0 0 2.91405 2.91597 0.10566 0 0 -500 0
371 1
1 13 0 0 0 0 0 0 2.98798 2.98985 0.10566 0 0 -500 0
372 1
1 13 0 0 0 0 0 0 2.65668 2.65878 0.10566 0 0 -500 0
373 1
1 13 0 0 0 0 0 0 2.6747 2.67679 0.10566 0 0 -500 0
374 1
1 13 0 0 0 0 0 0 2.6386 2.64071 0.10566 0 0 -500 0
375 1
1 13 0 0 0 0 0 0 2.72349 2.72554 0.10566 0 0 -500 0
376 1
1 13 0 0 0 0 0 0 2.88317 2.8851 0.10566 0 0 -500 0
377 1
1 13 0 0 0 0 0 0 2.86736 2.86931 0.10566 0 0 -500 0
378 1
1 13 0 0 0 0 0 0 2.79487 2.79686 0.10566 0 0 -500 0
379 1
1 13 0 0 0 0 0 0 2.60698 2.60912 0.10566 0 0 -500 0
380 1
1 13 0 0 0 0 0 0 2.57626 2.57842 0.10566 0 0 -500 0
381 1
1 13 0 0 0 0 0 0 2.93928 2.94118 0.10566 0 0 -500 0
382 1
1 13 0 0 0 0 0 0 2.56685 2.56902 0.10566 0 0 -500 0
383 1
1 13 0 0 0 0 0 0 2.57853 2.5807 0.10566 0 0 -500 0
384 1
1 13 0 0 0 0 0 0 2.60113 2.60328 0.10566 0 0 -500 0
385 1
1 13 0 0 0 0 0 0 2.89628 2.89821 0.10566 0 0 -500 0
386 1
1 13 0 0 0 0 0 0 2.78367 2.78567 0.10566 0 0 -500 0
387 1
1 13 0 0 0 0 0 0 2.59317 2.59532 0.10566 0 0 -500 0
388 1
1 13 0 0 0 0 0 0 2.71434 2.71639 0.10566 0 0 -500 0
389 1
1 13 0 0 0 0 0 0 2.81259 2.81457 0.10566 0 0 -500 0
390 1
1 13 0 0 0 0 0 0 2.68096 2.68304 0.10566 0 0 -500 0
391 1
1 13 0 0 0 0 0 0 2.69159 2.69366 0.10566 0 0 -500 0
392 1
1 13 0 0 0 0 0 0 2.75696 2.75899 0.10566 0 0 -500 0
393 1
1 13 0 0 0 0 0 0 2.64177 2.64389 0.10566 0 0 -500 0
394 1
1 13 0 0 0 0 0 0 2.96254 2.96443 0.10566 0 0 -500 0
395 1
1 13 0 0 0 0 0 0 2.98346 2.98533 0.10566 0 0 -500 0
396 1
1 13 0 0 0 0 0 0 2.84801 2.84997 0.10566 0 0 -500 0
397 1
1 13 0 0 0 0 0 0 2.70774 2.7098 0.10566 0 0 -500 0
398 1
1 13 0 0 0 0 0 0 2.77516 2.77717 0.10566 0 0 -500 0
399 1
1 13 0 0 0 0 0 0 2.56162 2.5638 0.10566 0 0 -500 0
400 1
1 13 0 0 0 0 0 0 2.63026 2.63238 0.10566 0 0 -500 0
401 1
1 13 0 0 0 0 0 0 2.77069 2.7727 0.10566 0 0 -500 0
402 1
1 13 0 0 0 0 0 0 2.56863 2.5708 0.10566 0 0 -500 0
403 1
1 13 0 0 0 0 0 0 2.91581 2.91772 0.10566 0 0 -500 0
404 1
1 13 0 0 0 0 0 0 2.75085 2.75288 0.10566 0 0 -500 0
405 1
1 13 0 0 0 0 0 0 2.83561 2.83758 0.10566 0 0 -500 0
406 1
1 13 0 0 0 0 0 0 2.80083 2.80282 0.10566 0 0 -500 0
407 1
1 13 0 0 0 0 0 0 2.93895 2.94085 0.10566 0 0 -500 0
408 1
1 13 0 0 0 0 0 0 2.79915 2.80114 0.10566 0 0 -500 0
409 1
1 13 0 0 0 0 0 0 2.75926 2.76128 0.10566 0 0 -500 0
410 1
1 13 0 0 0 0 0 0 2.83614 2.83811 0.10566 0 0 -500 0
411 1
1 13 0 0 0 0 0 0 2.78216 2.78417 0.10566 0 0 -500 0
412 1
1 13 0 0 0 0 0 0 2.90446 2.90638 0.10566 0 0 -500 0
413 1
1 13 0 0 0 0 0 0 2.73668 2.73872 0.10566 0 0 -500 0
414 1
1 13 0 0 0 0 0 0 2.6248 2.62693 0.10566 0 0 -500 0
415 1
1 13 0 0 0 0 0 0 2.67753 2.67962 0.10566 0 0 -500 0
416 1
1 13 0 0 0 0 0 0 2.87241 2.87435 0.10566 0 0 -500 0
417 1
1 13 0 0 0 0 0 0 2.76422 2.76624 0.10566 0 0 -500 0
418 1
1 13 0 0 0 0 0 0 2.77432 2.77633 0.10566 0 0 -500 0
419 1
1 13 0 0 0 0 0 0 2.68382 2.6859 0.10566 0 0 -500 0
420 1
1 13 0 0 0 0 0 0 2.70007 2.70214 0.10566 0 0 -500 0
421 1
1 13 0 0 0 0 0 0 2.81258 2.81456 0.10566 0 0 -500 0
422 1
1 13 0 0 0 0 0 0 2.86023 2.86218 0.10566 0 0 -500 0
423 1
1 13 0 0 0 0 0 0 2.81706 2.81904 0.10566 0 0 -500 0
424 1
1 13 0 0 0 0 0 0 2.69028 2.69235 0.10566 0 0 -500 0
425 1
1 13 0 0 0 0 0 0 2.61462 2.61676 0.10566 0 0 -500 0
426 1
1 13 0 0 0 0 0 0 2.88005 2.88199 0.10566 0 0 -500 0
427 1
1 13 0 0 0 0 0 0 2.5782 2.58037 0.10566 0 0 -500 0
428 1
1 13 0 0 0 0 0 0 2.6957 2.69777 0.10566 0 0 -500 0
429 1
1 13 0 0 0 0 0 0 2.94262 2.94452 0.10566 0 0 -500 0
430 1
1 13 0 0 0 0 0 0 2.81024 2.81223 0.10566 0 0 -500 0
431 1
1 13 0 0 0 0 0 0 2.87306 2.875 0.10566 0 0 -500 0
432 1
1 13 0 0 0 0 0 0 2.6811 2.68318 0.10566 0 0 -500 0
433 1
1 13 0 0 0 0 0 0 2.97378 2.97565 0.10566 0 0 -500 0
434 1
1 13 0 0 0 0 0 0 2.80314 2.80513 0.10566 0 0 -500 0
435 1
1 13 0 0 0 0 0 0 2.66986 2.67195 0.10566 0 0 -500 0
436 1
1 13 0 0 0 0 0 0 2.6704 2.67249 0.10566 0 0 -500 0
437 1
1 13 0 0 0 0 0 0 2.98101 2.98288 0.10566 0 0 -500 0
438 1
1 13 0 0 0 0 0 0 2.54962 2.55181 0.10566 0 0 -500 0
439 1
1 13 0 0 0 0 0 0 2.96798 2.96986 0.10566 0 0 -500 0
440 1
1 13 0 0 0 0 0 0 2.96436 2.96624 0.10566 0 0 -500 0
441 1
1 13 0 0 0 0 0 0 2.54938 2.55157 0.10566 0 0 -500 0
442 1
1 13 0 0 0 0 0 0 2.92096 2.92287 0.10566 0 0 -500 0
443 1
1 13 0 0 0 0 0 0 2.89643 2.89836 0.10566 0 0 -500 0
444 1
1 13 0 0 0 0 0 0 2.58248 2.58464 0.10566 0 0 -500 0
445 1
1 13 0 0 0 0 0 0 2.85563 2.85759 0.10566 0 0 -500 0
446 1
1 13 0 0 0 0 0 0 2.65788 2.65998 0.10566 0 0 -500 0
447 1
1 13 0 0 0 0 0 0 2.69587 2.69793 0.10566 0 0 -500 0
448 1
1 13 0 0 0 0 0 0 2.62166 2.62379 0.10566 0 0 -500 0
449 1
1 13 0 0 0 0 0 0 2.83202 2.83399 0.10566 0 0 -500 0
450 1
1 13 0 0 0 0 0 0 2.60825 2.61039 0.10566 0 0 -500 0
451 1
1 13 0 0 0 0 0 0 2.50212 2.50435 0.10566 0 0 -500 0
452 1
1 13 0 0 0 0 0 0 2.64906 2.65117 0.10566 0 0 -500 0
453 1
1 13 0 0 0 0 0 0 2.71934 2.72139 0.10566 0 0 -500 0
454 1
1 13 0 0 0 0 0 0 2.50369 2.50592 0.10566 0 0 -500 0
455 1
1 13 0 0 0 0 0 0 2.99612 2.99798 0.10566 0 0 -500 0
456 1
1 13 0 0 0 0 0 0 2.66591 2.66801 0.10566 0 0 -500 0
457 1
1 13 0 0 0 0 0 0 2.99578 2.99765 0.10566 0 0 -500 0
458 1
1 13 0 0 0 0 0 0 2.80364 2.80563 0.10566 0 0 -500 0
459 1
1 13 0 0 0 0 0 0 2.57464 2.5768 0.10566 0 0 -500 0
460 1
1 13 0 0 0 0 0 0 2.98379 2.98566 0.10566 0 0 -500 0
461 1
1 13 0 0 0 0 0 0 2.94072 2.94262 0.10566 0 0 -500 0
462 1
1 13 0 0 0 0 0 0 2.92321 2.92512 0.10566 0 0 -500 0
463 1
1 13 0 0 0 0 0 0 2.8029 2.8049 0.10566 0 0 -500 0
464 1
1 13 0 0 0 0 0 0 2.69943 2.7015 0.10566 0 0 -500 0
465 1
1 13 0 0 0 0 0 0 2.72696 2.729 0.10566 0 0 -500 0
466 1
1 13 0 0 0 0 0 0 2.96597 2.96785 0.10566 0 0 -500 0
467 1
1 13 0 0 0 0 0 0 2.60809 2.61023 0.10566 0 0 -500 0
468 1
1 13 0 0 0 0 0 0 2.77045 2.77246 0.10566 0 0 -500 0
469 1
1 13 0 0 0 0 0 0 2.81758 2.81957 0.10566 0 0 -500 0
470 1
1 13 0 0 0 0 0 0 2.87967 2.88161 0.10566 0 0 -500 0
471 1
1 13 0 0 0 0 0 0 2.98156 2.98343 0.10566 0 0 -500 0
472 1
1 13 0 0 0 0 0 0 2.83517 2.83714 0.10566 0 0 -500 0
473 1
1 13 0 0 0 0 0 0 2.79496 2.79696 0.10566 0 0 -500 0
474 1
1 13 0 0 0 0 0 0 2.9144 2.91632 0.10566 0 0 -500 0
475 1
1 13 0 0 0 0 0 0 2.92999 2.9319 0.10566 0 0 -500 0
476 1
1 13 0 0 0 0 0 0 2.70391 2.70597 0.10566 0 0 -500 0
477 1
1 13 0 0 0 0 0 0 2.79354 2.79554 0.10566 0 0 -500 0
478 1
1 13 0 0 0 0 0 0 2.61896 2.62109 0.10566 0 0 -500 0
479 1
1 13 0 0 0 0 0 0 2.90127 2.90319 0.10566 0 0 -500 0
480 1
1 13 0 0 0 0 0 0 2.70853 2.71059 0.10566 0 0 -500 0
481 1
1 13 0 0 0 0 0 0 2.77336 2.77537 0.10566 0 0 -500 0
482 1
1 13 0 0 0 0 0 0 2.7488 2.75083 0.10566 0 0 -500 0
483 1
1 13 0 0 0 0 0 0 2.65417 2.65627 0.10566 0 0 -500 0
484 1
1 13 0 0 0 0 0 0 2.95726 2.95915 0.10566 0 0 -500 0
485 1
1 13 0 0 0 0 0 0 2.70627 2.70833 0.10566 0 0 -500 0
486 1
1 13 0 0 0 0 0 0 2.63456 2.63668 0.10566 0 0 -500 0
487 1
1 13 0 0 0 0 0 0 2.82421 2.82619 0.10566 0 0 -500 0
488 1
1 13 0 0 0 0 0 0 2.85645 2.8584 0.10566 0 0 -500 0
489 1
1 13 0 0 0 0 0 0 2.91748 2.91939 0.10566 0 0 -500 0
490 1
1 13 0 0 0 0 0 0 2.89465 2.89657 0.10566 0 0 -500 0
491 1
1 13 0 0 0 0 0 0 2.92533 2.92724 0.10566 0 0 -500 0
492 1
1 13 0 0 0 0 0 0 2.97424 2.97612 0.10566 0 0 -500 0
493 1
1 13 0 0 0 0 0 0 2.73905 2.74109 0.10566 0 0 -500 0
494 1
1 13 0 0 0 0 0 0 2.56768 2.56986 0.10566 0 0 -500 0
495 1
1 13 0 0 0 0 0 0 2.67582 2.67791 0.10566 0 0 -500 0
496 1
1 13 0 0 0 0 0 0 2.96724 2.96912 0.10566 0 0 -500 0
497 1
1 13 0 0 0 0 0 0 2.77697 2.77898 0.10566 0 0 -500 0
498 1
1 13 0 0 0 0 0 0 2.76475 2.76677 0.10566 0 0 -500 0
499 1
1 13 0 0 0 0 0 0 2.56502 2.5672 0.10566 0 0 -500 0
500 1
1 13 0 0 0 0 0 0 2.82783 2.8298 0.10566 0 0 -500 0
501 1
1 13 0 0 0 0 0 0 2.98115 2.98302 0.10566 0 0 -500 0
502 1
1 13 0 0 0 0 0 0 2.62038 2.62251 0.10566 0 0 -500 0
503 1
1 13 0 0 0 0 0 0 2.73153 2.73358 0.10566 0 0 -500 0
504 1
1 13 0 0 0 0 0 0 2.99123 2.99309 0.10566 0 0 -500 0
505 1
1 13 0 0 0 0 0 0 2.68965 2.69172 0.10566 0 0 -500 0
506 1
1 13 0 0 0 0 0 0 2.75491 2.75694 0.10566 0 0 -500 0
507 1
1 13 0 0 0 0 0 0 2.63288 2.635 0.10566 0 0 -500 0
508 1
1 13 0 0 0 0 0 0 2.64241 2.64452 0.10566 0 0 -500 0
509 1
1 13 0 0 0 0 0 0 2.70259 2.70466 0.10566 0 0 -500 0
510 1
1 13 0 0 0 0 0 0 2.67396 2.67605 0.10566 0 0 -500 0
511 1
1 13 0 0 0 0 0 0 2.73089 2.73294 0.10566 0 0 -500 0
512 1
1 13 0 0 0 0 0 0 2.83807 2.84003 0.10566 0 0 -500 0
513 1
1 13 0 0 0 0 0 0 2.98025 2.98212 0.10566 0 0 -500 0
514 1
1 13 0 0 0 0 0 0 2.66385 2.66595 0.10566 0 0 -500 0
515 1
1 13 0 0 0 0 0 0 2.71023 2.71229 0.10566 0 0 -500 0
516 1
1 13 0 0 0 0 0 0 2.75709 2.75912 0.10566 0 0 -500 0
517 1
1 13 0 0 0 0 0 0 2.73144 2.73349 0.10566 0 0 -500 0
518 1
1 13 0 0 0 0 0 0 2.70738 2.70944 0.10566 0 0 -500 0
519 1
1 13 0 0 0 0 0 0 2.53578 2.53798 0.10566 0 0 -500 0
520 1
1 13 0 0 0 0 0 0 2.84614 2.8481 0.10566 0 0 -500 0
521 1
1 13 0 0 0 0 0 0 2.58907 2.59123 0.10566 0 0 -500 0
522 1
1 13 0 0 0 0 0 0 2.66493 2.66702 0.10566 0 0 -500 0
523 1
1 13 0 0 0 0 0 0 2.63151 2.63363 0.10566 0 0 -500 0
524 1
1 13 0 0 0 0 0 0 2.98623 2.9881 0.10566 0 0 -500 0
525 1
1 13 0 0 0 0 0 0 2.89193 2.89386 0.10566 0 0 -500 0
526 1
1 13 0 0 0 0 0 0 2.67426 2.67635 0.10566 0 0 -500 0
527 1
1 13 0 0 0 0 0 0 2.73307 2.73511 0.10566 0 0 -500 0
528 1
1 13 0 0 0 0 0 0 2.54717 2.54936 0.10566 0 0 -500 0
529 1
1 13 0 0 0 0 0 0 2.75348 2.7555 0.10566 0 0 -500 0
530 1
1 13 0 0 0 0 0 0 2.68914 2.69122 0.10566 0 0 -500 0
531 1
1 13 0 0 0 0 0 0 2.62262 2.62475 0.10566 0 0 -500 0
532 1
1 13 0 0 0 0 0 0 2.55274 2.55492 0.10566 0 0 -500 0
533 1
1 13 0 0 0 0 0 0 2.59685 2.59899 0.10566 0 0 -500 0
534 1
1 13 0 0 0 0 0 0 2.65248 2.65459 0.10566 0 0 -500 0
535 1
1 13 0 0 0 0 0 0 2.61383 2.61596 0.10566 0 0 -500 0
536 1
1 13 0 0 0 0 0 0 2.66909 2.67118 0.10566 0 0 -500 0
537 1
1 13 0 0 0 0 0 0 2.97678 2.97865 0.10566 0 0 -500 0
538 1
1 13 0 0 0 0 0 0 2.86384 2.86579 0.10566 0 0 -500 0
539 1
1 13 0 0 0 0 0 0 2.95031 2.9522 0.10566 0 0 -500 0
540 1
1 13 0 0 0 0 0 0 2.96665 2.96853 0.10566 0 0 -500 0
541 1
1 13 0 0 0 0 0 0 2.85062 2.85257 0.10566 0 0 -500 0
542 1
1 13 0 0 0 0 0 0 2.57422 2.57639 0.10566 0 0 -500 0
543 1
1 13 0 0 0 0 0 0 2.91021 2.91212 0.10566 0 0 -500 0
544 1
1 13 0 0 0 0 0 0 2.59086 2.59301 0.10566 0 0 -500 0
545 1
1 13 0 0 0 0 0 0 2.61644 2.61857 0.10566 0 0 -500 0
546 1
1 13 0 0 0 0 0 0 2.60911 2.61125 0.10566 0 0 -500 0
547 1
1 13 0 0 0 0 0 0 2.88146 2.8834 0.10566 0 0 -500 0
548 1
1 13 0 0 0 0 0 0 2.74381 2.74585 0.10566 0 0 -500 0
549 1
1 13 0 0 0 0 0 0 2.87012 2.87206 0.10566 0 0 -500 0
550 1
1 13 0 0 0 0 0 0 2.99715 2.99902 0.10566 0 0 -500 0
551 1
1 13 0 0 0 0 0 0 2.90537 2.90729 0.10566 0 0 -500 0
552 1
1 13 0 0 0 0 0 0 2.95694 2.95883 0.10566 0 0 -500 0
553 1
1 13 0 0 0 0 0 0 2.53654 2.53874 0.10566 0 0 -500 0
554 1
1 13 0 0 0 0 0 0 2.85091 2.85287 0.10566 0 0 -500 0
555 1
1 13 0 0 0 0 0 0 2.53675 2.53895 0.10566 0 0 -500 0
556 1
1 13 0 0 0 0 0 0 2.52247 2.52468 0.10566 0 0 -500 0
557 1
1 13 0 0 0 0 0 0 2.78321 2.78521 0.10566 0 0 -500 0
558 1
1 13 0 0 0 0 0 0 2.61715 2.61928 0.10566 0 0 -500 0
559 1
1 13 0 0 0 0 0 0 2.84723 2.84919 0.10566 0 0 -500 0
560 1
1 13 0 0 0 0 0 0 2.86364 2.86559 0.10566 0 0 -500 0
561 1
1 13 0 0 0 0 0 0 2.61289 2.61503 0.10566 0 0 -500 0
562 1
1 13 0 0 0 0 0 0 2.96611 2.968 0.10566 0 0 -500 0
563 1
1 13 0 0 0 0 0 0 2.84106 2.84303 0.10566 0 0 -500 0
564 1
1 13 0 0 0 0 0 0 2.52146 2.52368 0.10566 0 0 -500 0
565 1
1 13 0 0 0 0 0 0 2.98665 2.98852 0.10566 0 0 -500 0
566 1
1 13 0 0 0 0 0 0 2.80294 2.80493 0.10566 0 0 -500 0
567 1
1 13 0 0 0 0 0 0 2.71061 2.71267 0.10566 0 0 -500 0
568 1
1 13 0 0 0 0 0 0 2.69481 2.69688 0.10566 0 0 -500 0
569 1
1 13 0 0 0 0 0 0 2.68133 2.68341 0.10566 0 0 -500 0
570 1
1 13 0 0 0 0 0 0 2.86035 2.8623 0.10566 0 0 -500 0
571 1
1 13 0 0 0 0 0 0 2.91081 2.91273 0.10566 0 0 -500 0
572 1
1 13 0 0 0 0 0 0 2.58425 2.58641 0.10566 0 0 -500 0
573 1
1 13 0 0 0 0 0 0 2.6681 2.67019 0.10566 0 0 -500 0
574 1
1 13 0 0 0 0 0 0 2.50221 2.50444 0.10566 0 0 -500 0
575 1
1 13 0 0 0 0 0 0 2.85809 2.86004 0.10566 0 0 -500 0
576 1
1 13 0 0 0 0 0 0 2.94451 2.9464 0.10566 0 0 -500 0
577 1
1 13 0 0 0 0 0 0 2.71613 2.71818 0.10566 0 0 -500 0
578 1
1 13 0 0 0 0 0 0 2.86392 2.86587 0.10566 0 0 -500 0
579 1
1 13 0 0 0 0 0 0 2.67576 2.67785 0.10566 0 0 -500 0
580 1
1 13 0 0 0 0 0 0 2.611 2.61313 0.10566 0 0 -500 0
581 1
1 13 0 0 0 0 0 0 2.68266 2.68474 0.10566 0 0 -500 0
582 1
1 13 0 0 0 0 0 0 2.65253 2.65464 0.10566 0 0 -500 0
583 1
1 13 0 0 0 0 0 0 2.5875 2.58965 0.10566 0 0 -500 0
584 1
1 13 0 0 0 0 0 0 2.6219 2.62402 0.10566 0 0 -500 0
585 1
1 13 0 0 0 0 0 0 2.54208 2.54427 0.10566 0 0 -500 0
586 1
1 13 0 0 0 0 0 0 2.85488 2.85683 0.10566 0 0 -500 0
587 1
1 13 0 0 0 0 0 0 2.57056 2.57273 0.10566 0 0 -500 0
588 1
1 13 0 0 0 0 0 0 2.91849 2.9204 0.10566 0 0 -500 0
589 1
1 13 0 0 0 0 0 0 2.63776 2.63988 0.10566 0 0 -500 0
590 1
1 13 0 0 0 0 0 0 2.85374 2.85569 0.10566 0 0 -500 0
591 1
1 13 0 0 0 0 0 0 2.92549 2.92739 0.10566 0 0 -500 0
592 1
1 13 0 0 0 0 0 0 2.72053 2.72258 0.10566 0 0 -500 0
593 1
1 13 0 0 0 0 0 0 2.83301 2.83498 0.10566 0 0 -500 0
594 1
1 13 0 0 0 0 0 0 2.80981 2.8118 0.10566 0 0 -500 0
595 1
1 13 0 0 0 0 0 0 2.60531 2.60745 0.10566 0 0 -500 0
596 1
1 13 0 0 0 0 0 0 2.72349 2.72553 0.10566 0 0 -500 0
597 1
1 13 0 0 0 0 0 0 2.55213 2.55432 0.10566 0 0 -500 0
598 1
1 13 0 0 0 0 0 0 2.79472 2.79672 0.10566 0 0 -500 0
599 1
1 13 0 0 0 0 0 0 2.50097 2.50321 0.10566 0 0 -500 0
600 1
1 13 0 0 0 0 0 0 2.95781 2.95969 0.10566 0 0 -500 0
601 1
1 13 0 0 0 0 0 0 2.53712 2.53932 0.10566 0 0 -500 0
602 1
1 13 0 0 0 0 0 0 2.54203 2.54422 0.10566 0 0 -500 0
603 1
1 13 0 0 0 0 0 0 2.80095 2.80294 0.10566 0 0 -500 0
604 1
1 13 0 0 0 0 0 0 2.67126 2.67335 0.10566 0 0 -500 0
605 1
1 13 0 0 0 0 0 0 2.8241 2.82607 0.10566 0 0 -500 0
606 1
1 13 0 0 0 0 0 0 2.6099 2.61204 0.10566 0 0 -500 0
607 1
1 13 0 0 0 0 0 0 2.60731 2.60945 0.10566 0 0 -500 0
608 1
1 13 0 0 0 0 0 0 2.54212 2.54431 0.10566 0 0 -500 0
609 1
1 13 0 0 0 0 0 0 2.71404 2.7161 0.10566 0 0 -500 0
610 1
1 13 0 0 0 0 0 0 2.94885 2.95074 0.10566 0 0 -500 0
611 1
1 13 0 0 0 0 0 0 2.89795 2.89988 0.10566 0 0 -500 0
612 1
1 13 0 0 0 0 0 0 2.69453 2.6966 0.10566 0 0 -500 0
613 1
1 13 0 0 0 0 0 0 2.5269 2.5291 0.10566 0 0 -500 0
614 1
1 13 0 0 0 0 0 0 2.57053 2.5727 0.10566 0 0 -500 0
615 1
1 13 0 0 0 0 0 0 2.73999 2.74202 0.10566 0 0 -500 0
616 1
1 13 0 0 0 0 0 0 2.84246 2.84443 0.10566 0 0 -500 0
617 1
1 13 0 0 0 0 0 0 2.77065 2.77266 0.10566 0 0 -500 0
618 1
1 13 0 0 0 0 0 0 2.77572 2.77773 0.10566 0 0 -500 0
619 1
1 13 0 0 0 0 0 0 2.81335 2.81534 0.10566 0 0 -500 0
620 1
1 13 0 0 0 0 0 0 2.90289 2.90481 0.10566 0 0 -500 0
621 1
1 13 0 0 0 0 0 0 2.5691 2.57127 0.10566 0 0 -500 0
622 1
1 13 0 0 0 0 0 0 2.56774 2.56991 0.10566 0 0 -500 0
623 1
1 13 0 0 0 0 0 0 2.64321 2.64532 0.10566 0 0 -500 0
624 1
1 13 0 0 0 0 0 0 2.69616 2.69823 0.10566 0 0 -500 0
625 1
1 13 0 0 0 0 0 0 2.53684 2.53904 0.10566 0 0 -500 0
626 1
1 13 0 0 0 0 0 0 2.94319 2.94509 0.10566 0 0 -500 0
627 1
1 13 0 0 0 0 0 0 2.88692 2.88886 0.10566 0 0 -500 0
628 1
1 13 0 0 0 0 0 0 2.78713 2.78913 0.10566 0 0 -500 0
629 1
1 13 0 0 0 0 0 0 2.64179 2.6439 0.10566 0 0 -500 0
630 1
1 13 0 0 0 0 0 0 2.52168 2.52389 0.10566 0 0 -500 0
631 1
1 13 0 0 0 0 0 0 2.70487 2.70693 0.10566 0 0 -500 0
632 1
1 13 0 0 0 0 0 0 2.91528 2.91719 0.10566 0 0 -500 0
633 1
1 13 0 0 0 0 0 0 2.53706 2.53926 0.10566 0 0 -500 0
634 1
1 13 0 0 0 0 0 0 2.93275 2.93465 0.10566 0 0 -500 0
635 1
1 13 0 0 0 0 0 0 2.55772 2.5599 0.10566 0 0 -500 0
636 1
1 13 0 0 0 0 0 0 2.51061 2.51283 0.10566 0 0 -500 0
637 1
1 13 0 0 0 0 0 0 2.91549 2.9174 0.10566 0 0 -500 0
638 1
1 13 0 0 0 0 0 0 2.6242 2.62632 0.10566 0 0 -500 0
639 1
1 13 0 0 0 0 0 0 2.70383 2.7059 0.10566 0 0 -500 0
640 1
1 13 0 0 0 0 0 0 2.88976 2.89169 0.10566 0 0 -500 0
641 1
1 13 0 0 0 0 0 0 2.82037 2.82235 0.10566 0 0 -500 0
642 1
1 13 0 0 0 0 0 0 2.58439 2.58655 0.10566 0 0 -500 0
643 1
1 13 0 0 0 0 0 0 2.90798 2.9099 0.10566 0 0 -500 0
644 1
1 13 0 0 0 0 0 0 2.75785 2.75987 0.10566 0 0 -500 0
645 1
1 13 0 0 0 0 0 0 2.75903 2.76105 0.10566 0 0 -500 0
646 1
1 13 0 0 0 0 0 0 2.53308 2.53528 0.10566 0 0 -500 0
647 1
1 13 0 0 0 0 0 0 2.58719 2.58935 0.10566 0 0 -500 0
648 1
1 13 0 0 0 0 0 0 2.73927 2.74131 0.10566 0 0 -500 0
649 1
1 13 0 0 0 0 0 0 2.66137 2.66347 0.10566 0 0 -500 0
650 1
1 13 0 0 0 0 0 0 2.53007 2.53228 0.10566 0 0 -500 0
651 1
1 13 0 0 0 0 0 0 2.96017 2.96206 0.10566 0 0 -500 0
652 1
1 13 0 0 0 0 0 0 2.51173 2.51396 0.10566 0 0 -500 0
653 1
1 13 0 0 0 0 0 0 2.6506 2.6527 0.10566 0 0 -500 0
654 1
1 13 0 0 0 0 0 0 2.62318 2.6253 0.10566 0 0 -500 0
655 1
1 13 0 0 0 0 0 0 2.93598 2.93788 0.10566 0 0 -500 0
656 1
1 13 0 0 0 0 0 0 2.64358 2.64569 0.10566 0 0 -500 0
657 1
1 13 0 0 0 0 0 0 2.97319 2.97507 0.10566 0 0 -500 0
658 1
1 13 0 0 0 0 0 0 2.83736 2.83933 0.10566 0 0 -500 0
659 1
1 13 0 0 0 0 0 0 2.76679 2.76881 0.10566 0 0 -500 0
660 1
1 13 0 0 0 0 0 0 2.58923 2.59138 0.10566 0 0 -500 0
661 1
1 13 0 0 0 0 0 0 2.93004 2.93195 0.10566 0 0 -500 0
662 1
1 13 0 0 0 0 0 0 2.87491 2.87685 0.10566 0 0 -500 0
663 1
1 13 0 0 0 0 0 0 2.95587 2.95776 0.10566 0 0 -500 0
664 1
1 13 0 0 0 0 0 0 2.50892 2.51115 0.10566 0 0 -500 0
665 1
1 13 0 0 0 0 0 0 2.83232 2.83429 0.10566 0 0 -500 0
666 1
1 13 0 0 0 0 0 0 2.92166 2.92357 0.10566 0 0 -500 0
667 1
1 13 0 0 0 0 0 0 2.83404 2.83601 0.10566 0 0 -500 0
668 1
1 13 0 0 0 0 0 0 2.58735 2.58951 0.10566 0 0 -500 0
669 1
1 13 0 0 0 0 0 0 2.84599 2.84795 0.10566 0 0 -500 0
670 1
1 13 0 0 0 0 0 0 2.92653 2.92844 0.10566 0 0 -500 0
671 1
1 13 0 0 0 0 0 0 2.60178 2.60392 0.10566 0 0 -500 0
672 1
1 13 0 0 0 0 0 0 2.64309 2.6452 0.10566 0 0 -500 0
673 1
1 13 0 0 0 0 0 0 2.95959 2.96148 0.10566 0 0 -500 0
674 1
1 13 0 0 0 0 0 0 2.97836 2.98023 0.10566 0 0 -500 0
675 1
1 13 0 0 0 0 0 0 2.8437 2.84566 0.10566 0 0 -500 0
676 1
1 13 0 0 0 0 0 0 2.74153 2.74356 0.10566 0 0 -500 0
677 1
1 13 0 0 0 0 0 0 2.60674 2.60888 0.10566 0 0 -500 0
678 1
1 13 0 0 0 0 0 0 2.5633 2.56547 0.10566 0 0 -500 0
679 1
1 13 0 0 0 0 0 0 2.896 2.89792 0.10566 0 0 -500 0
680 1
1 13 0 0 0 0 0 0 2.67556 2.67765 0.10566 0 0 -500 0
681 1
1 13 0 0 0 0 0 0 2.80794 2.80993 0.10566 0 0 -500 0
682 1
1 13 0 0 0 0 0 0 2.79122 2.79322 0.10566 0 0 -500 0
683 1
1 13 0 0 0 0 0 0 2.7746 2.77661 0.10566 0 0 -500 0
684 1
1 13 0 0 0 0 0 0 2.66855 2.67064 0.10566 0 0 -500 0
685 1
1 13 0 0 0 0 0 0 2.73677 2.73881 0.10566 0 0 -500 0
686 1
1 13 0 0 0 0 0 0 2.7469 2.74893 0.10566 0 0 -500 0
687 1
1 13 0 0 0 0 0 0 2.68133 2.68341 0.10566 0 0 -500 0
688 1
1 13 0 0 0 0 0 0 2.51624 2.51846 0.10566 0 0 -500 0
689 1
1 13 0 0 0 0 0 0 2.95112 2.95301 0.10566 0 0 -500 0
690 1
1 13 0 0 0 0 0 0 2.51608 2.51829 0.10566 0 0 -500 0
691 1
1 13 0 0 0 0 0 0 2.99504 2.9969 0.10566 0 0 -500 0
692 1
1 13 0 0 0 0 0 0 2.86283 2.86478 0.10566 0 0 -500 0
693 1
1 13 0 0 0 0 0 0 2.65573 2.65783 0.10566 0 0 -500 0
694 1
1 13 0 0 0 0 0 0 2.66734 2.66943 0.10566 0 0 -500 0
695 1
1 13 0 0 0 0 0 0 2.89452 2.89644 0.10566 0 0 -500 0
696 1
1 13 0 0 0 0 0 0 2.82313 2.8251 0.10566 0 0 -500 0
697 1
1 13 0 0 0 0 0 0 2.57678 2.57895 0.10566 0 0 -500 0
698 1
1 13 0 0 0 0 0 0 2.65433 2.65643 0.10566 0 0 -500 0
699 1
1 13 0 0 0 0 0 0 2.75781 2.75984 0.10566 0 0 -500 0
700 1
1 13 0 0 0 0 0 0 2.82984 2.83181 0.10566 0 0 -500 0
701 1
1 13 0 0 0 0 0 0 2.93262 2.93453 0.10566 0 0 -500 0
702 1
1 13 0 0 0 0 0 0 2.72052 2.72257 0.10566 0 0 -500 0
703 1
1 13 0 0 0 0 0 0 2.93779 2.93969 0.10566 0 0 -500 0
704 1
1 13 0 0 0 0 0 0 2.63887 2.64098 0.10566 0 0 -500 0
705 1
1 13 0 0 0 0 0 0 2.57628 2.57845 0.10566 0 0 -500 0
706 1
1 13 0 0 0 0 0 0 2.99012 2.99198 0.10566 0 0 -500 0
707 1
1 13 0 0 0 0 0 0 2.83608 2.83805 0.10566 0 0 -500 0
708 1
1 13 0 0 0 0 0 0 2.71153 2.71359 0.10566 0 0 -500 0
709 1
1 13 0 0 0 0 0 0 2.61965 2.62178 0.10566 0 0 -500 0
710 1
1 13 0 0 0 0 0 0 2.64755 2.64966 0.10566 0 0 -500 0
711 1
1 13 0 0 0 0 0 0 2.69564 2.69771 0.10566 0 0 -500 0
712 1
1 13 0 0 0 0 0 0 2.58015 2.58232 0.10566 0 0 -500 0
713 1
1 13 0 0 0 0 0 0 2.95673 2.95861 0.10566 0 0 -500 0
714 1
1 13 0 0 0 0 0 0 2.57868 2.58084 0.10566 0 0 -500 0
715 1
1 13 0 0 0 0 0 0 2.58553 2.58768 0.10566 0 0 -500 0
716 1
1 13 0 0 0 0 0 0 2.83541 2.83738 0.10566 0 0 -500 0
717 1
1 13 0 0 0 0 0 0 2.73233 2.73437 0.10566 0 0 -500 0
718 1
1 13 0 0 0 0 0 0 2.93245 2.93435 0.10566 0 0 -500 0
719 1
1 13 0 0 0 0 0 0 2.61082 2.61295 0.10566 0 0 -500 0
720 1
1 13 0 0 0 0 0 0 2.71874 2.7208 0.10566 0 0 -500 0
721 1
1 13 0 0 0 0 0 0 2.60476 2.60691 0.10566 0 0 -500 0
722 1
1 13 0 0 0 0 0 0 2.67986 2.68194 0.10566 0 0 -500 0
723 1
1 13 0 0 0 0 0 0 2.52653 2.52874 0.10566 0 0 -500 0
724 1
1 13 0 0 0 0 0 0 2.82017 2.82214 0.10566 0 0 -500 0
725 1
1 13 0 0 0 0 0 0 2.87917 2.88111 0.10566 0 0 -500 0
726 1
1 13 0 0 0 0 0 0 2.74077 2.7428 0.10566 0 0 -500 0
727 1
1 13 0 0 0 0 0 0 2.72019 2.72224 0.10566 0 0 -500 0
728 1
1 13 0 0 0 0 0 0 2.55395 2.55613 0.10566 0 0 -500 0
729 1
1 13 0 0 0 0 0 0 2.79743 2.79943 0.10566 0 0 -500 0
730 1
1 13 0 0 0 0 0 0 2.68133 2.68341 0.10566 0 0 -500 0
731 1
1 13 0 0 0 0 0 0 2.67948 2.68156 0.10566 0 0 -500 0
732 1
1 13 0 0 0 0 0 0 2.86182 2.86377 0.10566 0 0 -500 0
733 1
1 13 0 0 0 0 0 0 2.76802 2.77004 0.10566 0 0 -500 0
734 1
1 13 0 0 0 0 0 0 2.60319 2.60533 0.10566 0 0 -500 0
735 1
1 13 0 0 0 0 0 0 2.78449 2.78649 0.10566 0 0 -500 0
736 1
1 13 0 0 0 0 0 0 2.56266 2.56484 0.10566 0 0 -500 0
737 1
1 13 0 0 0 0 0 0 2.86941 2.87135 0.10566 0 0 -500 0
738 1
1 13 0 0 0 0 0 0 2.52629 2.5285 0.10566 0 0 -500 0
739 1
1 13 0 0 0 0 0 0 2.92382 2.92573 0.10566 0 0 -500 0
740 1
1 13 0 0 0 0 0 0 2.87001 2.87195 0.10566 0 0 -500 0
741 1
1 13 0 0 0 0 0 0 2.98336 2.98523 0.10566 0 0 -500 0
742 1
1 13 0 0 0 0 0 0 2.96536 2.96724 0.10566 0 0 -500 0
743 1
1 13 0 0 0 0 0 0 2.66668 2.66877 0.10566 0 0 -500 0
744 1
1 13 0 0 0 0 0 0 2.64528 2.64739 0.10566 0 0 -500 0
745 1
1 13 0 0 0 0 0 0 2.89227 2.8942 0.10566 0 0 -500 0
746 1
1 13 0 0 0 0 0 0 2.56316 2.56534 0.10566 0 0 -500 0
747 1
1 13 0 0 0 0 0 0 2.78698 2.78898 0.10566 0 0 -500 0
748 1
1 13 0 0 0 0 0 0 2.94894 2.95083 0.10566 0 0 -500 0
749 1
1 13 0 0 0 0 0 0 2.78927 2.79127 0.10566 0 0 -500 0
750 1
1 13 0 0 0 0 0 0 2.85067 2.85263 0.10566 0 0 -500 0
751 1
1 13 0 0 0 0 0 0 2.8152 2.81718 0.10566 0 0 -500 0
752 1
1 13 0 0 0 0 0 0 2.9473 2.94919 0.10566 0 0 -500 0
753 1
1 13 0 0 0 0 0 0 2.71462 2.71668 0.10566 0 0 -500 0
754 1
1 13 0 0 0 0 0 0 2.79424 2.79624 0.10566 0 0 -500 0
755 1
1 13 0 0 0 0 0 0 2.60991 2.61204 0.10566 0 0 -500 0
756 1
1 13 0 0 0 0 0 0 2.87029 2.87223 0.10566 0 0 -500 0
757 1
1 13 0 0 0 0 0 0 2.94829 2.95018 0.10566 0 0 -500 0
758 1
1 13 0 0 0 0 0 0 2.68303 2.68511 0.10566 0 0 -500 0
759 1
1 13 0 0 0 0 0 0 2.75529 2.75731 0.10566 0 0 -500 0
760 1
1 13 0 0 0 0 0 0 2.82795 2.82992 0.10566 0 0 -500 0
761 1
1 13 0 0 0 0 0 0 2.8372 2.83917 0.10566 0 0 -500 0
762 1
1 13 0 0 0 0 0 0 2.82579 2.82777 0.10566 0 0 -500 0
763 1
1 13 0 0 0 0 0 0 2.58128 2.58344 0.10566 0 0 -500 0
764 1
1 13 0 0 0 0 0 0 2.55222 2.55441 0.10566 0 0 -500 0
765 1
1 13 0 0 0 0 0 0 2.66377 2.66586 0.10566 0 0 -500 0
766 1
1 13 0 0 0 0 0 0 2.80381 2.8058 0.10566 0 0 -500 0
767 1
1 13 0 0 0 0 0 0 2.56702 2.56919 0.10566 0 0 -500 0
768 1
1 13 0 0 0 0 0 0 2.81245 2.81443 0.10566 0 0 -500 0
769 1
1 13 0 0 0 0 0 0 2.59785 2.6 0.10566 0 0 -500 0
770 1
1 13 0 0 0 0 0 0 2.78464 2.78664 0.10566 0 0 -500 0
771 1
1 13 0 0 0 0 0 0 2.85605 2.858 0.10566 0 0 -500 0
772 1
1 13 0 0 0 0 0 0 2.73747 2.73951 0.10566 0 0 -500 0
773 1
1 13 0 0 0 0 0 0 2.68424 2.68632 0.10566 0 0 -500 0
774 1
1 13 0 0 0 0 0 0 2.83302 2.83498 0.10566 0 0 -500 0
775 1
1 13 0 0 0 0 0 0 2.98871 2.99058 0.10566 0 0 -500 0
776 1
1 13 0 0 0 0 0 0 2.80416 2.80615 0.10566 0 0 -500 0
777 1
1 13 0 0 0 0 0 0 2.95216 2.95405 0.10566 0 0 -500 0
778 1
1 13 0 0 0 0 0 0 2.70508 2.70714 0.10566 0 0 -500 0
779 1
1 13 0 0 0 0 0 0 2.85314 2.8551 0.10566 0 0 -500 0
780 1
1 13 0 0 0 0 0 0 2.73991 2.74194 0.10566 0 0 -500 0
781 1
1 13 0 0 0 0 0 0 2.8998 2.90173 0.10566 0 0 -500 0
782 1
1 13 0 0 0 0 0 0 2.63071 2.63283 0.10566 0 0 -500 0
783 1
1 13 0 0 0 0 0 0 2.7899 2.7919 0.10566 0 0 -500 0
784 1
1 13 0 0 0 0 0 0 2.75551 2.75753 0.10566 0 0 -500 0
785 1
1 13 0 0 0 0 0 0 2.55471 2.55689 0.10566 0 0 -500 0
786 1
1 13 0 0 0 0 0 0 2.7691 2.77112 0.10566 0 0 -500 0
787 1
1 13 0 0 0 0 0 0 2.90731 2.90923 0.10566 0 0 -500 0
788 1
1 13 0 0 0 0 0 0 2.56301 2.56519 0.10566 0 0 -500 0
789 1
1 13 0 0 0 0 0 0 2.76228 2.7643 0.10566 0 0 -500 0
790 1
1 13 0 0 0 0 0 0 2.65765 2.65975 0.10566 0 0 -500 0
791 1
1 13 0 0 0 0 0 0 2.64167 2.64379 0.10566 0 0 -500 0
792 1
1 13 0 0 0 0 0 0 2.9412 2.94309 0.10566 0 0 -500 0
793 1
1 13 0 0 0 0 0 0 2.88327 2.8852 0.10566 0 0 -500 0
794 1
1 13 0 0 0 0 0 0 2.55531 2.55749 0.10566 0 0 -500 0
795 1
1 13 0 0 0 0 0 0 2.97566 2.97754 0.10566 0 0 -500 0
796 1
1 13 0 0 0 0 0 0 2.69156 2.69364 0.10566 0 0 -500 0
797 1
1 13 0 0 0 0 0 0 2.77013 2.77214 0.10566 0 0 -500 0
798 1
1 13 0 0 0 0 0 0 2.65174 2.65384 0.10566 0 0 -500 0
799 1
1 13 0 0 0 0 0 0 2.99561 2.99747 0.10566 0 0 -500 0
800 1
1 13 0 0 0 0 0 0 2.99984 3.0017 0.10566 0 0 -500 0
801 1
1 13 0 0 0 0 0 0 2.78857 2.79058 0.10566 0 0 -500 0
802 1
1 13 0 0 0 0 0 0 2.90678 2.9087 0.10566 0 0 -500 0
803 1
1 13 0 0 0 0 0 0 2.93607 2.93797 0.10566 0 0 -500 0
804 1
1 13 0 0 0 0 0 0 2.83113 2.8331 0.10566 0 0 -500 0
805 1
1 13 0 0 0 0 0 0 2.95482 2.95671 0.10566 0 0 -500 0
806 1
1 13 0 0 0 0 0 0 2.68531 2.68739 0.10566 0 0 -500 0
807 1
1 13 0 0 0 0 0 0 2.86514 2.86709 0.10566 0 0 -500 0
808 1
1 13 0 0 0 0 0 0 2.89324 2.89516 0.10566 0 0 -500 0
809 1
1 13 0 0 0 0 0 0 2.71199 2.71405 0.10566 0 0 -500 0
810 1
1 13 0 0 0 0 0 0 2.80081 2.8028 0.10566 0 0 -500 0
811 1
1 13 0 0 0 0 0 0 2.62115 2.62328 0.10566 0 0 -500 0
812 1
1 13 0 0 0 0 0 0 2.94629 2.94818 0.10566 0 0 -500 0
813 1
1 13 0 0 0 0 0 0 2.69856 2.70063 0.10566 0 0 -500 0
814 1
1 13 0 0 0 0 0 0 2.77398 2.77599 0.10566 0 0 -500 0
815 1
1 13 0 0 0 0 0 0 2.70126 2.70332 0.10566 0 0 -500 0
816 1
1 13 0 0 0 0 0 0 2.72398 2.72603 0.10566 0 0 -500 0
817 1
1 13 0 0 0 0 0 0 2.86748 2.86943 0.10566 0 0 -500 0
818 1
1 13 0 0 0 0 0 0 2.95947 2.96135 0.10566 0 0 -500 0
819 1
1 13 0 0 0 0 0 0 2.76294 2.76496 0.10566 0 0 -500 0
820 1
1 13 0 0 0 0 0 0 2.72928 2.73133 0.10566 0 0 -500 0
821 1
1 13 0 0 0 0 0 0 2.50207 2.5043 0.10566 0 0 -500 0
822 1
1 13 0 0 0 0 0 0 2.89705 2.89897 0.10566 0 0 -500 0
823 1
1 13 0 0 0 0 0 0 2.50212 2.50435 0.10566 0 0 -500 0
824 1
1 13 0 0 0 0 0 0 2.67266 2.67474 0.10566 0 0 -500 0
825 1
1 13 0 0 0 0 0 0 2.63156 2.63368 0.10566 0 0 -500 0
826 1
1 13 0 0 0 0 0 0 2.52009 2.5223 0.10566 0 0 -500 0
827 1
1 13 0 0 0 0 0 0 2.70629 2.70835 0.10566 0 0 -500 0
828 1
1 13 0 0 0 0 0 0 2.56282 2.56499 0.10566 0 0 -500 0
829 1
1 13 0 0 0 0 0 0 2.99804 2.9999 0.10566 0 0 -500 0
830 1
1 13 0 0 0 0 0 0 2.77762 2.77963 0.10566 0 0 -500 0
831 1
1 13 0 0 0 0 0 0 2.61612 2.61826 0.10566 0 0 -500 0
832 1
1 13 0 0 0 0 0 0 2.65223 2.65433 0.10566 0 0 -500 0
833 1
1 13 0 0 0 0 0 0 2.52496 2.52717 0.10566 0 0 -500 0
834 1
1 13 0 0 0 0 0 0 2.55268 2.55486 0.10566 0 0 -500 0
835 1
1 13 0 0 0 0 0 0 2.75215 2.75417 0.10566 0 0 -500 0
836 1
1 13 0 0 0 0 0 0 2.5948 2.59695 0.10566 0 0 -500 0
837 1
1 13 0 0 0 0 0 0 2.61684 2.61897 0.10566 0 0 -500 0
838 1
1 13 0 0 0 0 0 0 2.75077 2.7528 0.10566 0 0 -500 0
839 1
1 13 0 0 0 0 0 0 2.94662 2.94852 0.10566 0 0 -500 0
840 1
1 13 0 0 0 0 0 0 2.81067 2.81266 0.10566 0 0 -500 0
841 1
1 13 0 0 0 0 0 0 2.91226 2.91417 0.10566 0 0 -500 0
842 1
1 13 0 0 0 0 0 0 2.83788 2.83985 0.10566 0 0 -500 0
843 1
1 13 0 0 0 0 0 0 2.68542 2.6875 0.10566 0 0 -500 0
844 1
1 13 0 0 0 0 0 0 2.87528 2.87722 0.10566 0 0 -500 0
845 1
1 13 0 0 0 0 0 0 2.54526 2.54745 0.10566 0 0 -500 0
846 1
1 13 0 0 0 0 0 0 2.58418 2.58634 0.10566 0 0 -500 0
847 1
1 13 0 0 0 0 0 0 2.51945 2.52166 0.10566 0 0 -500 0
848 1
1 13 0 0 0 0 0 0 2.74449 2.74653 0.10566 0 0 -500 0
849 1
1 13 0 0 0 0 0 0 2.67415 2.67624 0.10566 0 0 -500 0
850 1
1 13 0 0 0 0 0 0 2.66295 2.66504 0.10566 0 0 -500 0
851 1
1 13 0 0 0 0 0 0 2.50408 2.50631 0.10566 0 0 -500 0
852 1
1 13 0 0 0 0 0 0 2.86412 2.86607 0.10566 0 0 -500 0
853 1
1 13 0 0 0 0 0 0 2.87837 2.88031 0.10566 0 0 -500 0
854 1
1 13 0 0 0 0 0 0 2.73953 2.74157 0.10566 0 0 -500 0
855 1
1 13 0 0 0 0 0 0 2.51136 2.51359 0.10566 0 0 -500 0
856 1
1 13 0 0 0 0 0 0 2.84815 2.85011 0.10566 0 0 -500 0
857 1
1 13 0 0 0 0 0 0 2.58682 2.58898 0.10566 0 0 -500 0
858 1
1 13 0 0 0 0 0 0 2.91032 2.91224 0.10566 0 0 -500 0
859 1
1 13 0 0 0 0 0 0 2.90134 2.90327 0.10566 0 0 -500 0
860 1
1 13 0 0 0 0 0 0 2.61565 2.61778 0.10566 0 0 -500 0
861 1
1 13 0 0 0 0 0 0 2.95613 2.95802 0.10566 0 0 -500 0
862 1
1 13 0 0 0 0 0 0 2.54454 2.54673 0.10566 0 0 -500 0
863 1
1 13 0 0 0 0 0 0 2.97155 2.97343 0.10566 0 0 -500 0
864 1
1 13 0 0 0 0 0 0 2.93496 2.93687 0.10566 0 0 -500 0
865 1
1 13 0 0 0 0 0 0 2.95587 2.95776 0.10566 0 0 -500 0
866 1
1 13 0 0 0 0 0 0 2.87143 2.87337 0.10566 0 0 -500 0
867 1
1 13 0 0 0 0 0 0 2.50832 2.51054 0.10566 0 0 -500 0
868 1
1 13 0 0 0 0 0 0 2.94071 2.94261 0.10566 0 0 -500 0
869 1
1 13 0 0 0 0 0 0 2.78826 2.79026 0.10566 0 0 -500 0
870 1
1 13 0 0 0 0 0 0 2.94114 2.94304 0.10566 0 0 -500 0
871 1
1 13 0 0 0 0 0 0 2.83617 2.83813 0.10566 0 0 -500 0
872 1
1 13 0 0 0 0 0 0 2.82183 2.82381 0.10566 0 0 -500 0
873 1
1 13 0 0 0 0 0 0 2.7335 2.73554 0.10566 0 0 -500 0
874 1
1 13 0 0 0 0 0 0 2.58626 2.58842 0.10566 0 0 -500 0
875 1
1 13 0 0 0 0 0 0 2.93085 2.93275 0.10566 0 0 -500 0
876 1
1 13 0 0 0 0 0 0 2.65844 2.66054 0.10566 0 0 -500 0
877 1
1 13 0 0 0 0 0 0 2.62972 2.63184 0.10566 0 0 -500 0
878 1
1 13 0 0 0 0 0 0 2.59876 2.6009 0.10566 0 0 -500 0
879 1
1 13 0 0 0 0 0 0 2.54409 2.54628 0.10566 0 0 -500 0
880 1
1 13 0 0 0 0 0 0 2.72667 2.72871 0.10566 0 0 -500 0
881 1
1 13 0 0 0 0 0 0 2.72986 2.73191 0.10566 0 0 -500 0
882 1
1 13 0 0 0 0 0 0 2.56165 2.56383 0.10566 0 0 -500 0
883 1
1 13 0 0 0 0 0 0 2.50082 2.50305 0.10566 0 0 -500 0
884 1
1 13 0 0 0 0 0 0 2.59515 2.5973 0.10566 0 0 -500 0
885 1
1 13 0 0 0 0 0 0 2.95395 2.95583 0.10566 0 0 -500 0
886 1
1 13 0 0 0 0 0 0 2.95709 2.95897 0.10566 0 0 -500 0
887 1
1 13 0 0 0 0 0 0 2.72861 2.73066 0.10566 0 0 -500 0
888 1
1 13 0 0 0 0 0 0 2.94423 2.94613 0.10566 0 0 -500 0
889 1
1 13 0 0 0 0 0 0 2.7822 2.78421 0.10566 0 0 -500 0
890 1
1 13 0 0 0 0 0 0 2.82617 2.82814 0.10566 0 0 -500 0
891 1
1 13 0 0 0 0 0 0 2.87141 2.87336 0.10566 0 0 -500 0
892 1
1 13 0 0 0 0 0 0 2.78684 2.78884 0.10566 0 0 -500 0
893 1
1 13 0 0 0 0 0 0 2.83795 2.83992 0.10566 0 0 -500 0
894 1
1 13 0 0 0 0 0 0 2.55767 2.55985 0.10566 0 0 -500 0
895 1
1 13 0 0 0 0 0 0 2.5205 2.52272 0.10566 0 0 -500 0
896 1
1 13 0 0 0 0 0 0 2.61634 2.61847 0.10566 0 0 -500 0
897 1
1 13 0 0 0 0 0 0 2.66988 2.67197 0.10566 0 0 -500 0
898 1
1 13 0 0 0 0 0 0 2.72058 2.72263 0.10566 0 0 -500 0
899 1
1 13 0 0 0 0 0 0 2.91509 2.917 0.10566 0 0 -500 0
900 1
1 13 0 0 0 0 0 0 2.59852 2.60067 0.10566 0 0 -500 0
901 1
1 13 0 0 0 0 0 0 2.69336 2.69543 0.10566 0 0 -500 0
902 1
1 13 0 0 0 0 0 0 2.98972 2.99158 0.10566 0 0 -500 0
903 1
1 13 0 0 0 0 0 0 2.88951 2.89144 0.10566 0 0 -500 0
904 1
1 13 0 0 0 0 0 0 2.72627 2.72832 0.10566 0 0 -500 0
905 1
1 13 0 0 0 0 0 0 2.82776 2.82973 0.10566 0 0 -500 0
906 1
1 13 0 0 0 0 0 0 2.63502 2.63714 0.10566 0 0 -500 0
907 1
1 13 0 0 0 0 0 0 2.58185 2.58401 0.10566 0 0 -500 0
908 1
1 13 0 0 0 0 0 0 2.79172 2.79372 0.10566 0 0 -500 0
909 1
1 13 0 0 0 0 0 0 2.94733 2.94922 0.10566 0 0 -500 0
910 1
1 13 0 0 0 0 0 0 2.92519 2.9271 0.10566 0 0 -500 0
911 1
1 13 0 0 0 0 0 0 2.81966 2.82164 0.10566 0 0 -500 0
912 1
1 13 0 0 0 0 0 0 2.97409 2.97596 0.10566 0 0 -500 0
913 1
1 13 0 0 0 0 0 0 2.68578 2.68786 0.10566 0 0 -500 0
914 1
1 13 0 0 0 0 0 0 2.89385 2.89578 0.10566 0 0 -500 0
915 1
1 13 0 0 0 0 0 0 2.63019 2.63231 0.10566 0 0 -500 0
916 1
1 13 0 0 0 0 0 0 2.90776 2.90968 0.10566 0 0 -500 0
917 1
1 13 0 0 0 0 0 0 2.79641 2.7984 0.10566 0 0 -500 0
918 1
1 13 0 0 0 0 0 0 2.79625 2.79825 0.10566 0 0 -500 0
919 1
1 13 0 0 0 0 0 0 2.88084 2.88278 0.10566 0 0 -500 0
920 1
1 13 0 0 0 0 0 0 2.508 2.51023 0.10566 0 0 -500 0
921 1
1 13 0 0 0 0 0 0 2.55373 2.55592 0.10566 0 0 -500 0
922 1
1 13 0 0 0 0 0 0 2.53231 2.53452 0.10566 0 0 -500 0
923 1
1 13 0 0 0 0 0 0 2.6815 2.68358 0.10566 0 0 -500 0
924 1
1 13 0 0 0 0 0 0 2.86725 2.86919 0.10566 0 0 -500 0
925 1
1 13 0 0 0 0 0 0 2.50672 2.50895 0.10566 0 0 -500 0
926 1
1 13 0 0 0 0 0 0 2.91279 2.91471 0.10566 0 0 -500 0
927 1
1 13 0 0 0 0 0 0 2.86996 2.8719 0.10566 0 0 -500 0
928 1
1 13 0 0 0 0 0 0 2.59568 2.59783 0.10566 0 0 -500 0
929 1
1 13 0 0 0 0 0 0 2.67029 2.67238 0.10566 0 0 -500 0
930 1
1 13 0 0 0 0 0 0 2.96267 2.96455 0.10566 0 0 -500 0
931 1
1 13 0 0 0 0 0 0 2.59017 2.59233 0.10566 0 0 -500 0
932 1
1 13 0 0 0 0 0 0 2.84779 2.84975 0.10566 0 0 -500 0
933 1
1 13 0 0 0 0 0 0 2.66649 2.66859 0.10566 0 0 -500 0
934 1
1 13 0 0 0 0 0 0 2.58357 2.58573 0.10566 0 0 -500 0
935 1
1 13 0 0 0 0 0 0 2.75208 2.75411 0.10566 0 0 -500 0
936 1
1 13 0 0 0 0 0 0 2.90334 2.90527 0.10566 0 0 -500 0
937 1
1 13 0 0 0 0 0 0 2.57924 2.58141 0.10566 0 0 -500 0
938 1
1 13 0 0 0 0 0 0 2.79759 2.79959 0.10566 0 0 -500 0
939 1
1 13 0 0 0 0 0 0 2.68726 2.68934 0.10566 0 0 -500 0
940 1
1 13 0 0 0 0 0 0 2.73036 2.7324 0.10566 0 0 -500 0
941 1
1 13 0 0 0 0 0 0 2.51328 2.5155 0.10566 0 0 -500 0
942 1
1 13 0 0 0 0 0 0 2.65373 2.65583 0.10566 0 0 -500 0
943 1
1 13 0 0 0 0 0 0 2.84774 2.8497 0.10566 0 0 -500 0
944 1
1 13 0 0 0 0 0 0 2.95048 2.95238 0.10566 0 0 -500 0
945 1
1 13 0 0 0 0 0 0 2.68401 2.68609 0.10566 0 0 -500 0
946 1
1 13 0 0 0 0 0 0 2.73166 2.7337 0.10566 0 0 -500 0
947 1
1 13 0 0 0 0 0 0 2.90931 2.91123 0.10566 0 0 -500 0
948 1
1 13 0 0 0 0 0 0 2.87526 2.8772 0.10566 0 0 -500 0
949 1
1 13 0 0 0 0 0 0 2.55828 2.56046 0.10566 0 0 -500 0
950 1
1 13 0 0 0 0 0 0 2.64389 2.646 0.10566 0 0 -500 0
951 1
1 13 0 0 0 0 0 0 2.87271 2.87465 0.10566 0 0 -500 0
952 1
1 13 0 0 0 0 0 0 2.87134 2.87328 0.10566 0 0 -500 0
953 1
1 13 0 0 0 0 0 0 2.69923 2.7013 0.10566 0 0 -500 0
954 1
1 13 0 0 0 0 0 0 2.75504 2.75707 0.10566 0 0 -500 0
955 1
1 13 0 0 0 0 0 0 2.84639 2.84835 0.10566 0 0 -500 0
956 1
1 13 0 0 0 0 0 0 2.95465 2.95654 0.10566 0 0 -500 0
957 1
1 13 0 0 0 0 0 0 2.63207 2.63419 0.10566 0 0 -500 0
958 1
1 13 0 0 0 0 0 0 2.80229 2.80428 0.10566 0 0 -500 0
959 1
1 13 0 0 0 0 0 0 2.60671 2.60885 0.10566 0 0 -500 0
960 1
1 13 0 0 0 0 0 0 2.81295 2.81494 0.10566 0 0 -500 0
961 1
1 13 0 0 0 0 0 0 2.78676 2.78876 0.10566 0 0 -500 0
962 1
1 13 0 0 0 0 0 0 2.62096 2.62309 0.10566 0 0 -500 0
963 1
1 13 0 0 0 0 0 0 2.92423 2.92614 0.10566 0 0 -500 0
964 1
1 13 0 0 0 0 0 0 2.82744 2.82941 0.10566 0 0 -500 0
965 1
1 13 0 0 0 0 0 0 2.72289 2.72494 0.10566 0 0 -500 0
966 1
1 13 0 0 0 0 0 0 2.8715 2.87344 0.10566 0 0 -500 0
967 1
1 13 0 0 0 0 0 0 2.74531 2.74734 0.10566 0 0 -500 0
968 1
1 13 0 0 0 0 0 0 2.85639 2.85834 0.10566 0 0 -500 0
969 1
1 13 0 0 0 0 0 0 2.98555 2.98741 0.10566 0 0 -500 0
970 1
1 13 0 0 0 0 0 0 2.74964 2.75167 0.10566 0 0 -500 0
971 1
1 13 0 0 0 0 0 0 2.86211 2.86406 0.10566 0 0 -500 0
972 1
1 13 0 0 0 0 0 0 2.93886 2.94076 0.10566 0 0 -500 0
973 1
1 13 0 0 0 0 0 0 2.78332 2.78532 0.10566 0 0 -500 0
974 1
1 13 0 0 0 0 0 0 2.91233 2.91424 0.10566 0 0 -500 0
975 1
1 13 0 0 0 0 0 0 2.87366 2.8756 0.10566 0 0 -500 0
976 1
1 13 0 0 0 0 0 0 2.762 2.76402 0.10566 0 0 -500 0
977 1
1 13 0 0 0 0 0 0 2.64901 2.65112 0.10566 0 0 -500 0
978 1
1 13 0 0 0 0 0 0 2.60341 2.60555 0.10566 0 0 -500 0
979 1
1 13 0 0 0 0 0 0 2.62046 2.62259 0.10566 0 0 -500 0
980 1
1 13 0 0 0 0 0 0 2.54173 2.54392 0.10566 0 0 -500 0
981 1
1 13 0 0 0 0 0 0 2.72756 2.72961 0.10566 0 0 -500 0
982 1
1 13 0 0 0 0 0 0 2.82401 2.82599 0.10566 0 0 -500 0
983 1
1 13 0 0 0 0 0 0 2.93383 2.93573 0.10566 0 0 -500 0
984 1
1 13 0 0 0 0 0 0 2.91711 2.91903 0.10566 0 0 -500 0
985 1
1 13 0 0 0 0 0 0 2.67634 2.67842 0.10566 0 0 -500 0
986 1
1 13 0 0 0 0 0 0 2.77161 2.77362 0.10566 0 0 -500 0
987 1
1 13 0 0 0 0 0 0 2.52387 2.52608 0.10566 0 0 -500 0
988 1
1 13 0 0 0 0 0 0 2.71146 2.71352 0.10566 0 0 -500 0
989 1
1 13 0 0 0 0 0 0 2.86442 2.86636 0.10566 0 0 -500 0
990 1
1 13 0 0 0 0 0 0 2.60962 2.61176 0.10566 0 0 -500 0
991 1
1 13 0 0 0 0 0 0 2.55845 2.56063 0.10566 0 0 -500 0
992 1
1 13 0 0 0 0 0 0 2.98173 2.9836 0.10566 0 0 -500 0
993 1
1 13 0 0 0 0 0 0 2.86062 2.86257 0.10566 0 0 -500 0
994 1
1 13 0 0 0 0 0 0 2.92545 2.92735 0.10566 0 0 -500 0
995 1
1 13 0 0 0 0 0 0 2.97805 2.97992 0.10566 0 0 -500 0
996 1
1 13 0 0 0 0 0 0 2.898 2.89992 0.10566 0 0 -500 0
997 1
1 13 0 0 0 0 0 0 2.55709 2.55927 0.10566 0 0 -500 0
998 1
1 13 0 0 0 0 0 0 2.97834 2.98022 0.10566 0 0 -500 0
999 1
1 13 0 0 0 0 0 0 2.72412 2.72617 0.10566 0 0 -500 0