0 1
1 13 0 0 0 0 0 0 3.38105 3.3827 0.10566 0 0 -500 0
1 1
1 13 0 0 0 0 0 0 3.22292 3.22465 0.10566 0 0 -500 0
2 1
1 13 0 0 0 0 0 0 3.15313 3.1549 0.10566 0 0 -500 0
3 1
1 13 0 0 0 0 0 0 3.28604 3.28774 0.10566 0 0 -500 0
4 1
1 13 0 0 0 0 0 0 3.49079 3.49239 0.10566 0 0 -500 0
5 1
1 13 0 0 0 0 0 0 3.28299 3.28469 0.10566 0 0 -500 0
6 1
1 13 0 0 0 0 0 0 3.31027 3.31196 0.10566 0 0 -500 0
7 1
1 13 0 0 0 0 0 0 3.05553 3.05736 0.10566 0 0 -500 0
8 1
1 13 0 0 0 0 0 0 3.1528 3.15457 0.10566 0 0 -500 0
9 1
1 13 0 0 0 0 0 0 3.35674 3.3584 0.10566 0 0 -500 0
10 1
1 13 0 0 0 0 0 0 3.41114 3.41277 0.10566 0 0 -500 0
11 1
1 13 0 0 0 0 0 0 3.21962 3.22136 0.10566 0 0 -500 0
12 1
1 13 0 0 0 0 0 0 3.15246 3.15423 0.10566 0 0 -500 0
13 1
1 13 0 0 0 0 0 0 3.25744 3.25915 0.10566 0 0 -500 0
14 1
1 13 0 0 0 0 0 0 3.28708 3.28878 0.10566 0 0 -500 0
15 1
1 13 0 0 0 0 0 0 3.27419 3.2759 0.10566 0 0 -500 0
16 1
1 13 0 0 0 0 0 0 3.40981 3.41145 0.10566 0 0 -500 0
17 1
1 13 0 0 0 0 0 0 3.49262 3.49422 0.10566 0 0 -500 0
18 1
1 13 0 0 0 0 0 0 3.17035 3.17211 0.10566 0 0 -500 0
19 1
1 13 0 0 0 0 0 0 3.09897 3.10077 0.10566 0 0 -500 0
20 1
1 13 0 0 0 0 0 0 3.09943 3.10123 0.10566 0 0 -500 0
21 1
1 13 0 0 0 0 0 0 3.18437 3.18612 0.10566 0 0 -500 0
22 1
1 13 0 0 0 0 0 0 3.44983 3.45145 0.10566 0 0 -500 0
23 1
1 13 0 0 0 0 0 0 3.16737 3.16913 0.10566 0 0 -500 0
24 1
1 13 0 0 0 0 0 0 3.17025 3.17201 0.10566 0 0 -500 0
25 1
1 13 0 0 0 0 0 0 3.25551 3.25723 0.10566 0 0 -500 0
26 1
1 13 0 0 0 0 0 0 3.04978 3.05161 0.10566 0 0 -500 0
27 1
1 13 0 0 0 0 0 0 3.44048 3.4421 0.10566 0 0 -500 0
28 1
1 13 0 0 0 0 0 0 3.3608 3.36246 0.10566 0 0 -500 0
29 1
1 13 0 0 0 0 0 0 3.19477 3.19651 0.10566 0 0 -500 0
30 1
1 13 0 0 0 0 0 0 3.41452 3.41616 0.10566 0 0 -500 0
31 1
1 13 0 0 0 0 0 0 3.24814 3.24985 0.10566 0 0 -500 0
32 1
1 13 0 0 0 0 0 0 3.4649 3.46652 0.10566 0 0 -500 0
33 1
1 13 0 0 0 0 0 0 3.16578 3.16754 0.10566 0 0 -500 0
34 1
1 13 0 0 0 0 0 0 3.15545 3.15722 0.10566 0 0 -500 0
35 1
1 13 0 0 0 0 0 0 3.24208 3.2438 0.10566 0 0 -500 0
36 1
1 13 0 0 0 0 0 0 3.46169 3.46331 0.10566 0 0 -500 0
37 1
1 13 0 0 0 0 0 0 3.4876 3.4892 0.10566 0 0 -500 0
38 1
1 13 0 0 0 0 0 0 3.16052 3.16229 0.10566 0 0 -500 0
39 1
1 13 0 0 0 0 0 0 3.38367 3.38532 0.10566 0 0 -500 0
40 1
1 13 0 0 0 0 0 0 3.4798 3.48141 0.10566 0 0 -500 0
41 1
1 13 0 0 0 0 0 0 3.08175 3.08356 0.10566 0 0 -500 0
42 1
1 13 0 0 0 0 0 0 3.0734 3.07521 0.10566 0 0 -500 0
43 1
1 13 0 0 0 0 0 0 3.36807 3.36973 0.10566 0 0 -500 0
44 1
1 13 0 0 0 0 0 0 3.14112 3.14289 0.10566 0 0 -500 0
45 1
1 13 0 0 0 0 0 0 3.44422 3.44584 0.10566 0 0 -500 0
46 1
1 13 0 0 0 0 0 0 3.17709 3.17885 0.10566 0 0 -500 0
47 1
1 13 0 0 0 0 0 0 3.4429 3.44453 0.10566 0 0 -500 0
48 1
1 13 0 0 0 0 0 0 3.36127 3.36293 0.10566 0 0 -500 0
49 1
1 13 0 0 0 0 0 0 3.31141 3.3131 0.10566 0 0 -500 0
50 1
1 13 0 0 0 0 0 0 3.27933 3.28103 0.10566 0 0 -500 0
51 1
1 13 0 0 0 0 0 0 3.34009 3.34177 0.10566 0 0 -500 0
52 1
1 13 0 0 0 0 0 0 3.22465 3.22638 0.10566 0 0 -500 0
53 1
1 13 0 0 0 0 0 0 3.1701 3.17186 0.10566 0 0 -500 0
54 1
1 13 0 0 0 0 0 0 3.20382 3.20556 0.10566 0 0 -500 0
55 1
1 13 0 0 0 0 0 0 3.23764 3.23936 0.10566 0 0 -500 0
56 1
1 13 0 0 0 0 0 0 3.16983 3.17159 0.10566 0 0 -500 0
57 1
1 13 0 0 0 0 0 0 3.13376 3.13554 0.10566 0 0 -500 0
58 1
1 13 0 0 0 0 0 0 3.0601 3.06192 0.10566 0 0 -500 0
59 1
1 13 0 0 0 0 0 0 3.35276 3.35443 0.10566 0 0 -500 0
60 1
1 13 0 0 0 0 0 0 3.47629 3.4779 0.10566 0 0 -500 0
61 1
1 13 0 0 0 0 0 0 3.30818 3.30987 0.10566 0 0 -500 0
62 1
1 13 0 0 0 0 0 0 3.42551 3.42713 0.10566 0 0 -500 0
63 1
1 13 0 0 0 0 0 0 3.39315 3.39479 0.10566 0 0 -500 0
64 1
1 13 0 0 0 0 0 0 3.36609 3.36775 0.10566 0 0 -500 0
65 1
1 13 0 0 0 0 0 0 3.44622 3.44784 0.10566 0 0 -500 0
66 1
1 13 0 0 0 0 0 0 3.05183 3.05365 0.10566 0 0 -500 0
67 1
1 13 0 0 0 0 0 0 3.44691 3.44853 0.10566 0 0 -500 0
68 1
1 13 0 0 0 0 0 0 3.28129 3.28299 0.10566 0 0 -500 0
69 1
1 13 0 0 0 0 0 0 3.05454 3.05637 0.10566 0 0 -500 0
70 1
1 13 0 0 0 0 0 0 3.23231 3.23404 0.10566 0 0 -500 0
71 1
1 13 0 0 0 0 0 0 3.20276 3.2045 0.10566 0 0 -500 0
72 1
1 13 0 0 0 0 0 0 3.15378 3.15555 0.10566 0 0 -500 0
73 1
1 13 0 0 0 0 0 0 3.23165 3.23338 0.10566 0 0 -500 0
74 1
1 13 0 0 0 0 0 0 3.45395 3.45557 0.10566 0 0 -500 0
75 1
1 13 0 0 0 0 0 0 3.13556 3.13734 0.10566 0 0 -500 0
76 1
1 13 0 0 0 0 0 0 3.24154 3.24326 0.10566 0 0 -500 0
77 1
1 13 0 0 0 0 0 0 3.44952 3.45114 0.10566 0 0 -500 0
78 1
1 13 0 0 0 0 0 0 3.22895 3.23067 0.10566 0 0 -500 0
79 1
1 13 0 0 0 0 0 0 3.07951 3.08132 0.10566 0 0 -500 0
80 1
1 13 0 0 0 0 0 0 3.45458 3.45619 0.10566 0 0 -500 0
81 1
1 13 0 0 0 0 0 0 3.17851 3.18027 0.10566 0 0 -500 0
82 1
1 13 0 0 0 0 0 0 3.155 3.15677 0.10566 0 0 -500 0
83 1
1 13 0 0 0 0 0 0 3.45566 3.45728 0.10566 0 0 -500 0
84 1
1 13 0 0 0 0 0 0 3.06798 3.0698 0.10566 0 0 -500 0
85 1
1 13 0 0 0 0 0 0 3.03553 3.03737 0.10566 0 0 -500 0
86 1
1 13 0 0 0 0 0 0 3.32789 3.32957 0.10566 0 0 -500 0
87 1
1 13 0 0 0 0 0 0 3.44562 3.44724 0.10566 0 0 -500 0
88 1
1 13 0 0 0 0 0 0 3.15333 3.1551 0.10566 0 0 -500 0
89 1
1 13 0 0 0 0 0 0 3.48913 3.49073 0.10566 0 0 -500 0
90 1
1 13 0 0 0 0 0 0 3.0235 3.02535 0.10566 0 0 -500 0
91 1
1 13 0 0 0 0 0 0 3.42793 3.42955 0.10566 0 0 -500 0
92 1
1 13 0 0 0 0 0 0 3.24909 3.25081 0.10566 0 0 -500 0
93 1
1 13 0 0 0 0 0 0 3.08235 3.08416 0.10566 0 0 -500 0
94 1
1 13 0 0 0 0 0 0 3.4995 3.5011 0.10566 0 0 -500 0
95 1
1 13 0 0 0 0 0 0 3.07346 3.07528 0.10566 0 0 -500 0
96 1
1 13 0 0 0 0 0 0 3.21652 3.21825 0.10566 0 0 -500 0
97 1
1 13 0 0 0 0 0 0 3.43849 3.44011 0.10566 0 0 -500 0
98 1
1 13 0 0 0 0 0 0 3.10972 3.11152 0.10566 0 0 -500 0
99 1
1 13 0 0 0 0 0 0 3.04536 3.04719 0.10566 0 0 -500 0
100 1
1 13 0 0 0 0 0 0 3.05278 3.05461 0.10566 0 0 -500 0
101 1
1 13 0 0 0 0 0 0 3.14791 3.14968 0.10566 0 0 -500 0
102 1
1 13 0 0 0 0 0 0 3.41559 3.41722 0.10566 0 0 -500 0
103 1
1 13 0 0 0 0 0 0 3.49295 3.49454 0.10566 0 0 -500 0
104 1
1 13 0 0 0 0 0 0 3.17127 3.17303 0.10566 0 0 -500 0
105 1
1 13 0 0 0 0 0 0 3.31059 3.31227 0.10566 0 0 -500 0
106 1
1 13 0 0 0 0 0 0 3.20625 3.20799 0.10566 0 0 -500 0
107 1
1 13 0 0 0 0 0 0 3.4654 3.46701 0.10566 0 0 -500 0
108 1
1 13 0 0 0 0 0 0 3.24131 3.24303 0.10566 0 0 -500 0
109 1
1 13 0 0 0 0 0 0 3.30491 3.3066 0.10566 0 0 -500 0
110 1
1 13 0 0 0 0 0 0 3.37382 3.37548 0.10566 0 0 -500 0
111 1
1 13 0 0 0 0 0 0 3.48673 3.48833 0.10566 0 0 -500 0
112 1
1 13 0 0 0 0 0 0 3.25494 3.25666 0.10566 0 0 -500 0
113 1
1 13 0 0 0 0 0 0 3.35888 3.36054 0.10566 0 0 -500 0
114 1
1 13 0 0 0 0 0 0 3.04693 3.04876 0.10566 0 0 -500 0
115 1
1 13 0 0 0 0 0 0 3.3088 3.31049 0.10566 0 0 -500 0
116 1
1 13 0 0 0 0 0 0 3.12003 3.12182 0.10566 0 0 -500 0
117 1
1 13 0 0 0 0 0 0 3.09145 3.09326 0.10566 0 0 -500 0
118 1
1 13 0 0 0 0 0 0 3.2853 3.287 0.10566 0 0 -500 0
119 1
1 13 0 0 0 0 0 0 3.07639 3.0782 0.10566 0 0 -500 0
120 1
1 13 0 0 0 0 0 0 3.23352 3.23525 0.10566 0 0 -500 0
121 1
1 13 0 0 0 0 0 0 3.38385 3.3855 0.10566 0 0 -500 0
122 1
1 13 0 0 0 0 0 0 3.48238 3.48399 0.10566 0 0 -500 0
123 1
1 13 0 0 0 0 0 0 3.1003 3.1021 0.10566 0 0 -500 0
124 1
1 13 0 0 0 0 0 0 3.42698 3.4286 0.10566 0 0 -500 0
125 1
1 13 0 0 0 0 0 0 3.36092 3.36258 0.10566 0 0 -500 0
126 1
1 13 0 0 0 0 0 0 3.34395 3.34562 0.10566 0 0 -500 0
127 1
1 13 0 0 0 0 0 0 3.23931 3.24103 0.10566 0 0 -500 0
128 1
1 13 0 0 0 0 0 0 3.21644 3.21817 0.10566 0 0 -500 0
129 1
1 13 0 0 0 0 0 0 3.09712 3.09893 0.10566 0 0 -500 0
130 1
1 13 0 0 0 0 0 0 3.35759 3.35925 0.10566 0 0 -500 0
131 1
1 13 0 0 0 0 0 0 3.28391 3.28561 0.10566 0 0 -500 0
132 1
1 13 0 0 0 0 0 0 3.30255 3.30424 0.10566 0 0 -500 0
133 1
1 13 0 0 0 0 0 0 3.37659 3.37824 0.10566 0 0 -500 0
134 1
1 13 0 0 0 0 0 0 3.00505 3.00691 0.10566 0 0 -500 0
135 1
1 13 0 0 0 0 0 0 3.2372 3.23892 0.10566 0 0 -500 0
136 1
1 13 0 0 0 0 0 0 3.48809 3.48969 0.10566 0 0 -500 0
137 1
1 13 0 0 0 0 0 0 3.24743 3.24915 0.10566 0 0 -500 0
138 1
1 13 0 0 0 0 0 0 3.27313 3.27483 0.10566 0 0 -500 0
139 1
1 13 0 0 0 0 0 0 3.16162 3.16338 0.10566 0 0 -500 0
140 1
1 13 0 0 0 0 0 0 3.09625 3.09805 0.10566 0 0 -500 0
141 1
1 13 0 0 0 0 0 0 3.01705 3.0189 0.10566 0 0 -500 0
142 1
1 13 0 0 0 0 0 0 3.13449 3.13627 0.10566 0 0 -500 0
143 1
1 13 0 0 0 0 0 0 3.22382 3.22555 0.10566 0 0 -500 0
144 1
1 13 0 0 0 0 0 0 3.01658 3.01843 0.10566 0 0 -500 0
145 1
1 13 0 0 0 0 0 0 3.16147 3.16324 0.10566 0 0 -500 0
146 1
1 13 0 0 0 0 0 0 3.35097 3.35264 0.10566 0 0 -500 0
147 1
1 13 0 0 0 0 0 0 3.32554 3.32721 0.10566 0 0 -500 0
148 1
1 13 0 0 0 0 0 0 3.14525 3.14703 0.10566 0 0 -500 0
149 1
1 13 0 0 0 0 0 0 3.2498 3.25152 0.10566 0 0 -500 0
150 1
1 13 0 0 0 0 0 0 3.33807 3.33975 0.10566 0 0 -500 0
151 1
1 13 0 0 0 0 0 0 3.32055 3.32223 0.10566 0 0 -500 0
152 1
1 13 0 0 0 0 0 0 3.44772 3.44934 0.10566 0 0 -500 0
153 1
1 13 0 0 0 0 0 0 3.1937 3.19545 0.10566 0 0 -500 0
154 1
1 13 0 0 0 0 0 0 3.4199 3.42153 0.10566 0 0 -500 0
155 1
1 13 0 0 0 0 0 0 3.08903 3.09083 0.10566 0 0 -500 0
156 1
1 13 0 0 0 0 0 0 3.13442 3.1362 0.10566 0 0 -500 0
157 1
1 13 0 0 0 0 0 0 3.33284 3.33452 0.10566 0 0 -500 0
158 1
1 13 0 0 0 0 0 0 3.21884 3.22057 0.10566 0 0 -500 0
159 1
1 13 0 0 0 0 0 0 3.12499 3.12678 0.10566 0 0 -500 0
160 1
1 13 0 0 0 0 0 0 3.29603 3.29772 0.10566 0 0 -500 0
161 1
1 13 0 0 0 0 0 0 3.32644 3.32812 0.10566 0 0 -500 0
162 1
1 13 0 0 0 0 0 0 3.49213 3.49373 0.10566 0 0 -500 0
163 1
1 13 0 0 0 0 0 0 3.31318 3.31486 0.10566 0 0 -500 0
164 1
1 13 0 0 0 0 0 0 3.32443 3.32611 0.10566 0 0 -500 0
165 1
1 13 0 0 0 0 0 0 3.11701 3.1188 0.10566 0 0 -500 0
166 1
1 13 0 0 0 0 0 0 3.32508 3.32675 0.10566 0 0 -500 0
167 1
1 13 0 0 0 0 0 0 3.08472 3.08653 0.10566 0 0 -500 0
168 1
1 13 0 0 0 0 0 0 3.47242 3.47403 0.10566 0 0 -500 0
169 1
1 13 0 0 0 0 0 0 3.0309 3.03274 0.10566 0 0 -500 0
170 1
1 13 0 0 0 0 0 0 3.43938 3.441 0.10566 0 0 -500 0
171 1
1 13 0 0 0 0 0 0 3.05081 3.05264 0.10566 0 0 -500 0
172 1
1 13 0 0 0 0 0 0 3.28392 3.28562 0.10566 0 0 -500 0
173 1
1 13 0 0 0 0 0 0 3.19972 3.20146 0.10566 0 0 -500 0
174 1
1 13 0 0 0 0 0 0 3.38085 3.38251 0.10566 0 0 -500 0
175 1
1 13 0 0 0 0 0 0 3.18723 3.18898 0.10566 0 0 -500 0
176 1
1 13 0 0 0 0 0 0 3.13234 3.13412 0.10566 0 0 -500 0
177 1
1 13 0 0 0 0 0 0 3.00963 3.01148 0.10566 0 0 -500 0
178 1
1 13 0 0 0 0 0 0 3.3927 3.39435 0.10566 0 0 -500 0
179 1
1 13 0 0 0 0 0 0 3.27744 3.27914 0.10566 0 0 -500 0
180 1
1 13 0 0 0 0 0 0 3.0873 3.08911 0.10566 0 0 -500 0
181 1
1 13 0 0 0 0 0 0 3.09025 3.09206 0.10566 0 0 -500 0
182 1
1 13 0 0 0 0 0 0 3.49007 3.49167 0.10566 0 0 -500 0
183 1
1 13 0 0 0 0 0 0 3.1378 3.13958 0.10566 0 0 -500 0
184 1
1 13 0 0 0 0 0 0 3.20266 3.2044 0.10566 0 0 -500 0
185 1
1 13 0 0 0 0 0 0 3.37307 3.37473 0.10566 0 0 -500 0
186 1
1 13 0 0 0 0 0 0 3.21531 3.21704 0.10566 0 0 -500 0
187 1
1 13 0 0 0 0 0 0 3.41187 3.41351 0.10566 0 0 -500 0
188 1
1 13 0 0 0 0 0 0 3.49714 3.49874 0.10566 0 0 -500 0
189 1
1 13 0 0 0 0 0 0 3.42603 3.42766 0.10566 0 0 -500 0
190 1
1 13 0 0 0 0 0 0 3.47735 3.47896 0.10566 0 0 -500 0
191 1
1 13 0 0 0 0 0 0 3.49119 3.49279 0.10566 0 0 -500 0
192 1
1 13 0 0 0 0 0 0 3.1871 3.18886 0.10566 0 0 -500 0
193 1
1 13 0 0 0 0 0 0 3.47007 3.47168 0.10566 0 0 -500 0
194 1
1 13 0 0 0 0 0 0 3.35545 3.35712 0.10566 0 0 -500 0
195 1
1 13 0 0 0 0 0 0 3.38974 3.39139 0.10566 0 0 -500 0
196 1
1 13 0 0 0 0 0 0 3.06443 3.06625 0.10566 0 0 -500 0
197 1
1 13 0 0 0 0 0 0 3.04214 3.04397 0.10566 0 0 -500 0
198 1
1 13 0 0 0 0 0 0 3.00567 3.00753 0.10566 0 0 -500 0
199 1
1 13 0 0 0 0 0 0 3.17177 3.17353 0.10566 0 0 -500 0
200 1
1 13 0 0 0 0 0 0 3.20978 3.21152 0.10566 0 0 -500 0
201 1
1 13 0 0 0 0 0 0 3.42566 3.42729 0.10566 0 0 -500 0
202 1
1 13 0 0 0 0 0 0 3.31128 3.31296 0.10566 0 0 -500 0
203 1
1 13 0 0 0 0 0 0 3.0164 3.01825 0.10566 0 0 -500 0
204 1
1 13 0 0 0 0 0 0 3.37055 3.3722 0.10566 0 0 -500 0
205 1
1 13 0 0 0 0 0 0 3.10018 3.10198 0.10566 0 0 -500 0
206 1
1 13 0 0 0 0 0 0 3.01692 3.01877 0.10566 0 0 -500 0
207 1
1 13 0 0 0 0 0 0 3.04763 3.04946 0.10566 0 0 -500 0
208 1
1 13 0 0 0 0 0 0 3.44994 3.45156 0.10566 0 0 -500 0
209 1
1 13 0 0 0 0 0 0 3.3714 3.37306 0.10566 0 0 -500 0
210 1
1 13 0 0 0 0 0 0 3.42334 3.42497 0.10566 0 0 -500 0
211 1
1 13 0 0 0 0 0 0 3.21186 3.2136 0.10566 0 0 -500 0
212 1
1 13 0 0 0 0 0 0 3.21033 3.21207 0.10566 0 0 -500 0
213 1
1 13 0 0 0 0 0 0 3.22143 3.22316 0.10566 0 0 -500 0
214 1
1 13 0 0 0 0 0 0 3.05795 3.05978 0.10566 0 0 -500 0
215 1
1 13 0 0 0 0 0 0 3.22961 3.23133 0.10566 0 0 -500 0
216 1
1 13 0 0 0 0 0 0 3.27001 3.27172 0.10566 0 0 -500 0
217 1
1 13 0 0 0 0 0 0 3.3043 3.30599 0.10566 0 0 -500 0
218 1
1 13 0 0 0 0 0 0 3.49842 3.50002 0.10566 0 0 -500 0
219 1
1 13 0 0 0 0 0 0 3.2924 3.2941 0.10566 0 0 -500 0
220 1
1 13 0 0 0 0 0 0 3.47924 3.48084 0.10566 0 0 -500 0
221 1
1 13 0 0 0 0 0 0 3.16144 3.16321 0.10566 0 0 -500 0
222 1
1 13 0 0 0 0 0 0 3.42728 3.4289 0.10566 0 0 -500 0
223 1
1 13 0 0 0 0 0 0 3.39105 3.3927 0.10566 0 0 -500 0
224 1
1 13 0 0 0 0 0 0 3.1765 3.17826 0.10566 0 0 -500 0
225 1
1 13 0 0 0 0 0 0 3.3238 3.32547 0.10566 0 0 -500 0
226 1
1 13 0 0 0 0 0 0 3.06933 3.07115 0.10566 0 0 -500 0
227 1
1 13 0 0 0 0 0 0 3.25096 3.25268 0.10566 0 0 -500 0
228 1
1 13 0 0 0 0 0 0 3.23067 3.23239 0.10566 0 0 -500 0
229 1
1 13 0 0 0 0 0 0 3.39324 3.39489 0.10566 0 0 -500 0
230 1
1 13 0 0 0 0 0 0 3.43851 3.44013 0.10566 0 0 -500 0
231 1
1 13 0 0 0 0 0 0 3.32775 3.32943 0.10566 0 0 -500 0
232 1
1 13 0 0 0 0 0 0 3.48145 3.48305 0.10566 0 0 -500 0
233 1
1 13 0 0 0 0 0 0 3.03161 3.03345 0.10566 0 0 -500 0
234 1
1 13 0 0 0 0 0 0 3.1946 3.19635 0.10566 0 0 -500 0
235 1
1 13 0 0 0 0 0 0 3.17602 3.17777 0.10566 0 0 -500 0
236 1
1 13 0 0 0 0 0 0 3.21585 3.21758 0.10566 0 0 -500 0
237 1
1 13 0 0 0 0 0 0 3.28899 3.29068 0.10566 0 0 -500 0
238 1
1 13 0 0 0 0 0 0 3.36781 3.36947 0.10566 0 0 -500 0
239 1
1 13 0 0 0 0 0 0 3.44943 3.45105 0.10566 0 0 -500 0
240 1
1 13 0 0 0 0 0 0 3.28889 3.29058 0.10566 0 0 -500 0
241 1
1 13 0 0 0 0 0 0 3.16513 3.16689 0.10566 0 0 -500 0
242 1
1 13 0 0 0 0 0 0 3.12802 3.1298 0.10566 0 0 -500 0
243 1
1 13 0 0 0 0 0 0 3.42594 3.42757 0.10566 0 0 -500 0
244 1
1 13 0 0 0 0 0 0 3.39972 3.40136 0.10566 0 0 -500 0
245 1
1 13 0 0 0 0 0 0 3.48333 3.48493 0.10566 0 0 -500 0
246 1
1 13 0 0 0 0 0 0 3.22398 3.22571 0.10566 0 0 -500 0
247 1
1 13 0 0 0 0 0 0 3.15315 3.15492 0.10566 0 0 -500 0
248 1
1 13 0 0 0 0 0 0 3.06823 3.07005 0.10566 0 0 -500 0
249 1
1 13 0 0 0 0 0 0 3.29781 3.2995 0.10566 0 0 -500 0
250 1
1 13 0 0 0 0 0 0 3.25294 3.25466 0.10566 0 0 -500 0
251 1
1 13 0 0 0 0 0 0 3.38595 3.3876 0.10566 0 0 -500 0
252 1
1 13 0 0 0 0 0 0 3.03022 3.03206 0.10566 0 0 -500 0
253 1
1 13 0 0 0 0 0 0 3.01775 3.0196 0.10566 0 0 -500 0
254 1
1 13 0 0 0 0 0 0 3.16501 3.16677 0.10566 0 0 -500 0
255 1
1 13 0 0 0 0 0 0 3.13608 3.13785 0.10566 0 0 -500 0
256 1
1 13 0 0 0 0 0 0 3.12695 3.12874 0.10566 0 0 -500 0
257 1
1 13 0 0 0 0 0 0 3.15178 3.15355 0.10566 0 0 -500 0
258 1
1 13 0 0 0 0 0 0 3.21645 3.21818 0.10566 0 0 -500 0
259 1
1 13 0 0 0 0 0 0 3.39541 3.39705 0.10566 0 0 -500 0
260 1
1 13 0 0 0 0 0 0 3.08853 3.09034 0.10566 0 0 -500 0
261 1
1 13 0 0 0 0 0 0 3.22394 3.22567 0.10566 0 0 -500 0
262 1
1 13 0 0 0 0 0 0 3.261 3.26271 0.10566 0 0 -500 0
263 1
1 13 0 0 0 0 0 0 3.19502 3.19677 0.10566 0 0 -500 0
264 1
1 13 0 0 0 0 0 0 3.31304 3.31472 0.10566 0 0 -500 0
265 1
1 13 0 0 0 0 0 0 3.47392 3.47552 0.10566 0 0 -500 0
266 1
1 13 0 0 0 0 0 0 3.28264 3.28434 0.10566 0 0 -500 0
267 1
1 13 0 0 0 0 0 0 3.22356 3.22529 0.10566 0 0 -500 0
268 1
1 13 0 0 0 0 0 0 3.15395 3.15572 0.10566 0 0 -500 0
269 1
1 13 0 0 0 0 0 0 3.40272 3.40436 0.10566 0 0 -500 0
270 1
1 13 0 0 0 0 0 0 3.09535 3.09715 0.10566 0 0 -500 0
271 1
1 13 0 0 0 0 0 0 3.31331 3.315 0.10566 0 0 -500 0
272 1
1 13 0 0 0 0 0 0 3.25165 3.25337 0.10566 0 0 -500 0
273 1
1 13 0 0 0 0 0 0 3.14345 3.14523 0.10566 0 0 -500 0
274 1
1 13 0 0 0 0 0 0 3.48281 3.48441 0.10566 0 0 -500 0
275 1
1 13 0 0 0 0 0 0 3.48797 3.48956 0.10566 0 0 -500 0
276 1
1 13 0 0 0 0 0 0 3.16206 3.16382 0.10566 0 0 -500 0
277 1
1 13 0 0 0 0 0 0 3.0834 3.08521 0.10566 0 0 -500 0
278 1
1 13 0 0 0 0 0 0 3.44376 3.44538 0.10566 0 0 -500 0
279 1
1 13 0 0 0 0 0 0 3.10345 3.10525 0.10566 0 0 -500 0
280 1
1 13 0 0 0 0 0 0 3.17009 3.17185 0.10566 0 0 -500 0
281 1
1 13 0 0 0 0 0 0 3.2087 3.21044 0.10566 0 0 -500 0
282 1
1 13 0 0 0 0 0 0 3.03749 3.03933 0.10566 0 0 -500 0
283 1
1 13 0 0 0 0 0 0 3.36885 3.37051 0.10566 0 0 -500 0
284 1
1 13 0 0 0 0 0 0 3.06804 3.06986 0.10566 0 0 -500 0
285 1
1 13 0 0 0 0 0 0 3.21538 3.21711 0.10566 0 0 -500 0
286 1
1 13 0 0 0 0 0 0 3.21902 3.22075 0.10566 0 0 -500 0
287 1
1 13 0 0 0 0 0 0 3.22644 3.22817 0.10566 0 0 -500 0
288 1
1 13 0 0 0 0 0 0 3.31998 3.32166 0.10566 0 0 -500 0
289 1
1 13 0 0 0 0 0 0 3.13116 3.13294 0.10566 0 0 -500 0
290 1
1 13 0 0 0 0 0 0 3.28848 3.29018 0.10566 0 0 -500 0
291 1
1 13 0 0 0 0 0 0 3.29278 3.29448 0.10566 0 0 -500 0
292 1
1 13 0 0 0 0 0 0 3.47294 3.47455 0.10566 0 0 -500 0
293 1
1 13 0 0 0 0 0 0 3.31174 3.31342 0.10566 0 0 -500 0
294 1
1 13 0 0 0 0 0 0 3.41735 3.41899 0.10566 0 0 -500 0
295 1
1 13 0 0 0 0 0 0 3.12419 3.12598 0.10566 0 0 -500 0
296 1
1 13 0 0 0 0 0 0 3.26859 3.2703 0.10566 0 0 -500 0
297 1
1 13 0 0 0 0 0 0 3.32431 3.32599 0.10566 0 0 -500 0
298 1
1 13 0 0 0 0 0 0 3.30528 3.30696 0.10566 0 0 -500 0
299 1
1 13 0 0 0 0 0 0 3.31284 3.31452 0.10566 0 0 -500 0
300 1
1 13 0 0 0 0 0 0 3.11087 3.11266 0.10566 0 0 -500 0
301 1
1 13 0 0 0 0 0 0 3.42053 3.42217 0.10566 0 0 -500 0
302 1
1 13 0 0 0 0 0 0 3.16434 3.1661 0.10566 0 0 -500 0
303 1
1 13 0 0 0 0 0 0 3.10392 3.10571 0.10566 0 0 -500 0
304 1
1 13 0 0 0 0 0 0 3.46039 3.462 0.10566 0 0 -500 0
305 1
1 13 0 0 0 0 0 0 3.12111 3.1229 0.10566 0 0 -500 0
306 1
1 13 0 0 0 0 0 0 3.03406 3.0359 0.10566 0 0 -500 0
307 1
1 13 0 0 0 0 0 0 3.02227 3.02411 0.10566 0 0 -500 0
308 1
1 13 0 0 0 0 0 0 3.47995 3.48156 0.10566 0 0 -500 0
309 1
1 13 0 0 0 0 0 0 3.01102 3.01287 0.10566 0 0 -500 0
310 1
1 13 0 0 0 0 0 0 3.42226 3.42389 0.10566 0 0 -500 0
311 1
1 13 0 0 0 0 0 0 3.10454 3.10633 0.10566 0 0 -500 0
312 1
1 13 0 0 0 0 0 0 3.22123 3.22296 0.10566 0 0 -500 0
313 1
1 13 0 0 0 0 0 0 3.39212 3.39377 0.10566 0 0 -500 0
314 1
1 13 0 0 0 0 0 0 3.12128 3.12307 0.10566 0 0 -500 0
315 1
1 13 0 0 0 0 0 0 3.45783 3.45944 0.10566 0 0 -500 0
316 1
1 13 0 0 0 0 0 0 3.37927 3.38092 0.10566 0 0 -500 0
317 1
1 13 0 0 0 0 0 0 3.06663 3.06845 0.10566 0 0 -500 0
318 1
1 13 0 0 0 0 0 0 3.27811 3.27981 0.10566 0 0 -500 0
319 1
1 13 0 0 0 0 0 0 3.2824 3.2841 0.10566 0 0 -500 0
320 1
1 13 0 0 0 0 0 0 3.16902 3.17078 0.10566 0 0 -500 0
321 1
1 13 0 0 0 0 0 0 3.32251 3.32419 0.10566 0 0 -500 0
322 1
1 13 0 0 0 0 0 0 3.46354 3.46515 0.10566 0 0 -500 0
323 1
1 13 0 0 0 0 0 0 3.22376 3.22549 0.10566 0 0 -500 0
324 1
1 13 0 0 0 0 0 0 3.39081 3.39246 0.10566 0 0 -500 0
325 1
1 13 0 0 0 0 0 0 3.01192 3.01377 0.10566 0 0 -500 0
326 1
1 13 0 0 0 0 0 0 3.02144 3.02328 0.10566 0 0 -500 0
327 1
1 13 0 0 0 0 0 0 3.21337 3.21511 0.10566 0 0 -500 0
328 1
1 13 0 0 0 0 0 0 3.32248 3.32416 0.10566 0 0 -500 0
329 1
1 13 0 0 0 0 0 0 3.27089 3.27259 0.10566 0 0 -500 0
330 1
1 13 0 0 0 0 0 0 3.26736 3.26907 0.10566 0 0 -500 0
331 1
1 13 0 0 0 0 0 0 3.39217 3.39382 0.10566 0 0 -500 0
332 1
1 13 0 0 0 0 0 0 3.02693 3.02877 0.10566 0 0 -500 0
333 1
1 13 0 0 0 0 0 0 3.18714 3.18889 0.10566 0 0 -500 0
334 1
1 13 0 0 0 0 0 0 3.33654 3.33821 0.10566 0 0 -500 0
335 1
1 13 0 0 0 0 0 0 3.12455 3.12633 0.10566 0 0 -500 0
336 1
1 13 0 0 0 0 0 0 3.18506 3.18681 0.10566 0 0 -500 0
337 1
1 13 0 0 0 0 0 0 3.35933 3.36099 0.10566 0 0 -500 0
338 1
1 13 0 0 0 0 0 0 3.18153 3.18329 0.10566 0 0 -500 0
339 1
1 13 0 0 0 0 0 0 3.05535 3.05718 0.10566 0 0 -500 0
340 1
1 13 0 0 0 0 0 0 3.08923 3.09104 0.10566 0 0 -500 0
341 1
1 13 0 0 0 0 0 0 3.01416 3.01601 0.10566 0 0 -500 0
342 1
1 13 0 0 0 0 0 0 3.0782 3.08001 0.10566 0 0 -500 0
343 1
1 13 0 0 0 0 0 0 3.31189 3.31358 0.10566 0 0 -500 0
344 1
1 13 0 0 0 0 0 0 3.37597 3.37763 0.10566 0 0 -500 0
345 1
1 13 0 0 0 0 0 0 3.01344 3.01529 0.10566 0 0 -500 0
346 1
1 13 0 0 0 0 0 0 3.387 3.38865 0.10566 0 0 -500 0
347 1
1 13 0 0 0 0 0 0 3.49472 3.49632 0.10566 0 0 -500 0
348 1
1 13 0 0 0 0 0 0 3.4029 3.40454 0.10566 0 0 -500 0
349 1
1 13 0 0 0 0 0 0 3.21862 3.22035 0.10566 0 0 -500 0
350 1
1 13 0 0 0 0 0 0 3.2534 3.25512 0.10566 0 0 -500 0
351 1
1 13 0 0 0 0 0 0 3.41517 3.4168 0.10566 0 0 -500 0
352 1
1 13 0 0 0 0 0 0 3.46958 3.47119 0.10566 0 0 -500 0
353 1
1 13 0 0 0 0 0 0 3.23146 3.23319 0.10566 0 0 -500 0
354 1
1 13 0 0 0 0 0 0 3.24487 3.24659 0.10566 0 0 -500 0
355 1
1 13 0 0 0 0 0 0 3.15924 3.16101 0.10566 0 0 -500 0
356 1
1 13 0 0 0 0 0 0 3.01626 3.01811 0.10566 0 0 -500 0
357 1
1 13 0 0 0 0 0 0 3.0946 3.0964 0.10566 0 0 -500 0
358 1
1 13 0 0 0 0 0 0 3.27905 3.28075 0.10566 0 0 -500 0
359 1
1 13 0 0 0 0 0 0 3.06188 3.0637 0.10566 0 0 -500 0
360 1
1 13 0 0 0 0 0 0 3.48123 3.48283 0.10566 0 0 -500 0
361 1
1 13 0 0 0 0 0 0 3.11461 3.1164 0.10566 0 0 -500 0
362 1
1 13 0 0 0 0 0 0 3.10169 3.10349 0.10566 0 0 -500 0
363 1
1 13 0 0 0 0 0 0 3.30524 3.30693 0.10566 0 0 -500 0
364 1
1 13 0 0 0 0 0 0 3.018 3.01985 0.10566 0 0 -500 0
365 1
1 13 0 0 0 0 0 0 3.31406 3.31574 0.10566 0 0 -500 0
366 1
1 13 0 0 0 0 0 0 3.04182 3.04365 0.10566 0 0 -500 0
367 1
1 13 0 0 0 0 0 0 3.11092 3.11271 0.10566 0 0 -500 0
368 1
1 13 0 0 0 0 0 0 3.20057 3.20231 0.10566 0 0 -500 0
369 1
1 13 0 0 0 0 0 0 3.28464 3.28634 0.10566 0 0 -500 0
370 1
1 13 0 0 0 0 0 0 3.04374 3.04557 0.10566 0 0 -500 0
371 1
1 13 0 0 0 0 0 0 3.35864 3.3603 0.10566 0 0 -500 0
372 1
1 13 0 0 0 0 0 0 3.3852 3.38685 0.10566 0 0 -500 0
373 1
1 13 0 0 0 0 0 0 3.15265 3.15442 0.10566 0 0 -500 0
374 1
1 13 0 0 0 0 0 0 3.37364 3.3753 0.10566 0 0 -500 0
375 1
1 13 0 0 0 0 0 0 3.49976 3.50136 0.10566 0 0 -500 0
376 1
1 13 0 0 0 0 0 0 3.19348 3.19523 0.10566 0 0 -500 0
377 1
1 13 0 0 0 0 0 0 3.25261 3.25432 0.10566 0 0 -500 0
378 1
1 13 0 0 0 0 0 0 3.32015 3.32183 0.10566 0 0 -500 0
379 1
1 13 0 0 0 0 0 0 3.20483 3.20657 0.10566 0 0 -500 0
380 1
1 13 0 0 0 0 0 0 3.35377 3.35543 0.10566 0 0 -500 0
381 1
1 13 0 0 0 0 0 0 3.02437 3.02621 0.10566 0 0 -500 0
382 1
1 13 0 0 0 0 0 0 3.4466 3.44822 0.10566 0 0 -500 0
383 1
1 13 0 0 0 0 0 0 3.10481 3.10661 0.10566 0 0 -500 0
384 1
1 13 0 0 0 0 0 0 3.29423 3.29592 0.10566 0 0 -500 0
385 1
1 13 0 0 0 0 0 0 3.42608 3.42771 0.10566 0 0 -500 0
386 1
1 13 0 0 0 0 0 0 3.19105 3.19279 0.10566 0 0 -500 0
387 1
1 13 0 0 0 0 0 0 3.28389 3.28559 0.10566 0 0 -500 0
388 1
1 13 0 0 0 0 0 0 3.01823 3.02008 0.10566 0 0 -500 0
389 1
1 13 0 0 0 0 0 0 3.24581 3.24752 0.10566 0 0 -500 0
390 1
1 13 0 0 0 0 0 0 3.48328 3.48489 0.10566 0 0 -500 0
391 1
1 13 0 0 0 0 0 0 3.243 3.24472 0.10566 0 0 -500 0
392 1
1 13 0 0 0 0 0 0 3.30218 3.30387 0.10566 0 0 -500 0
393 1
1 13 0 0 0 0 0 0 3.18609 3.18784 0.10566 0 0 -500 0
394 1
1 13 0 0 0 0 0 0 3.13595 3.13773 0.10566 0 0 -500 0
395 1
1 13 0 0 0 0 0 0 3.27563 3.27733 0.10566 0 0 -500 0
396 1
1 13 0 0 0 0 0 0 3.34525 3.34692 0.10566 0 0 -500 0
397 1
1 13 0 0 0 0 0 0 3.35212 3.35379 0.10566 0 0 -500 0
398 1
1 13 0 0 0 0 0 0 3.4068 3.40844 0.10566 0 0 -500 0
399 1
1 13 0 0 0 0 0 0 3.00379 3.00564 0.10566 0 0 -500 0
400 1
1 13 0 0 0 0 0 0 3.05421 3.05604 0.10566 0 0 -500 0
401 1
1 13 0 0 0 0 0 0 3.06919 3.071 0.10566 0 0 -500 0
402 1
1 13 0 0 0 0 0 0 3.14255 3.14433 0.10566 0 0 -500 0
403 1
1 13 0 0 0 0 0 0 3.04073 3.04256 0.10566 0 0 -500 0
404 1
1 13 0 0 0 0 0 0 3.44766 3.44928 0.10566 0 0 -500 0
405 1
1 13 0 0 0 0 0 0 3.20315 3.20489 0.10566 0 0 -500 0
406 1
1 13 0 0 0 0 0 0 3.00456 3.00642 0.10566 0 0 -500 0
407 1
1 13 0 0 0 0 0 0 3.0569 3.05873 0.10566 0 0 -500 0
408 1
1 13 0 0 0 0 0 0 3.3612 3.36286 0.10566 0 0 -500 0
409 1
1 13 0 0 0 0 0 0 3.01104 3.01289 0.10566 0 0 -500 0
410 1
1 13 0 0 0 0 0 0 3.26324 3.26495 0.10566 0 0 -500 0
411 1
1 13 0 0 0 0 0 0 3.46697 3.46858 0.10566 0 0 -500 0
412 1
1 13 0 0 0 0 0 0 3.25584 3.25756 0.10566 0 0 -500 0
413 1
1 13 0 0 0 0 0 0 3.23995 3.24167 0.10566 0 0 -500 0
414 1
1 13 0 0 0 0 0 0 3.00211 3.00397 0.10566 0 0 -500 0
415 1
1 13 0 0 0 0 0 0 3.34392 3.34558 0.10566 0 0 -500 0
416 1
1 13 0 0 0 0 0 0 3.12355 3.12534 0.10566 0 0 -500 0
417 1
1 13 0 0 0 0 0 0 3.33514 3.33681 0.10566 0 0 -500 0
418 1
1 13 0 0 0 0 0 0 3.3759 3.37755 0.10566 0 0 -500 0
419 1
1 13 0 0 0 0 0 0 3.41962 3.42125 0.10566 0 0 -500 0
420 1
1 13 0 0 0 0 0 0 3.40384 3.40548 0.10566 0 0 -500 0
421 1
1 13 0 0 0 0 0 0 3.1365 3.13828 0.10566 0 0 -500 0
422 1
1 13 0 0 0 0 0 0 3.10192 3.10371 0.10566 0 0 -500 0
423 1
1 13 0 0 0 0 0 0 3.43371 3.43534 0.10566 0 0 -500 0
424 1
1 13 0 0 0 0 0 0 3.24156 3.24328 0.10566 0 0 -500 0
425 1
1 13 0 0 0 0 0 0 3.40417 3.40581 0.10566 0 0 -500 0
426 1
1 13 0 0 0 0 0 0 3.48724 3.48884 0.10566 0 0 -500 0
427 1
1 13 0 0 0 0 0 0 3.20303 3.20477 0.10566 0 0 -500 0
428 1
1 13 0 0 0 0 0 0 3.28617 3.28787 0.10566 0 0 -500 0
429 1
1 13 0 0 0 0 0 0 3.43478 3.43641 0.10566 0 0 -500 0
430 1
1 13 0 0 0 0 0 0 3.28392 3.28562 0.10566 0 0 -500 0
431 1
1 13 0 0 0 0 0 0 3.29821 3.2999 0.10566 0 0 -500 0
432 1
1 13 0 0 0 0 0 0 3.20662 3.20836 0.10566 0 0 -500 0
433 1
1 13 0 0 0 0 0 0 3.42236 3.42399 0.10566 0 0 -500 0
434 1
1 13 0 0 0 0 0 0 3.24418 3.2459 0.10566 0 0 -500 0
435 1
1 13 0 0 0 0 0 0 3.30791 3.3096 0.10566 0 0 -500 0
436 1
1 13 0 0 0 0 0 0 3.13237 3.13415 0.10566 0 0 -500 0
437 1
1 13 0 0 0 0 0 0 3.43591 3.43753 0.10566 0 0 -500 0
438 1
1 13 0 0 0 0 0 0 3.18941 3.19116 0.10566 0 0 -500 0
439 1
1 13 0 0 0 0 0 0 3.27981 3.28151 0.10566 0 0 -500 0
440 1
1 13 0 0 0 0 0 0 3.30578 3.30747 0.10566 0 0 -500 0
441 1
1 13 0 0 0 0 0 0 3.10337 3.10516 0.10566 0 0 -500 0
442 1
1 13 0 0 0 0 0 0 3.34444 3.34611 0.10566 0 0 -500 0
443 1
1 13 0 0 0 0 0 0 3.35631 3.35798 0.10566 0 0 -500 0
444 1
1 13 0 0 0 0 0 0 3.4509 3.45252 0.10566 0 0 -500 0
445 1
1 13 0 0 0 0 0 0 3.15834 3.16011 0.10566 0 0 -500 0
446 1
1 13 0 0 0 0 0 0 3.09953 3.10133 0.10566 0 0 -500 0
447 1
1 13 0 0 0 0 0 0 3.36265 3.36431 0.10566 0 0 -500 0
448 1
1 13 0 0 0 0 0 0 3.27606 3.27777 0.10566 0 0 -500 0
449 1
1 13 0 0 0 0 0 0 3.29132 3.29302 0.10566 0 0 -500 0
450 1
1 13 0 0 0 0 0 0 3.38 3.38165 0.10566 0 0 -500 0
451 1
1 13 0 0 0 0 0 0 3.32448 3.32615 0.10566 0 0 -500 0
452 1
1 13 0 0 0 0 0 0 3.16745 3.16921 0.10566 0 0 -500 0
453 1
1 13 0 0 0 0 0 0 3.28051 3.28221 0.10566 0 0 -500 0
454 1
1 13 0 0 0 0 0 0 3.37062 3.37227 0.10566 0 0 -500 0
455 1
1 13 0 0 0 0 0 0 3.20156 3.2033 0.10566 0 0 -500 0
456 1
1 13 0 0 0 0 0 0 3.04119 3.04302 0.10566 0 0 -500 0
457 1
1 13 0 0 0 0 0 0 3.2328 3.23452 0.10566 0 0 -500 0
458 1
1 13 0 0 0 0 0 0 3.19484 3.19659 0.10566 0 0 -500 0
459 1
1 13 0 0 0 0 0 0 3.15175 3.15352 0.10566 0 0 -500 0
460 1
1 13 0 0 0 0 0 0 3.44972 3.45133 0.10566 0 0 -500 0
461 1
1 13 0 0 0 0 0 0 3.43897 3.44059 0.10566 0 0 -500 0
462 1
1 13 0 0 0 0 0 0 3.1946 3.19634 0.10566 0 0 -500 0
463 1
1 13 0 0 0 0 0 0 3.34211 3.34378 0.10566 0 0 -500 0
464 1
1 13 0 0 0 0 0 0 3.48086 3.48246 0.10566 0 0 -500 0
465 1
1 13 0 0 0 0 0 0 3.0832 3.08501 0.10566 0 0 -500 0
466 1
1 13 0 0 0 0 0 0 3.42674 3.42837 0.10566 0 0 -500 0
467 1
1 13 0 0 0 0 0 0 3.44211 3.44373 0.10566 0 0 -500 0
468 1
1 13 0 0 0 0 0 0 3.33093 3.33261 0.10566 0 0 -500 0
469 1
1 13 0 0 0 0 0 0 3.09312 3.09492 0.10566 0 0 -500 0
470 1
1 13 0 0 0 0 0 0 3.30334 3.30503 0.10566 0 0 -500 0
471 1
1 13 0 0 0 0 0 0 3.3064 3.30809 0.10566 0 0 -500 0
472 1
1 13 0 0 0 0 0 0 3.36254 3.3642 0.10566 0 0 -500 0
473 1
1 13 0 0 0 0 0 0 3.05409 3.05592 0.10566 0 0 -500 0
474 1
1 13 0 0 0 0 0 0 3.48242 3.48402 0.10566 0 0 -500 0
475 1
1 13 0 0 0 0 0 0 3.26463 3.26634 0.10566 0 0 -500 0
476 1
1 13 0 0 0 0 0 0 3.49079 3.49239 0.10566 0 0 -500 0
477 1
1 13 0 0 0 0 0 0 3.43116 3.43279 0.10566 0 0 -500 0
478 1
1 13 0 0 0 0 0 0 3.19836 3.20011 0.10566 0 0 -500 0
479 1
1 13 0 0 0 0 0 0 3.02808 3.02992 0.10566 0 0 -500 0
480 1
1 13 0 0 0 0 0 0 3.08859 3.09039 0.10566 0 0 -500 0
481 1
1 13 0 0 0 0 0 0 3.37388 3.37554 0.10566 0 0 -500 0
482 1
1 13 0 0 0 0 0 0 3.48957 3.49117 0.10566 0 0 -500 0
483 1
1 13 0 0 0 0 0 0 3.2072 3.20894 0.10566 0 0 -500 0
484 1
1 13 0 0 0 0 0 0 3.2936 3.2953 0.10566 0 0 -500 0
485 1
1 13 0 0 0 0 0 0 3.34186 3.34353 0.10566 0 0 -500 0
486 1
1 13 0 0 0 0 0 0 3.0073 3.00916 0.10566 0 0 -500 0
487 1
1 13 0 0 0 0 0 0 3.34803 3.3497 0.10566 0 0 -500 0
488 1
1 13 0 0 0 0 0 0 3.40822 3.40986 0.10566 0 0 -500 0
489 1
1 13 0 0 0 0 0 0 3.05157 3.0534 0.10566 0 0 -500 0
490 1
1 13 0 0 0 0 0 0 3.38054 3.38219 0.10566 0 0 -500 0
491 1
1 13 0 0 0 0 0 0 3.48268 3.48428 0.10566 0 0 -500 0
492 1
1 13 0 0 0 0 0 0 3.03738 3.03921 0.10566 0 0 -500 0
493 1
1 13 0 0 0 0 0 0 3.21327 3.215 0.10566 0 0 -500 0
494 1
1 13 0 0 0 0 0 0 3.36653 3.36819 0.10566 0 0 -500 0
495 1
1 13 0 0 0 0 0 0 3.12131 3.1231 0.10566 0 0 -500 0
496 1
1 13 0 0 0 0 0 0 3.3686 3.37026 0.10566 0 0 -500 0
497 1
1 13 0 0 0 0 0 0 3.05801 3.05984 0.10566 0 0 -500 0
498 1
1 13 0 0 0 0 0 0 3.44721 3.44883 0.10566 0 0 -500 0
499 1
1 13 0 0 0 0 0 0 3.03539 3.03723 0.10566 0 0 -500 0
500 1
1 13 0 0 0 0 0 0 3.18277 3.18453 0.10566 0 0 -500 0
501 1
1 13 0 0 0 0 0 0 3.12225 3.12404 0.10566 0 0 -500 0
502 1
1 13 0 0 0 0 0 0 3.39989 3.40153 0.10566 0 0 -500 0
503 1
1 13 0 0 0 0 0 0 3.32689 3.32857 0.10566 0 0 -500 0
504 1
1 13 0 0 0 0 0 0 3.28778 3.28948 0.10566 0 0 -500 0
505 1
1 13 0 0 0 0 0 0 3.29921 3.3009 0.10566 0 0 -500 0
506 1
1 13 0 0 0 0 0 0 3.13962 3.1414 0.10566 0 0 -500 0
507 1
1 13 0 0 0 0 0 0 3.32871 3.33038 0.10566 0 0 -500 0
508 1
1 13 0 0 0 0 0 0 3.49514 3.49674 0.10566 0 0 -500 0
509 1
1 13 0 0 0 0 0 0 3.00816 3.01002 0.10566 0 0 -500 0
510 1
1 13 0 0 0 0 0 0 3.02229 3.02414 0.10566 0 0 -500 0
511 1
1 13 0 0 0 0 0 0 3.49794 3.49953 0.10566 0 0 -500 0
512 1
1 13 0 0 0 0 0 0 3.25486 3.25658 0.10566 0 0 -500 0
513 1
1 13 0 0 0 0 0 0 3.18531 3.18706 0.10566 0 0 -500 0
514 1
1 13 0 0 0 0 0 0 3.14344 3.14521 0.10566 0 0 -500 0
515 1
1 13 0 0 0 0 0 0 3.4545 3.45611 0.10566 0 0 -500 0
516 1
1 13 0 0 0 0 0 0 3.28552 3.28721 0.10566 0 0 -500 0
517 1
1 13 0 0 0 0 0 0 3.32876 3.33044 0.10566 0 0 -500 0
518 1
1 13 0 0 0 0 0 0 3.47788 3.47949 0.10566 0 0 -500 0
519 1
1 13 0 0 0 0 0 0 3.28728 3.28898 0.10566 0 0 -500 0
520 1
1 13 0 0 0 0 0 0 3.13601 3.13779 0.10566 0 0 -500 0
521 1
1 13 0 0 0 0 0 0 3.31217 3.31385 0.10566 0 0 -500 0
522 1
1 13 0 0 0 0 0 0 3.41575 3.41738 0.10566 0 0 -500 0
523 1
1 13 0 0 0 0 0 0 3.20366 3.2054 0.10566 0 0 -500 0
524 1
1 13 0 0 0 0 0 0 3.1477 3.14947 0.10566 0 0 -500 0
525 1
1 13 0 0 0 0 0 0 3.24264 3.24436 0.10566 0 0 -500 0
526 1
1 13 0 0 0 0 0 0 3.31184 3.31352 0.10566 0 0 -500 0
527 1
1 13 0 0 0 0 0 0 3.2835 3.2852 0.10566 0 0 -500 0
528 1
1 13 0 0 0 0 0 0 3.1608 3.16257 0.10566 0 0 -500 0
529 1
1 13 0 0 0 0 0 0 3.36619 3.36785 0.10566 0 0 -500 0
530 1
1 13 0 0 0 0 0 0 3.27254 3.27425 0.10566 0 0 -500 0
531 1
1 13 0 0 0 0 0 0 3.08138 3.0832 0.10566 0 0 -500 0
532 1
1 13 0 0 0 0 0 0 3.06512 3.06694 0.10566 0 0 -500 0
533 1
1 13 0 0 0 0 0 0 3.12968 3.13146 0.10566 0 0 -500 0
534 1
1 13 0 0 0 0 0 0 3.36345 3.36511 0.10566 0 0 -500 0
535 1
1 13 0 0 0 0 0 0 3.23784 3.23957 0.10566 0 0 -500 0
536 1
1 13 0 0 0 0 0 0 3.46677 3.46838 0.10566 0 0 -500 0
537 1
1 13 0 0 0 0 0 0 3.47027 3.47188 0.10566 0 0 -500 0
538 1
1 13 0 0 0 0 0 0 3.0688 3.07062 0.10566 0 0 -500 0
539 1
1 13 0 0 0 0 0 0 3.08772 3.08953 0.10566 0 0 -500 0
540 1
1 13 0 0 0 0 0 0 3.30672 3.30841 0.10566 0 0 -500 0
541 1
1 13 0 0 0 0 0 0 3.02959 3.03143 0.10566 0 0 -500 0
542 1
1 13 0 0 0 0 0 0 3.14129 3.14307 0.10566 0 0 -500 0
543 1
1 13 0 0 0 0 0 0 3.209 3.21074 0.10566 0 0 -500 0
544 1
1 13 0 0 0 0 0 0 3.49794 3.49954 0.10566 0 0 -500 0
545 1
1 13 0 0 0 0 0 0 3.21328 3.21502 0.10566 0 0 -500 0
546 1
1 13 0 0 0 0 0 0 3.07186 3.07368 0.10566 0 0 -500 0
547 1
1 13 0 0 0 0 0 0 3.24928 3.251 0.10566 0 0 -500 0
548 1
1 13 0 0 0 0 0 0 3.24907 3.25079 0.10566 0 0 -500 0
549 1
1 13 0 0 0 0 0 0 3.4384 3.44003 0.10566 0 0 -500 0
550 1
1 13 0 0 0 0 0 0 3.10512 3.10692 0.10566 0 0 -500 0
551 1
1 13 0 0 0 0 0 0 3.33931 3.34098 0.10566 0 0 -500 0
552 1
1 13 0 0 0 0 0 0 3.3448 3.34647 0.10566 0 0 -500 0
553 1
1 13 0 0 0 0 0 0 3.42743 3.42906 0.10566 0 0 -500 0
554 1
1 13 0 0 0 0 0 0 3.47675 3.47836 0.10566 0 0 -500 0
555 1
1 13 0 0 0 0 0 0 3.36458 3.36624 0.10566 0 0 -500 0
556 1
1 13 0 0 0 0 0 0 3.02105 3.0229 0.10566 0 0 -500 0
557 1
1 13 0 0 0 0 0 0 3.14776 3.14953 0.10566 0 0 -500 0
558 1
1 13 0 0 0 0 0 0 3.02524 3.02709 0.10566 0 0 -500 0
559 1
1 13 0 0 0 0 0 0 3.46423 3.46584 0.10566 0 0 -500 0
560 1
1 13 0 0 0 0 0 0 3.48824 3.48984 0.10566 0 0 -500 0
561 1
1 13 0 0 0 0 0 0 3.11232 3.11411 0.10566 0 0 -500 0
562 1
1 13 0 0 0 0 0 0 3.40153 3.40317 0.10566 0 0 -500 0
563 1
1 13 0 0 0 0 0 0 3.03806 3.0399 0.10566 0 0 -500 0
564 1
1 13 0 0 0 0 0 0 3.19561 3.19735 0.10566 0 0 -500 0
565 1
1 13 0 0 0 0 0 0 3.34333 3.345 0.10566 0 0 -500 0
566 1
1 13 0 0 0 0 0 0 3.31298 3.31467 0.10566 0 0 -500 0
567 1
1 13 0 0 0 0 0 0 3.3909 3.39254 0.10566 0 0 -500 0
568 1
1 13 0 0 0 0 0 0 3.18298 3.18473 0.10566 0 0 -500 0
569 1
1 13 0 0 0 0 0 0 3.09882 3.10063 0.10566 0 0 -500 0
570 1
1 13 0 0 0 0 0 0 3.01127 3.01313 0.10566 0 0 -500 0
571 1
1 13 0 0 0 0 0 0 3.1136 3.11539 0.10566 0 0 -500 0
572 1
1 13 0 0 0 0 0 0 3.15265 3.15442 0.10566 0 0 -500 0
573 1
1 13 0 0 0 0 0 0 3.32287 3.32455 0.10566 0 0 -500 0
574 1
1 13 0 0 0 0 0 0 3.24134 3.24306 0.10566 0 0 -500 0
575 1
1 13 0 0 0 0 0 0 3.22105 3.22278 0.10566 0 0 -500 0
576 1
1 13 0 0 0 0 0 0 3.31667 3.31835 0.10566 0 0 -500 0
577 1
1 13 0 0 0 0 0 0 3.10606 3.10785 0.10566 0 0 -500 0
578 1
1 13 0 0 0 0 0 0 3.06827 3.07008 0.10566 0 0 -500 0
579 1
1 13 0 0 0 0 0 0 3.14685 3.14862 0.10566 0 0 -500 0
580 1
1 13 0 0 0 0 0 0 3.03789 3.03973 0.10566 0 0 -500 0
581 1
1 13 0 0 0 0 0 0 3.023 3.02485 0.10566 0 0 -500 0
582 1
1 13 0 0 0 0 0 0 3.07375 3.07557 0.10566 0 0 -500 0
583 1
1 13 0 0 0 0 0 0 3.27222 3.27393 0.10566 0 0 -500 0
584 1
1 13 0 0 0 0 0 0 3.1428 3.14457 0.10566 0 0 -500 0
585 1
1 13 0 0 0 0 0 0 3.44025 3.44188 0.10566 0 0 -500 0
586 1
1 13 0 0 0 0 0 0 3.40822 3.40985 0.10566 0 0 -500 0
587 1
1 13 0 0 0 0 0 0 3.36404 3.3657 0.10566 0 0 -500 0
588 1
1 13 0 0 0 0 0 0 3.49369 3.49529 0.10566 0 0 -500 0
589 1
1 13 0 0 0 0 0 0 3.17357 3.17533 0.10566 0 0 -500 0
590 1
1 13 0 0 0 0 0 0 3.39869 3.40033 0.10566 0 0 -500 0
591 1
1 13 0 0 0 0 0 0 3.48817 3.48977 0.10566 0 0 -500 0
592 1
1 13 0 0 0 0 0 0 3.18486 3.18662 0.10566 0 0 -500 0
593 1
1 13 0 0 0 0 0 0 3.43646 3.43809 0.10566 0 0 -500 0
594 1
1 13 0 0 0 0 0 0 3.13742 3.1392 0.10566 0 0 -500 0
595 1
1 13 0 0 0 0 0 0 3.02883 3.03067 0.10566 0 0 -500 0
596 1
1 13 0 0 0 0 0 0 3.28841 3.29011 0.10566 0 0 -500 0
597 1
1 13 0 0 0 0 0 0 3.28865 3.29035 0.10566 0 0 -500 0
598 1
1 13 0 0 0 0 0 0 3.4654 3.46701 0.10566 0 0 -500 0
599 1
1 13 0 0 0 0 0 0 3.32465 3.32633 0.10566 0 0 -500 0
600 1
1 13 0 0 0 0 0 0 3.05731 3.05913 0.10566 0 0 -500 0
601 1
1 13 0 0 0 0 0 0 3.40688 3.40852 0.10566 0 0 -500 0
602 1
1 13 0 0 0 0 0 0 3.25694 3.25865 0.10566 0 0 -500 0
603 1
1 13 0 0 0 0 0 0 3.35654 3.3582 0.10566 0 0 -500 0
604 1
1 13 0 0 0 0 0 0 3.00098 3.00284 0.10566 0 0 -500 0
605 1
1 13 0 0 0 0 0 0 3.38955 3.3912 0.10566 0 0 -500 0
606 1
1 13 0 0 0 0 0 0 3.47313 3.47473 0.10566 0 0 -500 0
607 1
1 13 0 0 0 0 0 0 3.23244 3.23416 0.10566 0 0 -500 0
608 1
1 13 0 0 0 0 0 0 3.02043 3.02228 0.10566 0 0 -500 0
609 1
1 13 0 0 0 0 0 0 3.32288 3.32456 0.10566 0 0 -500 0
610 1
1 13 0 0 0 0 0 0 3.32959 3.33127 0.10566 0 0 -500 0
611 1
1 13 0 0 0 0 0 0 3.25035 3.25207 0.10566 0 0 -500 0
612 1
1 13 0 0 0 0 0 0 3.31935 3.32103 0.10566 0 0 -500 0
613 1
1 13 0 0 0 0 0 0 3.20274 3.20448 0.10566 0 0 -500 0
614 1
1 13 0 0 0 0 0 0 3.27996 3.28166 0.10566 0 0 -500 0
615 1
1 13 0 0 0 0 0 0 3.47427 3.47587 0.10566 0 0 -500 0
616 1
1 13 0 0 0 0 0 0 3.2062 3.20794 0.10566 0 0 -500 0
617 1
1 13 0 0 0 0 0 0 3.34508 3.34675 0.10566 0 0 -500 0
618 1
1 13 0 0 0 0 0 0 3.02126 3.02311 0.10566 0 0 -500 0
619 1
1 13 0 0 0 0 0 0 3.31833 3.32001 0.10566 0 0 -500 0
620 1
1 13 0 0 0 0 0 0 3.15262 3.15439 0.10566 0 0 -500 0
621 1
1 13 0 0 0 0 0 0 3.37303 3.37469 0.10566 0 0 -500 0
622 1
1 13 0 0 0 0 0 0 3.03044 3.03228 0.10566 0 0 -500 0
623 1
1 13 0 0 0 0 0 0 3.04269 3.04452 0.10566 0 0 -500 0
624 1
1 13 0 0 0 0 0 0 3.39993 3.40157 0.10566 0 0 -500 0
625 1
1 13 0 0 0 0 0 0 3.31551 3.31719 0.10566 0 0 -500 0
626 1
1 13 0 0 0 0 0 0 3.4822 3.4838 0.10566 0 0 -500 0
627 1
1 13 0 0 0 0 0 0 3.33472 3.33639 0.10566 0 0 -500 0
628 1
1 13 0 0 0 0 0 0 3.42525 3.42688 0.10566 0 0 -500 0
629 1
1 13 0 0 0 0 0 0 3.31112 3.31281 0.10566 0 0 -500 0
630 1
1 13 0 0 0 0 0 0 3.1083 3.1101 0.10566 0 0 -500 0
631 1
1 13 0 0 0 0 0 0 3.302 3.30369 0.10566 0 0 -500 0
632 1
1 13 0 0 0 0 0 0 3.02116 3.023 0.10566 0 0 -500 0
633 1
1 13 0 0 0 0 0 0 3.46649 3.4681 0.10566 0 0 -500 0
634 1
1 13 0 0 0 0 0 0 3.07839 3.0802 0.10566 0 0 -500 0
635 1
1 13 0 0 0 0 0 0 3.29311 3.2948 0.10566 0 0 -500 0
636 1
1 13 0 0 0 0 0 0 3.01389 3.01574 0.10566 0 0 -500 0
637 1
1 13 0 0 0 0 0 0 3.38371 3.38536 0.10566 0 0 -500 0
638 1
1 13 0 0 0 0 0 0 3.1862 3.18795 0.10566 0 0 -500 0
639 1
1 13 0 0 0 0 0 0 3.34235 3.34402 0.10566 0 0 -500 0
640 1
1 13 0 0 0 0 0 0 3.12264 3.12442 0.10566 0 0 -500 0
641 1
1 13 0 0 0 0 0 0 3.15984 3.16161 0.10566 0 0 -500 0
642 1
1 13 0 0 0 0 0 0 3.06844 3.07026 0.10566 0 0 -500 0
643 1
1 13 0 0 0 0 0 0 3.16394 3.1657 0.10566 0 0 -500 0
644 1
1 13 0 0 0 0 0 0 3.13429 3.13607 0.10566 0 0 -500 0
645 1
1 13 0 0 0 0 0 0 3.02554 3.02738 0.10566 0 0 -500 0
646 1
1 13 0 0 0 0 0 0 3.2427 3.24442 0.10566 0 0 -500 0
647 1
1 13 0 0 0 0 0 0 3.38554 3.38719 0.10566 0 0 -500 0
648 1
1 13 0 0 0 0 0 0 3.47174 3.47335 0.10566 0 0 -500 0
649 1
1 13 0 0 0 0 0 0 3.32791 3.32959 0.10566 0 0 -500 0
650 1
1 13 0 0 0 0 0 0 3.13792 3.13969 0.10566 0 0 -500 0
651 1
1 13 0 0 0 0 0 0 3.12398 3.12577 0.10566 0 0 -500 0
652 1
1 13 0 0 0 0 0 0 3.36152 3.36318 0.10566 0 0 -500 0
653 1
1 13 0 0 0 0 0 0 3.32578 3.32746 0.10566 0 0 -500 0
654 1
1 13 0 0 0 0 0 0 3.44336 3.44498 0.10566 0 0 -500 0
655 1
1 13 0 0 0 0 0 0 3.16751 3.16927 0.10566 0 0 -500 0
656 1
1 13 0 0 0 0 0 0 3.42784 3.42947 0.10566 0 0 -500 0
657 1
1 13 0 0 0 0 0 0 3.13518 3.13696 0.10566 0 0 -500 0
658 1
1 13 0 0 0 0 0 0 3.07696 3.07877 0.10566 0 0 -500 0
659 1
1 13 0 0 0 0 0 0 3.33697 3.33864 0.10566 0 0 -500 0
660 1
1 13 0 0 0 0 0 0 3.48051 3.48211 0.10566 0 0 -500 0
661 1
1 13 0 0 0 0 0 0 3.03613 3.03797 0.10566 0 0 -500 0
662 1
1 13 0 0 0 0 0 0 3.21159 3.21333 0.10566 0 0 -500 0
663 1
1 13 0 0 0 0 0 0 3.44016 3.44178 0.10566 0 0 -500 0
664 1
1 13 0 0 0 0 0 0 3.21589 3.21762 0.10566 0 0 -500 0
665 1
1 13 0 0 0 0 0 0 3.01105 3.0129 0.10566 0 0 -500 0
666 1
1 13 0 0 0 0 0 0 3.07121 3.07303 0.10566 0 0 -500 0
667 1
1 13 0 0 0 0 0 0 3.03022 3.03206 0.10566 0 0 -500 0
668 1
1 13 0 0 0 0 0 0 3.17797 3.17973 0.10566 0 0 -500 0
669 1
1 13 0 0 0 0 0 0 3.38177 3.38342 0.10566 0 0 -500 0
670 1
1 13 0 0 0 0 0 0 3.07801 3.07983 0.10566 0 0 -500 0
671 1
1 13 0 0 0 0 0 0 3.24068 3.2424 0.10566 0 0 -500 0
672 1
1 13 0 0 0 0 0 0 3.09319 3.095 0.10566 0 0 -500 0
673 1
1 13 0 0 0 0 0 0 3.21956 3.22129 0.10566 0 0 -500 0
674 1
1 13 0 0 0 0 0 0 3.06225 3.06407 0.10566 0 0 -500 0
675 1
1 13 0 0 0 0 0 0 3.46964 3.47124 0.10566 0 0 -500 0
676 1
1 13 0 0 0 0 0 0 3.36731 3.36897 0.10566 0 0 -500 0
677 1
1 13 0 0 0 0 0 0 3.25016 3.25188 0.10566 0 0 -500 0
678 1
1 13 0 0 0 0 0 0 3.44971 3.45133 0.10566 0 0 -500 0
679 1
1 13 0 0 0 0 0 0 3.11795 3.11974 0.10566 0 0 -500 0
680 1
1 13 0 0 0 0 0 0 3.40465 3.40629 0.10566 0 0 -500 0
681 1
1 13 0 0 0 0 0 0 3.4632 3.46481 0.10566 0 0 -500 0
682 1
1 13 0 0 0 0 0 0 3.17029 3.17205 0.10566 0 0 -500 0
683 1
1 13 0 0 0 0 0 0 3.19597 3.19772 0.10566 0 0 -500 0
684 1
1 13 0 0 0 0 0 0 3.21952 3.22125 0.10566 0 0 -500 0
685 1
1 13 0 0 0 0 0 0 3.39367 3.39531 0.10566 0 0 -500 0
686 1
1 13 0 0 0 0 0 0 3.43295 3.43458 0.10566 0 0 -500 0
687 1
1 13 0 0 0 0 0 0 3.07797 3.07978 0.10566 0 0 -500 0
688 1
1 13 0 0 0 0 0 0 3.21402 3.21575 0.10566 0 0 -500 0
689 1
1 13 0 0 0 0 0 0 3.29183 3.29352 0.10566 0 0 -500 0
690 1
1 13 0 0 0 0 0 0 3.41002 3.41166 0.10566 0 0 -500 0
691 1
1 13 0 0 0 0 0 0 3.0684 3.07022 0.10566 0 0 -500 0
692 1
1 13 0 0 0 0 0 0 3.11833 3.12012 0.10566 0 0 -500 0
693 1
1 13 0 0 0 0 0 0 3.24141 3.24313 0.10566 0 0 -500 0
694 1
1 13 0 0 0 0 0 0 3.42736 3.42899 0.10566 0 0 -500 0
695 1
1 13 0 0 0 0 0 0 3.18387 3.18563 0.10566 0 0 -500 0
696 1
1 13 0 0 0 0 0 0 3.17086 3.17261 0.10566 0 0 -500 0
697 1
1 13 0 0 0 0 0 0 3.09817 3.09997 0.10566 0 0 -500 0
698 1
1 13 0 0 0 0 0 0 3.33971 3.34139 0.10566 0 0 -500 0
699 1
1 13 0 0 0 0 0 0 3.42382 3.42544 0.10566 0 0 -500 0
700 1
1 13 0 0 0 0 0 0 3.09922 3.10102 0.10566 0 0 -500 0
701 1
1 13 0 0 0 0 0 0 3.16903 3.17079 0.10566 0 0 -500 0
702 1
1 13 0 0 0 0 0 0 3.08837 3.09018 0.10566 0 0 -500 0
703 1
1 13 0 0 0 0 0 0 3.07945 3.08126 0.10566 0 0 -500 0
704 1
1 13 0 0 0 0 0 0 3.01305 3.01491 0.10566 0 0 -500 0
705 1
1 13 0 0 0 0 0 0 3.02607 3.02792 0.10566 0 0 -500 0
706 1
1 13 0 0 0 0 0 0 3.08133 3.08314 0.10566 0 0 -500 0
707 1
1 13 0 0 0 0 0 0 3.26914 3.27085 0.10566 0 0 -500 0
708 1
1 13 0 0 0 0 0 0 3.26267 3.26438 0.10566 0 0 -500 0
709 1
1 13 0 0 0 0 0 0 3.37127 3.37292 0.10566 0 0 -500 0
710 1
1 13 0 0 0 0 0 0 3.05462 3.05644 0.10566 0 0 -500 0
711 1
1 13 0 0 0 0 0 0 3.49757 3.49916 0.10566 0 0 -500 0
712 1
1 13 0 0 0 0 0 0 3.26866 3.27037 0.10566 0 0 -500 0
713 1
1 13 0 0 0 0 0 0 3.24244 3.24416 0.10566 0 0 -500 0
714 1
1 13 0 0 0 0 0 0 3.09431 3.09611 0.10566 0 0 -500 0
715 1
1 13 0 0 0 0 0 0 3.05234 3.05416 0.10566 0 0 -500 0
716 1
1 13 0 0 0 0 0 0 3.45225 3.45386 0.10566 0 0 -500 0
717 1
1 13 0 0 0 0 0 0 3.05903 3.06086 0.10566 0 0 -500 0
718 1
1 13 0 0 0 0 0 0 3.46343 3.46504 0.10566 0 0 -500 0
719 1
1 13 0 0 0 0 0 0 3.29326 3.29496 0.10566 0 0 -500 0
720 1
1 13 0 0 0 0 0 0 3.46291 3.46452 0.10566 0 0 -500 0
721 1
1 13 0 0 0 0 0 0 3.43027 3.4319 0.10566 0 0 -500 0
722 1
1 13 0 0 0 0 0 0 3.06905 3.07087 0.10566 0 0 -500 0
723 1
1 13 0 0 0 0 0 0 3.44146 3.44308 0.10566 0 0 -500 0
724 1
1 13 0 0 0 0 0 0 3.18356 3.18531 0.10566 0 0 -500 0
725 1
1 13 0 0 0 0 0 0 3.44706 3.44867 0.10566 0 0 -500 0
726 1
1 13 0 0 0 0 0 0 3.49066 3.49226 0.10566 0 0 -500 0
727 1
1 13 0 0 0 0 0 0 3.38267 3.38432 0.10566 0 0 -500 0
728 1
1 13 0 0 0 0 0 0 3.11253 3.11433 0.10566 0 0 -500 0
729 1
1 13 0 0 0 0 0 0 3.48367 3.48527 0.10566 0 0 -500 0
730 1
1 13 0 0 0 0 0 0 3.44268 3.4443 0.10566 0 0 -500 0
731 1
1 13 0 0 0 0 0 0 3.47747 3.47908 0.10566 0 0 -500 0
732 1
1 13 0 0 0 0 0 0 3.49198 3.49357 0.10566 0 0 -500 0
733 1
1 13 0 0 0 0 0 0 3.24917 3.25089 0.10566 0 0 -500 0
734 1
1 13 0 0 0 0 0 0 3.06373 3.06555 0.10566 0 0 -500 0
735 1
1 13 0 0 0 0 0 0 3.0891 3.09091 0.10566 0 0 -500 0
736 1
1 13 0 0 0 0 0 0 3.45014 3.45176 0.10566 0 0 -500 0
737 1
1 13 0 0 0 0 0 0 3.16196 3.16373 0.10566 0 0 -500 0
738 1
1 13 0 0 0 0 0 0 3.47956 3.48116 0.10566 0 0 -500 0
739 1
1 13 0 0 0 0 0 0 3.34523 3.3469 0.10566 0 0 -500 0
740 1
1 13 0 0 0 0 0 0 3.15607 3.15784 0.10566 0 0 -500 0
741 1
1 13 0 0 0 0 0 0 3.33852 3.34019 0.10566 0 0 -500 0
742 1
1 13 0 0 0 0 0 0 3.04501 3.04684 0.10566 0 0 -500 0
743 1
1 13 0 0 0 0 0 0 3.31527 3.31696 0.10566 0 0 -500 0
744 1
1 13 0 0 0 0 0 0 3.15173 3.1535 0.10566 0 0 -500 0
745 1
1 13 0 0 0 0 0 0 3.32393 3.32561 0.10566 0 0 -500 0
746 1
1 13 0 0 0 0 0 0 3.46126 3.46288 0.10566 0 0 -500 0
747 1
1 13 0 0 0 0 0 0 3.36727 3.36893 0.10566 0 0 -500 0
748 1
1 13 0 0 0 0 0 0 3.25945 3.26116 0.10566 0 0 -500 0
749 1
1 13 0 0 0 0 0 0 3.29412 3.29581 0.10566 0 0 -500 0
750 1
1 13 0 0 0 0 0 0 3.40774 3.40938 0.10566 0 0 -500 0
751 1
1 13 0 0 0 0 0 0 3.08693 3.08874 0.10566 0 0 -500 0
752 1
1 13 0 0 0 0 0 0 3.19792 3.19967 0.10566 0 0 -500 0
753 1
1 13 0 0 0 0 0 0 3.30632 3.30801 0.10566 0 0 -500 0
754 1
1 13 0 0 0 0 0 0 3.40341 3.40505 0.10566 0 0 -500 0
755 1
1 13 0 0 0 0 0 0 3.4434 3.44502 0.10566 0 0 -500 0
756 1
1 13 0 0 0 0 0 0 3.43114 3.43276 0.10566 0 0 -500 0
757 1
1 13 0 0 0 0 0 0 3.46845 3.47006 0.10566 0 0 -500 0
758 1
1 13 0 0 0 0 0 0 3.11144 3.11323 0.10566 0 0 -500 0
759 1
1 13 0 0 0 0 0 0 3.49583 3.49742 0.10566 0 0 -500 0
760 1
1 13 0 0 0 0 0 0 3.32184 3.32352 0.10566 0 0 -500 0
761 1
1 13 0 0 0 0 0 0 3.08682 3.08863 0.10566 0 0 -500 0
762 1
1 13 0 0 0 0 0 0 3.42338 3.42501 0.10566 0 0 -500 0
763 1
1 13 0 0 0 0 0 0 3.4634 3.46501 0.10566 0 0 -500 0
764 1
1 13 0 0 0 0 0 0 3.13833 3.14011 0.10566 0 0 -500 0
765 1
1 13 0 0 0 0 0 0 3.10981 3.1116 0.10566 0 0 -500 0
766 1
1 13 0 0 0 0 0 0 3.1788 3.18055 0.10566 0 0 -500 0
767 1
1 13 0 0 0 0 0 0 3.28027 3.28197 0.10566 0 0 -500 0
768 1
1 13 0 0 0 0 0 0 3.13485 3.13663 0.10566 0 0 -500 0
769 1
1 13 0 0 0 0 0 0 3.08848 3.09029 0.10566 0 0 -500 0
770 1
1 13 0 0 0 0 0 0 3.36537 3.36703 0.10566 0 0 -500 0
771 1
1 13 0 0 0 0 0 0 3.16031 3.16207 0.10566 0 0 -500 0
772 1
1 13 0 0 0 0 0 0 3.10997 3.11176 0.10566 0 0 -500 0
773 1
1 13 0 0 0 0 0 0 3.24364 3.24536 0.10566 0 0 -500 0
774 1
1 13 0 0 0 0 0 0 3.37598 3.37763 0.10566 0 0 -500 0
775 1
1 13 0 0 0 0 0 0 3.31895 3.32063 0.10566 0 0 -500 0
776 1
1 13 0 0 0 0 0 0 3.30079 3.30248 0.10566 0 0 -500 0
777 1
1 13 0 0 0 0 0 0 3.19709 3.19883 0.10566 0 0 -500 0
778 1
1 13 0 0 0 0 0 0 3.14867 3.15044 0.10566 0 0 -500 0
779 1
1 13 0 0 0 0 0 0 3.20376 3.2055 0.10566 0 0 -500 0
780 1
1 13 0 0 0 0 0 0 3.29111 3.2928 0.10566 0 0 -500 0
781 1
1 13 0 0 0 0 0 0 3.24573 3.24744 0.10566 0 0 -500 0
782 1
1 13 0 0 0 0 0 0 3.4905 3.4921 0.10566 0 0 -500 0
783 1
1 13 0 0 0 0 0 0 3.24463 3.24635 0.10566 0 0 -500 0
784 1
1 13 0 0 0 0 0 0 3.42503 3.42666 0.10566 0 0 -500 0
785 1
1 13 0 0 0 0 0 0 3.03519 3.03703 0.10566 0 0 -500 0
786 1
1 13 0 0 0 0 0 0 3.20668 3.20842 0.10566 0 0 -500 0
787 1
1 13 0 0 0 0 0 0 3.34641 3.34808 0.10566 0 0 -500 0
788 1
1 13 0 0 0 0 0 0 3.20401 3.20575 0.10566 0 0 -500 0
789 1
1 13 0 0 0 0 0 0 3.35764 3.3593 0.10566 0 0 -500 0
790 1
1 13 0 0 0 0 0 0 3.29293 3.29463 0.10566 0 0 -500 0
791 1
1 13 0 0 0 0 0 0 3.14443 3.14621 0.10566 0 0 -500 0
792 1
1 13 0 0 0 0 0 0 3.49492 3.49652 0.10566 0 0 -500 0
793 1
1 13 0 0 0 0 0 0 3.42231 3.42394 0.10566 0 0 -500 0
794 1
1 13 0 0 0 0 0 0 3.43204 3.43367 0.10566 0 0 -500 0
795 1
1 13 0 0 0 0 0 0 3.25234 3.25406 0.10566 0 0 -500 0
796 1
1 13 0 0 0 0 0 0 3.40501 3.40665 0.10566 0 0 -500 0
797 1
1 13 0 0 0 0 0 0 3.39544 3.39708 0.10566 0 0 -500 0
798 1
1 13 0 0 0 0 0 0 3.49485 3.49645 0.10566 0 0 -500 0
799 1
1 13 0 0 0 0 0 0 3.46376 3.46537 0.10566 0 0 -500 0
800 1
1 13 0 0 0 0 0 0 3.19208 3.19383 0.10566 0 0 -500 0
801 1
1 13 0 0 0 0 0 0 3.39633 3.39797 0.10566 0 0 -500 0
802 1
1 13 0 0 0 0 0 0 3.28358 3.28528 0.10566 0 0 -500 0
803 1
1 13 0 0 0 0 0 0 3.25381 3.25553 0.10566 0 0 -500 0
804 1
1 13 0 0 0 0 0 0 3.09025 3.09206 0.10566 0 0 -500 0
805 1
1 13 0 0 0 0 0 0 3.01398 3.01583 0.10566 0 0 -500 0
806 1
1 13 0 0 0 0 0 0 3.49782 3.49942 0.10566 0 0 -500 0
807 1
1 13 0 0 0 0 0 0 3.23144 3.23317 0.10566 0 0 -500 0
808 1
1 13 0 0 0 0 0 0 3.15202 3.15379 0.10566 0 0 -500 0
809 1
1 13 0 0 0 0 0 0 3.4768 3.47841 0.10566 0 0 -500 0
810 1
1 13 0 0 0 0 0 0 3.0765 3.07831 0.10566 0 0 -500 0
811 1
1 13 0 0 0 0 0 0 3.12022 3.12201 0.10566 0 0 -500 0
812 1
1 13 0 0 0 0 0 0 3.28687 3.28856 0.10566 0 0 -500 0
813 1
1 13 0 0 0 0 0 0 3.32276 3.32444 0.10566 0 0 -500 0
814 1
1 13 0 0 0 0 0 0 3.01016 3.01201 0.10566 0 0 -500 0
815 1
1 13 0 0 0 0 0 0 3.49148 3.49308 0.10566 0 0 -500 0
816 1
1 13 0 0 0 0 0 0 3.06245 3.06427 0.10566 0 0 -500 0
817 1
1 13 0 0 0 0 0 0 3.23715 3.23887 0.10566 0 0 -500 0
818 1
1 13 0 0 0 0 0 0 3.07862 3.08044 0.10566 0 0 -500 0
819 1
1 13 0 0 0 0 0 0 3.27066 3.27237 0.10566 0 0 -500 0
820 1
1 13 0 0 0 0 0 0 3.4672 3.46881 0.10566 0 0 -500 0
821 1
1 13 0 0 0 0 0 0 3.45667 3.45828 0.10566 0 0 -500 0
822 1
1 13 0 0 0 0 0 0 3.4543 3.45592 0.10566 0 0 -500 0
823 1
1 13 0 0 0 0 0 0 3.33071 3.33238 0.10566 0 0 -500 0
824 1
1 13 0 0 0 0 0 0 3.15982 3.16159 0.10566 0 0 -500 0
825 1
1 13 0 0 0 0 0 0 3.2635 3.26521 0.10566 0 0 -500 0
826 1
1 13 0 0 0 0 0 0 3.25198 3.25369 0.10566 0 0 -500 0
827 1
1 13 0 0 0 0 0 0 3.36169 3.36335 0.10566 0 0 -500 0
828 1
1 13 0 0 0 0 0 0 3.04889 3.05072 0.10566 0 0 -500 0
829 1
1 13 0 0 0 0 0 0 3.08344 3.08525 0.10566 0 0 -500 0
830 1
1 13 0 0 0 0 0 0 3.25871 3.26042 0.10566 0 0 -500 0
831 1
1 13 0 0 0 0 0 0 3.19592 3.19767 0.10566 0 0 -500 0
832 1
1 13 0 0 0 0 0 0 3.1584 3.16017 0.10566 0 0 -500 0
833 1
1 13 0 0 0 0 0 0 3.46895 3.47056 0.10566 0 0 -500 0
834 1
1 13 0 0 0 0 0 0 3.46984 3.47145 0.10566 0 0 -500 0
835 1
1 13 0 0 0 0 0 0 3.26728 3.26899 0.10566 0 0 -500 0
836 1
1 13 0 0 0 0 0 0 3.08378 3.08559 0.10566 0 0 -500 0
837 1
1 13 0 0 0 0 0 0 3.18372 3.18547 0.10566 0 0 -500 0
838 1
1 13 0 0 0 0 0 0 3.01511 3.01696 0.10566 0 0 -500 0
839 1
1 13 0 0 0 0 0 0 3.04379 3.04563 0.10566 0 0 -500 0
840 1
1 13 0 0 0 0 0 0 3.29443 3.29613 0.10566 0 0 -500 0
841 1
1 13 0 0 0 0 0 0 3.48172 3.48332 0.10566 0 0 -500 0
842 1
1 13 0 0 0 0 0 0 3.0358 3.03764 0.10566 0 0 -500 0
843 1
1 13 0 0 0 0 0 0 3.39935 3.40099 0.10566 0 0 -500 0
844 1
1 13 0 0 0 0 0 0 3.10926 3.11106 0.10566 0 0 -500 0
845 1
1 13 0 0 0 0 0 0 3.25624 3.25795 0.10566 0 0 -500 0
846 1
1 13 0 0 0 0 0 0 3.41739 3.41902 0.10566 0 0 -500 0
847 1
1 13 0 0 0 0 0 0 3.32128 3.32296 0.10566 0 0 -500 0
848 1
1 13 0 0 0 0 0 0 3.34112 3.34279 0.10566 0 0 -500 0
849 1
1 13 0 0 0 0 0 0 3.28712 3.28882 0.10566 0 0 -500 0
850 1
1 13 0 0 0 0 0 0 3.09375 3.09555 0.10566 0 0 -500 0
851 1
1 13 0 0 0 0 0 0 3.25452 3.25624 0.10566 0 0 -500 0
852 1
1 13 0 0 0 0 0 0 3.28973 3.29142 0.10566 0 0 -500 0
853 1
1 13 0 0 0 0 0 0 3.03672 3.03855 0.10566 0 0 -500 0
854 1
1 13 0 0 0 0 0 0 3.14291 3.14469 0.10566 0 0 -500 0
855 1
1 13 0 0 0 0 0 0 3.04769 3.04953 0.10566 0 0 -500 0
856 1
1 13 0 0 0 0 0 0 3.024 3.02584 0.10566 0 0 -500 0
857 1
1 13 0 0 0 0 0 0 3.27667 3.27837 0.10566 0 0 -500 0
858 1
1 13 0 0 0 0 0 0 3.12322 3.12501 0.10566 0 0 -500 0
859 1
1 13 0 0 0 0 0 0 3.13691 3.13869 0.10566 0 0 -500 0
860 1
1 13 0 0 0 0 0 0 3.07771 3.07952 0.10566 0 0 -500 0
861 1
1 13 0 0 0 0 0 0 3.12989 3.13168 0.10566 0 0 -500 0
862 1
1 13 0 0 0 0 0 0 3.1742 3.17595 0.10566 0 0 -500 0
863 1
1 13 0 0 0 0 0 0 3.02115 3.023 0.10566 0 0 -500 0
864 1
1 13 0 0 0 0 0 0 3.33099 3.33267 0.10566 0 0 -500 0
865 1
1 13 0 0 0 0 0 0 3.32846 3.33014 0.10566 0 0 -500 0
866 1
1 13 0 0 0 0 0 0 3.00436 3.00621 0.10566 0 0 -500 0
867 1
1 13 0 0 0 0 0 0 3.07071 3.07253 0.10566 0 0 -500 0
868 1
1 13 0 0 0 0 0 0 3.20153 3.20327 0.10566 0 0 -500 0
869 1
1 13 0 0 0 0 0 0 3.16942 3.17118 0.10566 0 0 -500 0
870 1
1 13 0 0 0 0 0 0 3.31552 3.3172 0.10566 0 0 -500 0
871 1
1 13 0 0 0 0 0 0 3.20044 3.20219 0.10566 0 0 -500 0
872 1
1 13 0 0 0 0 0 0 3.21744 3.21918 0.10566 0 0 -500 0
873 1
1 13 0 0 0 0 0 0 3.47015 3.47175 0.10566 0 0 -500 0
874 1
1 13 0 0 0 0 0 0 3.15648 3.15825 0.10566 0 0 -500 0
875 1
1 13 0 0 0 0 0 0 3.16095 3.16271 0.10566 0 0 -500 0
876 1
1 13 0 0 0 0 0 0 3.14662 3.14839 0.10566 0 0 -500 0
877 1
1 13 0 0 0 0 0 0 3.02829 3.03013 0.10566 0 0 -500 0
878 1
1 13 0 0 0 0 0 0 3.09329 3.0951 0.10566 0 0 -500 0
879 1
1 13 0 0 0 0 0 0 3.40744 3.40908 0.10566 0 0 -500 0
880 1
1 13 0 0 0 0 0 0 3.10306 3.10486 0.10566 0 0 -500 0
881 1
1 13 0 0 0 0 0 0 3.33085 3.33252 0.10566 0 0 -500 0
882 1
1 13 0 0 0 0 0 0 3.16341 3.16517 0.10566 0 0 -500 0
883 1
1 13 0 0 0 0 0 0 3.16602 3.16778 0.10566 0 0 -500 0
884 1
1 13 0 0 0 0 0 0 3.21259 3.21433 0.10566 0 0 -500 0
885 1
1 13 0 0 0 0 0 0 3.05808 3.0599 0.10566 0 0 -500 0
886 1
1 13 0 0 0 0 0 0 3.31067 3.31235 0.10566 0 0 -500 0
887 1
1 13 0 0 0 0 0 0 3.36231 3.36397 0.10566 0 0 -500 0
888 1
1 13 0 0 0 0 0 0 3.11592 3.11772 0.10566 0 0 -500 0
889 1
1 13 0 0 0 0 0 0 3.0415 3.04333 0.10566 0 0 -500 0
890 1
1 13 0 0 0 0 0 0 3.4684 3.47001 0.10566 0 0 -500 0
891 1
1 13 0 0 0 0 0 0 3.14649 3.14826 0.10566 0 0 -500 0
892 1
1 13 0 0 0 0 0 0 3.03634 3.03818 0.10566 0 0 -500 0
893 1
1 13 0 0 0 0 0 0 3.15332 3.15509 0.10566 0 0 -500 0
894 1
1 13 0 0 0 0 0 0 3.37897 3.38062 0.10566 0 0 -500 0
895 1
1 13 0 0 0 0 0 0 3.00324 3.0051 0.10566 0 0 -500 0
896 1
1 13 0 0 0 0 0 0 3.04188 3.04371 0.10566 0 0 -500 0
897 1
1 13 0 0 0 0 0 0 3.47775 3.47936 0.10566 0 0 -500 0
898 1
1 13 0 0 0 0 0 0 3.36478 3.36644 0.10566 0 0 -500 0
899 1
1 13 0 0 0 0 0 0 3.01142 3.01327 0.10566 0 0 -500 0
900 1
1 13 0 0 0 0 0 0 3.4853 3.4869 0.10566 0 0 -500 0
901 1
1 13 0 0 0 0 0 0 3.16984 3.1716 0.10566 0 0 -500 0
902 1
1 13 0 0 0 0 0 0 3.3236 3.32527 0.10566 0 0 -500 0
903 1
1 13 0 0 0 0 0 0 3.2951 3.2968 0.10566 0 0 -500 0
904 1
1 13 0 0 0 0 0 0 3.42758 3.42921 0.10566 0 0 -500 0
905 1
1 13 0 0 0 0 0 0 3.45986 3.46147 0.10566 0 0 -500 0
906 1
1 13 0 0 0 0 0 0 3.47251 3.47412 0.10566 0 0 -500 0
907 1
1 13 0 0 0 0 0 0 3.29104 3.29274 0.10566 0 0 -500 0
908 1
1 13 0 0 0 0 0 0 3.22716 3.22889 0.10566 0 0 -500 0
909 1
1 13 0 0 0 0 0 0 3.39254 3.39419 0.10566 0 0 -500 0
910 1
1 13 0 0 0 0 0 0 3.2037 3.20545 0.10566 0 0 -500 0
911 1
1 13 0 0 0 0 0 0 3.0355 3.03733 0.10566 0 0 -500 0
912 1
1 13 0 0 0 0 0 0 3.38532 3.38696 0.10566 0 0 -500 0
913 1
1 13 0 0 0 0 0 0 3.31974 3.32142 0.10566 0 0 -500 0
914 1
1 13 0 0 0 0 0 0 3.4993 3.5009 0.10566 0 0 -500 0
915 1
1 13 0 0 0 0 0 0 3.05499 3.05681 0.10566 0 0 -500 0
916 1
1 13 0 0 0 0 0 0 3.27358 3.27529 0.10566 0 0 -500 0
917 1
1 13 0 0 0 0 0 0 3.24237 3.24409 0.10566 0 0 -500 0
918 1
1 13 0 0 0 0 0 0 3.21489 3.21663 0.10566 0 0 -500 0
919 1
1 13 0 0 0 0 0 0 3.27197 3.27368 0.10566 0 0 -500 0
920 1
1 13 0 0 0 0 0 0 3.01614 3.01799 0.10566 0 0 -500 0
921 1
1 13 0 0 0 0 0 0 3.04644 3.04827 0.10566 0 0 -500 0
922 1
1 13 0 0 0 0 0 0 3.14041 3.14219 0.10566 0 0 -500 0
923 1
1 13 0 0 0 0 0 0 3.23455 3.23628 0.10566 0 0 -500 0
924 1
1 13 0 0 0 0 0 0 3.10433 3.10613 0.10566 0 0 -500 0
925 1
1 13 0 0 0 0 0 0 3.4804 3.48201 0.10566 0 0 -500 0
926 1
1 13 0 0 0 0 0 0 3.38455 3.3862 0.10566 0 0 -500 0
927 1
1 13 0 0 0 0 0 0 3.31988 3.32157 0.10566 0 0 -500 0
928 1
1 13 0 0 0 0 0 0 3.23491 3.23664 0.10566 0 0 -500 0
929 1
1 13 0 0 0 0 0 0 3.48041 3.48201 0.10566 0 0 -500 0
930 1
1 13 0 0 0 0 0 0 3.49464 3.49624 0.10566 0 0 -500 0
931 1
1 13 0 0 0 0 0 0 3.04103 3.04287 0.10566 0 0 -500 0
932 1
1 13 0 0 0 0 0 0 3.28039 3.28209 0.10566 0 0 -500 0
933 1
1 13 0 0 0 0 0 0 3.26741 3.26911 0.10566 0 0 -500 0
934 1
1 13 0 0 0 0 0 0 3.29102 3.29272 0.10566 0 0 -500 0
935 1
1 13 0 0 0 0 0 0 3.12602 3.1278 0.10566 0 0 -500 0
936 1
1 13 0 0 0 0 0 0 3.20484 3.20658 0.10566 0 0 -500 0
937 1
1 13 0 0 0 0 0 0 3.4253 3.42693 0.10566 0 0 -500 0
938 1
1 13 0 0 0 0 0 0 3.0321 3.03394 0.10566 0 0 -500 0
939 1
1 13 0 0 0 0 0 0 3.22718 3.22891 0.10566 0 0 -500 0
940 1
1 13 0 0 0 0 0 0 3.35198 3.35365 0.10566 0 0 -500 0
941 1
1 13 0 0 0 0 0 0 3.16448 3.16625 0.10566 0 0 -500 0
942 1
1 13 0 0 0 0 0 0 3.32662 3.3283 0.10566 0 0 -500 0
943 1
1 13 0 0 0 0 0 0 3.38707 3.38871 0.10566 0 0 -500 0
944 1
1 13 0 0 0 0 0 0 3.13376 3.13554 0.10566 0 0 -500 0
945 1
1 13 0 0 0 0 0 0 3.25465 3.25637 0.10566 0 0 -500 0
946 1
1 13 0 0 0 0 0 0 3.1548 3.15657 0.10566 0 0 -500 0
947 1
1 13 0 0 0 0 0 0 3.39175 3.3934 0.10566 0 0 -500 0
948 1
1 13 0 0 0 0 0 0 3.0442 3.04603 0.10566 0 0 -500 0
949 1
1 13 0 0 0 0 0 0 3.0449 3.04673 0.10566 0 0 -500 0
950 1
1 13 0 0 0 0 0 0 3.47273 3.47434 0.10566 0 0 -500 0
951 1
1 13 0 0 0 0 0 0 3.2428 3.24452 0.10566 0 0 -500 0
952 1
1 13 0 0 0 0 0 0 3.33887 3.34054 0.10566 0 0 -500 0
953 1
1 13 0 0 0 0 0 0 3.08418 3.08599 0.10566 0 0 -500 0
954 1
1 13 0 0 0 0 0 0 3.25746 3.25917 0.10566 0 0 -500 0
955 1
1 13 0 0 0 0 0 0 3.11867 3.12046 0.10566 0 0 -500 0
956 1
1 13 0 0 0 0 0 0 3.22588 3.22761 0.10566 0 0 -500 0
957 1
1 13 0 0 0 0 0 0 3.31817 3.31985 0.10566 0 0 -500 0
958 1
1 13 0 0 0 0 0 0 3.27876 3.28046 0.10566 0 0 -500 0
959 1
1 13 0 0 0 0 0 0 3.14243 3.1442 0.10566 0 0 -500 0
960 1
1 13 0 0 0 0 0 0 3.20152 3.20327 0.10566 0 0 -500 0
961 1
1 13 0 0 0 0 0 0 3.08608 3.08789 0.10566 0 0 -500 0
962 1
1 13 0 0 0 0 0 0 3.16508 3.16684 0.10566 0 0 -500 0
963 1
1 13 0 0 0 0 0 0 3.19916 3.2009 0.10566 0 0 -500 0
964 1
1 13 0 0 0 0 0 0 3.10708 3.10888 0.10566 0 0 -500 0
965 1
1 13 0 0 0 0 0 0 3.41284 3.41447 0.10566 0 0 -500 0
966 1
1 13 0 0 0 0 0 0 3.11561 3.1174 0.10566 0 0 -500 0
967 1
1 13 0 0 0 0 0 0 3.23194 3.23367 0.10566 0 0 -500 0
968 1
1 13 0 0 0 0 0 0 3.44978 3.4514 0.10566 0 0 -500 0
969 1
1 13 0 0 0 0 0 0 3.46351 3.46513 0.10566 0 0 -500 0
970 1
1 13 0 0 0 0 0 0 3.26718 3.26889 0.10566 0 0 -500 0
971 1
1 13 0 0 0 0 0 0 3.26923 3.27094 0.10566 0 0 -500 0
972 1
1 13 0 0 0 0 0 0 3.48335 3.48495 0.10566 0 0 -500 0
973 1
1 13 0 0 0 0 0 0 3.43642 3.43805 0.10566 0 0 -500 0
974 1
1 13 0 0 0 0 0 0 3.27707 3.27878 0.10566 0 0 -500 0
975 1
1 13 0 0 0 0 0 0 3.39016 3.3918 0.10566 0 0 -500 0
976 1
1 13 0 0 0 0 0 0 3.304 3.30569 0.10566 0 0 -500 0
977 1
1 13 0 0 0 0 0 0 3.20908 3.21081 0.10566 0 0 -500 0
978 1
1 13 0 0 0 0 0 0 3.2829 3.2846 0.10566 0 0 -500 0
979 1
1 13 0 0 0 0 0 0 3.12051 3.12229 0.10566 0 0 -500 0
980 1
1 13 0 0 0 0 0 0 3.16048 3.16224 0.10566 0 0 -500 0
981 1
1 13 0 0 0 0 0 0 3.06749 3.06931 0.10566 0 0 -500 0
982 1
1 13 0 0 0 0 0 0 3.13527 3.13705 0.10566 0 0 -500 0
983 1
1 13 0 0 0 0 0 0 3.06732 3.06914 0.10566 0 0 -500 0
984 1
1 13 0 0 0 0 0 0 3.22458 3.22632 0.10566 0 0 -500 0
985 1
1 13 0 0 0 0 0 0 3.38345 3.3851 0.10566 0 0 -500 0
986 1
1 13 0 0 0 0 0 0 3.2261 3.22783 0.10566 0 0 -500 0
987 1
1 13 0 0 0 0 0 0 3.15745 3.15922 0.10566 0 0 -500 0
988 1
1 13 0 0 0 0 0 0 3.29199 3.29368 0.10566 0 0 -500 0
989 1
1 13 0 0 0 0 0 0 3.10423 3.10603 0.10566 0 0 -500 0
990 1
1 13 0 0 0 0 0 0 3.20527 3.20701 0.10566 0 0 -500 0
991 1
1 13 0 0 0 0 0 0 3.27333 3.27504 0.10566 0 0 -500 0
992 1
1 13 0 0 0 0 0 0 3.42024 3.42187 0.10566 0 0 -500 0
993 1
1 13 0 0 0 0 0 0 3.31735 3.31903 0.10566 0 0 -500 0
994 1
1 13 0 0 0 0 0 0 3.37996 3.38161 0.10566 0 0 -500 0
995 1
1 13 0 0 0 0 0 0 3.48117 3.48278 0.10566 0 0 -500 0
996 1
1 13 0 0 0 0 0 0 3.28056 3.28226 0.10566 0 0 -500 0
997 1
1 13 0 0 0 0 0 0 3.38627 3.38792 0.10566 0 0 -500 0
998 1
1 13 0 0 0 0 0 0 3.06757 3.06939 0.10566 0 0 -500 0
999 1
1 13 0 0 0 0 0 0 3.2669 3.26861 0.10566 0 0 -500 0