0 1
1 13 0 0 0 0 0 0 3.7901 3.79158 0.10566 0 0 -500 0
1 1
1 13 0 0 0 0 0 0 3.84153 3.84298 0.10566 0 0 -500 0
2 1
1 13 0 0 0 0 0 0 3.74606 3.74755 0.10566 0 0 -500 0
3 1
1 13 0 0 0 0 0 0 3.53918 3.54076 0.10566 0 0 -500 0
4 1
1 13 0 0 0 0 0 0 3.72085 3.72235 0.10566 0 0 -500 0
5 1
1 13 0 0 0 0 0 0 3.51707 3.51866 0.10566 0 0 -500 0
6 1
1 13 0 0 0 0 0 0 3.99781 3.99921 0.10566 0 0 -500 0
7 1
1 13 0 0 0 0 0 0 3.67993 3.68145 0.10566 0 0 -500 0
8 1
1 13 0 0 0 0 0 0 3.50199 3.50359 0.10566 0 0 -500 0
9 1
1 13 0 0 0 0 0 0 3.56645 3.56802 0.10566 0 0 -500 0
10 1
1 13 0 0 0 0 0 0 3.8578 3.85924 0.10566 0 0 -500 0
11 1
1 13 0 0 0 0 0 0 3.71862 3.72012 0.10566 0 0 -500 0
12 1
1 13 0 0 0 0 0 0 3.56559 3.56716 0.10566 0 0 -500 0
13 1
1 13 0 0 0 0 0 0 3.91725 3.91868 0.10566 0 0 -500 0
14 1
1 13 0 0 0 0 0 0 3.9207 3.92212 0.10566 0 0 -500 0
15 1
1 13 0 0 0 0 0 0 3.69005 3.69157 0.10566 0 0 -500 0
16 1
1 13 0 0 0 0 0 0 3.67146 3.67298 0.10566 0 0 -500 0
17 1
1 13 0 0 0 0 0 0 3.68741 3.68892 0.10566 0 0 -500 0
18 1
1 13 0 0 0 0 0 0 3.84686 3.84831 0.10566 0 0 -500 0
19 1
1 13 0 0 0 0 0 0 3.55718 3.55875 0.10566 0 0 -500 0
20 1
1 13 0 0 0 0 0 0 3.76035 3.76183 0.10566 0 0 -500 0
21 1
1 13 0 0 0 0 0 0 3.83049 3.83194 0.10566 0 0 -500 0
22 1
1 13 0 0 0 0 0 0 3.89829 3.89972 0.10566 0 0 -500 0
23 1
1 13 0 0 0 0 0 0 3.82377 3.82523 0.10566 0 0 -500 0
24 1
1 13 0 0 0 0 0 0 3.70276 3.70427 0.10566 0 0 -500 0
25 1
1 13 0 0 0 0 0 0 3.63047 3.63201 0.10566 0 0 -500 0
26 1
1 13 0 0 0 0 0 0 3.97317 3.97457 0.10566 0 0 -500 0
27 1
1 13 0 0 0 0 0 0 3.95294 3.95435 0.10566 0 0 -500 0
28 1
1 13 0 0 0 0 0 0 3.76352 3.765 0.10566 0 0 -500 0
29 1
1 13 0 0 0 0 0 0 3.51055 3.51214 0.10566 0 0 -500 0
30 1
1 13 0 0 0 0 0 0 3.60553 3.60708 0.10566 0 0 -500 0
31 1
1 13 0 0 0 0 0 0 3.85797 3.85941 0.10566 0 0 -500 0
32 1
1 13 0 0 0 0 0 0 3.73682 3.73831 0.10566 0 0 -500 0
33 1
1 13 0 0 0 0 0 0 3.84041 3.84186 0.10566 0 0 -500 0
34 1
1 13 0 0 0 0 0 0 3.95018 3.9516 0.10566 0 0 -500 0
35 1
1 13 0 0 0 0 0 0 3.80228 3.80375 0.10566 0 0 -500 0
36 1
1 13 0 0 0 0 0 0 3.61903 3.62057 0.10566 0 0 -500 0
37 1
1 13 0 0 0 0 0 0 3.80031 3.80178 0.10566 0 0 -500 0
38 1
1 13 0 0 0 0 0 0 3.73212 3.73362 0.10566 0 0 -500 0
39 1
1 13 0 0 0 0 0 0 3.60745 3.609 0.10566 0 0 -500 0
40 1
1 13 0 0 0 0 0 0 3.66832 3.66984 0.10566 0 0 -500 0
41 1
1 13 0 0 0 0 0 0 3.58028 3.58184 0.10566 0 0 -500 0
42 1
1 13 0 0 0 0 0 0 3.90516 3.90659 0.10566 0 0 -500 0
43 1
1 13 0 0 0 0 0 0 3.77636 3.77784 0.10566 0 0 -500 0
44 1
1 13 0 0 0 0 0 0 3.63296 3.6345 0.10566 0 0 -500 0
45 1
1 13 0 0 0 0 0 0 3.51289 3.51448 0.10566 0 0 -500 0
46 1
1 13 0 0 0 0 0 0 3.90355 3.90498 0.10566 0 0 -500 0
47 1
1 13 0 0 0 0 0 0 3.61805 3.61959 0.10566 0 0 -500 0
48 1
1 13 0 0 0 0 0 0 3.5557 3.55727 0.10566 0 0 -500 0
49 1
1 13 0 0 0 0 0 0 3.67676 3.67828 0.10566 0 0 -500 0
50 1
1 13 0 0 0 0 0 0 3.69406 3.69557 0.10566 0 0 -500 0
51 1
1 13 0 0 0 0 0 0 3.68629 3.6878 0.10566 0 0 -500 0
52 1
1 13 0 0 0 0 0 0 3.65019 3.65172 0.10566 0 0 -500 0
53 1
1 13 0 0 0 0 0 0 3.62205 3.62359 0.10566 0 0 -500 0
54 1
1 13 0 0 0 0 0 0 3.85655 3.858 0.10566 0 0 -500 0
55 1
1 13 0 0 0 0 0 0 3.79773 3.7992 0.10566 0 0 -500 0
56 1
1 13 0 0 0 0 0 0 3.75516 3.75664 0.10566 0 0 -500 0
57 1
1 13 0 0 0 0 0 0 3.60278 3.60433 0.10566 0 0 -500 0
58 1
1 13 0 0 0 0 0 0 3.84512 3.84657 0.10566 0 0 -500 0
59 1
1 13 0 0 0 0 0 0 3.89135 3.89278 0.10566 0 0 -500 0
60 1
1 13 0 0 0 0 0 0 3.68021 3.68172 0.10566 0 0 -500 0
61 1
1 13 0 0 0 0 0 0 3.89798 3.89941 0.10566 0 0 -500 0
62 1
1 13 0 0 0 0 0 0 3.91617 3.9176 0.10566 0 0 -500 0
63 1
1 13 0 0 0 0 0 0 3.50816 3.50975 0.10566 0 0 -500 0
64 1
1 13 0 0 0 0 0 0 3.97053 3.97193 0.10566 0 0 -500 0
65 1
1 13 0 0 0 0 0 0 3.98845 3.98984 0.10566 0 0 -500 0
66 1
1 13 0 0 0 0 0 0 3.59087 3.59242 0.10566 0 0 -500 0
67 1
1 13 0 0 0 0 0 0 3.54059 3.54216 0.10566 0 0 -500 0
68 1
1 13 0 0 0 0 0 0 3.5672 3.56876 0.10566 0 0 -500 0
69 1
1 13 0 0 0 0 0 0 3.91134 3.91276 0.10566 0 0 -500 0
70 1
1 13 0 0 0 0 0 0 3.63161 3.63314 0.10566 0 0 -500 0
71 1
1 13 0 0 0 0 0 0 3.91929 3.92072 0.10566 0 0 -500 0
72 1
1 13 0 0 0 0 0 0 3.83921 3.84067 0.10566 0 0 -500 0
73 1
1 13 0 0 0 0 0 0 3.93924 3.94066 0.10566 0 0 -500 0
74 1
1 13 0 0 0 0 0 0 3.5086 3.51019 0.10566 0 0 -500 0
75 1
1 13 0 0 0 0 0 0 3.96513 3.96653 0.10566 0 0 -500 0
76 1
1 13 0 0 0 0 0 0 3.81668 3.81814 0.10566 0 0 -500 0
77 1
1 13 0 0 0 0 0 0 3.67233 3.67385 0.10566 0 0 -500 0
78 1
1 13 0 0 0 0 0 0 3.80036 3.80183 0.10566 0 0 -500 0
79 1
1 13 0 0 0 0 0 0 3.61513 3.61667 0.10566 0 0 -500 0
80 1
1 13 0 0 0 0 0 0 3.56693 3.5685 0.10566 0 0 -500 0
81 1
1 13 0 0 0 0 0 0 3.63253 3.63406 0.10566 0 0 -500 0
82 1
1 13 0 0 0 0 0 0 3.75111 3.7526 0.10566 0 0 -500 0
83 1
1 13 0 0 0 0 0 0 3.82526 3.82672 0.10566 0 0 -500 0
84 1
1 13 0 0 0 0 0 0 3.56931 3.57087 0.10566 0 0 -500 0
85 1
1 13 0 0 0 0 0 0 3.51379 3.51538 0.10566 0 0 -500 0
86 1
1 13 0 0 0 0 0 0 3.61194 3.61348 0.10566 0 0 -500 0
87 1
1 13 0 0 0 0 0 0 3.52632 3.5279 0.10566 0 0 -500 0
88 1
1 13 0 0 0 0 0 0 3.84026 3.84171 0.10566 0 0 -500 0
89 1
1 13 0 0 0 0 0 0 3.82919 3.83065 0.10566 0 0 -500 0
90 1
1 13 0 0 0 0 0 0 3.90439 3.90582 0.10566 0 0 -500 0
91 1
1 13 0 0 0 0 0 0 3.62014 3.62169 0.10566 0 0 -500 0
92 1
1 13 0 0 0 0 0 0 3.73682 3.73831 0.10566 0 0 -500 0
93 1
1 13 0 0 0 0 0 0 3.76892 3.7704 0.10566 0 0 -500 0
94 1
1 13 0 0 0 0 0 0 3.83249 3.83394 0.10566 0 0 -500 0
95 1
1 13 0 0 0 0 0 0 3.90722 3.90865 0.10566 0 0 -500 0
96 1
1 13 0 0 0 0 0 0 3.94077 3.94219 0.10566 0 0 -500 0
97 1
1 13 0 0 0 0 0 0 3.50857 3.51016 0.10566 0 0 -500 0
98 1
1 13 0 0 0 0 0 0 3.50289 3.50448 0.10566 0 0 -500 0
99 1
1 13 0 0 0 0 0 0 3.93164 3.93306 0.10566 0 0 -500 0
100 1
1 13 0 0 0 0 0 0 3.71675 3.71825 0.10566 0 0 -500 0
101 1
1 13 0 0 0 0 0 0 3.89378 3.89522 0.10566 0 0 -500 0
102 1
1 13 0 0 0 0 0 0 3.75992 3.76141 0.10566 0 0 -500 0
103 1
1 13 0 0 0 0 0 0 3.99913 4.00052 0.10566 0 0 -500 0
104 1
1 13 0 0 0 0 0 0 3.96666 3.96806 0.10566 0 0 -500 0
105 1
1 13 0 0 0 0 0 0 3.81865 3.82011 0.10566 0 0 -500 0
106 1
1 13 0 0 0 0 0 0 3.9448 3.94621 0.10566 0 0 -500 0
107 1
1 13 0 0 0 0 0 0 3.69643 3.69794 0.10566 0 0 -500 0
108 1
1 13 0 0 0 0 0 0 3.50574 3.50734 0.10566 0 0 -500 0
109 1
1 13 0 0 0 0 0 0 3.53007 3.53165 0.10566 0 0 -500 0
110 1
1 13 0 0 0 0 0 0 3.59665 3.5982 0.10566 0 0 -500 0
111 1
1 13 0 0 0 0 0 0 3.6847 3.68621 0.10566 0 0 -500 0
112 1
1 13 0 0 0 0 0 0 3.85271 3.85416 0.10566 0 0 -500 0
113 1
1 13 0 0 0 0 0 0 3.78606 3.78753 0.10566 0 0 -500 0
114 1
1 13 0 0 0 0 0 0 3.8355 3.83696 0.10566 0 0 -500 0
115 1
1 13 0 0 0 0 0 0 3.82314 3.8246 0.10566 0 0 -500 0
116 1
1 13 0 0 0 0 0 0 3.99228 3.99368 0.10566 0 0 -500 0
117 1
1 13 0 0 0 0 0 0 3.62205 3.62359 0.10566 0 0 -500 0
118 1
1 13 0 0 0 0 0 0 3.80092 3.80239 0.10566 0 0 -500 0
119 1
1 13 0 0 0 0 0 0 3.53511 3.53669 0.10566 0 0 -500 0
120 1
1 13 0 0 0 0 0 0 3.68136 3.68288 0.10566 0 0 -500 0
121 1
1 13 0 0 0 0 0 0 3.65615 3.65767 0.10566 0 0 -500 0
122 1
1 13 0 0 0 0 0 0 3.97197 3.97337 0.10566 0 0 -500 0
123 1
1 13 0 0 0 0 0 0 3.64311 3.64464 0.10566 0 0 -500 0
124 1
1 13 0 0 0 0 0 0 3.62225 3.62379 0.10566 0 0 -500 0
125 1
1 13 0 0 0 0 0 0 3.99648 3.99788 0.10566 0 0 -500 0
126 1
1 13 0 0 0 0 0 0 3.78681 3.78828 0.10566 0 0 -500 0
127 1
1 13 0 0 0 0 0 0 3.95323 3.95464 0.10566 0 0 -500 0
128 1
1 13 0 0 0 0 0 0 3.59204 3.59359 0.10566 0 0 -500 0
129 1
1 13 0 0 0 0 0 0 3.82317 3.82463 0.10566 0 0 -500 0
130 1
1 13 0 0 0 0 0 0 3.75075 3.75224 0.10566 0 0 -500 0
131 1
1 13 0 0 0 0 0 0 3.99475 3.99615 0.10566 0 0 -500 0
132 1
1 13 0 0 0 0 0 0 3.88157 3.88301 0.10566 0 0 -500 0
133 1
1 13 0 0 0 0 0 0 3.72005 3.72155 0.10566 0 0 -500 0
134 1
1 13 0 0 0 0 0 0 3.57923 3.58079 0.10566 0 0 -500 0
135 1
1 13 0 0 0 0 0 0 3.96148 3.96289 0.10566 0 0 -500 0
136 1
1 13 0 0 0 0 0 0 3.8238 3.82526 0.10566 0 0 -500 0
137 1
1 13 0 0 0 0 0 0 3.8507 3.85215 0.10566 0 0 -500 0
138 1
1 13 0 0 0 0 0 0 3.54014 3.54172 0.10566 0 0 -500 0
139 1
1 13 0 0 0 0 0 0 3.65158 3.65311 0.10566 0 0 -500 0
140 1
1 13 0 0 0 0 0 0 3.55936 3.56092 0.10566 0 0 -500 0
141 1
1 13 0 0 0 0 0 0 3.82552 3.82698 0.10566 0 0 -500 0
142 1
1 13 0 0 0 0 0 0 3.5764 3.57796 0.10566 0 0 -500 0
143 1
1 13 0 0 0 0 0 0 3.55223 3.5538 0.10566 0 0 -500 0
144 1
1 13 0 0 0 0 0 0 3.55014 3.55171 0.10566 0 0 -500 0
145 1
1 13 0 0 0 0 0 0 3.66433 3.66585 0.10566 0 0 -500 0
146 1
1 13 0 0 0 0 0 0 3.58279 3.58435 0.10566 0 0 -500 0
147 1
1 13 0 0 0 0 0 0 3.66331 3.66484 0.10566 0 0 -500 0
148 1
1 13 0 0 0 0 0 0 3.73916 3.74066 0.10566 0 0 -500 0
149 1
1 13 0 0 0 0 0 0 3.75289 3.75437 0.10566 0 0 -500 0
150 1
1 13 0 0 0 0 0 0 3.70693 3.70844 0.10566 0 0 -500 0
151 1
1 13 0 0 0 0 0 0 3.86841 3.86986 0.10566 0 0 -500 0
152 1
1 13 0 0 0 0 0 0 3.97192 3.97332 0.10566 0 0 -500 0
153 1
1 13 0 0 0 0 0 0 3.68103 3.68255 0.10566 0 0 -500 0
154 1
1 13 0 0 0 0 0 0 3.95129 3.9527 0.10566 0 0 -500 0
155 1
1 13 0 0 0 0 0 0 3.68019 3.68171 0.10566 0 0 -500 0
156 1
1 13 0 0 0 0 0 0 3.94752 3.94893 0.10566 0 0 -500 0
157 1
1 13 0 0 0 0 0 0 3.78398 3.78546 0.10566 0 0 -500 0
158 1
1 13 0 0 0 0 0 0 3.8692 3.87064 0.10566 0 0 -500 0
159 1
1 13 0 0 0 0 0 0 3.51369 3.51528 0.10566 0 0 -500 0
160 1
1 13 0 0 0 0 0 0 3.73188 3.73338 0.10566 0 0 -500 0
161 1
1 13 0 0 0 0 0 0 3.95237 3.95378 0.10566 0 0 -500 0
162 1
1 13 0 0 0 0 0 0 3.62427 3.62581 0.10566 0 0 -500 0
163 1
1 13 0 0 0 0 0 0 3.73625 3.73775 0.10566 0 0 -500 0
164 1
1 13 0 0 0 0 0 0 3.83633 3.83778 0.10566 0 0 -500 0
165 1
1 13 0 0 0 0 0 0 3.84396 3.84541 0.10566 0 0 -500 0
166 1
1 13 0 0 0 0 0 0 3.53062 3.5322 0.10566 0 0 -500 0
167 1
1 13 0 0 0 0 0 0 3.77249 3.77397 0.10566 0 0 -500 0
168 1
1 13 0 0 0 0 0 0 3.7503 3.75179 0.10566 0 0 -500 0
169 1
1 13 0 0 0 0 0 0 3.68566 3.68717 0.10566 0 0 -500 0
170 1
1 13 0 0 0 0 0 0 3.99227 3.99367 0.10566 0 0 -500 0
171 1
1 13 0 0 0 0 0 0 3.8536 3.85504 0.10566 0 0 -500 0
172 1
1 13 0 0 0 0 0 0 3.53236 3.53394 0.10566 0 0 -500 0
173 1
1 13 0 0 0 0 0 0 3.57584 3.5774 0.10566 0 0 -500 0
174 1
1 13 0 0 0 0 0 0 3.57161 3.57317 0.10566 0 0 -500 0
175 1
1 13 0 0 0 0 0 0 3.79514 3.79661 0.10566 0 0 -500 0
176 1
1 13 0 0 0 0 0 0 3.92861 3.93003 0.10566 0 0 -500 0
177 1
1 13 0 0 0 0 0 0 3.70557 3.70708 0.10566 0 0 -500 0
178 1
1 13 0 0 0 0 0 0 3.84925 3.8507 0.10566 0 0 -500 0
179 1
1 13 0 0 0 0 0 0 3.84966 3.85111 0.10566 0 0 -500 0
180 1
1 13 0 0 0 0 0 0 3.89703 3.89847 0.10566 0 0 -500 0
181 1
1 13 0 0 0 0 0 0 3.70022 3.70173 0.10566 0 0 -500 0
182 1
1 13 0 0 0 0 0 0 3.54993 3.5515 0.10566 0 0 -500 0
183 1
1 13 0 0 0 0 0 0 3.87338 3.87483 0.10566 0 0 -500 0
184 1
1 13 0 0 0 0 0 0 3.63854 3.64008 0.10566 0 0 -500 0
185 1
1 13 0 0 0 0 0 0 3.67563 3.67715 0.10566 0 0 -500 0
186 1
1 13 0 0 0 0 0 0 3.73844 3.73993 0.10566 0 0 -500 0
187 1
1 13 0 0 0 0 0 0 3.73867 3.74016 0.10566 0 0 -500 0
188 1
1 13 0 0 0 0 0 0 3.65849 3.66002 0.10566 0 0 -500 0
189 1
1 13 0 0 0 0 0 0 3.72848 3.72998 0.10566 0 0 -500 0
190 1
1 13 0 0 0 0 0 0 3.76354 3.76502 0.10566 0 0 -500 0
191 1
1 13 0 0 0 0 0 0 3.55587 3.55744 0.10566 0 0 -500 0
192 1
1 13 0 0 0 0 0 0 3.57251 3.57407 0.10566 0 0 -500 0
193 1
1 13 0 0 0 0 0 0 3.82798 3.82944 0.10566 0 0 -500 0
194 1
1 13 0 0 0 0 0 0 3.65818 3.6597 0.10566 0 0 -500 0
195 1
1 13 0 0 0 0 0 0 3.51631 3.51789 0.10566 0 0 -500 0
196 1
1 13 0 0 0 0 0 0 3.56259 3.56416 0.10566 0 0 -500 0
197 1
1 13 0 0 0 0 0 0 3.83069 3.83214 0.10566 0 0 -500 0
198 1
1 13 0 0 0 0 0 0 3.94834 3.94975 0.10566 0 0 -500 0
199 1
1 13 0 0 0 0 0 0 3.56504 3.56661 0.10566 0 0 -500 0
200 1
1 13 0 0 0 0 0 0 3.97014 3.97154 0.10566 0 0 -500 0
201 1
1 13 0 0 0 0 0 0 3.98647 3.98787 0.10566 0 0 -500 0
202 1
1 13 0 0 0 0 0 0 3.8354 3.83685 0.10566 0 0 -500 0
203 1
1 13 0 0 0 0 0 0 3.97793 3.97933 0.10566 0 0 -500 0
204 1
1 13 0 0 0 0 0 0 3.83153 3.83299 0.10566 0 0 -500 0
205 1
1 13 0 0 0 0 0 0 3.84293 3.84438 0.10566 0 0 -500 0
206 1
1 13 0 0 0 0 0 0 3.78253 3.784 0.10566 0 0 -500 0
207 1
1 13 0 0 0 0 0 0 3.58348 3.58504 0.10566 0 0 -500 0
208 1
1 13 0 0 0 0 0 0 3.87842 3.87986 0.10566 0 0 -500 0
209 1
1 13 0 0 0 0 0 0 3.59377 3.59532 0.10566 0 0 -500 0
210 1
1 13 0 0 0 0 0 0 3.54584 3.54741 0.10566 0 0 -500 0
211 1
1 13 0 0 0 0 0 0 3.68436 3.68588 0.10566 0 0 -500 0
212 1
1 13 0 0 0 0 0 0 3.72956 3.73106 0.10566 0 0 -500 0
213 1
1 13 0 0 0 0 0 0 3.99028 3.99168 0.10566 0 0 -500 0
214 1
1 13 0 0 0 0 0 0 3.78759 3.78906 0.10566 0 0 -500 0
215 1
1 13 0 0 0 0 0 0 3.9022 3.90363 0.10566 0 0 -500 0
216 1
1 13 0 0 0 0 0 0 3.54495 3.54652 0.10566 0 0 -500 0
217 1
1 13 0 0 0 0 0 0 3.88944 3.89088 0.10566 0 0 -500 0
218 1
1 13 0 0 0 0 0 0 3.72438 3.72588 0.10566 0 0 -500 0
219 1
1 13 0 0 0 0 0 0 3.87673 3.87817 0.10566 0 0 -500 0
220 1
1 13 0 0 0 0 0 0 3.70691 3.70841 0.10566 0 0 -500 0
221 1
1 13 0 0 0 0 0 0 3.87864 3.88008 0.10566 0 0 -500 0
222 1
1 13 0 0 0 0 0 0 3.8327 3.83416 0.10566 0 0 -500 0
223 1
1 13 0 0 0 0 0 0 3.53243 3.53401 0.10566 0 0 -500 0
224 1
1 13 0 0 0 0 0 0 3.6281 3.62964 0.10566 0 0 -500 0
225 1
1 13 0 0 0 0 0 0 3.99426 3.99566 0.10566 0 0 -500 0
226 1
1 13 0 0 0 0 0 0 3.88465 3.88609 0.10566 0 0 -500 0
227 1
1 13 0 0 0 0 0 0 3.62522 3.62676 0.10566 0 0 -500 0
228 1
1 13 0 0 0 0 0 0 3.54219 3.54377 0.10566 0 0 -500 0
229 1
1 13 0 0 0 0 0 0 3.53098 3.53256 0.10566 0 0 -500 0
230 1
1 13 0 0 0 0 0 0 3.71731 3.71881 0.10566 0 0 -500 0
231 1
1 13 0 0 0 0 0 0 3.93802 3.93944 0.10566 0 0 -500 0
232 1
1 13 0 0 0 0 0 0 3.97101 3.97242 0.10566 0 0 -500 0
233 1
1 13 0 0 0 0 0 0 3.7505 3.75199 0.10566 0 0 -500 0
234 1
1 13 0 0 0 0 0 0 3.65766 3.65919 0.10566 0 0 -500 0
235 1
1 13 0 0 0 0 0 0 3.78277 3.78424 0.10566 0 0 -500 0
236 1
1 13 0 0 0 0 0 0 3.96183 3.96324 0.10566 0 0 -500 0
237 1
1 13 0 0 0 0 0 0 3.75899 3.76048 0.10566 0 0 -500 0
238 1
1 13 0 0 0 0 0 0 3.63891 3.64045 0.10566 0 0 -500 0
239 1
1 13 0 0 0 0 0 0 3.86452 3.86596 0.10566 0 0 -500 0
240 1
1 13 0 0 0 0 0 0 3.98607 3.98747 0.10566 0 0 -500 0
241 1
1 13 0 0 0 0 0 0 3.50861 3.5102 0.10566 0 0 -500 0
242 1
1 13 0 0 0 0 0 0 3.66457 3.66609 0.10566 0 0 -500 0
243 1
1 13 0 0 0 0 0 0 3.55352 3.55509 0.10566 0 0 -500 0
244 1
1 13 0 0 0 0 0 0 3.77434 3.77582 0.10566 0 0 -500 0
245 1
1 13 0 0 0 0 0 0 3.7164 3.7179 0.10566 0 0 -500 0
246 1
1 13 0 0 0 0 0 0 3.87884 3.88028 0.10566 0 0 -500 0
247 1
1 13 0 0 0 0 0 0 3.75142 3.7529 0.10566 0 0 -500 0
248 1
1 13 0 0 0 0 0 0 3.72129 3.72279 0.10566 0 0 -500 0
249 1
1 13 0 0 0 0 0 0 3.59983 3.60138 0.10566 0 0 -500 0
250 1
1 13 0 0 0 0 0 0 3.86804 3.86948 0.10566 0 0 -500 0
251 1
1 13 0 0 0 0 0 0 3.67148 3.673 0.10566 0 0 -500 0
252 1
1 13 0 0 0 0 0 0 3.95849 3.9599 0.10566 0 0 -500 0
253 1
1 13 0 0 0 0 0 0 3.58805 3.5896 0.10566 0 0 -500 0
254 1
1 13 0 0 0 0 0 0 3.54962 3.55119 0.10566 0 0 -500 0
255 1
1 13 0 0 0 0 0 0 3.75954 3.76102 0.10566 0 0 -500 0
256 1
1 13 0 0 0 0 0 0 3.61479 3.61634 0.10566 0 0 -500 0
257 1
1 13 0 0 0 0 0 0 3.6474 3.64893 0.10566 0 0 -500 0
258 1
1 13 0 0 0 0 0 0 3.83103 3.83249 0.10566 0 0 -500 0
259 1
1 13 0 0 0 0 0 0 3.57832 3.57988 0.10566 0 0 -500 0
260 1
1 13 0 0 0 0 0 0 3.96829 3.96969 0.10566 0 0 -500 0
261 1
1 13 0 0 0 0 0 0 3.58435 3.5859 0.10566 0 0 -500 0
262 1
1 13 0 0 0 0 0 0 3.79085 3.79232 0.10566 0 0 -500 0
263 1
1 13 0 0 0 0 0 0 3.50035 3.50194 0.10566 0 0 -500 0
264 1
1 13 0 0 0 0 0 0 3.63918 3.64071 0.10566 0 0 -500 0
265 1
1 13 0 0 0 0 0 0 3.949 3.95041 0.10566 0 0 -500 0
266 1
1 13 0 0 0 0 0 0 3.63035 3.63188 0.10566 0 0 -500 0
267 1
1 13 0 0 0 0 0 0 3.89738 3.89881 0.10566 0 0 -500 0
268 1
1 13 0 0 0 0 0 0 3.51368 3.51527 0.10566 0 0 -500 0
269 1
1 13 0 0 0 0 0 0 3.75804 3.75953 0.10566 0 0 -500 0
270 1
1 13 0 0 0 0 0 0 3.80072 3.80219 0.10566 0 0 -500 0
271 1
1 13 0 0 0 0 0 0 3.70257 3.70408 0.10566 0 0 -500 0
272 1
1 13 0 0 0 0 0 0 3.73137 3.73286 0.10566 0 0 -500 0
273 1
1 13 0 0 0 0 0 0 3.60294 3.60449 0.10566 0 0 -500 0
274 1
1 13 0 0 0 0 0 0 3.60911 3.61065 0.10566 0 0 -500 0
275 1
1 13 0 0 0 0 0 0 3.66697 3.66849 0.10566 0 0 -500 0
276 1
1 13 0 0 0 0 0 0 3.77385 3.77533 0.10566 0 0 -500 0
277 1
1 13 0 0 0 0 0 0 3.50021 3.5018 0.10566 0 0 -500 0
278 1
1 13 0 0 0 0 0 0 3.96306 3.96447 0.10566 0 0 -500 0
279 1
1 13 0 0 0 0 0 0 3.68881 3.69033 0.10566 0 0 -500 0
280 1
1 13 0 0 0 0 0 0 3.61496 3.6165 0.10566 0 0 -500 0
281 1
1 13 0 0 0 0 0 0 3.57377 3.57533 0.10566 0 0 -500 0
282 1
1 13 0 0 0 0 0 0 3.95128 3.95269 0.10566 0 0 -500 0
283 1
1 13 0 0 0 0 0 0 3.54466 3.54623 0.10566 0 0 -500 0
284 1
1 13 0 0 0 0 0 0 3.90844 3.90986 0.10566 0 0 -500 0
285 1
1 13 0 0 0 0 0 0 3.68789 3.68941 0.10566 0 0 -500 0
286 1
1 13 0 0 0 0 0 0 3.57253 3.57409 0.10566 0 0 -500 0
287 1
1 13 0 0 0 0 0 0 3.7971 3.79857 0.10566 0 0 -500 0
288 1
1 13 0 0 0 0 0 0 3.97915 3.98055 0.10566 0 0 -500 0
289 1
1 13 0 0 0 0 0 0 3.59398 3.59553 0.10566 0 0 -500 0
290 1
1 13 0 0 0 0 0 0 3.51864 3.52023 0.10566 0 0 -500 0
291 1
1 13 0 0 0 0 0 0 3.57888 3.58044 0.10566 0 0 -500 0
292 1
1 13 0 0 0 0 0 0 3.94814 3.94955 0.10566 0 0 -500 0
293 1
1 13 0 0 0 0 0 0 3.87333 3.87477 0.10566 0 0 -500 0
294 1
1 13 0 0 0 0 0 0 3.91907 3.92049 0.10566 0 0 -500 0
295 1
1 13 0 0 0 0 0 0 3.52918 3.53077 0.10566 0 0 -500 0
296 1
1 13 0 0 0 0 0 0 3.90337 3.9048 0.10566 0 0 -500 0
297 1
1 13 0 0 0 0 0 0 3.70287 3.70438 0.10566 0 0 -500 0
298 1
1 13 0 0 0 0 0 0 3.71867 3.72017 0.10566 0 0 -500 0
299 1
1 13 0 0 0 0 0 0 3.5647 3.56626 0.10566 0 0 -500 0
300 1
1 13 0 0 0 0 0 0 3.7426 3.74409 0.10566 0 0 -500 0
301 1
1 13 0 0 0 0 0 0 3.70961 3.71112 0.10566 0 0 -500 0
302 1
1 13 0 0 0 0 0 0 3.78364 3.78512 0.10566 0 0 -500 0
303 1
1 13 0 0 0 0 0 0 3.5815 3.58306 0.10566 0 0 -500 0
304 1
1 13 0 0 0 0 0 0 3.56373 3.56529 0.10566 0 0 -500 0
305 1
1 13 0 0 0 0 0 0 3.64257 3.6441 0.10566 0 0 -500 0
306 1
1 13 0 0 0 0 0 0 3.72099 3.72249 0.10566 0 0 -500 0
307 1
1 13 0 0 0 0 0 0 3.63502 3.63656 0.10566 0 0 -500 0
308 1
1 13 0 0 0 0 0 0 3.59358 3.59514 0.10566 0 0 -500 0
309 1
1 13 0 0 0 0 0 0 3.62067 3.62221 0.10566 0 0 -500 0
310 1
1 13 0 0 0 0 0 0 3.8516 3.85305 0.10566 0 0 -500 0
311 1
1 13 0 0 0 0 0 0 3.83688 3.83833 0.10566 0 0 -500 0
312 1
1 13 0 0 0 0 0 0 3.58324 3.5848 0.10566 0 0 -500 0
313 1
1 13 0 0 0 0 0 0 3.8683 3.86974 0.10566 0 0 -500 0
314 1
1 13 0 0 0 0 0 0 3.82876 3.83022 0.10566 0 0 -500 0
315 1
1 13 0 0 0 0 0 0 3.68066 3.68217 0.10566 0 0 -500 0
316 1
1 13 0 0 0 0 0 0 3.72108 3.72258 0.10566 0 0 -500 0
317 1
1 13 0 0 0 0 0 0 3.50973 3.51132 0.10566 0 0 -500 0
318 1
1 13 0 0 0 0 0 0 3.80418 3.80565 0.10566 0 0 -500 0
319 1
1 13 0 0 0 0 0 0 3.6117 3.61325 0.10566 0 0 -500 0
320 1
1 13 0 0 0 0 0 0 3.94946 3.95088 0.10566 0 0 -500 0
321 1
1 13 0 0 0 0 0 0 3.70321 3.70472 0.10566 0 0 -500 0
322 1
1 13 0 0 0 0 0 0 3.69153 3.69304 0.10566 0 0 -500 0
323 1
1 13 0 0 0 0 0 0 3.51579 3.51738 0.10566 0 0 -500 0
324 1
1 13 0 0 0 0 0 0 3.60995 3.6115 0.10566 0 0 -500 0
325 1
1 13 0 0 0 0 0 0 3.65736 3.65889 0.10566 0 0 -500 0
326 1
1 13 0 0 0 0 0 0 3.81954 3.82101 0.10566 0 0 -500 0
327 1
1 13 0 0 0 0 0 0 3.74083 3.74232 0.10566 0 0 -500 0
328 1
1 13 0 0 0 0 0 0 3.62361 3.62515 0.10566 0 0 -500 0
329 1
1 13 0 0 0 0 0 0 3.59019 3.59174 0.10566 0 0 -500 0
330 1
1 13 0 0 0 0 0 0 3.93652 3.93794 0.10566 0 0 -500 0
331 1
1 13 0 0 0 0 0 0 3.93451 3.93593 0.10566 0 0 -500 0
332 1
1 13 0 0 0 0 0 0 3.99097 3.99236 0.10566 0 0 -500 0
333 1
1 13 0 0 0 0 0 0 3.91411 3.91554 0.10566 0 0 -500 0
334 1
1 13 0 0 0 0 0 0 3.86302 3.86447 0.10566 0 0 -500 0
335 1
1 13 0 0 0 0 0 0 3.96087 3.96228 0.10566 0 0 -500 0
336 1
1 13 0 0 0 0 0 0 3.53963 3.54121 0.10566 0 0 -500 0
337 1
1 13 0 0 0 0 0 0 3.66953 3.67106 0.10566 0 0 -500 0
338 1
1 13 0 0 0 0 0 0 3.64502 3.64655 0.10566 0 0 -500 0
339 1
1 13 0 0 0 0 0 0 3.63078 3.63232 0.10566 0 0 -500 0
340 1
1 13 0 0 0 0 0 0 3.55219 3.55377 0.10566 0 0 -500 0
341 1
1 13 0 0 0 0 0 0 3.80199 3.80345 0.10566 0 0 -500 0
342 1
1 13 0 0 0 0 0 0 3.76641 3.76789 0.10566 0 0 -500 0
343 1
1 13 0 0 0 0 0 0 3.68617 3.68768 0.10566 0 0 -500 0
344 1
1 13 0 0 0 0 0 0 3.97241 3.97381 0.10566 0 0 -500 0
345 1
1 13 0 0 0 0 0 0 3.74756 3.74905 0.10566 0 0 -500 0
346 1
1 13 0 0 0 0 0 0 3.75233 3.75382 0.10566 0 0 -500 0
347 1
1 13 0 0 0 0 0 0 3.69362 3.69514 0.10566 0 0 -500 0
348 1
1 13 0 0 0 0 0 0 3.50128 3.50287 0.10566 0 0 -500 0
349 1
1 13 0 0 0 0 0 0 3.87463 3.87607 0.10566 0 0 -500 0
350 1
1 13 0 0 0 0 0 0 3.62162 3.62317 0.10566 0 0 -500 0
351 1
1 13 0 0 0 0 0 0 3.57023 3.57179 0.10566 0 0 -500 0
352 1
1 13 0 0 0 0 0 0 3.8093 3.81077 0.10566 0 0 -500 0
353 1
1 13 0 0 0 0 0 0 3.51945 3.52103 0.10566 0 0 -500 0
354 1
1 13 0 0 0 0 0 0 3.89261 3.89405 0.10566 0 0 -500 0
355 1
1 13 0 0 0 0 0 0 3.66793 3.66946 0.10566 0 0 -500 0
356 1
1 13 0 0 0 0 0 0 3.83433 3.83579 0.10566 0 0 -500 0
357 1
1 13 0 0 0 0 0 0 3.5871 3.58866 0.10566 0 0 -500 0
358 1
1 13 0 0 0 0 0 0 3.86216 3.8636 0.10566 0 0 -500 0
359 1
1 13 0 0 0 0 0 0 3.51257 3.51416 0.10566 0 0 -500 0
360 1
1 13 0 0 0 0 0 0 3.82982 3.83128 0.10566 0 0 -500 0
361 1
1 13 0 0 0 0 0 0 3.60816 3.60971 0.10566 0 0 -500 0
362 1
1 13 0 0 0 0 0 0 3.68941 3.69093 0.10566 0 0 -500 0
363 1
1 13 0 0 0 0 0 0 3.51535 3.51693 0.10566 0 0 -500 0
364 1
1 13 0 0 0 0 0 0 3.9224 3.92382 0.10566 0 0 -500 0
365 1
1 13 0 0 0 0 0 0 3.50454 3.50614 0.10566 0 0 -500 0
366 1
1 13 0 0 0 0 0 0 3.92903 3.93045 0.10566 0 0 -500 0
367 1
1 13 0 0 0 0 0 0 3.77668 3.77815 0.10566 0 0 -500 0
368 1
1 13 0 0 0 0 0 0 3.62634 3.62788 0.10566 0 0 -500 0
369 1
1 13 0 0 0 0 0 0 3.61813 3.61968 0.10566 0 0 -500 0
370 1
1 13 0 0 0 0 0 0 3.894 3.89543 0.10566 0 0 -500 0
371 1
1 13 0 0 0 0 0 0 3.96422 3.96563 0.10566 0 0 -500 0
372 1
1 13 0 0 0 0 0 0 3.98008 3.98149 0.10566 0 0 -500 0
373 1
1 13 0 0 0 0 0 0 3.61425 3.61579 0.10566 0 0 -500 0
374 1
1 13 0 0 0 0 0 0 3.75419 3.75567 0.10566 0 0 -500 0
375 1
1 13 0 0 0 0 0 0 3.87789 3.87933 0.10566 0 0 -500 0
376 1
1 13 0 0 0 0 0 0 3.71388 3.71538 0.10566 0 0 -500 0
377 1
1 13 0 0 0 0 0 0 3.72229 3.72379 0.10566 0 0 -500 0
378 1
1 13 0 0 0 0 0 0 3.78692 3.78839 0.10566 0 0 -500 0
379 1
1 13 0 0 0 0 0 0 3.507 3.50859 0.10566 0 0 -500 0
380 1
1 13 0 0 0 0 0 0 3.73848 3.73998 0.10566 0 0 -500 0
381 1
1 13 0 0 0 0 0 0 3.67733 3.67885 0.10566 0 0 -500 0
382 1
1 13 0 0 0 0 0 0 3.76609 3.76757 0.10566 0 0 -500 0
383 1
1 13 0 0 0 0 0 0 3.89159 3.89302 0.10566 0 0 -500 0
384 1
1 13 0 0 0 0 0 0 3.67726 3.67878 0.10566 0 0 -500 0
385 1
1 13 0 0 0 0 0 0 3.87133 3.87277 0.10566 0 0 -500 0
386 1
1 13 0 0 0 0 0 0 3.62245 3.62399 0.10566 0 0 -500 0
387 1
1 13 0 0 0 0 0 0 3.86412 3.86556 0.10566 0 0 -500 0
388 1
1 13 0 0 0 0 0 0 3.93331 3.93473 0.10566 0 0 -500 0
389 1
1 13 0 0 0 0 0 0 3.88223 3.88367 0.10566 0 0 -500 0
390 1
1 13 0 0 0 0 0 0 3.92585 3.92727 0.10566 0 0 -500 0
391 1
1 13 0 0 0 0 0 0 3.95136 3.95277 0.10566 0 0 -500 0
392 1
1 13 0 0 0 0 0 0 3.62634 3.62788 0.10566 0 0 -500 0
393 1
1 13 0 0 0 0 0 0 3.52924 3.53082 0.10566 0 0 -500 0
394 1
1 13 0 0 0 0 0 0 3.77323 3.77471 0.10566 0 0 -500 0
395 1
1 13 0 0 0 0 0 0 3.94224 3.94366 0.10566 0 0 -500 0
396 1
1 13 0 0 0 0 0 0 3.65038 3.65191 0.10566 0 0 -500 0
397 1
1 13 0 0 0 0 0 0 3.55938 3.56095 0.10566 0 0 -500 0
398 1
1 13 0 0 0 0 0 0 3.73584 3.73733 0.10566 0 0 -500 0
399 1
1 13 0 0 0 0 0 0 3.6962 3.69771 0.10566 0 0 -500 0
400 1
1 13 0 0 0 0 0 0 3.83844 3.83989 0.10566 0 0 -500 0
401 1
1 13 0 0 0 0 0 0 3.77103 3.77251 0.10566 0 0 -500 0
402 1
1 13 0 0 0 0 0 0 3.55457 3.55614 0.10566 0 0 -500 0
403 1
1 13 0 0 0 0 0 0 3.70096 3.70247 0.10566 0 0 -500 0
404 1
1 13 0 0 0 0 0 0 3.61047 3.61201 0.10566 0 0 -500 0
405 1
1 13 0 0 0 0 0 0 3.83218 3.83363 0.10566 0 0 -500 0
406 1
1 13 0 0 0 0 0 0 3.52996 3.53154 0.10566 0 0 -500 0
407 1
1 13 0 0 0 0 0 0 3.95826 3.95967 0.10566 0 0 -500 0
408 1
1 13 0 0 0 0 0 0 3.91416 3.91559 0.10566 0 0 -500 0
409 1
1 13 0 0 0 0 0 0 3.73967 3.74117 0.10566 0 0 -500 0
410 1
1 13 0 0 0 0 0 0 3.51613 3.51772 0.10566 0 0 -500 0
411 1
1 13 0 0 0 0 0 0 3.67011 3.67163 0.10566 0 0 -500 0
412 1
1 13 0 0 0 0 0 0 3.55327 3.55484 0.10566 0 0 -500 0
413 1
1 13 0 0 0 0 0 0 3.50619 3.50778 0.10566 0 0 -500 0
414 1
1 13 0 0 0 0 0 0 3.52862 3.5302 0.10566 0 0 -500 0
415 1
1 13 0 0 0 0 0 0 3.63063 3.63216 0.10566 0 0 -500 0
416 1
1 13 0 0 0 0 0 0 3.59759 3.59915 0.10566 0 0 -500 0
417 1
1 13 0 0 0 0 0 0 3.84389 3.84534 0.10566 0 0 -500 0
418 1
1 13 0 0 0 0 0 0 3.68419 3.6857 0.10566 0 0 -500 0
419 1
1 13 0 0 0 0 0 0 3.51104 3.51263 0.10566 0 0 -500 0
420 1
1 13 0 0 0 0 0 0 3.50833 3.50992 0.10566 0 0 -500 0
421 1
1 13 0 0 0 0 0 0 3.76104 3.76253 0.10566 0 0 -500 0
422 1
1 13 0 0 0 0 0 0 3.77748 3.77896 0.10566 0 0 -500 0
423 1
1 13 0 0 0 0 0 0 3.61444 3.61598 0.10566 0 0 -500 0
424 1
1 13 0 0 0 0 0 0 3.62165 3.62319 0.10566 0 0 -500 0
425 1
1 13 0 0 0 0 0 0 3.56324 3.5648 0.10566 0 0 -500 0
426 1
1 13 0 0 0 0 0 0 3.82544 3.8269 0.10566 0 0 -500 0
427 1
1 13 0 0 0 0 0 0 3.86338 3.86483 0.10566 0 0 -500 0
428 1
1 13 0 0 0 0 0 0 3.56293 3.56449 0.10566 0 0 -500 0
429 1
1 13 0 0 0 0 0 0 3.98574 3.98715 0.10566 0 0 -500 0
430 1
1 13 0 0 0 0 0 0 3.5401 3.54167 0.10566 0 0 -500 0
431 1
1 13 0 0 0 0 0 0 3.9316 3.93302 0.10566 0 0 -500 0
432 1
1 13 0 0 0 0 0 0 3.65851 3.66004 0.10566 0 0 -500 0
433 1
1 13 0 0 0 0 0 0 3.80383 3.8053 0.10566 0 0 -500 0
434 1
1 13 0 0 0 0 0 0 3.89633 3.89776 0.10566 0 0 -500 0
435 1
1 13 0 0 0 0 0 0 3.74022 3.74171 0.10566 0 0 -500 0
436 1
1 13 0 0 0 0 0 0 3.96916 3.97057 0.10566 0 0 -500 0
437 1
1 13 0 0 0 0 0 0 3.89762 3.89905 0.10566 0 0 -500 0
438 1
1 13 0 0 0 0 0 0 3.57708 3.57864 0.10566 0 0 -500 0
439 1
1 13 0 0 0 0 0 0 3.6065 3.60805 0.10566 0 0 -500 0
440 1
1 13 0 0 0 0 0 0 3.88937 3.8908 0.10566 0 0 -500 0
441 1
1 13 0 0 0 0 0 0 3.51574 3.51733 0.10566 0 0 -500 0
442 1
1 13 0 0 0 0 0 0 3.75294 3.75442 0.10566 0 0 -500 0
443 1
1 13 0 0 0 0 0 0 3.77942 3.78089 0.10566 0 0 -500 0
444 1
1 13 0 0 0 0 0 0 3.77626 3.77774 0.10566 0 0 -500 0
445 1
1 13 0 0 0 0 0 0 3.74656 3.74805 0.10566 0 0 -500 0
446 1
1 13 0 0 0 0 0 0 3.526 3.52758 0.10566 0 0 -500 0
447 1
1 13 0 0 0 0 0 0 3.86169 3.86314 0.10566 0 0 -500 0
448 1
1 13 0 0 0 0 0 0 3.60694 3.60848 0.10566 0 0 -500 0
449 1
1 13 0 0 0 0 0 0 3.96103 3.96244 0.10566 0 0 -500 0
450 1
1 13 0 0 0 0 0 0 3.87778 3.87922 0.10566 0 0 -500 0
451 1
1 13 0 0 0 0 0 0 3.6606 3.66213 0.10566 0 0 -500 0
452 1
1 13 0 0 0 0 0 0 3.91493 3.91635 0.10566 0 0 -500 0
453 1
1 13 0 0 0 0 0 0 3.84447 3.84592 0.10566 0 0 -500 0
454 1
1 13 0 0 0 0 0 0 3.7164 3.7179 0.10566 0 0 -500 0
455 1
1 13 0 0 0 0 0 0 3.84783 3.84928 0.10566 0 0 -500 0
456 1
1 13 0 0 0 0 0 0 3.62629 3.62783 0.10566 0 0 -500 0
457 1
1 13 0 0 0 0 0 0 3.59707 3.59863 0.10566 0 0 -500 0
458 1
1 13 0 0 0 0 0 0 3.86346 3.86491 0.10566 0 0 -500 0
459 1
1 13 0 0 0 0 0 0 3.67368 3.6752 0.10566 0 0 -500 0
460 1
1 13 0 0 0 0 0 0 3.85269 3.85414 0.10566 0 0 -500 0
461 1
1 13 0 0 0 0 0 0 3.97351 3.97491 0.10566 0 0 -500 0
462 1
1 13 0 0 0 0 0 0 3.69389 3.6954 0.10566 0 0 -500 0
463 1
1 13 0 0 0 0 0 0 3.79969 3.80116 0.10566 0 0 -500 0
464 1
1 13 0 0 0 0 0 0 3.69195 3.69346 0.10566 0 0 -500 0
465 1
1 13 0 0 0 0 0 0 3.71831 3.71981 0.10566 0 0 -500 0
466 1
1 13 0 0 0 0 0 0 3.79801 3.79948 0.10566 0 0 -500 0
467 1
1 13 0 0 0 0 0 0 3.99601 3.99741 0.10566 0 0 -500 0
468 1
1 13 0 0 0 0 0 0 3.54896 3.55053 0.10566 0 0 -500 0
469 1
1 13 0 0 0 0 0 0 3.97807 3.97948 0.10566 0 0 -500 0
470 1
1 13 0 0 0 0 0 0 3.91855 3.91997 0.10566 0 0 -500 0
471 1
1 13 0 0 0 0 0 0 3.97628 3.97769 0.10566 0 0 -500 0
472 1
1 13 0 0 0 0 0 0 3.95645 3.95786 0.10566 0 0 -500 0
473 1
1 13 0 0 0 0 0 0 3.75356 3.75505 0.10566 0 0 -500 0
474 1
1 13 0 0 0 0 0 0 3.55676 3.55833 0.10566 0 0 -500 0
475 1
1 13 0 0 0 0 0 0 3.57929 3.58085 0.10566 0 0 -500 0
476 1
1 13 0 0 0 0 0 0 3.97027 3.97168 0.10566 0 0 -500 0
477 1
1 13 0 0 0 0 0 0 3.64332 3.64485 0.10566 0 0 -500 0
478 1
1 13 0 0 0 0 0 0 3.97755 3.97895 0.10566 0 0 -500 0
479 1
1 13 0 0 0 0 0 0 3.706 3.7075 0.10566 0 0 -500 0
480 1
1 13 0 0 0 0 0 0 3.97991 3.98131 0.10566 0 0 -500 0
481 1
1 13 0 0 0 0 0 0 3.77829 3.77977 0.10566 0 0 -500 0
482 1
1 13 0 0 0 0 0 0 3.88403 3.88547 0.10566 0 0 -500 0
483 1
1 13 0 0 0 0 0 0 3.98399 3.9854 0.10566 0 0 -500 0
484 1
1 13 0 0 0 0 0 0 3.79965 3.80112 0.10566 0 0 -500 0
485 1
1 13 0 0 0 0 0 0 3.71854 3.72004 0.10566 0 0 -500 0
486 1
1 13 0 0 0 0 0 0 3.54321 3.54479 0.10566 0 0 -500 0
487 1
1 13 0 0 0 0 0 0 3.92343 3.92485 0.10566 0 0 -500 0
488 1
1 13 0 0 0 0 0 0 3.66395 3.66548 0.10566 0 0 -500 0
489 1
1 13 0 0 0 0 0 0 3.68045 3.68197 0.10566 0 0 -500 0
490 1
1 13 0 0 0 0 0 0 3.98031 3.98172 0.10566 0 0 -500 0
491 1
1 13 0 0 0 0 0 0 3.93031 3.93173 0.10566 0 0 -500 0
492 1
1 13 0 0 0 0 0 0 3.74386 3.74535 0.10566 0 0 -500 0
493 1
1 13 0 0 0 0 0 0 3.70354 3.70505 0.10566 0 0 -500 0
494 1
1 13 0 0 0 0 0 0 3.8786 3.88003 0.10566 0 0 -500 0
495 1
1 13 0 0 0 0 0 0 3.53501 3.53659 0.10566 0 0 -500 0
496 1
1 13 0 0 0 0 0 0 3.66099 3.66252 0.10566 0 0 -500 0
497 1
1 13 0 0 0 0 0 0 3.72864 3.73013 0.10566 0 0 -500 0
498 1
1 13 0 0 0 0 0 0 3.68945 3.69096 0.10566 0 0 -500 0
499 1
1 13 0 0 0 0 0 0 3.52036 3.52195 0.10566 0 0 -500 0
500 1
1 13 0 0 0 0 0 0 3.71531 3.71681 0.10566 0 0 -500 0
501 1
1 13 0 0 0 0 0 0 3.53715 3.53873 0.10566 0 0 -500 0
502 1
1 13 0 0 0 0 0 0 3.92336 3.92478 0.10566 0 0 -500 0
503 1
1 13 0 0 0 0 0 0 3.98669 3.98809 0.10566 0 0 -500 0
504 1
1 13 0 0 0 0 0 0 3.8135 3.81496 0.10566 0 0 -500 0
505 1
1 13 0 0 0 0 0 0 3.94065 3.94206 0.10566 0 0 -500 0
506 1
1 13 0 0 0 0 0 0 3.90375 3.90518 0.10566 0 0 -500 0
507 1
1 13 0 0 0 0 0 0 3.88178 3.88322 0.10566 0 0 -500 0
508 1
1 13 0 0 0 0 0 0 3.75639 3.75787 0.10566 0 0 -500 0
509 1
1 13 0 0 0 0 0 0 3.53364 3.53522 0.10566 0 0 -500 0
510 1
1 13 0 0 0 0 0 0 3.913 3.91442 0.10566 0 0 -500 0
511 1
1 13 0 0 0 0 0 0 3.7731 3.77458 0.10566 0 0 -500 0
512 1
1 13 0 0 0 0 0 0 3.63841 3.63995 0.10566 0 0 -500 0
513 1
1 13 0 0 0 0 0 0 3.67507 3.67659 0.10566 0 0 -500 0
514 1
1 13 0 0 0 0 0 0 3.87379 3.87523 0.10566 0 0 -500 0
515 1
1 13 0 0 0 0 0 0 3.57104 3.57261 0.10566 0 0 -500 0
516 1
1 13 0 0 0 0 0 0 3.55361 3.55518 0.10566 0 0 -500 0
517 1
1 13 0 0 0 0 0 0 3.53162 3.53321 0.10566 0 0 -500 0
518 1
1 13 0 0 0 0 0 0 3.94924 3.95066 0.10566 0 0 -500 0
519 1
1 13 0 0 0 0 0 0 3.88551 3.88694 0.10566 0 0 -500 0
520 1
1 13 0 0 0 0 0 0 3.78645 3.78792 0.10566 0 0 -500 0
521 1
1 13 0 0 0 0 0 0 3.64898 3.65051 0.10566 0 0 -500 0
522 1
1 13 0 0 0 0 0 0 3.59841 3.59996 0.10566 0 0 -500 0
523 1
1 13 0 0 0 0 0 0 3.5757 3.57726 0.10566 0 0 -500 0
524 1
1 13 0 0 0 0 0 0 3.92102 3.92245 0.10566 0 0 -500 0
525 1
1 13 0 0 0 0 0 0 3.53438 3.53596 0.10566 0 0 -500 0
526 1
1 13 0 0 0 0 0 0 3.84039 3.84185 0.10566 0 0 -500 0
527 1
1 13 0 0 0 0 0 0 3.59469 3.59624 0.10566 0 0 -500 0
528 1
1 13 0 0 0 0 0 0 3.83252 3.83397 0.10566 0 0 -500 0
529 1
1 13 0 0 0 0 0 0 3.87392 3.87536 0.10566 0 0 -500 0
530 1
1 13 0 0 0 0 0 0 3.69066 3.69217 0.10566 0 0 -500 0
531 1
1 13 0 0 0 0 0 0 3.83985 3.8413 0.10566 0 0 -500 0
532 1
1 13 0 0 0 0 0 0 3.89671 3.89814 0.10566 0 0 -500 0
533 1
1 13 0 0 0 0 0 0 3.68515 3.68667 0.10566 0 0 -500 0
534 1
1 13 0 0 0 0 0 0 3.73929 3.74079 0.10566 0 0 -500 0
535 1
1 13 0 0 0 0 0 0 3.91548 3.9169 0.10566 0 0 -500 0
536 1
1 13 0 0 0 0 0 0 3.68291 3.68442 0.10566 0 0 -500 0
537 1
1 13 0 0 0 0 0 0 3.79008 3.79155 0.10566 0 0 -500 0
538 1
1 13 0 0 0 0 0 0 3.98504 3.98644 0.10566 0 0 -500 0
539 1
1 13 0 0 0 0 0 0 3.58529 3.58685 0.10566 0 0 -500 0
540 1
1 13 0 0 0 0 0 0 3.81594 3.8174 0.10566 0 0 -500 0
541 1
1 13 0 0 0 0 0 0 3.94328 3.94469 0.10566 0 0 -500 0
542 1
1 13 0 0 0 0 0 0 3.70605 3.70755 0.10566 0 0 -500 0
543 1
1 13 0 0 0 0 0 0 3.96161 3.96302 0.10566 0 0 -500 0
544 1
1 13 0 0 0 0 0 0 3.98334 3.98474 0.10566 0 0 -500 0
545 1
1 13 0 0 0 0 0 0 3.68478 3.6863 0.10566 0 0 -500 0
546 1
1 13 0 0 0 0 0 0 3.97398 3.97539 0.10566 0 0 -500 0
547 1
1 13 0 0 0 0 0 0 3.83744 3.8389 0.10566 0 0 -500 0
548 1
1 13 0 0 0 0 0 0 3.88898 3.89042 0.10566 0 0 -500 0
549 1
1 13 0 0 0 0 0 0 3.97346 3.97487 0.10566 0 0 -500 0
550 1
1 13 0 0 0 0 0 0 3.56067 3.56223 0.10566 0 0 -500 0
551 1
1 13 0 0 0 0 0 0 3.52467 3.52626 0.10566 0 0 -500 0
552 1
1 13 0 0 0 0 0 0 3.58944 3.591 0.10566 0 0 -500 0
553 1
1 13 0 0 0 0 0 0 3.64049 3.64202 0.10566 0 0 -500 0
554 1
1 13 0 0 0 0 0 0 3.94824 3.94965 0.10566 0 0 -500 0
555 1
1 13 0 0 0 0 0 0 3.93251 3.93393 0.10566 0 0 -500 0
556 1
1 13 0 0 0 0 0 0 3.92341 3.92483 0.10566 0 0 -500 0
557 1
1 13 0 0 0 0 0 0 3.57227 3.57383 0.10566 0 0 -500 0
558 1
1 13 0 0 0 0 0 0 3.52365 3.52524 0.10566 0 0 -500 0
559 1
1 13 0 0 0 0 0 0 3.83732 3.83877 0.10566 0 0 -500 0
560 1
1 13 0 0 0 0 0 0 3.99355 3.99495 0.10566 0 0 -500 0
561 1
1 13 0 0 0 0 0 0 3.92597 3.9274 0.10566 0 0 -500 0
562 1
1 13 0 0 0 0 0 0 3.69914 3.70065 0.10566 0 0 -500 0
563 1
1 13 0 0 0 0 0 0 3.68578 3.6873 0.10566 0 0 -500 0
564 1
1 13 0 0 0 0 0 0 3.53079 3.53237 0.10566 0 0 -500 0
565 1
1 13 0 0 0 0 0 0 3.59449 3.59604 0.10566 0 0 -500 0
566 1
1 13 0 0 0 0 0 0 3.77886 3.78033 0.10566 0 0 -500 0
567 1
1 13 0 0 0 0 0 0 3.59598 3.59754 0.10566 0 0 -500 0
568 1
1 13 0 0 0 0 0 0 3.83027 3.83173 0.10566 0 0 -500 0
569 1
1 13 0 0 0 0 0 0 3.64988 3.65141 0.10566 0 0 -500 0
570 1
1 13 0 0 0 0 0 0 3.57538 3.57694 0.10566 0 0 -500 0
571 1
1 13 0 0 0 0 0 0 3.55678 3.55835 0.10566 0 0 -500 0
572 1
1 13 0 0 0 0 0 0 3.55169 3.55326 0.10566 0 0 -500 0
573 1
1 13 0 0 0 0 0 0 3.98996 3.99136 0.10566 0 0 -500 0
574 1
1 13 0 0 0 0 0 0 3.78463 3.7861 0.10566 0 0 -500 0
575 1
1 13 0 0 0 0 0 0 3.85876 3.86021 0.10566 0 0 -500 0
576 1
1 13 0 0 0 0 0 0 3.92957 3.93099 0.10566 0 0 -500 0
577 1
1 13 0 0 0 0 0 0 3.55329 3.55486 0.10566 0 0 -500 0
578 1
1 13 0 0 0 0 0 0 3.93578 3.9372 0.10566 0 0 -500 0
579 1
1 13 0 0 0 0 0 0 3.87585 3.87729 0.10566 0 0 -500 0
580 1
1 13 0 0 0 0 0 0 3.84478 3.84624 0.10566 0 0 -500 0
581 1
1 13 0 0 0 0 0 0 3.88336 3.8848 0.10566 0 0 -500 0
582 1
1 13 0 0 0 0 0 0 3.8272 3.82865 0.10566 0 0 -500 0
583 1
1 13 0 0 0 0 0 0 3.56691 3.56847 0.10566 0 0 -500 0
584 1
1 13 0 0 0 0 0 0 3.54203 3.54361 0.10566 0 0 -500 0
585 1
1 13 0 0 0 0 0 0 3.50865 3.51024 0.10566 0 0 -500 0
586 1
1 13 0 0 0 0 0 0 3.91757 3.919 0.10566 0 0 -500 0
587 1
1 13 0 0 0 0 0 0 3.70071 3.70222 0.10566 0 0 -500 0
588 1
1 13 0 0 0 0 0 0 3.6217 3.62324 0.10566 0 0 -500 0
589 1
1 13 0 0 0 0 0 0 3.53104 3.53262 0.10566 0 0 -500 0
590 1
1 13 0 0 0 0 0 0 3.73072 3.73222 0.10566 0 0 -500 0
591 1
1 13 0 0 0 0 0 0 3.76329 3.76477 0.10566 0 0 -500 0
592 1
1 13 0 0 0 0 0 0 3.94436 3.94578 0.10566 0 0 -500 0
593 1
1 13 0 0 0 0 0 0 3.57394 3.5755 0.10566 0 0 -500 0
594 1
1 13 0 0 0 0 0 0 3.72986 3.73136 0.10566 0 0 -500 0
595 1
1 13 0 0 0 0 0 0 3.75529 3.75678 0.10566 0 0 -500 0
596 1
1 13 0 0 0 0 0 0 3.80134 3.80281 0.10566 0 0 -500 0
597 1
1 13 0 0 0 0 0 0 3.52807 3.52965 0.10566 0 0 -500 0
598 1
1 13 0 0 0 0 0 0 3.54601 3.54759 0.10566 0 0 -500 0
599 1
1 13 0 0 0 0 0 0 3.74512 3.74661 0.10566 0 0 -500 0
600 1
1 13 0 0 0 0 0 0 3.89692 3.89835 0.10566 0 0 -500 0
601 1
1 13 0 0 0 0 0 0 3.50726 3.50885 0.10566 0 0 -500 0
602 1
1 13 0 0 0 0 0 0 3.77222 3.7737 0.10566 0 0 -500 0
603 1
1 13 0 0 0 0 0 0 3.74185 3.74334 0.10566 0 0 -500 0
604 1
1 13 0 0 0 0 0 0 3.62745 3.62899 0.10566 0 0 -500 0
605 1
1 13 0 0 0 0 0 0 3.87737 3.87881 0.10566 0 0 -500 0
606 1
1 13 0 0 0 0 0 0 3.72343 3.72493 0.10566 0 0 -500 0
607 1
1 13 0 0 0 0 0 0 3.71278 3.71428 0.10566 0 0 -500 0
608 1
1 13 0 0 0 0 0 0 3.76167 3.76315 0.10566 0 0 -500 0
609 1
1 13 0 0 0 0 0 0 3.79933 3.8008 0.10566 0 0 -500 0
610 1
1 13 0 0 0 0 0 0 3.65381 3.65533 0.10566 0 0 -500 0
611 1
1 13 0 0 0 0 0 0 3.80058 3.80204 0.10566 0 0 -500 0
612 1
1 13 0 0 0 0 0 0 3.91746 3.91888 0.10566 0 0 -500 0
613 1
1 13 0 0 0 0 0 0 3.78604 3.78752 0.10566 0 0 -500 0
614 1
1 13 0 0 0 0 0 0 3.67477 3.67629 0.10566 0 0 -500 0
615 1
1 13 0 0 0 0 0 0 3.96147 3.96288 0.10566 0 0 -500 0
616 1
1 13 0 0 0 0 0 0 3.58695 3.5885 0.10566 0 0 -500 0
617 1
1 13 0 0 0 0 0 0 3.59927 3.60082 0.10566 0 0 -500 0
618 1
1 13 0 0 0 0 0 0 3.65451 3.65603 0.10566 0 0 -500 0
619 1
1 13 0 0 0 0 0 0 3.8137 3.81516 0.10566 0 0 -500 0
620 1
1 13 0 0 0 0 0 0 3.99721 3.99861 0.10566 0 0 -500 0
621 1
1 13 0 0 0 0 0 0 3.63797 3.6395 0.10566 0 0 -500 0
622 1
1 13 0 0 0 0 0 0 3.63932 3.64085 0.10566 0 0 -500 0
623 1
1 13 0 0 0 0 0 0 3.77493 3.77641 0.10566 0 0 -500 0
624 1
1 13 0 0 0 0 0 0 3.84434 3.84579 0.10566 0 0 -500 0
625 1
1 13 0 0 0 0 0 0 3.69626 3.69777 0.10566 0 0 -500 0
626 1
1 13 0 0 0 0 0 0 3.64623 3.64776 0.10566 0 0 -500 0
627 1
1 13 0 0 0 0 0 0 3.77054 3.77202 0.10566 0 0 -500 0
628 1
1 13 0 0 0 0 0 0 3.68841 3.68992 0.10566 0 0 -500 0
629 1
1 13 0 0 0 0 0 0 3.6009 3.60245 0.10566 0 0 -500 0
630 1
1 13 0 0 0 0 0 0 3.54825 3.54982 0.10566 0 0 -500 0
631 1
1 13 0 0 0 0 0 0 3.51071 3.5123 0.10566 0 0 -500 0
632 1
1 13 0 0 0 0 0 0 3.70667 3.70817 0.10566 0 0 -500 0
633 1
1 13 0 0 0 0 0 0 3.81256 3.81403 0.10566 0 0 -500 0
634 1
1 13 0 0 0 0 0 0 3.86924 3.87068 0.10566 0 0 -500 0
635 1
1 13 0 0 0 0 0 0 3.93395 3.93537 0.10566 0 0 -500 0
636 1
1 13 0 0 0 0 0 0 3.93532 3.93674 0.10566 0 0 -500 0
637 1
1 13 0 0 0 0 0 0 3.8773 3.87874 0.10566 0 0 -500 0
638 1
1 13 0 0 0 0 0 0 3.84703 3.84848 0.10566 0 0 -500 0
639 1
1 13 0 0 0 0 0 0 3.5496 3.55117 0.10566 0 0 -500 0
640 1
1 13 0 0 0 0 0 0 3.72955 3.73105 0.10566 0 0 -500 0
641 1
1 13 0 0 0 0 0 0 3.93619 3.93761 0.10566 0 0 -500 0
642 1
1 13 0 0 0 0 0 0 3.98333 3.98473 0.10566 0 0 -500 0
643 1
1 13 0 0 0 0 0 0 3.53869 3.54027 0.10566 0 0 -500 0
644 1
1 13 0 0 0 0 0 0 3.677 3.67852 0.10566 0 0 -500 0
645 1
1 13 0 0 0 0 0 0 3.59753 3.59908 0.10566 0 0 -500 0
646 1
1 13 0 0 0 0 0 0 3.81235 3.81382 0.10566 0 0 -500 0
647 1
1 13 0 0 0 0 0 0 3.85075 3.8522 0.10566 0 0 -500 0
648 1
1 13 0 0 0 0 0 0 3.81999 3.82145 0.10566 0 0 -500 0
649 1
1 13 0 0 0 0 0 0 3.88066 3.88209 0.10566 0 0 -500 0
650 1
1 13 0 0 0 0 0 0 3.66523 3.66675 0.10566 0 0 -500 0
651 1
1 13 0 0 0 0 0 0 3.79396 3.79543 0.10566 0 0 -500 0
652 1
1 13 0 0 0 0 0 0 3.99696 3.99835 0.10566 0 0 -500 0
653 1
1 13 0 0 0 0 0 0 3.91871 3.92014 0.10566 0 0 -500 0
654 1
1 13 0 0 0 0 0 0 3.65077 3.6523 0.10566 0 0 -500 0
655 1
1 13 0 0 0 0 0 0 3.84451 3.84596 0.10566 0 0 -500 0
656 1
1 13 0 0 0 0 0 0 3.64107 3.6426 0.10566 0 0 -500 0
657 1
1 13 0 0 0 0 0 0 3.75297 3.75445 0.10566 0 0 -500 0
658 1
1 13 0 0 0 0 0 0 3.80655 3.80801 0.10566 0 0 -500 0
659 1
1 13 0 0 0 0 0 0 3.62806 3.6296 0.10566 0 0 -500 0
660 1
1 13 0 0 0 0 0 0 3.64907 3.6506 0.10566 0 0 -500 0
661 1
1 13 0 0 0 0 0 0 3.88207 3.88351 0.10566 0 0 -500 0
662 1
1 13 0 0 0 0 0 0 3.93045 3.93187 0.10566 0 0 -500 0
663 1
1 13 0 0 0 0 0 0 3.70593 3.70744 0.10566 0 0 -500 0
664 1
1 13 0 0 0 0 0 0 3.96301 3.96442 0.10566 0 0 -500 0
665 1
1 13 0 0 0 0 0 0 3.83696 3.83842 0.10566 0 0 -500 0
666 1
1 13 0 0 0 0 0 0 3.78712 3.78859 0.10566 0 0 -500 0
667 1
1 13 0 0 0 0 0 0 3.52883 3.53041 0.10566 0 0 -500 0
668 1
1 13 0 0 0 0 0 0 3.52944 3.53102 0.10566 0 0 -500 0
669 1
1 13 0 0 0 0 0 0 3.81439 3.81586 0.10566 0 0 -500 0
670 1
1 13 0 0 0 0 0 0 3.55008 3.55166 0.10566 0 0 -500 0
671 1
1 13 0 0 0 0 0 0 3.91065 3.91207 0.10566 0 0 -500 0
672 1
1 13 0 0 0 0 0 0 3.6416 3.64314 0.10566 0 0 -500 0
673 1
1 13 0 0 0 0 0 0 3.99617 3.99757 0.10566 0 0 -500 0
674 1
1 13 0 0 0 0 0 0 3.55577 3.55734 0.10566 0 0 -500 0
675 1
1 13 0 0 0 0 0 0 3.74246 3.74396 0.10566 0 0 -500 0
676 1
1 13 0 0 0 0 0 0 3.90652 3.90795 0.10566 0 0 -500 0
677 1
1 13 0 0 0 0 0 0 3.72112 3.72262 0.10566 0 0 -500 0
678 1
1 13 0 0 0 0 0 0 3.69997 3.70148 0.10566 0 0 -500 0
679 1
1 13 0 0 0 0 0 0 3.74406 3.74555 0.10566 0 0 -500 0
680 1
1 13 0 0 0 0 0 0 3.83444 3.83589 0.10566 0 0 -500 0
681 1
1 13 0 0 0 0 0 0 3.60879 3.61033 0.10566 0 0 -500 0
682 1
1 13 0 0 0 0 0 0 3.84952 3.85097 0.10566 0 0 -500 0
683 1
1 13 0 0 0 0 0 0 3.51303 3.51462 0.10566 0 0 -500 0
684 1
1 13 0 0 0 0 0 0 3.64937 3.65089 0.10566 0 0 -500 0
685 1
1 13 0 0 0 0 0 0 3.76657 3.76806 0.10566 0 0 -500 0
686 1
1 13 0 0 0 0 0 0 3.52185 3.52344 0.10566 0 0 -500 0
687 1
1 13 0 0 0 0 0 0 3.53196 3.53354 0.10566 0 0 -500 0
688 1
1 13 0 0 0 0 0 0 3.92496 3.92638 0.10566 0 0 -500 0
689 1
1 13 0 0 0 0 0 0 3.70116 3.70267 0.10566 0 0 -500 0
690 1
1 13 0 0 0 0 0 0 3.88759 3.88902 0.10566 0 0 -500 0
691 1
1 13 0 0 0 0 0 0 3.72314 3.72464 0.10566 0 0 -500 0
692 1
1 13 0 0 0 0 0 0 3.59482 3.59637 0.10566 0 0 -500 0
693 1
1 13 0 0 0 0 0 0 3.59403 3.59558 0.10566 0 0 -500 0
694 1
1 13 0 0 0 0 0 0 3.53911 3.54069 0.10566 0 0 -500 0
695 1
1 13 0 0 0 0 0 0 3.79102 3.7925 0.10566 0 0 -500 0
696 1
1 13 0 0 0 0 0 0 3.76419 3.76567 0.10566 0 0 -500 0
697 1
1 13 0 0 0 0 0 0 3.86365 3.8651 0.10566 0 0 -500 0
698 1
1 13 0 0 0 0 0 0 3.90401 3.90544 0.10566 0 0 -500 0
699 1
1 13 0 0 0 0 0 0 3.8178 3.81926 0.10566 0 0 -500 0
700 1
1 13 0 0 0 0 0 0 3.77653 3.77801 0.10566 0 0 -500 0
701 1
1 13 0 0 0 0 0 0 3.8233 3.82476 0.10566 0 0 -500 0
702 1
1 13 0 0 0 0 0 0 3.50709 3.50868 0.10566 0 0 -500 0
703 1
1 13 0 0 0 0 0 0 3.6457 3.64723 0.10566 0 0 -500 0
704 1
1 13 0 0 0 0 0 0 3.50573 3.50732 0.10566 0 0 -500 0
705 1
1 13 0 0 0 0 0 0 3.67304 3.67456 0.10566 0 0 -500 0
706 1
1 13 0 0 0 0 0 0 3.55713 3.5587 0.10566 0 0 -500 0
707 1
1 13 0 0 0 0 0 0 3.59765 3.5992 0.10566 0 0 -500 0
708 1
1 13 0 0 0 0 0 0 3.70765 3.70916 0.10566 0 0 -500 0
709 1
1 13 0 0 0 0 0 0 3.85569 3.85714 0.10566 0 0 -500 0
710 1
1 13 0 0 0 0 0 0 3.64443 3.64596 0.10566 0 0 -500 0
711 1
1 13 0 0 0 0 0 0 3.94427 3.94569 0.10566 0 0 -500 0
712 1
1 13 0 0 0 0 0 0 3.83495 3.83641 0.10566 0 0 -500 0
713 1
1 13 0 0 0 0 0 0 3.86628 3.86773 0.10566 0 0 -500 0
714 1
1 13 0 0 0 0 0 0 3.6361 3.63763 0.10566 0 0 -500 0
715 1
1 13 0 0 0 0 0 0 3.59057 3.59213 0.10566 0 0 -500 0
716 1
1 13 0 0 0 0 0 0 3.87171 3.87316 0.10566 0 0 -500 0
717 1
1 13 0 0 0 0 0 0 3.72713 3.72862 0.10566 0 0 -500 0
718 1
1 13 0 0 0 0 0 0 3.97744 3.97884 0.10566 0 0 -500 0
719 1
1 13 0 0 0 0 0 0 3.87827 3.87971 0.10566 0 0 -500 0
720 1
1 13 0 0 0 0 0 0 3.61025 3.61179 0.10566 0 0 -500 0
721 1
1 13 0 0 0 0 0 0 3.8773 3.87873 0.10566 0 0 -500 0
722 1
1 13 0 0 0 0 0 0 3.54407 3.54564 0.10566 0 0 -500 0
723 1
1 13 0 0 0 0 0 0 3.71223 3.71374 0.10566 0 0 -500 0
724 1
1 13 0 0 0 0 0 0 3.58794 3.58949 0.10566 0 0 -500 0
725 1
1 13 0 0 0 0 0 0 3.53363 3.53521 0.10566 0 0 -500 0
726 1
1 13 0 0 0 0 0 0 3.75318 3.75467 0.10566 0 0 -500 0
727 1
1 13 0 0 0 0 0 0 3.85672 3.85816 0.10566 0 0 -500 0
728 1
1 13 0 0 0 0 0 0 3.85233 3.85378 0.10566 0 0 -500 0
729 1
1 13 0 0 0 0 0 0 3.89735 3.89878 0.10566 0 0 -500 0
730 1
1 13 0 0 0 0 0 0 3.87556 3.877 0.10566 0 0 -500 0
731 1
1 13 0 0 0 0 0 0 3.93743 3.93885 0.10566 0 0 -500 0
732 1
1 13 0 0 0 0 0 0 3.68726 3.68877 0.10566 0 0 -500 0
733 1
1 13 0 0 0 0 0 0 3.83034 3.8318 0.10566 0 0 -500 0
734 1
1 13 0 0 0 0 0 0 3.78624 3.78771 0.10566 0 0 -500 0
735 1
1 13 0 0 0 0 0 0 3.90108 3.90251 0.10566 0 0 -500 0
736 1
1 13 0 0 0 0 0 0 3.65204 3.65356 0.10566 0 0 -500 0
737 1
1 13 0 0 0 0 0 0 3.87679 3.87823 0.10566 0 0 -500 0
738 1
1 13 0 0 0 0 0 0 3.55424 3.55581 0.10566 0 0 -500 0
739 1
1 13 0 0 0 0 0 0 3.56358 3.56514 0.10566 0 0 -500 0
740 1
1 13 0 0 0 0 0 0 3.79935 3.80082 0.10566 0 0 -500 0
741 1
1 13 0 0 0 0 0 0 3.84881 3.85026 0.10566 0 0 -500 0
742 1
1 13 0 0 0 0 0 0 3.68675 3.68826 0.10566 0 0 -500 0
743 1
1 13 0 0 0 0 0 0 3.9898 3.9912 0.10566 0 0 -500 0
744 1
1 13 0 0 0 0 0 0 3.84821 3.84966 0.10566 0 0 -500 0
745 1
1 13 0 0 0 0 0 0 3.71568 3.71719 0.10566 0 0 -500 0
746 1
1 13 0 0 0 0 0 0 3.66356 3.66509 0.10566 0 0 -500 0
747 1
1 13 0 0 0 0 0 0 3.77924 3.78072 0.10566 0 0 -500 0
748 1
1 13 0 0 0 0 0 0 3.53966 3.54124 0.10566 0 0 -500 0
749 1
1 13 0 0 0 0 0 0 3.75819 3.75967 0.10566 0 0 -500 0
750 1
1 13 0 0 0 0 0 0 3.55008 3.55165 0.10566 0 0 -500 0
751 1
1 13 0 0 0 0 0 0 3.64772 3.64925 0.10566 0 0 -500 0
752 1
1 13 0 0 0 0 0 0 3.60795 3.60949 0.10566 0 0 -500 0
753 1
1 13 0 0 0 0 0 0 3.61984 3.62138 0.10566 0 0 -500 0
754 1
1 13 0 0 0 0 0 0 3.83425 3.83571 0.10566 0 0 -500 0
755 1
1 13 0 0 0 0 0 0 3.92275 3.92417 0.10566 0 0 -500 0
756 1
1 13 0 0 0 0 0 0 3.7486 3.75009 0.10566 0 0 -500 0
757 1
1 13 0 0 0 0 0 0 3.65318 3.65471 0.10566 0 0 -500 0
758 1
1 13 0 0 0 0 0 0 3.76517 3.76665 0.10566 0 0 -500 0
759 1
1 13 0 0 0 0 0 0 3.56497 3.56653 0.10566 0 0 -500 0
760 1
1 13 0 0 0 0 0 0 3.77461 3.77609 0.10566 0 0 -500 0
761 1
1 13 0 0 0 0 0 0 3.76816 3.76964 0.10566 0 0 -500 0
762 1
1 13 0 0 0 0 0 0 3.79019 3.79167 0.10566 0 0 -500 0
763 1
1 13 0 0 0 0 0 0 3.51183 3.51342 0.10566 0 0 -500 0
764 1
1 13 0 0 0 0 0 0 3.90535 3.90678 0.10566 0 0 -500 0
765 1
1 13 0 0 0 0 0 0 3.51975 3.52134 0.10566 0 0 -500 0
766 1
1 13 0 0 0 0 0 0 3.67718 3.6787 0.10566 0 0 -500 0
767 1
1 13 0 0 0 0 0 0 3.52118 3.52276 0.10566 0 0 -500 0
768 1
1 13 0 0 0 0 0 0 3.74576 3.74725 0.10566 0 0 -500 0
769 1
1 13 0 0 0 0 0 0 3.79317 3.79465 0.10566 0 0 -500 0
770 1
1 13 0 0 0 0 0 0 3.91666 3.91808 0.10566 0 0 -500 0
771 1
1 13 0 0 0 0 0 0 3.9166 3.91803 0.10566 0 0 -500 0
772 1
1 13 0 0 0 0 0 0 3.96649 3.96789 0.10566 0 0 -500 0
773 1
1 13 0 0 0 0 0 0 3.88413 3.88556 0.10566 0 0 -500 0
774 1
1 13 0 0 0 0 0 0 3.89134 3.89277 0.10566 0 0 -500 0
775 1
1 13 0 0 0 0 0 0 3.68747 3.68899 0.10566 0 0 -500 0
776 1
1 13 0 0 0 0 0 0 3.83677 3.83823 0.10566 0 0 -500 0
777 1
1 13 0 0 0 0 0 0 3.61237 3.61391 0.10566 0 0 -500 0
778 1
1 13 0 0 0 0 0 0 3.81988 3.82134 0.10566 0 0 -500 0
779 1
1 13 0 0 0 0 0 0 3.7357 3.7372 0.10566 0 0 -500 0
780 1
1 13 0 0 0 0 0 0 3.82501 3.82647 0.10566 0 0 -500 0
781 1
1 13 0 0 0 0 0 0 3.84938 3.85083 0.10566 0 0 -500 0
782 1
1 13 0 0 0 0 0 0 3.82922 3.83068 0.10566 0 0 -500 0
783 1
1 13 0 0 0 0 0 0 3.64493 3.64646 0.10566 0 0 -500 0
784 1
1 13 0 0 0 0 0 0 3.7177 3.7192 0.10566 0 0 -500 0
785 1
1 13 0 0 0 0 0 0 3.8781 3.87954 0.10566 0 0 -500 0
786 1
1 13 0 0 0 0 0 0 3.63386 3.6354 0.10566 0 0 -500 0
787 1
1 13 0 0 0 0 0 0 3.69078 3.69229 0.10566 0 0 -500 0
788 1
1 13 0 0 0 0 0 0 3.7825 3.78398 0.10566 0 0 -500 0
789 1
1 13 0 0 0 0 0 0 3.54492 3.5465 0.10566 0 0 -500 0
790 1
1 13 0 0 0 0 0 0 3.5179 3.51949 0.10566 0 0 -500 0
791 1
1 13 0 0 0 0 0 0 3.67877 3.68028 0.10566 0 0 -500 0
792 1
1 13 0 0 0 0 0 0 3.80823 3.8097 0.10566 0 0 -500 0
793 1
1 13 0 0 0 0 0 0 3.84942 3.85087 0.10566 0 0 -500 0
794 1
1 13 0 0 0 0 0 0 3.79143 3.79291 0.10566 0 0 -500 0
795 1
1 13 0 0 0 0 0 0 3.6214 3.62294 0.10566 0 0 -500 0
796 1
1 13 0 0 0 0 0 0 3.53201 3.53359 0.10566 0 0 -500 0
797 1
1 13 0 0 0 0 0 0 3.81412 3.81558 0.10566 0 0 -500 0
798 1
1 13 0 0 0 0 0 0 3.85895 3.8604 0.10566 0 0 -500 0
799 1
1 13 0 0 0 0 0 0 3.91352 3.91494 0.10566 0 0 -500 0
800 1
1 13 0 0 0 0 0 0 3.59317 3.59473 0.10566 0 0 -500 0
801 1
1 13 0 0 0 0 0 0 3.80818 3.80964 0.10566 0 0 -500 0
802 1
1 13 0 0 0 0 0 0 3.91188 3.91331 0.10566 0 0 -500 0
803 1
1 13 0 0 0 0 0 0 3.68638 3.6879 0.10566 0 0 -500 0
804 1
1 13 0 0 0 0 0 0 3.92732 3.92874 0.10566 0 0 -500 0
805 1
1 13 0 0 0 0 0 0 3.60482 3.60636 0.10566 0 0 -500 0
806 1
1 13 0 0 0 0 0 0 3.84735 3.8488 0.10566 0 0 -500 0
807 1
1 13 0 0 0 0 0 0 3.7834 3.78488 0.10566 0 0 -500 0
808 1
1 13 0 0 0 0 0 0 3.59216 3.59371 0.10566 0 0 -500 0
809 1
1 13 0 0 0 0 0 0 3.9067 3.90813 0.10566 0 0 -500 0
810 1
1 13 0 0 0 0 0 0 3.97074 3.97214 0.10566 0 0 -500 0
811 1
1 13 0 0 0 0 0 0 3.68986 3.69137 0.10566 0 0 -500 0
812 1
1 13 0 0 0 0 0 0 3.57311 3.57467 0.10566 0 0 -500 0
813 1
1 13 0 0 0 0 0 0 3.67433 3.67585 0.10566 0 0 -500 0
814 1
1 13 0 0 0 0 0 0 3.85167 3.85312 0.10566 0 0 -500 0
815 1
1 13 0 0 0 0 0 0 3.70085 3.70236 0.10566 0 0 -500 0
816 1
1 13 0 0 0 0 0 0 3.83239 3.83385 0.10566 0 0 -500 0
817 1
1 13 0 0 0 0 0 0 3.83413 3.83559 0.10566 0 0 -500 0
818 1
1 13 0 0 0 0 0 0 3.7154 3.71691 0.10566 0 0 -500 0
819 1
1 13 0 0 0 0 0 0 3.78399 3.78547 0.10566 0 0 -500 0
820 1
1 13 0 0 0 0 0 0 3.84533 3.84678 0.10566 0 0 -500 0
821 1
1 13 0 0 0 0 0 0 3.51128 3.51286 0.10566 0 0 -500 0
822 1
1 13 0 0 0 0 0 0 3.83137 3.83283 0.10566 0 0 -500 0
823 1
1 13 0 0 0 0 0 0 3.85804 3.85949 0.10566 0 0 -500 0
824 1
1 13 0 0 0 0 0 0 3.75168 3.75317 0.10566 0 0 -500 0
825 1
1 13 0 0 0 0 0 0 3.71985 3.72135 0.10566 0 0 -500 0
826 1
1 13 0 0 0 0 0 0 3.93546 3.93688 0.10566 0 0 -500 0
827 1
1 13 0 0 0 0 0 0 3.66681 3.66833 0.10566 0 0 -500 0
828 1
1 13 0 0 0 0 0 0 3.77425 3.77573 0.10566 0 0 -500 0
829 1
1 13 0 0 0 0 0 0 3.5523 3.55387 0.10566 0 0 -500 0
830 1
1 13 0 0 0 0 0 0 3.7408 3.74229 0.10566 0 0 -500 0
831 1
1 13 0 0 0 0 0 0 3.50624 3.50783 0.10566 0 0 -500 0
832 1
1 13 0 0 0 0 0 0 3.78232 3.7838 0.10566 0 0 -500 0
833 1
1 13 0 0 0 0 0 0 3.85845 3.8599 0.10566 0 0 -500 0
834 1
1 13 0 0 0 0 0 0 3.74126 3.74276 0.10566 0 0 -500 0
835 1
1 13 0 0 0 0 0 0 3.86158 3.86303 0.10566 0 0 -500 0
836 1
1 13 0 0 0 0 0 0 3.86444 3.86588 0.10566 0 0 -500 0
837 1
1 13 0 0 0 0 0 0 3.63374 3.63527 0.10566 0 0 -500 0
838 1
1 13 0 0 0 0 0 0 3.97923 3.98063 0.10566 0 0 -500 0
839 1
1 13 0 0 0 0 0 0 3.56219 3.56376 0.10566 0 0 -500 0
840 1
1 13 0 0 0 0 0 0 3.64378 3.64531 0.10566 0 0 -500 0
841 1
1 13 0 0 0 0 0 0 3.58034 3.5819 0.10566 0 0 -500 0
842 1
1 13 0 0 0 0 0 0 3.50911 3.5107 0.10566 0 0 -500 0
843 1
1 13 0 0 0 0 0 0 3.51435 3.51593 0.10566 0 0 -500 0
844 1
1 13 0 0 0 0 0 0 3.64761 3.64914 0.10566 0 0 -500 0
845 1
1 13 0 0 0 0 0 0 3.65631 3.65783 0.10566 0 0 -500 0
846 1
1 13 0 0 0 0 0 0 3.72279 3.72429 0.10566 0 0 -500 0
847 1
1 13 0 0 0 0 0 0 3.9376 3.93902 0.10566 0 0 -500 0
848 1
1 13 0 0 0 0 0 0 3.75144 3.75293 0.10566 0 0 -500 0
849 1
1 13 0 0 0 0 0 0 3.81517 3.81663 0.10566 0 0 -500 0
850 1
1 13 0 0 0 0 0 0 3.72492 3.72642 0.10566 0 0 -500 0
851 1
1 13 0 0 0 0 0 0 3.89065 3.89208 0.10566 0 0 -500 0
852 1
1 13 0 0 0 0 0 0 3.76764 3.76912 0.10566 0 0 -500 0
853 1
1 13 0 0 0 0 0 0 3.74354 3.74503 0.10566 0 0 -500 0
854 1
1 13 0 0 0 0 0 0 3.74226 3.74376 0.10566 0 0 -500 0
855 1
1 13 0 0 0 0 0 0 3.7165 3.718 0.10566 0 0 -500 0
856 1
1 13 0 0 0 0 0 0 3.83184 3.8333 0.10566 0 0 -500 0
857 1
1 13 0 0 0 0 0 0 3.71012 3.71163 0.10566 0 0 -500 0
858 1
1 13 0 0 0 0 0 0 3.62891 3.63044 0.10566 0 0 -500 0
859 1
1 13 0 0 0 0 0 0 3.91055 3.91198 0.10566 0 0 -500 0
860 1
1 13 0 0 0 0 0 0 3.63462 3.63616 0.10566 0 0 -500 0
861 1
1 13 0 0 0 0 0 0 3.98079 3.98219 0.10566 0 0 -500 0
862 1
1 13 0 0 0 0 0 0 3.63203 3.63356 0.10566 0 0 -500 0
863 1
1 13 0 0 0 0 0 0 3.71967 3.72118 0.10566 0 0 -500 0
864 1
1 13 0 0 0 0 0 0 3.72648 3.72798 0.10566 0 0 -500 0
865 1
1 13 0 0 0 0 0 0 3.737 3.7385 0.10566 0 0 -500 0
866 1
1 13 0 0 0 0 0 0 3.9364 3.93782 0.10566 0 0 -500 0
867 1
1 13 0 0 0 0 0 0 3.68566 3.68718 0.10566 0 0 -500 0
868 1
1 13 0 0 0 0 0 0 3.56461 3.56618 0.10566 0 0 -500 0
869 1
1 13 0 0 0 0 0 0 3.73124 3.73274 0.10566 0 0 -500 0
870 1
1 13 0 0 0 0 0 0 3.60764 3.60918 0.10566 0 0 -500 0
871 1
1 13 0 0 0 0 0 0 3.99208 3.99348 0.10566 0 0 -500 0
872 1
1 13 0 0 0 0 0 0 3.99892 4.00032 0.10566 0 0 -500 0
873 1
1 13 0 0 0 0 0 0 3.88232 3.88376 0.10566 0 0 -500 0
874 1
1 13 0 0 0 0 0 0 3.94269 3.9441 0.10566 0 0 -500 0
875 1
1 13 0 0 0 0 0 0 3.94119 3.9426 0.10566 0 0 -500 0
876 1
1 13 0 0 0 0 0 0 3.50878 3.51037 0.10566 0 0 -500 0
877 1
1 13 0 0 0 0 0 0 3.5619 3.56346 0.10566 0 0 -500 0
878 1
1 13 0 0 0 0 0 0 3.71688 3.71839 0.10566 0 0 -500 0
879 1
1 13 0 0 0 0 0 0 3.59535 3.5969 0.10566 0 0 -500 0
880 1
1 13 0 0 0 0 0 0 3.93606 3.93748 0.10566 0 0 -500 0
881 1
1 13 0 0 0 0 0 0 3.51139 3.51298 0.10566 0 0 -500 0
882 1
1 13 0 0 0 0 0 0 3.58332 3.58487 0.10566 0 0 -500 0
883 1
1 13 0 0 0 0 0 0 3.92066 3.92209 0.10566 0 0 -500 0
884 1
1 13 0 0 0 0 0 0 3.63976 3.6413 0.10566 0 0 -500 0
885 1
1 13 0 0 0 0 0 0 3.91737 3.91879 0.10566 0 0 -500 0
886 1
1 13 0 0 0 0 0 0 3.87139 3.87283 0.10566 0 0 -500 0
887 1
1 13 0 0 0 0 0 0 3.75344 3.75493 0.10566 0 0 -500 0
888 1
1 13 0 0 0 0 0 0 3.893 3.89443 0.10566 0 0 -500 0
889 1
1 13 0 0 0 0 0 0 3.88358 3.88502 0.10566 0 0 -500 0
890 1
1 13 0 0 0 0 0 0 3.6866 3.68812 0.10566 0 0 -500 0
891 1
1 13 0 0 0 0 0 0 3.69635 3.69786 0.10566 0 0 -500 0
892 1
1 13 0 0 0 0 0 0 3.83537 3.83683 0.10566 0 0 -500 0
893 1
1 13 0 0 0 0 0 0 3.91359 3.91501 0.10566 0 0 -500 0
894 1
1 13 0 0 0 0 0 0 3.95249 3.9539 0.10566 0 0 -500 0
895 1
1 13 0 0 0 0 0 0 3.57109 3.57265 0.10566 0 0 -500 0
896 1
1 13 0 0 0 0 0 0 3.79673 3.7982 0.10566 0 0 -500 0
897 1
1 13 0 0 0 0 0 0 3.75002 3.7515 0.10566 0 0 -500 0
898 1
1 13 0 0 0 0 0 0 3.65289 3.65442 0.10566 0 0 -500 0
899 1
1 13 0 0 0 0 0 0 3.69137 3.69288 0.10566 0 0 -500 0
900 1
1 13 0 0 0 0 0 0 3.7218 3.7233 0.10566 0 0 -500 0
901 1
1 13 0 0 0 0 0 0 3.52664 3.52822 0.10566 0 0 -500 0
902 1
1 13 0 0 0 0 0 0 3.9367 3.93812 0.10566 0 0 -500 0
903 1
1 13 0 0 0 0 0 0 3.82888 3.83034 0.10566 0 0 -500 0
904 1
1 13 0 0 0 0 0 0 3.52034 3.52193 0.10566 0 0 -500 0
905 1
1 13 0 0 0 0 0 0 3.61448 3.61603 0.10566 0 0 -500 0
906 1
1 13 0 0 0 0 0 0 3.79088 3.79235 0.10566 0 0 -500 0
907 1
1 13 0 0 0 0 0 0 3.50208 3.50368 0.10566 0 0 -500 0
908 1
1 13 0 0 0 0 0 0 3.92149 3.92291 0.10566 0 0 -500 0
909 1
1 13 0 0 0 0 0 0 3.89232 3.89376 0.10566 0 0 -500 0
910 1
1 13 0 0 0 0 0 0 3.67314 3.67466 0.10566 0 0 -500 0
911 1
1 13 0 0 0 0 0 0 3.65673 3.65826 0.10566 0 0 -500 0
912 1
1 13 0 0 0 0 0 0 3.98045 3.98185 0.10566 0 0 -500 0
913 1
1 13 0 0 0 0 0 0 3.79219 3.79366 0.10566 0 0 -500 0
914 1
1 13 0 0 0 0 0 0 3.69522 3.69673 0.10566 0 0 -500 0
915 1
1 13 0 0 0 0 0 0 3.92475 3.92618 0.10566 0 0 -500 0
916 1
1 13 0 0 0 0 0 0 3.70858 3.71009 0.10566 0 0 -500 0
917 1
1 13 0 0 0 0 0 0 3.9581 3.95951 0.10566 0 0 -500 0
918 1
1 13 0 0 0 0 0 0 3.79699 3.79846 0.10566 0 0 -500 0
919 1
1 13 0 0 0 0 0 0 3.56215 3.56372 0.10566 0 0 -500 0
920 1
1 13 0 0 0 0 0 0 3.7411 3.74259 0.10566 0 0 -500 0
921 1
1 13 0 0 0 0 0 0 3.55788 3.55945 0.10566 0 0 -500 0
922 1
1 13 0 0 0 0 0 0 3.68189 3.68341 0.10566 0 0 -500 0
923 1
1 13 0 0 0 0 0 0 3.54876 3.55033 0.10566 0 0 -500 0
924 1
1 13 0 0 0 0 0 0 3.55469 3.55626 0.10566 0 0 -500 0
925 1
1 13 0 0 0 0 0 0 3.50198 3.50357 0.10566 0 0 -500 0
926 1
1 13 0 0 0 0 0 0 3.77676 3.77823 0.10566 0 0 -500 0
927 1
1 13 0 0 0 0 0 0 3.68282 3.68434 0.10566 0 0 -500 0
928 1
1 13 0 0 0 0 0 0 3.82363 3.82509 0.10566 0 0 -500 0
929 1
1 13 0 0 0 0 0 0 3.86847 3.86991 0.10566 0 0 -500 0
930 1
1 13 0 0 0 0 0 0 3.50757 3.50916 0.10566 0 0 -500 0
931 1
1 13 0 0 0 0 0 0 3.73829 3.73979 0.10566 0 0 -500 0
932 1
1 13 0 0 0 0 0 0 3.83224 3.83369 0.10566 0 0 -500 0
933 1
1 13 0 0 0 0 0 0 3.99783 3.99922 0.10566 0 0 -500 0
934 1
1 13 0 0 0 0 0 0 3.83959 3.84104 0.10566 0 0 -500 0
935 1
1 13 0 0 0 0 0 0 3.64369 3.64522 0.10566 0 0 -500 0
936 1
1 13 0 0 0 0 0 0 3.67391 3.67543 0.10566 0 0 -500 0
937 1
1 13 0 0 0 0 0 0 3.70511 3.70662 0.10566 0 0 -500 0
938 1
1 13 0 0 0 0 0 0 3.68925 3.69077 0.10566 0 0 -500 0
939 1
1 13 0 0 0 0 0 0 3.52196 3.52354 0.10566 0 0 -500 0
940 1
1 13 0 0 0 0 0 0 3.8444 3.84585 0.10566 0 0 -500 0
941 1
1 13 0 0 0 0 0 0 3.75163 3.75311 0.10566 0 0 -500 0
942 1
1 13 0 0 0 0 0 0 3.75605 3.75754 0.10566 0 0 -500 0
943 1
1 13 0 0 0 0 0 0 3.63213 3.63367 0.10566 0 0 -500 0
944 1
1 13 0 0 0 0 0 0 3.69473 3.69624 0.10566 0 0 -500 0
945 1
1 13 0 0 0 0 0 0 3.80174 3.80321 0.10566 0 0 -500 0
946 1
1 13 0 0 0 0 0 0 3.67057 3.67209 0.10566 0 0 -500 0
947 1
1 13 0 0 0 0 0 0 3.77926 3.78074 0.10566 0 0 -500 0
948 1
1 13 0 0 0 0 0 0 3.97246 3.97386 0.10566 0 0 -500 0
949 1
1 13 0 0 0 0 0 0 3.95955 3.96096 0.10566 0 0 -500 0
950 1
1 13 0 0 0 0 0 0 3.52972 3.5313 0.10566 0 0 -500 0
951 1
1 13 0 0 0 0 0 0 3.50546 3.50706 0.10566 0 0 -500 0
952 1
1 13 0 0 0 0 0 0 3.95744 3.95885 0.10566 0 0 -500 0
953 1
1 13 0 0 0 0 0 0 3.79737 3.79884 0.10566 0 0 -500 0
954 1
1 13 0 0 0 0 0 0 3.51708 3.51867 0.10566 0 0 -500 0
955 1
1 13 0 0 0 0 0 0 3.6217 3.62324 0.10566 0 0 -500 0
956 1
1 13 0 0 0 0 0 0 3.61821 3.61975 0.10566 0 0 -500 0
957 1
1 13 0 0 0 0 0 0 3.8184 3.81986 0.10566 0 0 -500 0
958 1
1 13 0 0 0 0 0 0 3.70022 3.70173 0.10566 0 0 -500 0
959 1
1 13 0 0 0 0 0 0 3.9369 3.93832 0.10566 0 0 -500 0
960 1
1 13 0 0 0 0 0 0 3.5223 3.52388 0.10566 0 0 -500 0
961 1
1 13 0 0 0 0 0 0 3.72452 3.72601 0.10566 0 0 -500 0
962 1
1 13 0 0 0 0 0 0 3.8544 3.85584 0.10566 0 0 -500 0
963 1
1 13 0 0 0 0 0 0 3.92637 3.92779 0.10566 0 0 -500 0
964 1
1 13 0 0 0 0 0 0 3.57836 3.57992 0.10566 0 0 -500 0
965 1
1 13 0 0 0 0 0 0 3.65232 3.65385 0.10566 0 0 -500 0
966 1
1 13 0 0 0 0 0 0 3.67786 3.67938 0.10566 0 0 -500 0
967 1
1 13 0 0 0 0 0 0 3.54884 3.55041 0.10566 0 0 -500 0
968 1
1 13 0 0 0 0 0 0 3.72762 3.72911 0.10566 0 0 -500 0
969 1
1 13 0 0 0 0 0 0 3.72732 3.72881 0.10566 0 0 -500 0
970 1
1 13 0 0 0 0 0 0 3.51057 3.51216 0.10566 0 0 -500 0
971 1
1 13 0 0 0 0 0 0 3.96575 3.96716 0.10566 0 0 -500 0
972 1
1 13 0 0 0 0 0 0 3.58089 3.58245 0.10566 0 0 -500 0
973 1
1 13 0 0 0 0 0 0 3.8949 3.89633 0.10566 0 0 -500 0
974 1
1 13 0 0 0 0 0 0 3.53408 3.53566 0.10566 0 0 -500 0
975 1
1 13 0 0 0 0 0 0 3.59817 3.59972 0.10566 0 0 -500 0
976 1
1 13 0 0 0 0 0 0 3.72946 3.73096 0.10566 0 0 -500 0
977 1
1 13 0 0 0 0 0 0 3.98379 3.98519 0.10566 0 0 -500 0
978 1
1 13 0 0 0 0 0 0 3.70789 3.70939 0.10566 0 0 -500 0
979 1
1 13 0 0 0 0 0 0 3.84457 3.84602 0.10566 0 0 -500 0
980 1
1 13 0 0 0 0 0 0 3.56816 3.56972 0.10566 0 0 -500 0
981 1
1 13 0 0 0 0 0 0 3.94755 3.94896 0.10566 0 0 -500 0
982 1
1 13 0 0 0 0 0 0 3.73281 3.7343 0.10566 0 0 -500 0
983 1
1 13 0 0 0 0 0 0 3.68332 3.68484 0.10566 0 0 -500 0
984 1
1 13 0 0 0 0 0 0 3.85358 3.85503 0.10566 0 0 -500 0
985 1
1 13 0 0 0 0 0 0 3.824 3.82546 0.10566 0 0 -500 0
986 1
1 13 0 0 0 0 0 0 3.93348 3.9349 0.10566 0 0 -500 0
987 1
1 13 0 0 0 0 0 0 3.83533 3.83678 0.10566 0 0 -500 0
988 1
1 13 0 0 0 0 0 0 3.78806 3.78954 0.10566 0 0 -500 0
989 1
1 13 0 0 0 0 0 0 3.97617 3.97757 0.10566 0 0 -500 0
990 1
1 13 0 0 0 0 0 0 3.87412 3.87556 0.10566 0 0 -500 0
991 1
1 13 0 0 0 0 0 0 3.6241 3.62564 0.10566 0 0 -500 0
992 1
1 13 0 0 0 0 0 0 3.77717 3.77865 0.10566 0 0 -500 0
993 1
1 13 0 0 0 0 0 0 3.83313 3.83459 0.10566 0 0 -500 0
994 1
1 13 0 0 0 0 0 0 3.66613 3.66765 0.10566 0 0 -500 0
995 1
1 13 0 0 0 0 0 0 3.72018 3.72168 0.10566 0 0 -500 0
996 1
1 13 0 0 0 0 0 0 3.78915 3.79062 0.10566 0 0 -500 0
997 1
1 13 0 0 0 0 0 0 3.76014 3.76162 0.10566 0 0 -500 0
998 1
1 13 0 0 0 0 0 0 3.51753 3.51911 0.10566 0 0 -500 0
999 1
1 13 0 0 0 0 0 0 3.90974 3.91117 0.10566 0 0 -500 0