0 1
1 13 0 0 0 0 0 0 4.17076 4.1721 0.10566 0 0 -500 0
1 1
1 13 0 0 0 0 0 0 4.32767 4.32896 0.10566 0 0 -500 0
2 1
1 13 0 0 0 0 0 0 4.35066 4.35194 0.10566 0 0 -500 0
3 1
1 13 0 0 0 0 0 0 4.02716 4.02854 0.10566 0 0 -500 0
4 1
1 13 0 0 0 0 0 0 4.35776 4.35904 0.10566 0 0 -500 0
5 1
1 13 0 0 0 0 0 0 4.33129 4.33258 0.10566 0 0 -500 0
6 1
1 13 0 0 0 0 0 0 4.13428 4.13563 0.10566 0 0 -500 0
7 1
1 13 0 0 0 0 0 0 4.38492 4.38619 0.10566 0 0 -500 0
8 1
1 13 0 0 0 0 0 0 4.1561 4.15745 0.10566 0 0 -500 0
9 1
1 13 0 0 0 0 0 0 4.12662 4.12798 0.10566 0 0 -500 0
10 1
1 13 0 0 0 0 0 0 4.27908 4.28038 0.10566 0 0 -500 0
11 1
1 13 0 0 0 0 0 0 4.04988 4.05126 0.10566 0 0 -500 0
12 1
1 13 0 0 0 0 0 0 4.41319 4.41445 0.10566 0 0 -500 0
13 1
1 13 0 0 0 0 0 0 4.11668 4.11804 0.10566 0 0 -500 0
14 1
1 13 0 0 0 0 0 0 4.01996 4.02135 0.10566 0 0 -500 0
15 1
1 13 0 0 0 0 0 0 4.21249 4.21381 0.10566 0 0 -500 0
16 1
1 13 0 0 0 0 0 0 4.2743 4.27561 0.10566 0 0 -500 0
17 1
1 13 0 0 0 0 0 0 4.36983 4.3711 0.10566 0 0 -500 0
18 1
1 13 0 0 0 0 0 0 4.34154 4.34283 0.10566 0 0 -500 0
19 1
1 13 0 0 0 0 0 0 4.07221 4.07358 0.10566 0 0 -500 0
20 1
1 13 0 0 0 0 0 0 4.19034 4.19167 0.10566 0 0 -500 0
21 1
1 13 0 0 0 0 0 0 4.09976 4.10112 0.10566 0 0 -500 0
22 1
1 13 0 0 0 0 0 0 4.11105 4.11241 0.10566 0 0 -500 0
23 1
1 13 0 0 0 0 0 0 4.32518 4.32647 0.10566 0 0 -500 0
24 1
1 13 0 0 0 0 0 0 4.09331 4.09467 0.10566 0 0 -500 0
25 1
1 13 0 0 0 0 0 0 4.18539 4.18672 0.10566 0 0 -500 0
26 1
1 13 0 0 0 0 0 0 4.49553 4.49678 0.10566 0 0 -500 0
27 1
1 13 0 0 0 0 0 0 4.08913 4.09049 0.10566 0 0 -500 0
28 1
1 13 0 0 0 0 0 0 4.33419 4.33548 0.10566 0 0 -500 0
29 1
1 13 0 0 0 0 0 0 4.30591 4.30721 0.10566 0 0 -500 0
30 1
1 13 0 0 0 0 0 0 4.46239 4.46364 0.10566 0 0 -500 0
31 1
1 13 0 0 0 0 0 0 4.24302 4.24434 0.10566 0 0 -500 0
32 1
1 13 0 0 0 0 0 0 4.36405 4.36533 0.10566 0 0 -500 0
33 1
1 13 0 0 0 0 0 0 4.44187 4.44313 0.10566 0 0 -500 0
34 1
1 13 0 0 0 0 0 0 4.48308 4.48432 0.10566 0 0 -500 0
35 1
1 13 0 0 0 0 0 0 4.20037 4.2017 0.10566 0 0 -500 0
36 1
1 13 0 0 0 0 0 0 4.03548 4.03686 0.10566 0 0 -500 0
37 1
1 13 0 0 0 0 0 0 4.01926 4.02065 0.10566 0 0 -500 0
38 1
1 13 0 0 0 0 0 0 4.36285 4.36413 0.10566 0 0 -500 0
39 1
1 13 0 0 0 0 0 0 4.30633 4.30763 0.10566 0 0 -500 0
40 1
1 13 0 0 0 0 0 0 4.15918 4.16052 0.10566 0 0 -500 0
41 1
1 13 0 0 0 0 0 0 4.03821 4.03959 0.10566 0 0 -500 0
42 1
1 13 0 0 0 0 0 0 4.01662 4.01801 0.10566 0 0 -500 0
43 1
1 13 0 0 0 0 0 0 4.21657 4.2179 0.10566 0 0 -500 0
44 1
1 13 0 0 0 0 0 0 4.4701 4.47135 0.10566 0 0 -500 0
45 1
1 13 0 0 0 0 0 0 4.28014 4.28145 0.10566 0 0 -500 0
46 1
1 13 0 0 0 0 0 0 4.25871 4.26002 0.10566 0 0 -500 0
47 1
1 13 0 0 0 0 0 0 4.43197 4.43323 0.10566 0 0 -500 0
48 1
1 13 0 0 0 0 0 0 4.12159 4.12295 0.10566 0 0 -500 0
49 1
1 13 0 0 0 0 0 0 4.33527 4.33656 0.10566 0 0 -500 0
50 1
1 13 0 0 0 0 0 0 4.3354 4.33668 0.10566 0 0 -500 0
51 1
1 13 0 0 0 0 0 0 4.21015 4.21147 0.10566 0 0 -500 0
52 1
1 13 0 0 0 0 0 0 4.30085 4.30215 0.10566 0 0 -500 0
53 1
1 13 0 0 0 0 0 0 4.05218 4.05355 0.10566 0 0 -500 0
54 1
1 13 0 0 0 0 0 0 4.48722 4.48846 0.10566 0 0 -500 0
55 1
1 13 0 0 0 0 0 0 4.0337 4.03508 0.10566 0 0 -500 0
56 1
1 13 0 0 0 0 0 0 4.01713 4.01852 0.10566 0 0 -500 0
57 1
1 13 0 0 0 0 0 0 4.36112 4.3624 0.10566 0 0 -500 0
58 1
1 13 0 0 0 0 0 0 4.16163 4.16297 0.10566 0 0 -500 0
59 1
1 13 0 0 0 0 0 0 4.33927 4.34056 0.10566 0 0 -500 0
60 1
1 13 0 0 0 0 0 0 4.45672 4.45797 0.10566 0 0 -500 0
61 1
1 13 0 0 0 0 0 0 4.30961 4.3109 0.10566 0 0 -500 0
62 1
1 13 0 0 0 0 0 0 4.0126 4.01399 0.10566 0 0 -500 0
63 1
1 13 0 0 0 0 0 0 4.13994 4.14129 0.10566 0 0 -500 0
64 1
1 13 0 0 0 0 0 0 4.45861 4.45987 0.10566 0 0 -500 0
65 1
1 13 0 0 0 0 0 0 4.39188 4.39315 0.10566 0 0 -500 0
66 1
1 13 0 0 0 0 0 0 4.41267 4.41393 0.10566 0 0 -500 0
67 1
1 13 0 0 0 0 0 0 4.32258 4.32387 0.10566 0 0 -500 0
68 1
1 13 0 0 0 0 0 0 4.49195 4.49319 0.10566 0 0 -500 0
69 1
1 13 0 0 0 0 0 0 4.06071 4.06209 0.10566 0 0 -500 0
70 1
1 13 0 0 0 0 0 0 4.45087 4.45212 0.10566 0 0 -500 0
71 1
1 13 0 0 0 0 0 0 4.29586 4.29716 0.10566 0 0 -500 0
72 1
1 13 0 0 0 0 0 0 4.0229 4.02428 0.10566 0 0 -500 0
73 1
1 13 0 0 0 0 0 0 4.20839 4.20971 0.10566 0 0 -500 0
74 1
1 13 0 0 0 0 0 0 4.28181 4.28311 0.10566 0 0 -500 0
75 1
1 13 0 0 0 0 0 0 4.37388 4.37515 0.10566 0 0 -500 0
76 1
1 13 0 0 0 0 0 0 4.16232 4.16366 0.10566 0 0 -500 0
77 1
1 13 0 0 0 0 0 0 4.13729 4.13864 0.10566 0 0 -500 0
78 1
1 13 0 0 0 0 0 0 4.419 4.42027 0.10566 0 0 -500 0
79 1
1 13 0 0 0 0 0 0 4.15346 4.15481 0.10566 0 0 -500 0
80 1
1 13 0 0 0 0 0 0 4.17434 4.17567 0.10566 0 0 -500 0
81 1
1 13 0 0 0 0 0 0 4.24858 4.24989 0.10566 0 0 -500 0
82 1
1 13 0 0 0 0 0 0 4.31504 4.31633 0.10566 0 0 -500 0
83 1
1 13 0 0 0 0 0 0 4.39345 4.39472 0.10566 0 0 -500 0
84 1
1 13 0 0 0 0 0 0 4.31593 4.31722 0.10566 0 0 -500 0
85 1
1 13 0 0 0 0 0 0 4.17826 4.1796 0.10566 0 0 -500 0
86 1
1 13 0 0 0 0 0 0 4.24402 4.24534 0.10566 0 0 -500 0
87 1
1 13 0 0 0 0 0 0 4.36017 4.36145 0.10566 0 0 -500 0
88 1
1 13 0 0 0 0 0 0 4.25672 4.25803 0.10566 0 0 -500 0
89 1
1 13 0 0 0 0 0 0 4.2032 4.20453 0.10566 0 0 -500 0
90 1
1 13 0 0 0 0 0 0 4.00759 4.00898 0.10566 0 0 -500 0
91 1
1 13 0 0 0 0 0 0 4.19006 4.19139 0.10566 0 0 -500 0
92 1
1 13 0 0 0 0 0 0 4.484 4.48525 0.10566 0 0 -500 0
93 1
1 13 0 0 0 0 0 0 4.03695 4.03833 0.10566 0 0 -500 0
94 1
1 13 0 0 0 0 0 0 4.46763 4.46888 0.10566 0 0 -500 0
95 1
1 13 0 0 0 0 0 0 4.13992 4.14127 0.10566 0 0 -500 0
96 1
1 13 0 0 0 0 0 0 4.30119 4.30249 0.10566 0 0 -500 0
97 1
1 13 0 0 0 0 0 0 4.46556 4.46681 0.10566 0 0 -500 0
98 1
1 13 0 0 0 0 0 0 4.19265 4.19398 0.10566 0 0 -500 0
99 1
1 13 0 0 0 0 0 0 4.21983 4.22115 0.10566 0 0 -500 0
100 1
1 13 0 0 0 0 0 0 4.08409 4.08546 0.10566 0 0 -500 0
101 1
1 13 0 0 0 0 0 0 4.28342 4.28472 0.10566 0 0 -500 0
102 1
1 13 0 0 0 0 0 0 4.03267 4.03405 0.10566 0 0 -500 0
103 1
1 13 0 0 0 0 0 0 4.02333 4.02471 0.10566 0 0 -500 0
104 1
1 13 0 0 0 0 0 0 4.19314 4.19447 0.10566 0 0 -500 0
105 1
1 13 0 0 0 0 0 0 4.26005 4.26136 0.10566 0 0 -500 0
106 1
1 13 0 0 0 0 0 0 4.26591 4.26722 0.10566 0 0 -500 0
107 1
1 13 0 0 0 0 0 0 4.43333 4.43459 0.10566 0 0 -500 0
108 1
1 13 0 0 0 0 0 0 4.40109 4.40236 0.10566 0 0 -500 0
109 1
1 13 0 0 0 0 0 0 4.46768 4.46893 0.10566 0 0 -500 0
110 1
1 13 0 0 0 0 0 0 4.40017 4.40144 0.10566 0 0 -500 0
111 1
1 13 0 0 0 0 0 0 4.22994 4.23126 0.10566 0 0 -500 0
112 1
1 13 0 0 0 0 0 0 4.26491 4.26622 0.10566 0 0 -500 0
113 1
1 13 0 0 0 0 0 0 4.22595 4.22727 0.10566 0 0 -500 0
114 1
1 13 0 0 0 0 0 0 4.3726 4.37388 0.10566 0 0 -500 0
115 1
1 13 0 0 0 0 0 0 4.40834 4.40961 0.10566 0 0 -500 0
116 1
1 13 0 0 0 0 0 0 4.00302 4.00441 0.10566 0 0 -500 0
117 1
1 13 0 0 0 0 0 0 4.10578 4.10714 0.10566 0 0 -500 0
118 1
1 13 0 0 0 0 0 0 4.21867 4.22 0.10566 0 0 -500 0
119 1
1 13 0 0 0 0 0 0 4.33763 4.33892 0.10566 0 0 -500 0
120 1
1 13 0 0 0 0 0 0 4.05223 4.05361 0.10566 0 0 -500 0
121 1
1 13 0 0 0 0 0 0 4.28506 4.28636 0.10566 0 0 -500 0
122 1
1 13 0 0 0 0 0 0 4.3969 4.39817 0.10566 0 0 -500 0
123 1
1 13 0 0 0 0 0 0 4.353 4.35428 0.10566 0 0 -500 0
124 1
1 13 0 0 0 0 0 0 4.45356 4.45481 0.10566 0 0 -500 0
125 1
1 13 0 0 0 0 0 0 4.11735 4.1187 0.10566 0 0 -500 0
126 1
1 13 0 0 0 0 0 0 4.44104 4.4423 0.10566 0 0 -500 0
127 1
1 13 0 0 0 0 0 0 4.31813 4.31942 0.10566 0 0 -500 0
128 1
1 13 0 0 0 0 0 0 4.195 4.19633 0.10566 0 0 -500 0
129 1
1 13 0 0 0 0 0 0 4.43542 4.43667 0.10566 0 0 -500 0
130 1
1 13 0 0 0 0 0 0 4.45043 4.45168 0.10566 0 0 -500 0
131 1
1 13 0 0 0 0 0 0 4.2107 4.21203 0.10566 0 0 -500 0
132 1
1 13 0 0 0 0 0 0 4.07403 4.0754 0.10566 0 0 -500 0
133 1
1 13 0 0 0 0 0 0 4.27005 4.27136 0.10566 0 0 -500 0
134 1
1 13 0 0 0 0 0 0 4.28706 4.28836 0.10566 0 0 -500 0
135 1
1 13 0 0 0 0 0 0 4.49613 4.49737 0.10566 0 0 -500 0
136 1
1 13 0 0 0 0 0 0 4.36179 4.36307 0.10566 0 0 -500 0
137 1
1 13 0 0 0 0 0 0 4.08444 4.08581 0.10566 0 0 -500 0
138 1
1 13 0 0 0 0 0 0 4.39129 4.39256 0.10566 0 0 -500 0
139 1
1 13 0 0 0 0 0 0 4.04906 4.05043 0.10566 0 0 -500 0
140 1
1 13 0 0 0 0 0 0 4.32358 4.32487 0.10566 0 0 -500 0
141 1
1 13 0 0 0 0 0 0 4.18215 4.18349 0.10566 0 0 -500 0
142 1
1 13 0 0 0 0 0 0 4.0514 4.05278 0.10566 0 0 -500 0
143 1
1 13 0 0 0 0 0 0 4.05725 4.05863 0.10566 0 0 -500 0
144 1
1 13 0 0 0 0 0 0 4.32116 4.32245 0.10566 0 0 -500 0
145 1
1 13 0 0 0 0 0 0 4.22068 4.222 0.10566 0 0 -500 0
146 1
1 13 0 0 0 0 0 0 4.03241 4.03379 0.10566 0 0 -500 0
147 1
1 13 0 0 0 0 0 0 4.40659 4.40785 0.10566 0 0 -500 0
148 1
1 13 0 0 0 0 0 0 4.15486 4.1562 0.10566 0 0 -500 0
149 1
1 13 0 0 0 0 0 0 4.46721 4.46845 0.10566 0 0 -500 0
150 1
1 13 0 0 0 0 0 0 4.36667 4.36795 0.10566 0 0 -500 0
151 1
1 13 0 0 0 0 0 0 4.43964 4.44089 0.10566 0 0 -500 0
152 1
1 13 0 0 0 0 0 0 4.33473 4.33602 0.10566 0 0 -500 0
153 1
1 13 0 0 0 0 0 0 4.26963 4.27094 0.10566 0 0 -500 0
154 1
1 13 0 0 0 0 0 0 4.35048 4.35176 0.10566 0 0 -500 0
155 1
1 13 0 0 0 0 0 0 4.01257 4.01396 0.10566 0 0 -500 0
156 1
1 13 0 0 0 0 0 0 4.46148 4.46273 0.10566 0 0 -500 0
157 1
1 13 0 0 0 0 0 0 4.43152 4.43278 0.10566 0 0 -500 0
158 1
1 13 0 0 0 0 0 0 4.48527 4.48652 0.10566 0 0 -500 0
159 1
1 13 0 0 0 0 0 0 4.09594 4.0973 0.10566 0 0 -500 0
160 1
1 13 0 0 0 0 0 0 4.29032 4.29162 0.10566 0 0 -500 0
161 1
1 13 0 0 0 0 0 0 4.09327 4.09463 0.10566 0 0 -500 0
162 1
1 13 0 0 0 0 0 0 4.22396 4.22529 0.10566 0 0 -500 0
163 1
1 13 0 0 0 0 0 0 4.39418 4.39545 0.10566 0 0 -500 0
164 1
1 13 0 0 0 0 0 0 4.34239 4.34368 0.10566 0 0 -500 0
165 1
1 13 0 0 0 0 0 0 4.24073 4.24205 0.10566 0 0 -500 0
166 1
1 13 0 0 0 0 0 0 4.28763 4.28894 0.10566 0 0 -500 0
167 1
1 13 0 0 0 0 0 0 4.46918 4.47043 0.10566 0 0 -500 0
168 1
1 13 0 0 0 0 0 0 4.4536 4.45485 0.10566 0 0 -500 0
169 1
1 13 0 0 0 0 0 0 4.05816 4.05953 0.10566 0 0 -500 0
170 1
1 13 0 0 0 0 0 0 4.20981 4.21114 0.10566 0 0 -500 0
171 1
1 13 0 0 0 0 0 0 4.23312 4.23444 0.10566 0 0 -500 0
172 1
1 13 0 0 0 0 0 0 4.24129 4.24261 0.10566 0 0 -500 0
173 1
1 13 0 0 0 0 0 0 4.11649 4.11784 0.10566 0 0 -500 0
174 1
1 13 0 0 0 0 0 0 4.47743 4.47868 0.10566 0 0 -500 0
175 1
1 13 0 0 0 0 0 0 4.24077 4.24209 0.10566 0 0 -500 0
176 1
1 13 0 0 0 0 0 0 4.24628 4.2476 0.10566 0 0 -500 0
177 1
1 13 0 0 0 0 0 0 4.19041 4.19174 0.10566 0 0 -500 0
178 1
1 13 0 0 0 0 0 0 4.37884 4.38011 0.10566 0 0 -500 0
179 1
1 13 0 0 0 0 0 0 4.33405 4.33534 0.10566 0 0 -500 0
180 1
1 13 0 0 0 0 0 0 4.28573 4.28703 0.10566 0 0 -500 0
181 1
1 13 0 0 0 0 0 0 4.29054 4.29184 0.10566 0 0 -500 0
182 1
1 13 0 0 0 0 0 0 4.40022 4.40149 0.10566 0 0 -500 0
183 1
1 13 0 0 0 0 0 0 4.45027 4.45153 0.10566 0 0 -500 0
184 1
1 13 0 0 0 0 0 0 4.21255 4.21388 0.10566 0 0 -500 0
185 1
1 13 0 0 0 0 0 0 4.04456 4.04594 0.10566 0 0 -500 0
186 1
1 13 0 0 0 0 0 0 4.13565 4.137 0.10566 0 0 -500 0
187 1
1 13 0 0 0 0 0 0 4.07366 4.07503 0.10566 0 0 -500 0
188 1
1 13 0 0 0 0 0 0 4.48865 4.48989 0.10566 0 0 -500 0
189 1
1 13 0 0 0 0 0 0 4.29994 4.30124 0.10566 0 0 -500 0
190 1
1 13 0 0 0 0 0 0 4.4936 4.49485 0.10566 0 0 -500 0
191 1
1 13 0 0 0 0 0 0 4.13992 4.14126 0.10566 0 0 -500 0
192 1
1 13 0 0 0 0 0 0 4.43517 4.43642 0.10566 0 0 -500 0
193 1
1 13 0 0 0 0 0 0 4.27144 4.27275 0.10566 0 0 -500 0
194 1
1 13 0 0 0 0 0 0 4.15211 4.15346 0.10566 0 0 -500 0
195 1
1 13 0 0 0 0 0 0 4.41396 4.41523 0.10566 0 0 -500 0
196 1
1 13 0 0 0 0 0 0 4.11308 4.11443 0.10566 0 0 -500 0
197 1
1 13 0 0 0 0 0 0 4.23581 4.23712 0.10566 0 0 -500 0
198 1
1 13 0 0 0 0 0 0 4.21097 4.21229 0.10566 0 0 -500 0
199 1
1 13 0 0 0 0 0 0 4.08395 4.08531 0.10566 0 0 -500 0
200 1
1 13 0 0 0 0 0 0 4.48443 4.48568 0.10566 0 0 -500 0
201 1
1 13 0 0 0 0 0 0 4.40552 4.40679 0.10566 0 0 -500 0
202 1
1 13 0 0 0 0 0 0 4.02466 4.02605 0.10566 0 0 -500 0
203 1
1 13 0 0 0 0 0 0 4.35206 4.35334 0.10566 0 0 -500 0
204 1
1 13 0 0 0 0 0 0 4.08179 4.08316 0.10566 0 0 -500 0
205 1
1 13 0 0 0 0 0 0 4.43612 4.43738 0.10566 0 0 -500 0
206 1
1 13 0 0 0 0 0 0 4.29442 4.29572 0.10566 0 0 -500 0
207 1
1 13 0 0 0 0 0 0 4.35006 4.35134 0.10566 0 0 -500 0
208 1
1 13 0 0 0 0 0 0 4.27474 4.27604 0.10566 0 0 -500 0
209 1
1 13 0 0 0 0 0 0 4.46032 4.46158 0.10566 0 0 -500 0
210 1
1 13 0 0 0 0 0 0 4.23349 4.23481 0.10566 0 0 -500 0
211 1
1 13 0 0 0 0 0 0 4.07069 4.07207 0.10566 0 0 -500 0
212 1
1 13 0 0 0 0 0 0 4.41425 4.41551 0.10566 0 0 -500 0
213 1
1 13 0 0 0 0 0 0 4.47723 4.47848 0.10566 0 0 -500 0
214 1
1 13 0 0 0 0 0 0 4.09086 4.09223 0.10566 0 0 -500 0
215 1
1 13 0 0 0 0 0 0 4.21229 4.21361 0.10566 0 0 -500 0
216 1
1 13 0 0 0 0 0 0 4.40162 4.40289 0.10566 0 0 -500 0
217 1
1 13 0 0 0 0 0 0 4.03467 4.03606 0.10566 0 0 -500 0
218 1
1 13 0 0 0 0 0 0 4.17146 4.1728 0.10566 0 0 -500 0
219 1
1 13 0 0 0 0 0 0 4.39815 4.39941 0.10566 0 0 -500 0
220 1
1 13 0 0 0 0 0 0 4.31072 4.31201 0.10566 0 0 -500 0
221 1
1 13 0 0 0 0 0 0 4.18748 4.18882 0.10566 0 0 -500 0
222 1
1 13 0 0 0 0 0 0 4.27928 4.28058 0.10566 0 0 -500 0
223 1
1 13 0 0 0 0 0 0 4.21907 4.22039 0.10566 0 0 -500 0
224 1
1 13 0 0 0 0 0 0 4.32093 4.32223 0.10566 0 0 -500 0
225 1
1 13 0 0 0 0 0 0 4.19525 4.19658 0.10566 0 0 -500 0
226 1
1 13 0 0 0 0 0 0 4.00378 4.00517 0.10566 0 0 -500 0
227 1
1 13 0 0 0 0 0 0 4.21168 4.21301 0.10566 0 0 -500 0
228 1
1 13 0 0 0 0 0 0 4.34726 4.34855 0.10566 0 0 -500 0
229 1
1 13 0 0 0 0 0 0 4.41687 4.41814 0.10566 0 0 -500 0
230 1
1 13 0 0 0 0 0 0 4.40128 4.40255 0.10566 0 0 -500 0
231 1
1 13 0 0 0 0 0 0 4.00799 4.00938 0.10566 0 0 -500 0
232 1
1 13 0 0 0 0 0 0 4.08625 4.08761 0.10566 0 0 -500 0
233 1
1 13 0 0 0 0 0 0 4.1822 4.18354 0.10566 0 0 -500 0
234 1
1 13 0 0 0 0 0 0 4.09291 4.09427 0.10566 0 0 -500 0
235 1
1 13 0 0 0 0 0 0 4.32511 4.3264 0.10566 0 0 -500 0
236 1
1 13 0 0 0 0 0 0 4.45414 4.45539 0.10566 0 0 -500 0
237 1
1 13 0 0 0 0 0 0 4.03499 4.03637 0.10566 0 0 -500 0
238 1
1 13 0 0 0 0 0 0 4.20028 4.20161 0.10566 0 0 -500 0
239 1
1 13 0 0 0 0 0 0 4.23702 4.23833 0.10566 0 0 -500 0
240 1
1 13 0 0 0 0 0 0 4.18695 4.18828 0.10566 0 0 -500 0
241 1
1 13 0 0 0 0 0 0 4.37889 4.38017 0.10566 0 0 -500 0
242 1
1 13 0 0 0 0 0 0 4.32835 4.32964 0.10566 0 0 -500 0
243 1
1 13 0 0 0 0 0 0 4.17032 4.17166 0.10566 0 0 -500 0
244 1
1 13 0 0 0 0 0 0 4.15678 4.15812 0.10566 0 0 -500 0
245 1
1 13 0 0 0 0 0 0 4.43735 4.43861 0.10566 0 0 -500 0
246 1
1 13 0 0 0 0 0 0 4.25911 4.26042 0.10566 0 0 -500 0
247 1
1 13 0 0 0 0 0 0 4.35294 4.35422 0.10566 0 0 -500 0
248 1
1 13 0 0 0 0 0 0 4.35779 4.35907 0.10566 0 0 -500 0
249 1
1 13 0 0 0 0 0 0 4.25875 4.26006 0.10566 0 0 -500 0
250 1
1 13 0 0 0 0 0 0 4.17385 4.17518 0.10566 0 0 -500 0
251 1
1 13 0 0 0 0 0 0 4.44037 4.44163 0.10566 0 0 -500 0
252 1
1 13 0 0 0 0 0 0 4.17342 4.17476 0.10566 0 0 -500 0
253 1
1 13 0 0 0 0 0 0 4.01062 4.01201 0.10566 0 0 -500 0
254 1
1 13 0 0 0 0 0 0 4.20501 4.20633 0.10566 0 0 -500 0
255 1
1 13 0 0 0 0 0 0 4.23775 4.23907 0.10566 0 0 -500 0
256 1
1 13 0 0 0 0 0 0 4.25482 4.25613 0.10566 0 0 -500 0
257 1
1 13 0 0 0 0 0 0 4.11054 4.1119 0.10566 0 0 -500 0
258 1
1 13 0 0 0 0 0 0 4.38771 4.38898 0.10566 0 0 -500 0
259 1
1 13 0 0 0 0 0 0 4.03003 4.03141 0.10566 0 0 -500 0
260 1
1 13 0 0 0 0 0 0 4.16767 4.16901 0.10566 0 0 -500 0
261 1
1 13 0 0 0 0 0 0 4.27553 4.27683 0.10566 0 0 -500 0
262 1
1 13 0 0 0 0 0 0 4.38489 4.38616 0.10566 0 0 -500 0
263 1
1 13 0 0 0 0 0 0 4.49519 4.49644 0.10566 0 0 -500 0
264 1
1 13 0 0 0 0 0 0 4.46392 4.46517 0.10566 0 0 -500 0
265 1
1 13 0 0 0 0 0 0 4.26097 4.26228 0.10566 0 0 -500 0
266 1
1 13 0 0 0 0 0 0 4.10843 4.10979 0.10566 0 0 -500 0
267 1
1 13 0 0 0 0 0 0 4.01321 4.0146 0.10566 0 0 -500 0
268 1
1 13 0 0 0 0 0 0 4.05018 4.05155 0.10566 0 0 -500 0
269 1
1 13 0 0 0 0 0 0 4.20697 4.2083 0.10566 0 0 -500 0
270 1
1 13 0 0 0 0 0 0 4.24285 4.24417 0.10566 0 0 -500 0
271 1
1 13 0 0 0 0 0 0 4.11442 4.11577 0.10566 0 0 -500 0
272 1
1 13 0 0 0 0 0 0 4.20556 4.20689 0.10566 0 0 -500 0
273 1
1 13 0 0 0 0 0 0 4.49839 4.49963 0.10566 0 0 -500 0
274 1
1 13 0 0 0 0 0 0 4.23989 4.24121 0.10566 0 0 -500 0
275 1
1 13 0 0 0 0 0 0 4.11881 4.12017 0.10566 0 0 -500 0
276 1
1 13 0 0 0 0 0 0 4.05341 4.05479 0.10566 0 0 -500 0
277 1
1 13 0 0 0 0 0 0 4.20225 4.20358 0.10566 0 0 -500 0
278 1
1 13 0 0 0 0 0 0 4.44762 4.44888 0.10566 0 0 -500 0
279 1
1 13 0 0 0 0 0 0 4.27783 4.27913 0.10566 0 0 -500 0
280 1
1 13 0 0 0 0 0 0 4.00122 4.00261 0.10566 0 0 -500 0
281 1
1 13 0 0 0 0 0 0 4.13872 4.14006 0.10566 0 0 -500 0
282 1
1 13 0 0 0 0 0 0 4.10866 4.11002 0.10566 0 0 -500 0
283 1
1 13 0 0 0 0 0 0 4.38426 4.38553 0.10566 0 0 -500 0
284 1
1 13 0 0 0 0 0 0 4.142 4.14335 0.10566 0 0 -500 0
285 1
1 13 0 0 0 0 0 0 4.14152 4.14287 0.10566 0 0 -500 0
286 1
1 13 0 0 0 0 0 0 4.17768 4.17902 0.10566 0 0 -500 0
287 1
1 13 0 0 0 0 0 0 4.06687 4.06824 0.10566 0 0 -500 0
288 1
1 13 0 0 0 0 0 0 4.29363 4.29493 0.10566 0 0 -500 0
289 1
1 13 0 0 0 0 0 0 4.31781 4.3191 0.10566 0 0 -500 0
290 1
1 13 0 0 0 0 0 0 4.06503 4.06641 0.10566 0 0 -500 0
291 1
1 13 0 0 0 0 0 0 4.22118 4.2225 0.10566 0 0 -500 0
292 1
1 13 0 0 0 0 0 0 4.44113 4.44238 0.10566 0 0 -500 0
293 1
1 13 0 0 0 0 0 0 4.21517 4.21649 0.10566 0 0 -500 0
294 1
1 13 0 0 0 0 0 0 4.02091 4.0223 0.10566 0 0 -500 0
295 1
1 13 0 0 0 0 0 0 4.40287 4.40414 0.10566 0 0 -500 0
296 1
1 13 0 0 0 0 0 0 4.47795 4.4792 0.10566 0 0 -500 0
297 1
1 13 0 0 0 0 0 0 4.00535 4.00675 0.10566 0 0 -500 0
298 1
1 13 0 0 0 0 0 0 4.02949 4.03087 0.10566 0 0 -500 0
299 1
1 13 0 0 0 0 0 0 4.383 4.38428 0.10566 0 0 -500 0
300 1
1 13 0 0 0 0 0 0 4.42278 4.42404 0.10566 0 0 -500 0
301 1
1 13 0 0 0 0 0 0 4.46904 4.47029 0.10566 0 0 -500 0
302 1
1 13 0 0 0 0 0 0 4.37013 4.37141 0.10566 0 0 -500 0
303 1
1 13 0 0 0 0 0 0 4.2003 4.20163 0.10566 0 0 -500 0
304 1
1 13 0 0 0 0 0 0 4.10055 4.10192 0.10566 0 0 -500 0
305 1
1 13 0 0 0 0 0 0 4.07369 4.07506 0.10566 0 0 -500 0
306 1
1 13 0 0 0 0 0 0 4.15509 4.15643 0.10566 0 0 -500 0
307 1
1 13 0 0 0 0 0 0 4.25833 4.25964 0.10566 0 0 -500 0
308 1
1 13 0 0 0 0 0 0 4.15048 4.15183 0.10566 0 0 -500 0
309 1
1 13 0 0 0 0 0 0 4.37397 4.37525 0.10566 0 0 -500 0
310 1
1 13 0 0 0 0 0 0 4.29347 4.29477 0.10566 0 0 -500 0
311 1
1 13 0 0 0 0 0 0 4.22801 4.22933 0.10566 0 0 -500 0
312 1
1 13 0 0 0 0 0 0 4.20933 4.21066 0.10566 0 0 -500 0
313 1
1 13 0 0 0 0 0 0 4.02325 4.02464 0.10566 0 0 -500 0
314 1
1 13 0 0 0 0 0 0 4.41085 4.41212 0.10566 0 0 -500 0
315 1
1 13 0 0 0 0 0 0 4.14247 4.14381 0.10566 0 0 -500 0
316 1
1 13 0 0 0 0 0 0 4.28086 4.28217 0.10566 0 0 -500 0
317 1
1 13 0 0 0 0 0 0 4.3525 4.35378 0.10566 0 0 -500 0
318 1
1 13 0 0 0 0 0 0 4.38115 4.38242 0.10566 0 0 -500 0
319 1
1 13 0 0 0 0 0 0 4.31343 4.31473 0.10566 0 0 -500 0
320 1
1 13 0 0 0 0 0 0 4.08627 4.08764 0.10566 0 0 -500 0
321 1
1 13 0 0 0 0 0 0 4.44249 4.44375 0.10566 0 0 -500 0
322 1
1 13 0 0 0 0 0 0 4.49164 4.49288 0.10566 0 0 -500 0
323 1
1 13 0 0 0 0 0 0 4.17276 4.1741 0.10566 0 0 -500 0
324 1
1 13 0 0 0 0 0 0 4.02908 4.03047 0.10566 0 0 -500 0
325 1
1 13 0 0 0 0 0 0 4.07638 4.07775 0.10566 0 0 -500 0
326 1
1 13 0 0 0 0 0 0 4.01307 4.01446 0.10566 0 0 -500 0
327 1
1 13 0 0 0 0 0 0 4.1781 4.17943 0.10566 0 0 -500 0
328 1
1 13 0 0 0 0 0 0 4.19147 4.1928 0.10566 0 0 -500 0
329 1
1 13 0 0 0 0 0 0 4.44132 4.44257 0.10566 0 0 -500 0
330 1
1 13 0 0 0 0 0 0 4.12822 4.12957 0.10566 0 0 -500 0
331 1
1 13 0 0 0 0 0 0 4.16463 4.16597 0.10566 0 0 -500 0
332 1
1 13 0 0 0 0 0 0 4.23366 4.23497 0.10566 0 0 -500 0
333 1
1 13 0 0 0 0 0 0 4.37861 4.37988 0.10566 0 0 -500 0
334 1
1 13 0 0 0 0 0 0 4.36586 4.36714 0.10566 0 0 -500 0
335 1
1 13 0 0 0 0 0 0 4.45743 4.45868 0.10566 0 0 -500 0
336 1
1 13 0 0 0 0 0 0 4.12883 4.13018 0.10566 0 0 -500 0
337 1
1 13 0 0 0 0 0 0 4.20207 4.20339 0.10566 0 0 -500 0
338 1
1 13 0 0 0 0 0 0 4.10615 4.10751 0.10566 0 0 -500 0
339 1
1 13 0 0 0 0 0 0 4.3796 4.38088 0.10566 0 0 -500 0
340 1
1 13 0 0 0 0 0 0 4.19491 4.19624 0.10566 0 0 -500 0
341 1
1 13 0 0 0 0 0 0 4.16027 4.16161 0.10566 0 0 -500 0
342 1
1 13 0 0 0 0 0 0 4.06508 4.06646 0.10566 0 0 -500 0
343 1
1 13 0 0 0 0 0 0 4.47437 4.47562 0.10566 0 0 -500 0
344 1
1 13 0 0 0 0 0 0 4.25507 4.25638 0.10566 0 0 -500 0
345 1
1 13 0 0 0 0 0 0 4.02332 4.02471 0.10566 0 0 -500 0
346 1
1 13 0 0 0 0 0 0 4.45033 4.45158 0.10566 0 0 -500 0
347 1
1 13 0 0 0 0 0 0 4.35281 4.35409 0.10566 0 0 -500 0
348 1
1 13 0 0 0 0 0 0 4.15397 4.15531 0.10566 0 0 -500 0
349 1
1 13 0 0 0 0 0 0 4.25258 4.25389 0.10566 0 0 -500 0
350 1
1 13 0 0 0 0 0 0 4.48975 4.49099 0.10566 0 0 -500 0
351 1
1 13 0 0 0 0 0 0 4.14478 4.14613 0.10566 0 0 -500 0
352 1
1 13 0 0 0 0 0 0 4.00246 4.00386 0.10566 0 0 -500 0
353 1
1 13 0 0 0 0 0 0 4.02636 4.02775 0.10566 0 0 -500 0
354 1
1 13 0 0 0 0 0 0 4.06648 4.06785 0.10566 0 0 -500 0
355 1
1 13 0 0 0 0 0 0 4.23071 4.23203 0.10566 0 0 -500 0
356 1
1 13 0 0 0 0 0 0 4.00184 4.00324 0.10566 0 0 -500 0
357 1
1 13 0 0 0 0 0 0 4.11109 4.11244 0.10566 0 0 -500 0
358 1
1 13 0 0 0 0 0 0 4.30143 4.30272 0.10566 0 0 -500 0
359 1
1 13 0 0 0 0 0 0 4.16608 4.16742 0.10566 0 0 -500 0
360 1
1 13 0 0 0 0 0 0 4.49202 4.49326 0.10566 0 0 -500 0
361 1
1 13 0 0 0 0 0 0 4.09424 4.09561 0.10566 0 0 -500 0
362 1
1 13 0 0 0 0 0 0 4.49938 4.50062 0.10566 0 0 -500 0
363 1
1 13 0 0 0 0 0 0 4.39062 4.39189 0.10566 0 0 -500 0
364 1
1 13 0 0 0 0 0 0 4.02672 4.0281 0.10566 0 0 -500 0
365 1
1 13 0 0 0 0 0 0 4.27689 4.27819 0.10566 0 0 -500 0
366 1
1 13 0 0 0 0 0 0 4.00826 4.00965 0.10566 0 0 -500 0
367 1
1 13 0 0 0 0 0 0 4.1923 4.19363 0.10566 0 0 -500 0
368 1
1 13 0 0 0 0 0 0 4.48506 4.4863 0.10566 0 0 -500 0
369 1
1 13 0 0 0 0 0 0 4.26296 4.26427 0.10566 0 0 -500 0
370 1
1 13 0 0 0 0 0 0 4.13242 4.13377 0.10566 0 0 -500 0
371 1
1 13 0 0 0 0 0 0 4.2109 4.21222 0.10566 0 0 -500 0
372 1
1 13 0 0 0 0 0 0 4.0724 4.07378 0.10566 0 0 -500 0
373 1
1 13 0 0 0 0 0 0 4.21119 4.21252 0.10566 0 0 -500 0
374 1
1 13 0 0 0 0 0 0 4.3224 4.32369 0.10566 0 0 -500 0
375 1
1 13 0 0 0 0 0 0 4.46482 4.46607 0.10566 0 0 -500 0
376 1
1 13 0 0 0 0 0 0 4.09352 4.09488 0.10566 0 0 -500 0
377 1
1 13 0 0 0 0 0 0 4.073 4.07437 0.10566 0 0 -500 0
378 1
1 13 0 0 0 0 0 0 4.24327 4.24458 0.10566 0 0 -500 0
379 1
1 13 0 0 0 0 0 0 4.32436 4.32565 0.10566 0 0 -500 0
380 1
1 13 0 0 0 0 0 0 4.44429 4.44555 0.10566 0 0 -500 0
381 1
1 13 0 0 0 0 0 0 4.19863 4.19996 0.10566 0 0 -500 0
382 1
1 13 0 0 0 0 0 0 4.13823 4.13957 0.10566 0 0 -500 0
383 1
1 13 0 0 0 0 0 0 4.06796 4.06933 0.10566 0 0 -500 0
384 1
1 13 0 0 0 0 0 0 4.28172 4.28302 0.10566 0 0 -500 0
385 1
1 13 0 0 0 0 0 0 4.25339 4.2547 0.10566 0 0 -500 0
386 1
1 13 0 0 0 0 0 0 4.42471 4.42597 0.10566 0 0 -500 0
387 1
1 13 0 0 0 0 0 0 4.34724 4.34853 0.10566 0 0 -500 0
388 1
1 13 0 0 0 0 0 0 4.20131 4.20264 0.10566 0 0 -500 0
389 1
1 13 0 0 0 0 0 0 4.30679 4.30808 0.10566 0 0 -500 0
390 1
1 13 0 0 0 0 0 0 4.01264 4.01403 0.10566 0 0 -500 0
391 1
1 13 0 0 0 0 0 0 4.4736 4.47485 0.10566 0 0 -500 0
392 1
1 13 0 0 0 0 0 0 4.11601 4.11736 0.10566 0 0 -500 0
393 1
1 13 0 0 0 0 0 0 4.31278 4.31407 0.10566 0 0 -500 0
394 1
1 13 0 0 0 0 0 0 4.1513 4.15264 0.10566 0 0 -500 0
395 1
1 13 0 0 0 0 0 0 4.35829 4.35957 0.10566 0 0 -500 0
396 1
1 13 0 0 0 0 0 0 4.20597 4.2073 0.10566 0 0 -500 0
397 1
1 13 0 0 0 0 0 0 4.18895 4.19028 0.10566 0 0 -500 0
398 1
1 13 0 0 0 0 0 0 4.17051 4.17185 0.10566 0 0 -500 0
399 1
1 13 0 0 0 0 0 0 4.44 4.44126 0.10566 0 0 -500 0
400 1
1 13 0 0 0 0 0 0 4.30538 4.30667 0.10566 0 0 -500 0
401 1
1 13 0 0 0 0 0 0 4.45476 4.45602 0.10566 0 0 -500 0
402 1
1 13 0 0 0 0 0 0 4.23742 4.23874 0.10566 0 0 -500 0
403 1
1 13 0 0 0 0 0 0 4.11972 4.12108 0.10566 0 0 -500 0
404 1
1 13 0 0 0 0 0 0 4.34183 4.34312 0.10566 0 0 -500 0
405 1
1 13 0 0 0 0 0 0 4.47241 4.47366 0.10566 0 0 -500 0
406 1
1 13 0 0 0 0 0 0 4.45463 4.45588 0.10566 0 0 -500 0
407 1
1 13 0 0 0 0 0 0 4.37853 4.3798 0.10566 0 0 -500 0
408 1
1 13 0 0 0 0 0 0 4.10421 4.10557 0.10566 0 0 -500 0
409 1
1 13 0 0 0 0 0 0 4.48027 4.48151 0.10566 0 0 -500 0
410 1
1 13 0 0 0 0 0 0 4.13308 4.13443 0.10566 0 0 -500 0
411 1
1 13 0 0 0 0 0 0 4.11189 4.11325 0.10566 0 0 -500 0
412 1
1 13 0 0 0 0 0 0 4.27048 4.27179 0.10566 0 0 -500 0
413 1
1 13 0 0 0 0 0 0 4.35311 4.3544 0.10566 0 0 -500 0
414 1
1 13 0 0 0 0 0 0 4.13741 4.13876 0.10566 0 0 -500 0
415 1
1 13 0 0 0 0 0 0 4.31039 4.31169 0.10566 0 0 -500 0
416 1
1 13 0 0 0 0 0 0 4.35534 4.35662 0.10566 0 0 -500 0
417 1
1 13 0 0 0 0 0 0 4.30999 4.31128 0.10566 0 0 -500 0
418 1
1 13 0 0 0 0 0 0 4.46884 4.47009 0.10566 0 0 -500 0
419 1
1 13 0 0 0 0 0 0 4.30818 4.30947 0.10566 0 0 -500 0
420 1
1 13 0 0 0 0 0 0 4.25403 4.25535 0.10566 0 0 -500 0
421 1
1 13 0 0 0 0 0 0 4.20899 4.21031 0.10566 0 0 -500 0
422 1
1 13 0 0 0 0 0 0 4.38116 4.38244 0.10566 0 0 -500 0
423 1
1 13 0 0 0 0 0 0 4.31786 4.31915 0.10566 0 0 -500 0
424 1
1 13 0 0 0 0 0 0 4.34637 4.34765 0.10566 0 0 -500 0
425 1
1 13 0 0 0 0 0 0 4.29215 4.29345 0.10566 0 0 -500 0
426 1
1 13 0 0 0 0 0 0 4.4674 4.46865 0.10566 0 0 -500 0
427 1
1 13 0 0 0 0 0 0 4.28081 4.28211 0.10566 0 0 -500 0
428 1
1 13 0 0 0 0 0 0 4.38809 4.38936 0.10566 0 0 -500 0
429 1
1 13 0 0 0 0 0 0 4.06391 4.06529 0.10566 0 0 -500 0
430 1
1 13 0 0 0 0 0 0 4.35291 4.3542 0.10566 0 0 -500 0
431 1
1 13 0 0 0 0 0 0 4.39903 4.4003 0.10566 0 0 -500 0
432 1
1 13 0 0 0 0 0 0 4.47604 4.47729 0.10566 0 0 -500 0
433 1
1 13 0 0 0 0 0 0 4.29218 4.29348 0.10566 0 0 -500 0
434 1
1 13 0 0 0 0 0 0 4.25539 4.2567 0.10566 0 0 -500 0
435 1
1 13 0 0 0 0 0 0 4.11167 4.11303 0.10566 0 0 -500 0
436 1
1 13 0 0 0 0 0 0 4.32533 4.32662 0.10566 0 0 -500 0
437 1
1 13 0 0 0 0 0 0 4.14912 4.15046 0.10566 0 0 -500 0
438 1
1 13 0 0 0 0 0 0 4.39341 4.39468 0.10566 0 0 -500 0
439 1
1 13 0 0 0 0 0 0 4.39702 4.39829 0.10566 0 0 -500 0
440 1
1 13 0 0 0 0 0 0 4.06332 4.0647 0.10566 0 0 -500 0
441 1
1 13 0 0 0 0 0 0 4.14738 4.14873 0.10566 0 0 -500 0
442 1
1 13 0 0 0 0 0 0 4.47516 4.4764 0.10566 0 0 -500 0
443 1
1 13 0 0 0 0 0 0 4.0623 4.06368 0.10566 0 0 -500 0
444 1
1 13 0 0 0 0 0 0 4.26609 4.2674 0.10566 0 0 -500 0
445 1
1 13 0 0 0 0 0 0 4.02698 4.02837 0.10566 0 0 -500 0
446 1
1 13 0 0 0 0 0 0 4.47517 4.47642 0.10566 0 0 -500 0
447 1
1 13 0 0 0 0 0 0 4.34787 4.34915 0.10566 0 0 -500 0
448 1
1 13 0 0 0 0 0 0 4.28856 4.28986 0.10566 0 0 -500 0
449 1
1 13 0 0 0 0 0 0 4.32458 4.32587 0.10566 0 0 -500 0
450 1
1 13 0 0 0 0 0 0 4.10396 4.10532 0.10566 0 0 -500 0
451 1
1 13 0 0 0 0 0 0 4.20891 4.21024 0.10566 0 0 -500 0
452 1
1 13 0 0 0 0 0 0 4.23529 4.23661 0.10566 0 0 -500 0
453 1
1 13 0 0 0 0 0 0 4.07935 4.08072 0.10566 0 0 -500 0
454 1
1 13 0 0 0 0 0 0 4.26009 4.2614 0.10566 0 0 -500 0
455 1
1 13 0 0 0 0 0 0 4.46079 4.46204 0.10566 0 0 -500 0
456 1
1 13 0 0 0 0 0 0 4.40807 4.40934 0.10566 0 0 -500 0
457 1
1 13 0 0 0 0 0 0 4.31507 4.31636 0.10566 0 0 -500 0
458 1
1 13 0 0 0 0 0 0 4.06905 4.07042 0.10566 0 0 -500 0
459 1
1 13 0 0 0 0 0 0 4.28271 4.28401 0.10566 0 0 -500 0
460 1
1 13 0 0 0 0 0 0 4.35264 4.35393 0.10566 0 0 -500 0
461 1
1 13 0 0 0 0 0 0 4.08109 4.08246 0.10566 0 0 -500 0
462 1
1 13 0 0 0 0 0 0 4.18123 4.18257 0.10566 0 0 -500 0
463 1
1 13 0 0 0 0 0 0 4.09665 4.09801 0.10566 0 0 -500 0
464 1
1 13 0 0 0 0 0 0 4.31282 4.31411 0.10566 0 0 -500 0
465 1
1 13 0 0 0 0 0 0 4.16472 4.16606 0.10566 0 0 -500 0
466 1
1 13 0 0 0 0 0 0 4.33548 4.33677 0.10566 0 0 -500 0
467 1
1 13 0 0 0 0 0 0 4.15348 4.15483 0.10566 0 0 -500 0
468 1
1 13 0 0 0 0 0 0 4.38026 4.38154 0.10566 0 0 -500 0
469 1
1 13 0 0 0 0 0 0 4.05113 4.05251 0.10566 0 0 -500 0
470 1
1 13 0 0 0 0 0 0 4.04179 4.04317 0.10566 0 0 -500 0
471 1
1 13 0 0 0 0 0 0 4.30204 4.30334 0.10566 0 0 -500 0
472 1
1 13 0 0 0 0 0 0 4.08907 4.09043 0.10566 0 0 -500 0
473 1
1 13 0 0 0 0 0 0 4.46789 4.46914 0.10566 0 0 -500 0
474 1
1 13 0 0 0 0 0 0 4.38862 4.38989 0.10566 0 0 -500 0
475 1
1 13 0 0 0 0 0 0 4.01858 4.01997 0.10566 0 0 -500 0
476 1
1 13 0 0 0 0 0 0 4.04384 4.04522 0.10566 0 0 -500 0
477 1
1 13 0 0 0 0 0 0 4.10289 4.10425 0.10566 0 0 -500 0
478 1
1 13 0 0 0 0 0 0 4.34696 4.34824 0.10566 0 0 -500 0
479 1
1 13 0 0 0 0 0 0 4.23743 4.23874 0.10566 0 0 -500 0
480 1
1 13 0 0 0 0 0 0 4.23375 4.23507 0.10566 0 0 -500 0
481 1
1 13 0 0 0 0 0 0 4.1753 4.17663 0.10566 0 0 -500 0
482 1
1 13 0 0 0 0 0 0 4.2125 4.21382 0.10566 0 0 -500 0
483 1
1 13 0 0 0 0 0 0 4.33578 4.33706 0.10566 0 0 -500 0
484 1
1 13 0 0 0 0 0 0 4.24218 4.24349 0.10566 0 0 -500 0
485 1
1 13 0 0 0 0 0 0 4.2925 4.2938 0.10566 0 0 -500 0
486 1
1 13 0 0 0 0 0 0 4.06471 4.06608 0.10566 0 0 -500 0
487 1
1 13 0 0 0 0 0 0 4.26215 4.26346 0.10566 0 0 -500 0
488 1
1 13 0 0 0 0 0 0 4.16234 4.16368 0.10566 0 0 -500 0
489 1
1 13 0 0 0 0 0 0 4.43535 4.43661 0.10566 0 0 -500 0
490 1
1 13 0 0 0 0 0 0 4.19289 4.19422 0.10566 0 0 -500 0
491 1
1 13 0 0 0 0 0 0 4.49497 4.49622 0.10566 0 0 -500 0
492 1
1 13 0 0 0 0 0 0 4.27623 4.27753 0.10566 0 0 -500 0
493 1
1 13 0 0 0 0 0 0 4.47497 4.47621 0.10566 0 0 -500 0
494 1
1 13 0 0 0 0 0 0 4.26938 4.27069 0.10566 0 0 -500 0
495 1
1 13 0 0 0 0 0 0 4.44108 4.44233 0.10566 0 0 -500 0
496 1
1 13 0 0 0 0 0 0 4.45796 4.45921 0.10566 0 0 -500 0
497 1
1 13 0 0 0 0 0 0 4.00387 4.00526 0.10566 0 0 -500 0
498 1
1 13 0 0 0 0 0 0 4.15348 4.15483 0.10566 0 0 -500 0
499 1
1 13 0 0 0 0 0 0 4.01348 4.01487 0.10566 0 0 -500 0
500 1
1 13 0 0 0 0 0 0 4.28978 4.29108 0.10566 0 0 -500 0
501 1
1 13 0 0 0 0 0 0 4.09535 4.09671 0.10566 0 0 -500 0
502 1
1 13 0 0 0 0 0 0 4.09947 4.10083 0.10566 0 0 -500 0
503 1
1 13 0 0 0 0 0 0 4.12783 4.12918 0.10566 0 0 -500 0
504 1
1 13 0 0 0 0 0 0 4.03895 4.04033 0.10566 0 0 -500 0
505 1
1 13 0 0 0 0 0 0 4.27817 4.27947 0.10566 0 0 -500 0
506 1
1 13 0 0 0 0 0 0 4.13649 4.13784 0.10566 0 0 -500 0
507 1
1 13 0 0 0 0 0 0 4.08507 4.08644 0.10566 0 0 -500 0
508 1
1 13 0 0 0 0 0 0 4.12755 4.12891 0.10566 0 0 -500 0
509 1
1 13 0 0 0 0 0 0 4.26515 4.26646 0.10566 0 0 -500 0
510 1
1 13 0 0 0 0 0 0 4.05749 4.05887 0.10566 0 0 -500 0
511 1
1 13 0 0 0 0 0 0 4.32619 4.32748 0.10566 0 0 -500 0
512 1
1 13 0 0 0 0 0 0 4.20172 4.20305 0.10566 0 0 -500 0
513 1
1 13 0 0 0 0 0 0 4.098 4.09936 0.10566 0 0 -500 0
514 1
1 13 0 0 0 0 0 0 4.09893 4.10029 0.10566 0 0 -500 0
515 1
1 13 0 0 0 0 0 0 4.12662 4.12797 0.10566 0 0 -500 0
516 1
1 13 0 0 0 0 0 0 4.18934 4.19067 0.10566 0 0 -500 0
517 1
1 13 0 0 0 0 0 0 4.13174 4.13309 0.10566 0 0 -500 0
518 1
1 13 0 0 0 0 0 0 4.25906 4.26037 0.10566 0 0 -500 0
519 1
1 13 0 0 0 0 0 0 4.30171 4.30301 0.10566 0 0 -500 0
520 1
1 13 0 0 0 0 0 0 4.11117 4.11253 0.10566 0 0 -500 0
521 1
1 13 0 0 0 0 0 0 4.35818 4.35946 0.10566 0 0 -500 0
522 1
1 13 0 0 0 0 0 0 4.43839 4.43965 0.10566 0 0 -500 0
523 1
1 13 0 0 0 0 0 0 4.18352 4.18485 0.10566 0 0 -500 0
524 1
1 13 0 0 0 0 0 0 4.00812 4.00951 0.10566 0 0 -500 0
525 1
1 13 0 0 0 0 0 0 4.48598 4.48723 0.10566 0 0 -500 0
526 1
1 13 0 0 0 0 0 0 4.14555 4.14689 0.10566 0 0 -500 0
527 1
1 13 0 0 0 0 0 0 4.4785 4.47975 0.10566 0 0 -500 0
528 1
1 13 0 0 0 0 0 0 4.06634 4.06772 0.10566 0 0 -500 0
529 1
1 13 0 0 0 0 0 0 4.37014 4.37142 0.10566 0 0 -500 0
530 1
1 13 0 0 0 0 0 0 4.34041 4.34169 0.10566 0 0 -500 0
531 1
1 13 0 0 0 0 0 0 4.24588 4.24719 0.10566 0 0 -500 0
532 1
1 13 0 0 0 0 0 0 4.1366 4.13795 0.10566 0 0 -500 0
533 1
1 13 0 0 0 0 0 0 4.12746 4.12881 0.10566 0 0 -500 0
534 1
1 13 0 0 0 0 0 0 4.1085 4.10985 0.10566 0 0 -500 0
535 1
1 13 0 0 0 0 0 0 4.23052 4.23183 0.10566 0 0 -500 0
536 1
1 13 0 0 0 0 0 0 4.32828 4.32957 0.10566 0 0 -500 0
537 1
1 13 0 0 0 0 0 0 4.00896 4.01035 0.10566 0 0 -500 0
538 1
1 13 0 0 0 0 0 0 4.40767 4.40893 0.10566 0 0 -500 0
539 1
1 13 0 0 0 0 0 0 4.47931 4.48055 0.10566 0 0 -500 0
540 1
1 13 0 0 0 0 0 0 4.34992 4.3512 0.10566 0 0 -500 0
541 1
1 13 0 0 0 0 0 0 4.09283 4.09419 0.10566 0 0 -500 0
542 1
1 13 0 0 0 0 0 0 4.08208 4.08345 0.10566 0 0 -500 0
543 1
1 13 0 0 0 0 0 0 4.33022 4.33151 0.10566 0 0 -500 0
544 1
1 13 0 0 0 0 0 0 4.40964 4.4109 0.10566 0 0 -500 0
545 1
1 13 0 0 0 0 0 0 4.12194 4.1233 0.10566 0 0 -500 0
546 1
1 13 0 0 0 0 0 0 4.42082 4.42209 0.10566 0 0 -500 0
547 1
1 13 0 0 0 0 0 0 4.48474 4.48598 0.10566 0 0 -500 0
548 1
1 13 0 0 0 0 0 0 4.46893 4.47018 0.10566 0 0 -500 0
549 1
1 13 0 0 0 0 0 0 4.47998 4.48123 0.10566 0 0 -500 0
550 1
1 13 0 0 0 0 0 0 4.05745 4.05883 0.10566 0 0 -500 0
551 1
1 13 0 0 0 0 0 0 4.24671 4.24802 0.10566 0 0 -500 0
552 1
1 13 0 0 0 0 0 0 4.48356 4.48481 0.10566 0 0 -500 0
553 1
1 13 0 0 0 0 0 0 4.4386 4.43985 0.10566 0 0 -500 0
554 1
1 13 0 0 0 0 0 0 4.05588 4.05726 0.10566 0 0 -500 0
555 1
1 13 0 0 0 0 0 0 4.38477 4.38604 0.10566 0 0 -500 0
556 1
1 13 0 0 0 0 0 0 4.27242 4.27373 0.10566 0 0 -500 0
557 1
1 13 0 0 0 0 0 0 4.17411 4.17545 0.10566 0 0 -500 0
558 1
1 13 0 0 0 0 0 0 4.33822 4.33951 0.10566 0 0 -500 0
559 1
1 13 0 0 0 0 0 0 4.40882 4.41008 0.10566 0 0 -500 0
560 1
1 13 0 0 0 0 0 0 4.11614 4.1175 0.10566 0 0 -500 0
561 1
1 13 0 0 0 0 0 0 4.13189 4.13324 0.10566 0 0 -500 0
562 1
1 13 0 0 0 0 0 0 4.25209 4.2534 0.10566 0 0 -500 0
563 1
1 13 0 0 0 0 0 0 4.25176 4.25307 0.10566 0 0 -500 0
564 1
1 13 0 0 0 0 0 0 4.45212 4.45338 0.10566 0 0 -500 0
565 1
1 13 0 0 0 0 0 0 4.1765 4.17783 0.10566 0 0 -500 0
566 1
1 13 0 0 0 0 0 0 4.23708 4.23839 0.10566 0 0 -500 0
567 1
1 13 0 0 0 0 0 0 4.09161 4.09297 0.10566 0 0 -500 0
568 1
1 13 0 0 0 0 0 0 4.37697 4.37825 0.10566 0 0 -500 0
569 1
1 13 0 0 0 0 0 0 4.43167 4.43293 0.10566 0 0 -500 0
570 1
1 13 0 0 0 0 0 0 4.13838 4.13973 0.10566 0 0 -500 0
571 1
1 13 0 0 0 0 0 0 4.3182 4.31949 0.10566 0 0 -500 0
572 1
1 13 0 0 0 0 0 0 4.10276 4.10412 0.10566 0 0 -500 0
573 1
1 13 0 0 0 0 0 0 4.21607 4.21739 0.10566 0 0 -500 0
574 1
1 13 0 0 0 0 0 0 4.18795 4.18928 0.10566 0 0 -500 0
575 1
1 13 0 0 0 0 0 0 4.14329 4.14463 0.10566 0 0 -500 0
576 1
1 13 0 0 0 0 0 0 4.08294 4.08431 0.10566 0 0 -500 0
577 1
1 13 0 0 0 0 0 0 4.22283 4.22415 0.10566 0 0 -500 0
578 1
1 13 0 0 0 0 0 0 4.15957 4.16091 0.10566 0 0 -500 0
579 1
1 13 0 0 0 0 0 0 4.06349 4.06486 0.10566 0 0 -500 0
580 1
1 13 0 0 0 0 0 0 4.19771 4.19904 0.10566 0 0 -500 0
581 1
1 13 0 0 0 0 0 0 4.30351 4.3048 0.10566 0 0 -500 0
582 1
1 13 0 0 0 0 0 0 4.11867 4.12002 0.10566 0 0 -500 0
583 1
1 13 0 0 0 0 0 0 4.1962 4.19753 0.10566 0 0 -500 0
584 1
1 13 0 0 0 0 0 0 4.18173 4.18306 0.10566 0 0 -500 0
585 1
1 13 0 0 0 0 0 0 4.11265 4.114 0.10566 0 0 -500 0
586 1
1 13 0 0 0 0 0 0 4.11377 4.11512 0.10566 0 0 -500 0
587 1
1 13 0 0 0 0 0 0 4.10351 4.10487 0.10566 0 0 -500 0
588 1
1 13 0 0 0 0 0 0 4.34166 4.34294 0.10566 0 0 -500 0
589 1
1 13 0 0 0 0 0 0 4.0238 4.02519 0.10566 0 0 -500 0
590 1
1 13 0 0 0 0 0 0 4.32345 4.32474 0.10566 0 0 -500 0
591 1
1 13 0 0 0 0 0 0 4.09712 4.09848 0.10566 0 0 -500 0
592 1
1 13 0 0 0 0 0 0 4.35801 4.35929 0.10566 0 0 -500 0
593 1
1 13 0 0 0 0 0 0 4.31316 4.31446 0.10566 0 0 -500 0
594 1
1 13 0 0 0 0 0 0 4.29429 4.29559 0.10566 0 0 -500 0
595 1
1 13 0 0 0 0 0 0 4.3751 4.37637 0.10566 0 0 -500 0
596 1
1 13 0 0 0 0 0 0 4.36795 4.36923 0.10566 0 0 -500 0
597 1
1 13 0 0 0 0 0 0 4.18315 4.18448 0.10566 0 0 -500 0
598 1
1 13 0 0 0 0 0 0 4.22888 4.2302 0.10566 0 0 -500 0
599 1
1 13 0 0 0 0 0 0 4.4231 4.42437 0.10566 0 0 -500 0
600 1
1 13 0 0 0 0 0 0 4.32873 4.33002 0.10566 0 0 -500 0
601 1
1 13 0 0 0 0 0 0 4.01253 4.01392 0.10566 0 0 -500 0
602 1
1 13 0 0 0 0 0 0 4.4403 4.44155 0.10566 0 0 -500 0
603 1
1 13 0 0 0 0 0 0 4.45421 4.45546 0.10566 0 0 -500 0
604 1
1 13 0 0 0 0 0 0 4.11166 4.11302 0.10566 0 0 -500 0
605 1
1 13 0 0 0 0 0 0 4.09903 4.10039 0.10566 0 0 -500 0
606 1
1 13 0 0 0 0 0 0 4.24603 4.24735 0.10566 0 0 -500 0
607 1
1 13 0 0 0 0 0 0 4.40776 4.40903 0.10566 0 0 -500 0
608 1
1 13 0 0 0 0 0 0 4.29997 4.30127 0.10566 0 0 -500 0
609 1
1 13 0 0 0 0 0 0 4.43849 4.43975 0.10566 0 0 -500 0
610 1
1 13 0 0 0 0 0 0 4.21252 4.21385 0.10566 0 0 -500 0
611 1
1 13 0 0 0 0 0 0 4.31069 4.31198 0.10566 0 0 -500 0
612 1
1 13 0 0 0 0 0 0 4.27285 4.27415 0.10566 0 0 -500 0
613 1
1 13 0 0 0 0 0 0 4.27158 4.27289 0.10566 0 0 -500 0
614 1
1 13 0 0 0 0 0 0 4.37056 4.37183 0.10566 0 0 -500 0
615 1
1 13 0 0 0 0 0 0 4.03541 4.03679 0.10566 0 0 -500 0
616 1
1 13 0 0 0 0 0 0 4.13382 4.13517 0.10566 0 0 -500 0
617 1
1 13 0 0 0 0 0 0 4.05477 4.05614 0.10566 0 0 -500 0
618 1
1 13 0 0 0 0 0 0 4.04374 4.04512 0.10566 0 0 -500 0
619 1
1 13 0 0 0 0 0 0 4.31351 4.31481 0.10566 0 0 -500 0
620 1
1 13 0 0 0 0 0 0 4.49432 4.49556 0.10566 0 0 -500 0
621 1
1 13 0 0 0 0 0 0 4.04418 4.04556 0.10566 0 0 -500 0
622 1
1 13 0 0 0 0 0 0 4.21266 4.21399 0.10566 0 0 -500 0
623 1
1 13 0 0 0 0 0 0 4.09801 4.09938 0.10566 0 0 -500 0
624 1
1 13 0 0 0 0 0 0 4.14754 4.14889 0.10566 0 0 -500 0
625 1
1 13 0 0 0 0 0 0 4.14631 4.14765 0.10566 0 0 -500 0
626 1
1 13 0 0 0 0 0 0 4.07524 4.07661 0.10566 0 0 -500 0
627 1
1 13 0 0 0 0 0 0 4.43558 4.43684 0.10566 0 0 -500 0
628 1
1 13 0 0 0 0 0 0 4.08044 4.08181 0.10566 0 0 -500 0
629 1
1 13 0 0 0 0 0 0 4.27938 4.28069 0.10566 0 0 -500 0
630 1
1 13 0 0 0 0 0 0 4.18828 4.18961 0.10566 0 0 -500 0
631 1
1 13 0 0 0 0 0 0 4.47441 4.47565 0.10566 0 0 -500 0
632 1
1 13 0 0 0 0 0 0 4.3317 4.33299 0.10566 0 0 -500 0
633 1
1 13 0 0 0 0 0 0 4.41925 4.42051 0.10566 0 0 -500 0
634 1
1 13 0 0 0 0 0 0 4.29669 4.29799 0.10566 0 0 -500 0
635 1
1 13 0 0 0 0 0 0 4.01247 4.01386 0.10566 0 0 -500 0
636 1
1 13 0 0 0 0 0 0 4.29419 4.29549 0.10566 0 0 -500 0
637 1
1 13 0 0 0 0 0 0 4.06114 4.06251 0.10566 0 0 -500 0
638 1
1 13 0 0 0 0 0 0 4.0765 4.07787 0.10566 0 0 -500 0
639 1
1 13 0 0 0 0 0 0 4.15222 4.15356 0.10566 0 0 -500 0
640 1
1 13 0 0 0 0 0 0 4.05279 4.05417 0.10566 0 0 -500 0
641 1
1 13 0 0 0 0 0 0 4.38822 4.38949 0.10566 0 0 -500 0
642 1
1 13 0 0 0 0 0 0 4.32048 4.32177 0.10566 0 0 -500 0
643 1
1 13 0 0 0 0 0 0 4.48797 4.48921 0.10566 0 0 -500 0
644 1
1 13 0 0 0 0 0 0 4.32985 4.33114 0.10566 0 0 -500 0
645 1
1 13 0 0 0 0 0 0 4.39895 4.40022 0.10566 0 0 -500 0
646 1
1 13 0 0 0 0 0 0 4.17351 4.17485 0.10566 0 0 -500 0
647 1
1 13 0 0 0 0 0 0 4.05981 4.06118 0.10566 0 0 -500 0
648 1
1 13 0 0 0 0 0 0 4.02182 4.02321 0.10566 0 0 -500 0
649 1
1 13 0 0 0 0 0 0 4.49576 4.497 0.10566 0 0 -500 0
650 1
1 13 0 0 0 0 0 0 4.35036 4.35164 0.10566 0 0 -500 0
651 1
1 13 0 0 0 0 0 0 4.23953 4.24084 0.10566 0 0 -500 0
652 1
1 13 0 0 0 0 0 0 4.22597 4.22729 0.10566 0 0 -500 0
653 1
1 13 0 0 0 0 0 0 4.21195 4.21328 0.10566 0 0 -500 0
654 1
1 13 0 0 0 0 0 0 4.21809 4.21941 0.10566 0 0 -500 0
655 1
1 13 0 0 0 0 0 0 4.41189 4.41315 0.10566 0 0 -500 0
656 1
1 13 0 0 0 0 0 0 4.26312 4.26443 0.10566 0 0 -500 0
657 1
1 13 0 0 0 0 0 0 4.14811 4.14945 0.10566 0 0 -500 0
658 1
1 13 0 0 0 0 0 0 4.35837 4.35965 0.10566 0 0 -500 0
659 1
1 13 0 0 0 0 0 0 4.32226 4.32355 0.10566 0 0 -500 0
660 1
1 13 0 0 0 0 0 0 4.39894 4.4002 0.10566 0 0 -500 0
661 1
1 13 0 0 0 0 0 0 4.43703 4.43829 0.10566 0 0 -500 0
662 1
1 13 0 0 0 0 0 0 4.23557 4.23689 0.10566 0 0 -500 0
663 1
1 13 0 0 0 0 0 0 4.42908 4.43034 0.10566 0 0 -500 0
664 1
1 13 0 0 0 0 0 0 4.20653 4.20786 0.10566 0 0 -500 0
665 1
1 13 0 0 0 0 0 0 4.4336 4.43486 0.10566 0 0 -500 0
666 1
1 13 0 0 0 0 0 0 4.47456 4.4758 0.10566 0 0 -500 0
667 1
1 13 0 0 0 0 0 0 4.31507 4.31636 0.10566 0 0 -500 0
668 1
1 13 0 0 0 0 0 0 4.42268 4.42395 0.10566 0 0 -500 0
669 1
1 13 0 0 0 0 0 0 4.0482 4.04958 0.10566 0 0 -500 0
670 1
1 13 0 0 0 0 0 0 4.47323 4.47448 0.10566 0 0 -500 0
671 1
1 13 0 0 0 0 0 0 4.01359 4.01498 0.10566 0 0 -500 0
672 1
1 13 0 0 0 0 0 0 4.20834 4.20967 0.10566 0 0 -500 0
673 1
1 13 0 0 0 0 0 0 4.31734 4.31863 0.10566 0 0 -500 0
674 1
1 13 0 0 0 0 0 0 4.39164 4.39291 0.10566 0 0 -500 0
675 1
1 13 0 0 0 0 0 0 4.04148 4.04286 0.10566 0 0 -500 0
676 1
1 13 0 0 0 0 0 0 4.33495 4.33624 0.10566 0 0 -500 0
677 1
1 13 0 0 0 0 0 0 4.11152 4.11288 0.10566 0 0 -500 0
678 1
1 13 0 0 0 0 0 0 4.32754 4.32882 0.10566 0 0 -500 0
679 1
1 13 0 0 0 0 0 0 4.12072 4.12207 0.10566 0 0 -500 0
680 1
1 13 0 0 0 0 0 0 4.25256 4.25387 0.10566 0 0 -500 0
681 1
1 13 0 0 0 0 0 0 4.30711 4.3084 0.10566 0 0 -500 0
682 1
1 13 0 0 0 0 0 0 4.41227 4.41353 0.10566 0 0 -500 0
683 1
1 13 0 0 0 0 0 0 4.29686 4.29816 0.10566 0 0 -500 0
684 1
1 13 0 0 0 0 0 0 4.33208 4.33337 0.10566 0 0 -500 0
685 1
1 13 0 0 0 0 0 0 4.31475 4.31604 0.10566 0 0 -500 0
686 1
1 13 0 0 0 0 0 0 4.14848 4.14983 0.10566 0 0 -500 0
687 1
1 13 0 0 0 0 0 0 4.11969 4.12105 0.10566 0 0 -500 0
688 1
1 13 0 0 0 0 0 0 4.4357 4.43696 0.10566 0 0 -500 0
689 1
1 13 0 0 0 0 0 0 4.08889 4.09025 0.10566 0 0 -500 0
690 1
1 13 0 0 0 0 0 0 4.30103 4.30233 0.10566 0 0 -500 0
691 1
1 13 0 0 0 0 0 0 4.47166 4.47291 0.10566 0 0 -500 0
692 1
1 13 0 0 0 0 0 0 4.24991 4.25122 0.10566 0 0 -500 0
693 1
1 13 0 0 0 0 0 0 4.15645 4.15779 0.10566 0 0 -500 0
694 1
1 13 0 0 0 0 0 0 4.42732 4.42858 0.10566 0 0 -500 0
695 1
1 13 0 0 0 0 0 0 4.12295 4.12431 0.10566 0 0 -500 0
696 1
1 13 0 0 0 0 0 0 4.3654 4.36668 0.10566 0 0 -500 0
697 1
1 13 0 0 0 0 0 0 4.47895 4.4802 0.10566 0 0 -500 0
698 1
1 13 0 0 0 0 0 0 4.39345 4.39472 0.10566 0 0 -500 0
699 1
1 13 0 0 0 0 0 0 4.34 4.34128 0.10566 0 0 -500 0
700 1
1 13 0 0 0 0 0 0 4.45829 4.45954 0.10566 0 0 -500 0
701 1
1 13 0 0 0 0 0 0 4.2655 4.26681 0.10566 0 0 -500 0
702 1
1 13 0 0 0 0 0 0 4.08855 4.08992 0.10566 0 0 -500 0
703 1
1 13 0 0 0 0 0 0 4.39474 4.39601 0.10566 0 0 -500 0
704 1
1 13 0 0 0 0 0 0 4.32601 4.3273 0.10566 0 0 -500 0
705 1
1 13 0 0 0 0 0 0 4.43242 4.43368 0.10566 0 0 -500 0
706 1
1 13 0 0 0 0 0 0 4.24383 4.24515 0.10566 0 0 -500 0
707 1
1 13 0 0 0 0 0 0 4.4402 4.44146 0.10566 0 0 -500 0
708 1
1 13 0 0 0 0 0 0 4.30427 4.30557 0.10566 0 0 -500 0
709 1
1 13 0 0 0 0 0 0 4.40545 4.40672 0.10566 0 0 -500 0
710 1
1 13 0 0 0 0 0 0 4.31544 4.31673 0.10566 0 0 -500 0
711 1
1 13 0 0 0 0 0 0 4.10937 4.11072 0.10566 0 0 -500 0
712 1
1 13 0 0 0 0 0 0 4.2305 4.23182 0.10566 0 0 -500 0
713 1
1 13 0 0 0 0 0 0 4.05943 4.06081 0.10566 0 0 -500 0
714 1
1 13 0 0 0 0 0 0 4.31977 4.32106 0.10566 0 0 -500 0
715 1
1 13 0 0 0 0 0 0 4.48804 4.48928 0.10566 0 0 -500 0
716 1
1 13 0 0 0 0 0 0 4.13695 4.13829 0.10566 0 0 -500 0
717 1
1 13 0 0 0 0 0 0 4.48557 4.48681 0.10566 0 0 -500 0
718 1
1 13 0 0 0 0 0 0 4.27388 4.27518 0.10566 0 0 -500 0
719 1
1 13 0 0 0 0 0 0 4.32027 4.32156 0.10566 0 0 -500 0
720 1
1 13 0 0 0 0 0 0 4.41632 4.41758 0.10566 0 0 -500 0
721 1
1 13 0 0 0 0 0 0 4.19789 4.19922 0.10566 0 0 -500 0
722 1
1 13 0 0 0 0 0 0 4.46246 4.46371 0.10566 0 0 -500 0
723 1
1 13 0 0 0 0 0 0 4.03866 4.04004 0.10566 0 0 -500 0
724 1
1 13 0 0 0 0 0 0 4.2836 4.2849 0.10566 0 0 -500 0
725 1
1 13 0 0 0 0 0 0 4.08062 4.08199 0.10566 0 0 -500 0
726 1
1 13 0 0 0 0 0 0 4.45141 4.45267 0.10566 0 0 -500 0
727 1
1 13 0 0 0 0 0 0 4.17515 4.17649 0.10566 0 0 -500 0
728 1
1 13 0 0 0 0 0 0 4.13243 4.13378 0.10566 0 0 -500 0
729 1
1 13 0 0 0 0 0 0 4.29536 4.29666 0.10566 0 0 -500 0
730 1
1 13 0 0 0 0 0 0 4.14401 4.14536 0.10566 0 0 -500 0
731 1
1 13 0 0 0 0 0 0 4.43712 4.43837 0.10566 0 0 -500 0
732 1
1 13 0 0 0 0 0 0 4.12372 4.12507 0.10566 0 0 -500 0
733 1
1 13 0 0 0 0 0 0 4.44785 4.44911 0.10566 0 0 -500 0
734 1
1 13 0 0 0 0 0 0 4.38981 4.39109 0.10566 0 0 -500 0
735 1
1 13 0 0 0 0 0 0 4.28568 4.28698 0.10566 0 0 -500 0
736 1
1 13 0 0 0 0 0 0 4.1315 4.13285 0.10566 0 0 -500 0
737 1
1 13 0 0 0 0 0 0 4.22284 4.22416 0.10566 0 0 -500 0
738 1
1 13 0 0 0 0 0 0 4.21048 4.21181 0.10566 0 0 -500 0
739 1
1 13 0 0 0 0 0 0 4.27252 4.27383 0.10566 0 0 -500 0
740 1
1 13 0 0 0 0 0 0 4.37629 4.37756 0.10566 0 0 -500 0
741 1
1 13 0 0 0 0 0 0 4.46764 4.46889 0.10566 0 0 -500 0
742 1
1 13 0 0 0 0 0 0 4.17486 4.1762 0.10566 0 0 -500 0
743 1
1 13 0 0 0 0 0 0 4.18698 4.18831 0.10566 0 0 -500 0
744 1
1 13 0 0 0 0 0 0 4.11917 4.12053 0.10566 0 0 -500 0
745 1
1 13 0 0 0 0 0 0 4.25167 4.25299 0.10566 0 0 -500 0
746 1
1 13 0 0 0 0 0 0 4.38208 4.38336 0.10566 0 0 -500 0
747 1
1 13 0 0 0 0 0 0 4.38423 4.3855 0.10566 0 0 -500 0
748 1
1 13 0 0 0 0 0 0 4.36545 4.36673 0.10566 0 0 -500 0
749 1
1 13 0 0 0 0 0 0 4.15702 4.15836 0.10566 0 0 -500 0
750 1
1 13 0 0 0 0 0 0 4.08438 4.08575 0.10566 0 0 -500 0
751 1
1 13 0 0 0 0 0 0 4.46498 4.46623 0.10566 0 0 -500 0
752 1
1 13 0 0 0 0 0 0 4.04111 4.04249 0.10566 0 0 -500 0
753 1
1 13 0 0 0 0 0 0 4.33209 4.33337 0.10566 0 0 -500 0
754 1
1 13 0 0 0 0 0 0 4.15394 4.15528 0.10566 0 0 -500 0
755 1
1 13 0 0 0 0 0 0 4.4205 4.42176 0.10566 0 0 -500 0
756 1
1 13 0 0 0 0 0 0 4.4833 4.48454 0.10566 0 0 -500 0
757 1
1 13 0 0 0 0 0 0 4.24707 4.24838 0.10566 0 0 -500 0
758 1
1 13 0 0 0 0 0 0 4.03489 4.03628 0.10566 0 0 -500 0
759 1
1 13 0 0 0 0 0 0 4.38542 4.38669 0.10566 0 0 -500 0
760 1
1 13 0 0 0 0 0 0 4.1062 4.10756 0.10566 0 0 -500 0
761 1
1 13 0 0 0 0 0 0 4.34058 4.34186 0.10566 0 0 -500 0
762 1
1 13 0 0 0 0 0 0 4.36997 4.37124 0.10566 0 0 -500 0
763 1
1 13 0 0 0 0 0 0 4.18701 4.18834 0.10566 0 0 -500 0
764 1
1 13 0 0 0 0 0 0 4.31922 4.32051 0.10566 0 0 -500 0
765 1
1 13 0 0 0 0 0 0 4.46001 4.46126 0.10566 0 0 -500 0
766 1
1 13 0 0 0 0 0 0 4.48888 4.49012 0.10566 0 0 -500 0
767 1
1 13 0 0 0 0 0 0 4.44628 4.44754 0.10566 0 0 -500 0
768 1
1 13 0 0 0 0 0 0 4.25494 4.25625 0.10566 0 0 -500 0
769 1
1 13 0 0 0 0 0 0 4.06262 4.064 0.10566 0 0 -500 0
770 1
1 13 0 0 0 0 0 0 4.31531 4.31661 0.10566 0 0 -500 0
771 1
1 13 0 0 0 0 0 0 4.07777 4.07914 0.10566 0 0 -500 0
772 1
1 13 0 0 0 0 0 0 4.49274 4.49398 0.10566 0 0 -500 0
773 1
1 13 0 0 0 0 0 0 4.04226 4.04364 0.10566 0 0 -500 0
774 1
1 13 0 0 0 0 0 0 4.00081 4.0022 0.10566 0 0 -500 0
775 1
1 13 0 0 0 0 0 0 4.47607 4.47731 0.10566 0 0 -500 0
776 1
1 13 0 0 0 0 0 0 4.14655 4.14789 0.10566 0 0 -500 0
777 1
1 13 0 0 0 0 0 0 4.17828 4.17962 0.10566 0 0 -500 0
778 1
1 13 0 0 0 0 0 0 4.25118 4.25249 0.10566 0 0 -500 0
779 1
1 13 0 0 0 0 0 0 4.22579 4.22711 0.10566 0 0 -500 0
780 1
1 13 0 0 0 0 0 0 4.48322 4.48446 0.10566 0 0 -500 0
781 1
1 13 0 0 0 0 0 0 4.06754 4.06891 0.10566 0 0 -500 0
782 1
1 13 0 0 0 0 0 0 4.18164 4.18297 0.10566 0 0 -500 0
783 1
1 13 0 0 0 0 0 0 4.05383 4.0552 0.10566 0 0 -500 0
784 1
1 13 0 0 0 0 0 0 4.3643 4.36558 0.10566 0 0 -500 0
785 1
1 13 0 0 0 0 0 0 4.15607 4.15741 0.10566 0 0 -500 0
786 1
1 13 0 0 0 0 0 0 4.05032 4.05169 0.10566 0 0 -500 0
787 1
1 13 0 0 0 0 0 0 4.24603 4.24735 0.10566 0 0 -500 0
788 1
1 13 0 0 0 0 0 0 4.08968 4.09105 0.10566 0 0 -500 0
789 1
1 13 0 0 0 0 0 0 4.32966 4.33095 0.10566 0 0 -500 0
790 1
1 13 0 0 0 0 0 0 4.10461 4.10597 0.10566 0 0 -500 0
791 1
1 13 0 0 0 0 0 0 4.37362 4.3749 0.10566 0 0 -500 0
792 1
1 13 0 0 0 0 0 0 4.2087 4.21003 0.10566 0 0 -500 0
793 1
1 13 0 0 0 0 0 0 4.00668 4.00808 0.10566 0 0 -500 0
794 1
1 13 0 0 0 0 0 0 4.45553 4.45678 0.10566 0 0 -500 0
795 1
1 13 0 0 0 0 0 0 4.35635 4.35763 0.10566 0 0 -500 0
796 1
1 13 0 0 0 0 0 0 4.15195 4.15329 0.10566 0 0 -500 0
797 1
1 13 0 0 0 0 0 0 4.19487 4.1962 0.10566 0 0 -500 0
798 1
1 13 0 0 0 0 0 0 4.00782 4.00921 0.10566 0 0 -500 0
799 1
1 13 0 0 0 0 0 0 4.1902 4.19153 0.10566 0 0 -500 0
800 1
1 13 0 0 0 0 0 0 4.06051 4.06189 0.10566 0 0 -500 0
801 1
1 13 0 0 0 0 0 0 4.27973 4.28103 0.10566 0 0 -500 0
802 1
1 13 0 0 0 0 0 0 4.45335 4.4546 0.10566 0 0 -500 0
803 1
1 13 0 0 0 0 0 0 4.42352 4.42478 0.10566 0 0 -500 0
804 1
1 13 0 0 0 0 0 0 4.338 4.33928 0.10566 0 0 -500 0
805 1
1 13 0 0 0 0 0 0 4.17698 4.17832 0.10566 0 0 -500 0
806 1
1 13 0 0 0 0 0 0 4.33889 4.34018 0.10566 0 0 -500 0
807 1
1 13 0 0 0 0 0 0 4.1117 4.11306 0.10566 0 0 -500 0
808 1
1 13 0 0 0 0 0 0 4.12865 4.13001 0.10566 0 0 -500 0
809 1
1 13 0 0 0 0 0 0 4.31033 4.31163 0.10566 0 0 -500 0
810 1
1 13 0 0 0 0 0 0 4.21154 4.21287 0.10566 0 0 -500 0
811 1
1 13 0 0 0 0 0 0 4.44874 4.45 0.10566 0 0 -500 0
812 1
1 13 0 0 0 0 0 0 4.33466 4.33595 0.10566 0 0 -500 0
813 1
1 13 0 0 0 0 0 0 4.30495 4.30625 0.10566 0 0 -500 0
814 1
1 13 0 0 0 0 0 0 4.02656 4.02795 0.10566 0 0 -500 0
815 1
1 13 0 0 0 0 0 0 4.23229 4.2336 0.10566 0 0 -500 0
816 1
1 13 0 0 0 0 0 0 4.49534 4.49659 0.10566 0 0 -500 0
817 1
1 13 0 0 0 0 0 0 4.22331 4.22463 0.10566 0 0 -500 0
818 1
1 13 0 0 0 0 0 0 4.06129 4.06267 0.10566 0 0 -500 0
819 1
1 13 0 0 0 0 0 0 4.26082 4.26213 0.10566 0 0 -500 0
820 1
1 13 0 0 0 0 0 0 4.4753 4.47655 0.10566 0 0 -500 0
821 1
1 13 0 0 0 0 0 0 4.34218 4.34346 0.10566 0 0 -500 0
822 1
1 13 0 0 0 0 0 0 4.16507 4.16641 0.10566 0 0 -500 0
823 1
1 13 0 0 0 0 0 0 4.33315 4.33443 0.10566 0 0 -500 0
824 1
1 13 0 0 0 0 0 0 4.28739 4.28869 0.10566 0 0 -500 0
825 1
1 13 0 0 0 0 0 0 4.23056 4.23188 0.10566 0 0 -500 0
826 1
1 13 0 0 0 0 0 0 4.49477 4.49601 0.10566 0 0 -500 0
827 1
1 13 0 0 0 0 0 0 4.2612 4.26251 0.10566 0 0 -500 0
828 1
1 13 0 0 0 0 0 0 4.2579 4.25921 0.10566 0 0 -500 0
829 1
1 13 0 0 0 0 0 0 4.04818 4.04956 0.10566 0 0 -500 0
830 1
1 13 0 0 0 0 0 0 4.44819 4.44945 0.10566 0 0 -500 0
831 1
1 13 0 0 0 0 0 0 4.02078 4.02217 0.10566 0 0 -500 0
832 1
1 13 0 0 0 0 0 0 4.1623 4.16364 0.10566 0 0 -500 0
833 1
1 13 0 0 0 0 0 0 4.43522 4.43648 0.10566 0 0 -500 0
834 1
1 13 0 0 0 0 0 0 4.42144 4.4227 0.10566 0 0 -500 0
835 1
1 13 0 0 0 0 0 0 4.27371 4.27501 0.10566 0 0 -500 0
836 1
1 13 0 0 0 0 0 0 4.38621 4.38748 0.10566 0 0 -500 0
837 1
1 13 0 0 0 0 0 0 4.34217 4.34346 0.10566 0 0 -500 0
838 1
1 13 0 0 0 0 0 0 4.04569 4.04706 0.10566 0 0 -500 0
839 1
1 13 0 0 0 0 0 0 4.36001 4.36129 0.10566 0 0 -500 0
840 1
1 13 0 0 0 0 0 0 4.25655 4.25786 0.10566 0 0 -500 0
841 1
1 13 0 0 0 0 0 0 4.02191 4.0233 0.10566 0 0 -500 0
842 1
1 13 0 0 0 0 0 0 4.02077 4.02216 0.10566 0 0 -500 0
843 1
1 13 0 0 0 0 0 0 4.22365 4.22497 0.10566 0 0 -500 0
844 1
1 13 0 0 0 0 0 0 4.1025 4.10386 0.10566 0 0 -500 0
845 1
1 13 0 0 0 0 0 0 4.10256 4.10392 0.10566 0 0 -500 0
846 1
1 13 0 0 0 0 0 0 4.09828 4.09964 0.10566 0 0 -500 0
847 1
1 13 0 0 0 0 0 0 4.12443 4.12579 0.10566 0 0 -500 0
848 1
1 13 0 0 0 0 0 0 4.18697 4.1883 0.10566 0 0 -500 0
849 1
1 13 0 0 0 0 0 0 4.17737 4.17871 0.10566 0 0 -500 0
850 1
1 13 0 0 0 0 0 0 4.0945 4.09586 0.10566 0 0 -500 0
851 1
1 13 0 0 0 0 0 0 4.11484 4.11619 0.10566 0 0 -500 0
852 1
1 13 0 0 0 0 0 0 4.35003 4.35132 0.10566 0 0 -500 0
853 1
1 13 0 0 0 0 0 0 4.21994 4.22126 0.10566 0 0 -500 0
854 1
1 13 0 0 0 0 0 0 4.17378 4.17512 0.10566 0 0 -500 0
855 1
1 13 0 0 0 0 0 0 4.46311 4.46437 0.10566 0 0 -500 0
856 1
1 13 0 0 0 0 0 0 4.16697 4.16831 0.10566 0 0 -500 0
857 1
1 13 0 0 0 0 0 0 4.05619 4.05757 0.10566 0 0 -500 0
858 1
1 13 0 0 0 0 0 0 4.45978 4.46103 0.10566 0 0 -500 0
859 1
1 13 0 0 0 0 0 0 4.45274 4.45399 0.10566 0 0 -500 0
860 1
1 13 0 0 0 0 0 0 4.03393 4.03531 0.10566 0 0 -500 0
861 1
1 13 0 0 0 0 0 0 4.08995 4.09132 0.10566 0 0 -500 0
862 1
1 13 0 0 0 0 0 0 4.41605 4.41732 0.10566 0 0 -500 0
863 1
1 13 0 0 0 0 0 0 4.34594 4.34722 0.10566 0 0 -500 0
864 1
1 13 0 0 0 0 0 0 4.47642 4.47766 0.10566 0 0 -500 0
865 1
1 13 0 0 0 0 0 0 4.23394 4.23526 0.10566 0 0 -500 0
866 1
1 13 0 0 0 0 0 0 4.17998 4.18131 0.10566 0 0 -500 0
867 1
1 13 0 0 0 0 0 0 4.03258 4.03396 0.10566 0 0 -500 0
868 1
1 13 0 0 0 0 0 0 4.29611 4.29741 0.10566 0 0 -500 0
869 1
1 13 0 0 0 0 0 0 4.27297 4.27428 0.10566 0 0 -500 0
870 1
1 13 0 0 0 0 0 0 4.09683 4.09819 0.10566 0 0 -500 0
871 1
1 13 0 0 0 0 0 0 4.25604 4.25735 0.10566 0 0 -500 0
872 1
1 13 0 0 0 0 0 0 4.18185 4.18318 0.10566 0 0 -500 0
873 1
1 13 0 0 0 0 0 0 4.30159 4.30289 0.10566 0 0 -500 0
874 1
1 13 0 0 0 0 0 0 4.23577 4.23709 0.10566 0 0 -500 0
875 1
1 13 0 0 0 0 0 0 4.14985 4.1512 0.10566 0 0 -500 0
876 1
1 13 0 0 0 0 0 0 4.12503 4.12638 0.10566 0 0 -500 0
877 1
1 13 0 0 0 0 0 0 4.45278 4.45403 0.10566 0 0 -500 0
878 1
1 13 0 0 0 0 0 0 4.13527 4.13661 0.10566 0 0 -500 0
879 1
1 13 0 0 0 0 0 0 4.10892 4.11028 0.10566 0 0 -500 0
880 1
1 13 0 0 0 0 0 0 4.25101 4.25232 0.10566 0 0 -500 0
881 1
1 13 0 0 0 0 0 0 4.15814 4.15948 0.10566 0 0 -500 0
882 1
1 13 0 0 0 0 0 0 4.3186 4.31989 0.10566 0 0 -500 0
883 1
1 13 0 0 0 0 0 0 4.13008 4.13143 0.10566 0 0 -500 0
884 1
1 13 0 0 0 0 0 0 4.32982 4.33111 0.10566 0 0 -500 0
885 1
1 13 0 0 0 0 0 0 4.37816 4.37943 0.10566 0 0 -500 0
886 1
1 13 0 0 0 0 0 0 4.22518 4.2265 0.10566 0 0 -500 0
887 1
1 13 0 0 0 0 0 0 4.48314 4.48438 0.10566 0 0 -500 0
888 1
1 13 0 0 0 0 0 0 4.13494 4.13629 0.10566 0 0 -500 0
889 1
1 13 0 0 0 0 0 0 4.25508 4.25639 0.10566 0 0 -500 0
890 1
1 13 0 0 0 0 0 0 4.01067 4.01206 0.10566 0 0 -500 0
891 1
1 13 0 0 0 0 0 0 4.37694 4.37821 0.10566 0 0 -500 0
892 1
1 13 0 0 0 0 0 0 4.08376 4.08513 0.10566 0 0 -500 0
893 1
1 13 0 0 0 0 0 0 4.38341 4.38468 0.10566 0 0 -500 0
894 1
1 13 0 0 0 0 0 0 4.0063 4.00769 0.10566 0 0 -500 0
895 1
1 13 0 0 0 0 0 0 4.46718 4.46843 0.10566 0 0 -500 0
896 1
1 13 0 0 0 0 0 0 4.27214 4.27344 0.10566 0 0 -500 0
897 1
1 13 0 0 0 0 0 0 4.29387 4.29517 0.10566 0 0 -500 0
898 1
1 13 0 0 0 0 0 0 4.09416 4.09552 0.10566 0 0 -500 0
899 1
1 13 0 0 0 0 0 0 4.42372 4.42499 0.10566 0 0 -500 0
900 1
1 13 0 0 0 0 0 0 4.46406 4.46531 0.10566 0 0 -500 0
901 1
1 13 0 0 0 0 0 0 4.22593 4.22726 0.10566 0 0 -500 0
902 1
1 13 0 0 0 0 0 0 4.01409 4.01548 0.10566 0 0 -500 0
903 1
1 13 0 0 0 0 0 0 4.07934 4.08071 0.10566 0 0 -500 0
904 1
1 13 0 0 0 0 0 0 4.28973 4.29104 0.10566 0 0 -500 0
905 1
1 13 0 0 0 0 0 0 4.07065 4.07202 0.10566 0 0 -500 0
906 1
1 13 0 0 0 0 0 0 4.3819 4.38317 0.10566 0 0 -500 0
907 1
1 13 0 0 0 0 0 0 4.08849 4.08985 0.10566 0 0 -500 0
908 1
1 13 0 0 0 0 0 0 4.06073 4.0621 0.10566 0 0 -500 0
909 1
1 13 0 0 0 0 0 0 4.35114 4.35242 0.10566 0 0 -500 0
910 1
1 13 0 0 0 0 0 0 4.13036 4.13171 0.10566 0 0 -500 0
911 1
1 13 0 0 0 0 0 0 4.49804 4.49928 0.10566 0 0 -500 0
912 1
1 13 0 0 0 0 0 0 4.15612 4.15746 0.10566 0 0 -500 0
913 1
1 13 0 0 0 0 0 0 4.07662 4.07799 0.10566 0 0 -500 0
914 1
1 13 0 0 0 0 0 0 4.3352 4.33649 0.10566 0 0 -500 0
915 1
1 13 0 0 0 0 0 0 4.41653 4.41779 0.10566 0 0 -500 0
916 1
1 13 0 0 0 0 0 0 4.36479 4.36607 0.10566 0 0 -500 0
917 1
1 13 0 0 0 0 0 0 4.16592 4.16726 0.10566 0 0 -500 0
918 1
1 13 0 0 0 0 0 0 4.00197 4.00337 0.10566 0 0 -500 0
919 1
1 13 0 0 0 0 0 0 4.06798 4.06935 0.10566 0 0 -500 0
920 1
1 13 0 0 0 0 0 0 4.19671 4.19804 0.10566 0 0 -500 0
921 1
1 13 0 0 0 0 0 0 4.35886 4.36014 0.10566 0 0 -500 0
922 1
1 13 0 0 0 0 0 0 4.33284 4.33413 0.10566 0 0 -500 0
923 1
1 13 0 0 0 0 0 0 4.28737 4.28867 0.10566 0 0 -500 0
924 1
1 13 0 0 0 0 0 0 4.2732 4.2745 0.10566 0 0 -500 0
925 1
1 13 0 0 0 0 0 0 4.49285 4.49409 0.10566 0 0 -500 0
926 1
1 13 0 0 0 0 0 0 4.18466 4.186 0.10566 0 0 -500 0
927 1
1 13 0 0 0 0 0 0 4.46881 4.47006 0.10566 0 0 -500 0
928 1
1 13 0 0 0 0 0 0 4.38989 4.39117 0.10566 0 0 -500 0
929 1
1 13 0 0 0 0 0 0 4.05261 4.05399 0.10566 0 0 -500 0
930 1
1 13 0 0 0 0 0 0 4.02858 4.02996 0.10566 0 0 -500 0
931 1
1 13 0 0 0 0 0 0 4.06121 4.06259 0.10566 0 0 -500 0
932 1
1 13 0 0 0 0 0 0 4.02535 4.02673 0.10566 0 0 -500 0
933 1
1 13 0 0 0 0 0 0 4.47769 4.47893 0.10566 0 0 -500 0
934 1
1 13 0 0 0 0 0 0 4.2673 4.26861 0.10566 0 0 -500 0
935 1
1 13 0 0 0 0 0 0 4.40624 4.40751 0.10566 0 0 -500 0
936 1
1 13 0 0 0 0 0 0 4.05502 4.0564 0.10566 0 0 -500 0
937 1
1 13 0 0 0 0 0 0 4.41168 4.41294 0.10566 0 0 -500 0
938 1
1 13 0 0 0 0 0 0 4.07167 4.07304 0.10566 0 0 -500 0
939 1
1 13 0 0 0 0 0 0 4.25092 4.25223 0.10566 0 0 -500 0
940 1
1 13 0 0 0 0 0 0 4.09777 4.09914 0.10566 0 0 -500 0
941 1
1 13 0 0 0 0 0 0 4.3358 4.33708 0.10566 0 0 -500 0
942 1
1 13 0 0 0 0 0 0 4.28357 4.28487 0.10566 0 0 -500 0
943 1
1 13 0 0 0 0 0 0 4.21927 4.22059 0.10566 0 0 -500 0
944 1
1 13 0 0 0 0 0 0 4.39159 4.39286 0.10566 0 0 -500 0
945 1
1 13 0 0 0 0 0 0 4.30712 4.30841 0.10566 0 0 -500 0
946 1
1 13 0 0 0 0 0 0 4.40165 4.40291 0.10566 0 0 -500 0
947 1
1 13 0 0 0 0 0 0 4.44789 4.44915 0.10566 0 0 -500 0
948 1
1 13 0 0 0 0 0 0 4.45517 4.45643 0.10566 0 0 -500 0
949 1
1 13 0 0 0 0 0 0 4.41791 4.41917 0.10566 0 0 -500 0
950 1
1 13 0 0 0 0 0 0 4.40947 4.41074 0.10566 0 0 -500 0
951 1
1 13 0 0 0 0 0 0 4.19792 4.19925 0.10566 0 0 -500 0
952 1
1 13 0 0 0 0 0 0 4.08633 4.0877 0.10566 0 0 -500 0
953 1
1 13 0 0 0 0 0 0 4.37137 4.37264 0.10566 0 0 -500 0
954 1
1 13 0 0 0 0 0 0 4.20892 4.21025 0.10566 0 0 -500 0
955 1
1 13 0 0 0 0 0 0 4.44514 4.4464 0.10566 0 0 -500 0
956 1
1 13 0 0 0 0 0 0 4.37853 4.37981 0.10566 0 0 -500 0
957 1
1 13 0 0 0 0 0 0 4.48198 4.48322 0.10566 0 0 -500 0
958 1
1 13 0 0 0 0 0 0 4.32794 4.32923 0.10566 0 0 -500 0
959 1
1 13 0 0 0 0 0 0 4.0758 4.07717 0.10566 0 0 -500 0
960 1
1 13 0 0 0 0 0 0 4.40307 4.40433 0.10566 0 0 -500 0
961 1
1 13 0 0 0 0 0 0 4.39345 4.39472 0.10566 0 0 -500 0
962 1
1 13 0 0 0 0 0 0 4.10301 4.10437 0.10566 0 0 -500 0
963 1
1 13 0 0 0 0 0 0 4.48241 4.48365 0.10566 0 0 -500 0
964 1
1 13 0 0 0 0 0 0 4.26304 4.26435 0.10566 0 0 -500 0
965 1
1 13 0 0 0 0 0 0 4.33615 4.33744 0.10566 0 0 -500 0
966 1
1 13 0 0 0 0 0 0 4.1126 4.11396 0.10566 0 0 -500 0
967 1
1 13 0 0 0 0 0 0 4.16294 4.16428 0.10566 0 0 -500 0
968 1
1 13 0 0 0 0 0 0 4.33291 4.3342 0.10566 0 0 -500 0
969 1
1 13 0 0 0 0 0 0 4.36325 4.36453 0.10566 0 0 -500 0
970 1
1 13 0 0 0 0 0 0 4.29468 4.29598 0.10566 0 0 -500 0
971 1
1 13 0 0 0 0 0 0 4.46936 4.47061 0.10566 0 0 -500 0
972 1
1 13 0 0 0 0 0 0 4.22543 4.22675 0.10566 0 0 -500 0
973 1
1 13 0 0 0 0 0 0 4.23909 4.2404 0.10566 0 0 -500 0
974 1
1 13 0 0 0 0 0 0 4.31891 4.3202 0.10566 0 0 -500 0
975 1
1 13 0 0 0 0 0 0 4.33227 4.33355 0.10566 0 0 -500 0
976 1
1 13 0 0 0 0 0 0 4.04198 4.04336 0.10566 0 0 -500 0
977 1
1 13 0 0 0 0 0 0 4.39471 4.39598 0.10566 0 0 -500 0
978 1
1 13 0 0 0 0 0 0 4.38672 4.38799 0.10566 0 0 -500 0
979 1
1 13 0 0 0 0 0 0 4.21729 4.21861 0.10566 0 0 -500 0
980 1
1 13 0 0 0 0 0 0 4.29017 4.29148 0.10566 0 0 -500 0
981 1
1 13 0 0 0 0 0 0 4.11994 4.12129 0.10566 0 0 -500 0
982 1
1 13 0 0 0 0 0 0 4.24985 4.25116 0.10566 0 0 -500 0
983 1
1 13 0 0 0 0 0 0 4.4683 4.46955 0.10566 0 0 -500 0
984 1
1 13 0 0 0 0 0 0 4.15695 4.15829 0.10566 0 0 -500 0
985 1
1 13 0 0 0 0 0 0 4.04882 4.0502 0.10566 0 0 -500 0
986 1
1 13 0 0 0 0 0 0 4.08164 4.08301 0.10566 0 0 -500 0
987 1
1 13 0 0 0 0 0 0 4.3578 4.35908 0.10566 0 0 -500 0
988 1
1 13 0 0 0 0 0 0 4.23628 4.2376 0.10566 0 0 -500 0
989 1
1 13 0 0 0 0 0 0 4.29193 4.29323 0.10566 0 0 -500 0
990 1
1 13 0 0 0 0 0 0 4.20884 4.21016 0.10566 0 0 -500 0
991 1
1 13 0 0 0 0 0 0 4.03126 4.03264 0.10566 0 0 -500 0
992 1
1 13 0 0 0 0 0 0 4.43586 4.43712 0.10566 0 0 -500 0
993 1
1 13 0 0 0 0 0 0 4.09119 4.09256 0.10566 0 0 -500 0
994 1
1 13 0 0 0 0 0 0 4.35182 4.35311 0.10566 0 0 -500 0
995 1
1 13 0 0 0 0 0 0 4.08484 4.0862 0.10566 0 0 -500 0
996 1
1 13 0 0 0 0 0 0 4.20681 4.20814 0.10566 0 0 -500 0
997 1
1 13 0 0 0 0 0 0 4.48479 4.48603 0.10566 0 0 -500 0
998 1
1 13 0 0 0 0 0 0 4.30004 4.30133 0.10566 0 0 -500 0
999 1
1 13 0 0 0 0 0 0 4.37802 4.3793 0.10566 0 0 -500 0