0 1
1 13 0 0 0 0 0 0 4.99987 5.00099 0.10566 0 0 -500 0
1 1
1 13 0 0 0 0 0 0 4.58145 4.58267 0.10566 0 0 -500 0
2 1
1 13 0 0 0 0 0 0 4.64131 4.64251 0.10566 0 0 -500 0
3 1
1 13 0 0 0 0 0 0 4.9736 4.97472 0.10566 0 0 -500 0
4 1
1 13 0 0 0 0 0 0 4.61583 4.61704 0.10566 0 0 -500 0
5 1
1 13 0 0 0 0 0 0 4.74249 4.74366 0.10566 0 0 -500 0
6 1
1 13 0 0 0 0 0 0 4.97874 4.97986 0.10566 0 0 -500 0
7 1
1 13 0 0 0 0 0 0 4.87215 4.8733 0.10566 0 0 -500 0
8 1
1 13 0 0 0 0 0 0 4.77002 4.77119 0.10566 0 0 -500 0
9 1
1 13 0 0 0 0 0 0 4.86998 4.87112 0.10566 0 0 -500 0
10 1
1 13 0 0 0 0 0 0 4.87997 4.88112 0.10566 0 0 -500 0
11 1
1 13 0 0 0 0 0 0 4.82932 4.83047 0.10566 0 0 -500 0
12 1
1 13 0 0 0 0 0 0 4.65782 4.65902 0.10566 0 0 -500 0
13 1
1 13 0 0 0 0 0 0 4.9022 4.90334 0.10566 0 0 -500 0
14 1
1 13 0 0 0 0 0 0 4.75984 4.76101 0.10566 0 0 -500 0
15 1
1 13 0 0 0 0 0 0 4.58429 4.5855 0.10566 0 0 -500 0
16 1
1 13 0 0 0 0 0 0 4.73776 4.73894 0.10566 0 0 -500 0
17 1
1 13 0 0 0 0 0 0 4.69616 4.69735 0.10566 0 0 -500 0
18 1
1 13 0 0 0 0 0 0 4.61083 4.61204 0.10566 0 0 -500 0
19 1
1 13 0 0 0 0 0 0 4.6066 4.60781 0.10566 0 0 -500 0
20 1
1 13 0 0 0 0 0 0 4.51517 4.5164 0.10566 0 0 -500 0
21 1
1 13 0 0 0 0 0 0 4.66677 4.66797 0.10566 0 0 -500 0
22 1
1 13 0 0 0 0 0 0 4.59707 4.59829 0.10566 0 0 -500 0
23 1
1 13 0 0 0 0 0 0 4.97186 4.97298 0.10566 0 0 -500 0
24 1
1 13 0 0 0 0 0 0 4.78997 4.79113 0.10566 0 0 -500 0
25 1
1 13 0 0 0 0 0 0 4.94915 4.95028 0.10566 0 0 -500 0
26 1
1 13 0 0 0 0 0 0 4.83278 4.83394 0.10566 0 0 -500 0
27 1
1 13 0 0 0 0 0 0 4.74931 4.75048 0.10566 0 0 -500 0
28 1
1 13 0 0 0 0 0 0 4.78031 4.78148 0.10566 0 0 -500 0
29 1
1 13 0 0 0 0 0 0 4.59114 4.59236 0.10566 0 0 -500 0
30 1
1 13 0 0 0 0 0 0 4.64826 4.64946 0.10566 0 0 -500 0
31 1
1 13 0 0 0 0 0 0 4.5587 4.55993 0.10566 0 0 -500 0
32 1
1 13 0 0 0 0 0 0 4.53146 4.53269 0.10566 0 0 -500 0
33 1
1 13 0 0 0 0 0 0 4.82406 4.82522 0.10566 0 0 -500 0
34 1
1 13 0 0 0 0 0 0 4.86271 4.86386 0.10566 0 0 -500 0
35 1
1 13 0 0 0 0 0 0 4.81857 4.81972 0.10566 0 0 -500 0
36 1
1 13 0 0 0 0 0 0 4.85694 4.85809 0.10566 0 0 -500 0
37 1
1 13 0 0 0 0 0 0 4.54979 4.55101 0.10566 0 0 -500 0
38 1
1 13 0 0 0 0 0 0 4.84963 4.85078 0.10566 0 0 -500 0
39 1
1 13 0 0 0 0 0 0 4.55391 4.55513 0.10566 0 0 -500 0
40 1
1 13 0 0 0 0 0 0 4.56462 4.56584 0.10566 0 0 -500 0
41 1
1 13 0 0 0 0 0 0 4.7512 4.75238 0.10566 0 0 -500 0
42 1
1 13 0 0 0 0 0 0 4.60389 4.6051 0.10566 0 0 -500 0
43 1
1 13 0 0 0 0 0 0 4.64445 4.64566 0.10566 0 0 -500 0
44 1
1 13 0 0 0 0 0 0 4.54159 4.54282 0.10566 0 0 -500 0
45 1
1 13 0 0 0 0 0 0 4.56406 4.56529 0.10566 0 0 -500 0
46 1
1 13 0 0 0 0 0 0 4.77369 4.77486 0.10566 0 0 -500 0
47 1
1 13 0 0 0 0 0 0 4.54116 4.54239 0.10566 0 0 -500 0
48 1
1 13 0 0 0 0 0 0 4.64607 4.64727 0.10566 0 0 -500 0
49 1
1 13 0 0 0 0 0 0 4.94581 4.94694 0.10566 0 0 -500 0
50 1
1 13 0 0 0 0 0 0 4.61356 4.61477 0.10566 0 0 -500 0
51 1
1 13 0 0 0 0 0 0 4.71592 4.71711 0.10566 0 0 -500 0
52 1
1 13 0 0 0 0 0 0 4.57037 4.57159 0.10566 0 0 -500 0
53 1
1 13 0 0 0 0 0 0 4.7002 4.70138 0.10566 0 0 -500 0
54 1
1 13 0 0 0 0 0 0 4.84347 4.84463 0.10566 0 0 -500 0
55 1
1 13 0 0 0 0 0 0 4.58534 4.58655 0.10566 0 0 -500 0
56 1
1 13 0 0 0 0 0 0 4.72041 4.72159 0.10566 0 0 -500 0
57 1
1 13 0 0 0 0 0 0 4.52267 4.5239 0.10566 0 0 -500 0
58 1
1 13 0 0 0 0 0 0 4.65565 4.65685 0.10566 0 0 -500 0
59 1
1 13 0 0 0 0 0 0 4.75309 4.75426 0.10566 0 0 -500 0
60 1
1 13 0 0 0 0 0 0 4.59121 4.59242 0.10566 0 0 -500 0
61 1
1 13 0 0 0 0 0 0 4.75552 4.75669 0.10566 0 0 -500 0
62 1
1 13 0 0 0 0 0 0 4.87039 4.87154 0.10566 0 0 -500 0
63 1
1 13 0 0 0 0 0 0 4.68299 4.68419 0.10566 0 0 -500 0
64 1
1 13 0 0 0 0 0 0 4.5804 4.58162 0.10566 0 0 -500 0
65 1
1 13 0 0 0 0 0 0 4.73005 4.73123 0.10566 0 0 -500 0
66 1
1 13 0 0 0 0 0 0 4.81392 4.81508 0.10566 0 0 -500 0
67 1
1 13 0 0 0 0 0 0 4.8388 4.83996 0.10566 0 0 -500 0
68 1
1 13 0 0 0 0 0 0 4.8491 4.85025 0.10566 0 0 -500 0
69 1
1 13 0 0 0 0 0 0 4.73927 4.74045 0.10566 0 0 -500 0
70 1
1 13 0 0 0 0 0 0 4.54505 4.54628 0.10566 0 0 -500 0
71 1
1 13 0 0 0 0 0 0 4.66936 4.67056 0.10566 0 0 -500 0
72 1
1 13 0 0 0 0 0 0 4.54761 4.54883 0.10566 0 0 -500 0
73 1
1 13 0 0 0 0 0 0 4.71827 4.71945 0.10566 0 0 -500 0
74 1
1 13 0 0 0 0 0 0 4.73734 4.73851 0.10566 0 0 -500 0
75 1
1 13 0 0 0 0 0 0 4.70962 4.71081 0.10566 0 0 -500 0
76 1
1 13 0 0 0 0 0 0 4.88877 4.88991 0.10566 0 0 -500 0
77 1
1 13 0 0 0 0 0 0 4.81231 4.81347 0.10566 0 0 -500 0
78 1
1 13 0 0 0 0 0 0 4.99022 4.99134 0.10566 0 0 -500 0
79 1
1 13 0 0 0 0 0 0 4.68521 4.68641 0.10566 0 0 -500 0
80 1
1 13 0 0 0 0 0 0 4.91541 4.91654 0.10566 0 0 -500 0
81 1
1 13 0 0 0 0 0 0 4.5704 4.57162 0.10566 0 0 -500 0
82 1
1 13 0 0 0 0 0 0 4.87204 4.87319 0.10566 0 0 -500 0
83 1
1 13 0 0 0 0 0 0 4.91487 4.91601 0.10566 0 0 -500 0
84 1
1 13 0 0 0 0 0 0 4.69555 4.69674 0.10566 0 0 -500 0
85 1
1 13 0 0 0 0 0 0 4.81098 4.81214 0.10566 0 0 -500 0
86 1
1 13 0 0 0 0 0 0 4.67335 4.67454 0.10566 0 0 -500 0
87 1
1 13 0 0 0 0 0 0 4.52308 4.52432 0.10566 0 0 -500 0
88 1
1 13 0 0 0 0 0 0 4.80653 4.80769 0.10566 0 0 -500 0
89 1
1 13 0 0 0 0 0 0 4.78369 4.78485 0.10566 0 0 -500 0
90 1
1 13 0 0 0 0 0 0 4.74945 4.75062 0.10566 0 0 -500 0
91 1
1 13 0 0 0 0 0 0 4.8619 4.86305 0.10566 0 0 -500 0
92 1
1 13 0 0 0 0 0 0 4.57228 4.5735 0.10566 0 0 -500 0
93 1
1 13 0 0 0 0 0 0 4.52115 4.52239 0.10566 0 0 -500 0
94 1
1 13 0 0 0 0 0 0 4.65539 4.65659 0.10566 0 0 -500 0
95 1
1 13 0 0 0 0 0 0 4.56082 4.56204 0.10566 0 0 -500 0
96 1
1 13 0 0 0 0 0 0 4.62103 4.62224 0.10566 0 0 -500 0
97 1
1 13 0 0 0 0 0 0 4.69053 4.69172 0.10566 0 0 -500 0
98 1
1 13 0 0 0 0 0 0 4.72006 4.72125 0.10566 0 0 -500 0
99 1
1 13 0 0 0 0 0 0 4.7999 4.80106 0.10566 0 0 -500 0
100 1
1 13 0 0 0 0 0 0 4.82229 4.82344 0.10566 0 0 -500 0
101 1
1 13 0 0 0 0 0 0 4.71631 4.7175 0.10566 0 0 -500 0
102 1
1 13 0 0 0 0 0 0 4.77798 4.77915 0.10566 0 0 -500 0
103 1
1 13 0 0 0 0 0 0 4.85842 4.85957 0.10566 0 0 -500 0
104 1
1 13 0 0 0 0 0 0 4.82118 4.82234 0.10566 0 0 -500 0
105 1
1 13 0 0 0 0 0 0 4.84289 4.84404 0.10566 0 0 -500 0
106 1
1 13 0 0 0 0 0 0 4.54808 4.54931 0.10566 0 0 -500 0
107 1
1 13 0 0 0 0 0 0 4.56147 4.56269 0.10566 0 0 -500 0
108 1
1 13 0 0 0 0 0 0 4.5285 4.52973 0.10566 0 0 -500 0
109 1
1 13 0 0 0 0 0 0 4.91004 4.91117 0.10566 0 0 -500 0
110 1
1 13 0 0 0 0 0 0 4.56277 4.56399 0.10566 0 0 -500 0
111 1
1 13 0 0 0 0 0 0 4.65787 4.65907 0.10566 0 0 -500 0
112 1
1 13 0 0 0 0 0 0 4.59028 4.5915 0.10566 0 0 -500 0
113 1
1 13 0 0 0 0 0 0 4.57111 4.57233 0.10566 0 0 -500 0
114 1
1 13 0 0 0 0 0 0 4.83221 4.83337 0.10566 0 0 -500 0
115 1
1 13 0 0 0 0 0 0 4.84259 4.84375 0.10566 0 0 -500 0
116 1
1 13 0 0 0 0 0 0 4.5955 4.59672 0.10566 0 0 -500 0
117 1
1 13 0 0 0 0 0 0 4.71817 4.71935 0.10566 0 0 -500 0
118 1
1 13 0 0 0 0 0 0 4.98223 4.98335 0.10566 0 0 -500 0
119 1
1 13 0 0 0 0 0 0 4.93408 4.93521 0.10566 0 0 -500 0
120 1
1 13 0 0 0 0 0 0 4.56544 4.56666 0.10566 0 0 -500 0
121 1
1 13 0 0 0 0 0 0 4.74222 4.7434 0.10566 0 0 -500 0
122 1
1 13 0 0 0 0 0 0 4.68733 4.68852 0.10566 0 0 -500 0
123 1
1 13 0 0 0 0 0 0 4.95024 4.95137 0.10566 0 0 -500 0
124 1
1 13 0 0 0 0 0 0 4.58933 4.59054 0.10566 0 0 -500 0
125 1
1 13 0 0 0 0 0 0 4.83982 4.84097 0.10566 0 0 -500 0
126 1
1 13 0 0 0 0 0 0 4.81144 4.8126 0.10566 0 0 -500 0
127 1
1 13 0 0 0 0 0 0 4.99183 4.99295 0.10566 0 0 -500 0
128 1
1 13 0 0 0 0 0 0 4.72036 4.72154 0.10566 0 0 -500 0
129 1
1 13 0 0 0 0 0 0 4.90237 4.90351 0.10566 0 0 -500 0
130 1
1 13 0 0 0 0 0 0 4.99742 4.99854 0.10566 0 0 -500 0
131 1
1 13 0 0 0 0 0 0 4.77078 4.77195 0.10566 0 0 -500 0
132 1
1 13 0 0 0 0 0 0 4.62795 4.62916 0.10566 0 0 -500 0
133 1
1 13 0 0 0 0 0 0 4.81947 4.82063 0.10566 0 0 -500 0
134 1
1 13 0 0 0 0 0 0 4.78796 4.78912 0.10566 0 0 -500 0
135 1
1 13 0 0 0 0 0 0 4.62936 4.63057 0.10566 0 0 -500 0
136 1
1 13 0 0 0 0 0 0 4.5958 4.59701 0.10566 0 0 -500 0
137 1
1 13 0 0 0 0 0 0 4.72283 4.72401 0.10566 0 0 -500 0
138 1
1 13 0 0 0 0 0 0 4.57463 4.57585 0.10566 0 0 -500 0
139 1
1 13 0 0 0 0 0 0 4.99836 4.99948 0.10566 0 0 -500 0
140 1
1 13 0 0 0 0 0 0 4.56088 4.5621 0.10566 0 0 -500 0
141 1
1 13 0 0 0 0 0 0 4.82577 4.82693 0.10566 0 0 -500 0
142 1
1 13 0 0 0 0 0 0 4.5139 4.51513 0.10566 0 0 -500 0
143 1
1 13 0 0 0 0 0 0 4.69499 4.69618 0.10566 0 0 -500 0
144 1
1 13 0 0 0 0 0 0 4.91396 4.91509 0.10566 0 0 -500 0
145 1
1 13 0 0 0 0 0 0 4.64191 4.64311 0.10566 0 0 -500 0
146 1
1 13 0 0 0 0 0 0 4.8051 4.80626 0.10566 0 0 -500 0
147 1
1 13 0 0 0 0 0 0 4.61821 4.61941 0.10566 0 0 -500 0
148 1
1 13 0 0 0 0 0 0 4.70541 4.7066 0.10566 0 0 -500 0
149 1
1 13 0 0 0 0 0 0 4.83886 4.84001 0.10566 0 0 -500 0
150 1
1 13 0 0 0 0 0 0 4.92356 4.9247 0.10566 0 0 -500 0
151 1
1 13 0 0 0 0 0 0 4.82463 4.82578 0.10566 0 0 -500 0
152 1
1 13 0 0 0 0 0 0 4.54069 4.54192 0.10566 0 0 -500 0
153 1
1 13 0 0 0 0 0 0 4.56042 4.56164 0.10566 0 0 -500 0
154 1
1 13 0 0 0 0 0 0 4.7396 4.74078 0.10566 0 0 -500 0
155 1
1 13 0 0 0 0 0 0 4.88894 4.89008 0.10566 0 0 -500 0
156 1
1 13 0 0 0 0 0 0 4.73599 4.73717 0.10566 0 0 -500 0
157 1
1 13 0 0 0 0 0 0 4.97167 4.97279 0.10566 0 0 -500 0
158 1
1 13 0 0 0 0 0 0 4.9904 4.99152 0.10566 0 0 -500 0
159 1
1 13 0 0 0 0 0 0 4.66728 4.66847 0.10566 0 0 -500 0
160 1
1 13 0 0 0 0 0 0 4.60133 4.60255 0.10566 0 0 -500 0
161 1
1 13 0 0 0 0 0 0 4.67142 4.67262 0.10566 0 0 -500 0
162 1
1 13 0 0 0 0 0 0 4.82677 4.82793 0.10566 0 0 -500 0
163 1
1 13 0 0 0 0 0 0 4.84138 4.84253 0.10566 0 0 -500 0
164 1
1 13 0 0 0 0 0 0 4.80497 4.80613 0.10566 0 0 -500 0
165 1
1 13 0 0 0 0 0 0 4.54996 4.55119 0.10566 0 0 -500 0
166 1
1 13 0 0 0 0 0 0 4.88313 4.88427 0.10566 0 0 -500 0
167 1
1 13 0 0 0 0 0 0 4.86779 4.86894 0.10566 0 0 -500 0
168 1
1 13 0 0 0 0 0 0 4.62057 4.62178 0.10566 0 0 -500 0
169 1
1 13 0 0 0 0 0 0 4.63159 4.63279 0.10566 0 0 -500 0
170 1
1 13 0 0 0 0 0 0 4.98043 4.98156 0.10566 0 0 -500 0
171 1
1 13 0 0 0 0 0 0 4.7117 4.71288 0.10566 0 0 -500 0
172 1
1 13 0 0 0 0 0 0 4.66803 4.66922 0.10566 0 0 -500 0
173 1
1 13 0 0 0 0 0 0 4.50012 4.50137 0.10566 0 0 -500 0
174 1
1 13 0 0 0 0 0 0 4.93442 4.93555 0.10566 0 0 -500 0
175 1
1 13 0 0 0 0 0 0 4.50188 4.50312 0.10566 0 0 -500 0
176 1
1 13 0 0 0 0 0 0 4.58292 4.58414 0.10566 0 0 -500 0
177 1
1 13 0 0 0 0 0 0 4.50591 4.50715 0.10566 0 0 -500 0
178 1
1 13 0 0 0 0 0 0 4.80323 4.80439 0.10566 0 0 -500 0
179 1
1 13 0 0 0 0 0 0 4.86499 4.86613 0.10566 0 0 -500 0
180 1
1 13 0 0 0 0 0 0 4.80691 4.80807 0.10566 0 0 -500 0
181 1
1 13 0 0 0 0 0 0 4.98288 4.984 0.10566 0 0 -500 0
182 1
1 13 0 0 0 0 0 0 4.74855 4.74972 0.10566 0 0 -500 0
183 1
1 13 0 0 0 0 0 0 4.76494 4.76611 0.10566 0 0 -500 0
184 1
1 13 0 0 0 0 0 0 4.7308 4.73198 0.10566 0 0 -500 0
185 1
1 13 0 0 0 0 0 0 4.85652 4.85767 0.10566 0 0 -500 0
186 1
1 13 0 0 0 0 0 0 4.78998 4.79115 0.10566 0 0 -500 0
187 1
1 13 0 0 0 0 0 0 4.8414 4.84255 0.10566 0 0 -500 0
188 1
1 13 0 0 0 0 0 0 4.97696 4.97808 0.10566 0 0 -500 0
189 1
1 13 0 0 0 0 0 0 4.51183 4.51306 0.10566 0 0 -500 0
190 1
1 13 0 0 0 0 0 0 4.64006 4.64126 0.10566 0 0 -500 0
191 1
1 13 0 0 0 0 0 0 4.93476 4.93589 0.10566 0 0 -500 0
192 1
1 13 0 0 0 0 0 0 4.64967 4.65087 0.10566 0 0 -500 0
193 1
1 13 0 0 0 0 0 0 4.65978 4.66097 0.10566 0 0 -500 0
194 1
1 13 0 0 0 0 0 0 4.65048 4.65168 0.10566 0 0 -500 0
195 1
1 13 0 0 0 0 0 0 4.97056 4.97168 0.10566 0 0 -500 0
196 1
1 13 0 0 0 0 0 0 4.92406 4.9252 0.10566 0 0 -500 0
197 1
1 13 0 0 0 0 0 0 4.87667 4.87782 0.10566 0 0 -500 0
198 1
1 13 0 0 0 0 0 0 4.76912 4.77029 0.10566 0 0 -500 0
199 1
1 13 0 0 0 0 0 0 4.70424 4.70543 0.10566 0 0 -500 0
200 1
1 13 0 0 0 0 0 0 4.60619 4.6074 0.10566 0 0 -500 0
201 1
1 13 0 0 0 0 0 0 4.53807 4.5393 0.10566 0 0 -500 0
202 1
1 13 0 0 0 0 0 0 4.64497 4.64617 0.10566 0 0 -500 0
203 1
1 13 0 0 0 0 0 0 4.50989 4.51113 0.10566 0 0 -500 0
204 1
1 13 0 0 0 0 0 0 4.62062 4.62183 0.10566 0 0 -500 0
205 1
1 13 0 0 0 0 0 0 4.69231 4.6935 0.10566 0 0 -500 0
206 1
1 13 0 0 0 0 0 0 4.72745 4.72863 0.10566 0 0 -500 0
207 1
1 13 0 0 0 0 0 0 4.68699 4.68818 0.10566 0 0 -500 0
208 1
1 13 0 0 0 0 0 0 4.72009 4.72128 0.10566 0 0 -500 0
209 1
1 13 0 0 0 0 0 0 4.55895 4.56017 0.10566 0 0 -500 0
210 1
1 13 0 0 0 0 0 0 4.90271 4.90385 0.10566 0 0 -500 0
211 1
1 13 0 0 0 0 0 0 4.58245 4.58366 0.10566 0 0 -500 0
212 1
1 13 0 0 0 0 0 0 4.64126 4.64247 0.10566 0 0 -500 0
213 1
1 13 0 0 0 0 0 0 4.58634 4.58756 0.10566 0 0 -500 0
214 1
1 13 0 0 0 0 0 0 4.96792 4.96904 0.10566 0 0 -500 0
215 1
1 13 0 0 0 0 0 0 4.84048 4.84163 0.10566 0 0 -500 0
216 1
1 13 0 0 0 0 0 0 4.56685 4.56807 0.10566 0 0 -500 0
217 1
1 13 0 0 0 0 0 0 4.62738 4.62859 0.10566 0 0 -500 0
218 1
1 13 0 0 0 0 0 0 4.69972 4.70091 0.10566 0 0 -500 0
219 1
1 13 0 0 0 0 0 0 4.68462 4.68581 0.10566 0 0 -500 0
220 1
1 13 0 0 0 0 0 0 4.86318 4.86433 0.10566 0 0 -500 0
221 1
1 13 0 0 0 0 0 0 4.63892 4.64012 0.10566 0 0 -500 0
222 1
1 13 0 0 0 0 0 0 4.84678 4.84794 0.10566 0 0 -500 0
223 1
1 13 0 0 0 0 0 0 4.75018 4.75135 0.10566 0 0 -500 0
224 1
1 13 0 0 0 0 0 0 4.5592 4.56043 0.10566 0 0 -500 0
225 1
1 13 0 0 0 0 0 0 4.57565 4.57687 0.10566 0 0 -500 0
226 1
1 13 0 0 0 0 0 0 4.84072 4.84188 0.10566 0 0 -500 0
227 1
1 13 0 0 0 0 0 0 4.86033 4.86148 0.10566 0 0 -500 0
228 1
1 13 0 0 0 0 0 0 4.98982 4.99094 0.10566 0 0 -500 0
229 1
1 13 0 0 0 0 0 0 4.84839 4.84954 0.10566 0 0 -500 0
230 1
1 13 0 0 0 0 0 0 4.7786 4.77977 0.10566 0 0 -500 0
231 1
1 13 0 0 0 0 0 0 4.84041 4.84156 0.10566 0 0 -500 0
232 1
1 13 0 0 0 0 0 0 4.97768 4.9788 0.10566 0 0 -500 0
233 1
1 13 0 0 0 0 0 0 4.7991 4.80027 0.10566 0 0 -500 0
234 1
1 13 0 0 0 0 0 0 4.88523 4.88637 0.10566 0 0 -500 0
235 1
1 13 0 0 0 0 0 0 4.9568 4.95792 0.10566 0 0 -500 0
236 1
1 13 0 0 0 0 0 0 4.82948 4.83064 0.10566 0 0 -500 0
237 1
1 13 0 0 0 0 0 0 4.83549 4.83664 0.10566 0 0 -500 0
238 1
1 13 0 0 0 0 0 0 4.78909 4.79026 0.10566 0 0 -500 0
239 1
1 13 0 0 0 0 0 0 4.97652 4.97764 0.10566 0 0 -500 0
240 1
1 13 0 0 0 0 0 0 4.58146 4.58268 0.10566 0 0 -500 0
241 1
1 13 0 0 0 0 0 0 4.66753 4.66872 0.10566 0 0 -500 0
242 1
1 13 0 0 0 0 0 0 4.97591 4.97703 0.10566 0 0 -500 0
243 1
1 13 0 0 0 0 0 0 4.55483 4.55606 0.10566 0 0 -500 0
244 1
1 13 0 0 0 0 0 0 4.80965 4.81081 0.10566 0 0 -500 0
245 1
1 13 0 0 0 0 0 0 4.97841 4.97953 0.10566 0 0 -500 0
246 1
1 13 0 0 0 0 0 0 4.99262 4.99374 0.10566 0 0 -500 0
247 1
1 13 0 0 0 0 0 0 4.53537 4.5366 0.10566 0 0 -500 0
248 1
1 13 0 0 0 0 0 0 4.75117 4.75234 0.10566 0 0 -500 0
249 1
1 13 0 0 0 0 0 0 4.84036 4.84151 0.10566 0 0 -500 0
250 1
1 13 0 0 0 0 0 0 4.77666 4.77783 0.10566 0 0 -500 0
251 1
1 13 0 0 0 0 0 0 4.7935 4.79467 0.10566 0 0 -500 0
252 1
1 13 0 0 0 0 0 0 4.84581 4.84696 0.10566 0 0 -500 0
253 1
1 13 0 0 0 0 0 0 4.73132 4.7325 0.10566 0 0 -500 0
254 1
1 13 0 0 0 0 0 0 4.78713 4.78829 0.10566 0 0 -500 0
255 1
1 13 0 0 0 0 0 0 4.53645 4.53768 0.10566 0 0 -500 0
256 1
1 13 0 0 0 0 0 0 4.81913 4.82029 0.10566 0 0 -500 0
257 1
1 13 0 0 0 0 0 0 4.69388 4.69507 0.10566 0 0 -500 0
258 1
1 13 0 0 0 0 0 0 4.61048 4.61169 0.10566 0 0 -500 0
259 1
1 13 0 0 0 0 0 0 4.50112 4.50236 0.10566 0 0 -500 0
260 1
1 13 0 0 0 0 0 0 4.74783 4.749 0.10566 0 0 -500 0
261 1
1 13 0 0 0 0 0 0 4.59566 4.59687 0.10566 0 0 -500 0
262 1
1 13 0 0 0 0 0 0 4.51113 4.51237 0.10566 0 0 -500 0
263 1
1 13 0 0 0 0 0 0 4.95179 4.95292 0.10566 0 0 -500 0
264 1
1 13 0 0 0 0 0 0 4.86931 4.87046 0.10566 0 0 -500 0
265 1
1 13 0 0 0 0 0 0 4.72227 4.72345 0.10566 0 0 -500 0
266 1
1 13 0 0 0 0 0 0 4.70885 4.71004 0.10566 0 0 -500 0
267 1
1 13 0 0 0 0 0 0 4.88043 4.88157 0.10566 0 0 -500 0
268 1
1 13 0 0 0 0 0 0 4.71888 4.72006 0.10566 0 0 -500 0
269 1
1 13 0 0 0 0 0 0 4.59549 4.59671 0.10566 0 0 -500 0
270 1
1 13 0 0 0 0 0 0 4.78856 4.78972 0.10566 0 0 -500 0
271 1
1 13 0 0 0 0 0 0 4.56634 4.56757 0.10566 0 0 -500 0
272 1
1 13 0 0 0 0 0 0 4.65891 4.66011 0.10566 0 0 -500 0
273 1
1 13 0 0 0 0 0 0 4.74346 4.74464 0.10566 0 0 -500 0
274 1
1 13 0 0 0 0 0 0 4.96955 4.97067 0.10566 0 0 -500 0
275 1
1 13 0 0 0 0 0 0 4.96697 4.9681 0.10566 0 0 -500 0
276 1
1 13 0 0 0 0 0 0 4.53683 4.53806 0.10566 0 0 -500 0
277 1
1 13 0 0 0 0 0 0 4.80622 4.80738 0.10566 0 0 -500 0
278 1
1 13 0 0 0 0 0 0 4.75737 4.75855 0.10566 0 0 -500 0
279 1
1 13 0 0 0 0 0 0 4.81233 4.81349 0.10566 0 0 -500 0
280 1
1 13 0 0 0 0 0 0 4.56532 4.56655 0.10566 0 0 -500 0
281 1
1 13 0 0 0 0 0 0 4.82261 4.82376 0.10566 0 0 -500 0
282 1
1 13 0 0 0 0 0 0 4.56707 4.5683 0.10566 0 0 -500 0
283 1
1 13 0 0 0 0 0 0 4.82646 4.82762 0.10566 0 0 -500 0
284 1
1 13 0 0 0 0 0 0 4.63261 4.63381 0.10566 0 0 -500 0
285 1
1 13 0 0 0 0 0 0 4.6909 4.69209 0.10566 0 0 -500 0
286 1
1 13 0 0 0 0 0 0 4.79511 4.79627 0.10566 0 0 -500 0
287 1
1 13 0 0 0 0 0 0 4.83485 4.83601 0.10566 0 0 -500 0
288 1
1 13 0 0 0 0 0 0 4.77717 4.77833 0.10566 0 0 -500 0
289 1
1 13 0 0 0 0 0 0 4.50975 4.51099 0.10566 0 0 -500 0
290 1
1 13 0 0 0 0 0 0 4.59217 4.59339 0.10566 0 0 -500 0
291 1
1 13 0 0 0 0 0 0 4.99559 4.99671 0.10566 0 0 -500 0
292 1
1 13 0 0 0 0 0 0 4.78684 4.788 0.10566 0 0 -500 0
293 1
1 13 0 0 0 0 0 0 4.81888 4.82004 0.10566 0 0 -500 0
294 1
1 13 0 0 0 0 0 0 4.79743 4.79859 0.10566 0 0 -500 0
295 1
1 13 0 0 0 0 0 0 4.75762 4.7588 0.10566 0 0 -500 0
296 1
1 13 0 0 0 0 0 0 4.66535 4.66654 0.10566 0 0 -500 0
297 1
1 13 0 0 0 0 0 0 4.69837 4.69956 0.10566 0 0 -500 0
298 1
1 13 0 0 0 0 0 0 4.94198 4.94311 0.10566 0 0 -500 0
299 1
1 13 0 0 0 0 0 0 4.88574 4.88689 0.10566 0 0 -500 0
300 1
1 13 0 0 0 0 0 0 4.79954 4.8007 0.10566 0 0 -500 0
301 1
1 13 0 0 0 0 0 0 4.51236 4.5136 0.10566 0 0 -500 0
302 1
1 13 0 0 0 0 0 0 4.50613 4.50737 0.10566 0 0 -500 0
303 1
1 13 0 0 0 0 0 0 4.84923 4.85038 0.10566 0 0 -500 0
304 1
1 13 0 0 0 0 0 0 4.633 4.6342 0.10566 0 0 -500 0
305 1
1 13 0 0 0 0 0 0 4.86835 4.8695 0.10566 0 0 -500 0
306 1
1 13 0 0 0 0 0 0 4.99999 5.0011 0.10566 0 0 -500 0
307 1
1 13 0 0 0 0 0 0 4.8749 4.87604 0.10566 0 0 -500 0
308 1
1 13 0 0 0 0 0 0 4.74248 4.74365 0.10566 0 0 -500 0
309 1
1 13 0 0 0 0 0 0 4.91185 4.91299 0.10566 0 0 -500 0
310 1
1 13 0 0 0 0 0 0 4.81139 4.81255 0.10566 0 0 -500 0
311 1
1 13 0 0 0 0 0 0 4.95126 4.95238 0.10566 0 0 -500 0
312 1
1 13 0 0 0 0 0 0 4.52825 4.52949 0.10566 0 0 -500 0
313 1
1 13 0 0 0 0 0 0 4.86954 4.87069 0.10566 0 0 -500 0
314 1
1 13 0 0 0 0 0 0 4.68809 4.68928 0.10566 0 0 -500 0
315 1
1 13 0 0 0 0 0 0 4.5184 4.51964 0.10566 0 0 -500 0
316 1
1 13 0 0 0 0 0 0 4.8881 4.88924 0.10566 0 0 -500 0
317 1
1 13 0 0 0 0 0 0 4.91868 4.91981 0.10566 0 0 -500 0
318 1
1 13 0 0 0 0 0 0 4.67254 4.67374 0.10566 0 0 -500 0
319 1
1 13 0 0 0 0 0 0 4.54092 4.54215 0.10566 0 0 -500 0
320 1
1 13 0 0 0 0 0 0 4.61131 4.61252 0.10566 0 0 -500 0
321 1
1 13 0 0 0 0 0 0 4.57624 4.57746 0.10566 0 0 -500 0
322 1
1 13 0 0 0 0 0 0 4.70059 4.70178 0.10566 0 0 -500 0
323 1
1 13 0 0 0 0 0 0 4.76581 4.76698 0.10566 0 0 -500 0
324 1
1 13 0 0 0 0 0 0 4.90585 4.90699 0.10566 0 0 -500 0
325 1
1 13 0 0 0 0 0 0 4.52039 4.52162 0.10566 0 0 -500 0
326 1
1 13 0 0 0 0 0 0 4.55894 4.56017 0.10566 0 0 -500 0
327 1
1 13 0 0 0 0 0 0 4.78759 4.78876 0.10566 0 0 -500 0
328 1
1 13 0 0 0 0 0 0 4.91618 4.91732 0.10566 0 0 -500 0
329 1
1 13 0 0 0 0 0 0 4.60232 4.60353 0.10566 0 0 -500 0
330 1
1 13 0 0 0 0 0 0 4.61936 4.62057 0.10566 0 0 -500 0
331 1
1 13 0 0 0 0 0 0 4.99846 4.99958 0.10566 0 0 -500 0
332 1
1 13 0 0 0 0 0 0 4.6293 4.6305 0.10566 0 0 -500 0
333 1
1 13 0 0 0 0 0 0 4.94603 4.94716 0.10566 0 0 -500 0
334 1
1 13 0 0 0 0 0 0 4.92343 4.92456 0.10566 0 0 -500 0
335 1
1 13 0 0 0 0 0 0 4.65329 4.65449 0.10566 0 0 -500 0
336 1
1 13 0 0 0 0 0 0 4.51668 4.51792 0.10566 0 0 -500 0
337 1
1 13 0 0 0 0 0 0 4.85321 4.85436 0.10566 0 0 -500 0
338 1
1 13 0 0 0 0 0 0 4.59681 4.59802 0.10566 0 0 -500 0
339 1
1 13 0 0 0 0 0 0 4.75449 4.75566 0.10566 0 0 -500 0
340 1
1 13 0 0 0 0 0 0 4.51077 4.51201 0.10566 0 0 -500 0
341 1
1 13 0 0 0 0 0 0 4.83637 4.83752 0.10566 0 0 -500 0
342 1
1 13 0 0 0 0 0 0 4.90678 4.90792 0.10566 0 0 -500 0
343 1
1 13 0 0 0 0 0 0 4.90364 4.90478 0.10566 0 0 -500 0
344 1
1 13 0 0 0 0 0 0 4.74076 4.74194 0.10566 0 0 -500 0
345 1
1 13 0 0 0 0 0 0 4.76876 4.76993 0.10566 0 0 -500 0
346 1
1 13 0 0 0 0 0 0 4.89042 4.89157 0.10566 0 0 -500 0
347 1
1 13 0 0 0 0 0 0 4.66792 4.66912 0.10566 0 0 -500 0
348 1
1 13 0 0 0 0 0 0 4.84963 4.85078 0.10566 0 0 -500 0
349 1
1 13 0 0 0 0 0 0 4.71293 4.71411 0.10566 0 0 -500 0
350 1
1 13 0 0 0 0 0 0 4.91262 4.91376 0.10566 0 0 -500 0
351 1
1 13 0 0 0 0 0 0 4.97281 4.97393 0.10566 0 0 -500 0
352 1
1 13 0 0 0 0 0 0 4.77742 4.77859 0.10566 0 0 -500 0
353 1
1 13 0 0 0 0 0 0 4.85525 4.8564 0.10566 0 0 -500 0
354 1
1 13 0 0 0 0 0 0 4.68918 4.69037 0.10566 0 0 -500 0
355 1
1 13 0 0 0 0 0 0 4.82417 4.82533 0.10566 0 0 -500 0
356 1
1 13 0 0 0 0 0 0 4.52284 4.52407 0.10566 0 0 -500 0
357 1
1 13 0 0 0 0 0 0 4.57774 4.57896 0.10566 0 0 -500 0
358 1
1 13 0 0 0 0 0 0 4.94268 4.94381 0.10566 0 0 -500 0
359 1
1 13 0 0 0 0 0 0 4.86078 4.86193 0.10566 0 0 -500 0
360 1
1 13 0 0 0 0 0 0 4.98083 4.98195 0.10566 0 0 -500 0
361 1
1 13 0 0 0 0 0 0 4.71515 4.71633 0.10566 0 0 -500 0
362 1
1 13 0 0 0 0 0 0 4.56602 4.56724 0.10566 0 0 -500 0
363 1
1 13 0 0 0 0 0 0 4.71967 4.72085 0.10566 0 0 -500 0
364 1
1 13 0 0 0 0 0 0 4.73359 4.73477 0.10566 0 0 -500 0
365 1
1 13 0 0 0 0 0 0 4.70504 4.70623 0.10566 0 0 -500 0
366 1
1 13 0 0 0 0 0 0 4.6386 4.6398 0.10566 0 0 -500 0
367 1
1 13 0 0 0 0 0 0 4.63925 4.64046 0.10566 0 0 -500 0
368 1
1 13 0 0 0 0 0 0 4.97731 4.97843 0.10566 0 0 -500 0
369 1
1 13 0 0 0 0 0 0 4.90218 4.90332 0.10566 0 0 -500 0
370 1
1 13 0 0 0 0 0 0 4.98426 4.98537 0.10566 0 0 -500 0
371 1
1 13 0 0 0 0 0 0 4.99986 5.00098 0.10566 0 0 -500 0
372 1
1 13 0 0 0 0 0 0 4.97358 4.9747 0.10566 0 0 -500 0
373 1
1 13 0 0 0 0 0 0 4.62428 4.62548 0.10566 0 0 -500 0
374 1
1 13 0 0 0 0 0 0 4.50335 4.50459 0.10566 0 0 -500 0
375 1
1 13 0 0 0 0 0 0 4.72236 4.72355 0.10566 0 0 -500 0
376 1
1 13 0 0 0 0 0 0 4.83702 4.83818 0.10566 0 0 -500 0
377 1
1 13 0 0 0 0 0 0 4.74824 4.74942 0.10566 0 0 -500 0
378 1
1 13 0 0 0 0 0 0 4.5105 4.51174 0.10566 0 0 -500 0
379 1
1 13 0 0 0 0 0 0 4.91588 4.91702 0.10566 0 0 -500 0
380 1
1 13 0 0 0 0 0 0 4.55427 4.5555 0.10566 0 0 -500 0
381 1
1 13 0 0 0 0 0 0 4.54658 4.5478 0.10566 0 0 -500 0
382 1
1 13 0 0 0 0 0 0 4.9451 4.94623 0.10566 0 0 -500 0
383 1
1 13 0 0 0 0 0 0 4.72297 4.72415 0.10566 0 0 -500 0
384 1
1 13 0 0 0 0 0 0 4.95345 4.95458 0.10566 0 0 -500 0
385 1
1 13 0 0 0 0 0 0 4.77702 4.77819 0.10566 0 0 -500 0
386 1
1 13 0 0 0 0 0 0 4.87972 4.88086 0.10566 0 0 -500 0
387 1
1 13 0 0 0 0 0 0 4.90778 4.90891 0.10566 0 0 -500 0
388 1
1 13 0 0 0 0 0 0 4.76648 4.76766 0.10566 0 0 -500 0
389 1
1 13 0 0 0 0 0 0 4.52757 4.5288 0.10566 0 0 -500 0
390 1
1 13 0 0 0 0 0 0 4.52699 4.52823 0.10566 0 0 -500 0
391 1
1 13 0 0 0 0 0 0 4.94959 4.95072 0.10566 0 0 -500 0
392 1
1 13 0 0 0 0 0 0 4.57345 4.57467 0.10566 0 0 -500 0
393 1
1 13 0 0 0 0 0 0 4.74132 4.7425 0.10566 0 0 -500 0
394 1
1 13 0 0 0 0 0 0 4.53365 4.53488 0.10566 0 0 -500 0
395 1
1 13 0 0 0 0 0 0 4.64058 4.64178 0.10566 0 0 -500 0
396 1
1 13 0 0 0 0 0 0 4.96642 4.96755 0.10566 0 0 -500 0
397 1
1 13 0 0 0 0 0 0 4.75366 4.75483 0.10566 0 0 -500 0
398 1
1 13 0 0 0 0 0 0 4.78225 4.78342 0.10566 0 0 -500 0
399 1
1 13 0 0 0 0 0 0 4.90036 4.9015 0.10566 0 0 -500 0
400 1
1 13 0 0 0 0 0 0 4.82294 4.8241 0.10566 0 0 -500 0
401 1
1 13 0 0 0 0 0 0 4.65461 4.65581 0.10566 0 0 -500 0
402 1
1 13 0 0 0 0 0 0 4.5239 4.52514 0.10566 0 0 -500 0
403 1
1 13 0 0 0 0 0 0 4.62598 4.62719 0.10566 0 0 -500 0
404 1
1 13 0 0 0 0 0 0 4.85694 4.85809 0.10566 0 0 -500 0
405 1
1 13 0 0 0 0 0 0 4.8355 4.83665 0.10566 0 0 -500 0
406 1
1 13 0 0 0 0 0 0 4.80264 4.8038 0.10566 0 0 -500 0
407 1
1 13 0 0 0 0 0 0 4.57414 4.57536 0.10566 0 0 -500 0
408 1
1 13 0 0 0 0 0 0 4.89762 4.89876 0.10566 0 0 -500 0
409 1
1 13 0 0 0 0 0 0 4.83264 4.83379 0.10566 0 0 -500 0
410 1
1 13 0 0 0 0 0 0 4.92715 4.92828 0.10566 0 0 -500 0
411 1
1 13 0 0 0 0 0 0 4.90527 4.9064 0.10566 0 0 -500 0
412 1
1 13 0 0 0 0 0 0 4.53557 4.5368 0.10566 0 0 -500 0
413 1
1 13 0 0 0 0 0 0 4.5344 4.53563 0.10566 0 0 -500 0
414 1
1 13 0 0 0 0 0 0 4.94523 4.94636 0.10566 0 0 -500 0
415 1
1 13 0 0 0 0 0 0 4.87902 4.88017 0.10566 0 0 -500 0
416 1
1 13 0 0 0 0 0 0 4.53516 4.53639 0.10566 0 0 -500 0
417 1
1 13 0 0 0 0 0 0 4.92605 4.92718 0.10566 0 0 -500 0
418 1
1 13 0 0 0 0 0 0 4.88768 4.88882 0.10566 0 0 -500 0
419 1
1 13 0 0 0 0 0 0 4.84245 4.8436 0.10566 0 0 -500 0
420 1
1 13 0 0 0 0 0 0 4.61728 4.61848 0.10566 0 0 -500 0
421 1
1 13 0 0 0 0 0 0 4.73079 4.73197 0.10566 0 0 -500 0
422 1
1 13 0 0 0 0 0 0 4.96822 4.96934 0.10566 0 0 -500 0
423 1
1 13 0 0 0 0 0 0 4.83247 4.83363 0.10566 0 0 -500 0
424 1
1 13 0 0 0 0 0 0 4.72984 4.73102 0.10566 0 0 -500 0
425 1
1 13 0 0 0 0 0 0 4.94391 4.94504 0.10566 0 0 -500 0
426 1
1 13 0 0 0 0 0 0 4.78731 4.78848 0.10566 0 0 -500 0
427 1
1 13 0 0 0 0 0 0 4.51508 4.51632 0.10566 0 0 -500 0
428 1
1 13 0 0 0 0 0 0 4.88368 4.88482 0.10566 0 0 -500 0
429 1
1 13 0 0 0 0 0 0 4.67274 4.67393 0.10566 0 0 -500 0
430 1
1 13 0 0 0 0 0 0 4.80456 4.80572 0.10566 0 0 -500 0
431 1
1 13 0 0 0 0 0 0 4.60877 4.60998 0.10566 0 0 -500 0
432 1
1 13 0 0 0 0 0 0 4.82188 4.82304 0.10566 0 0 -500 0
433 1
1 13 0 0 0 0 0 0 4.7857 4.78686 0.10566 0 0 -500 0
434 1
1 13 0 0 0 0 0 0 4.90116 4.90229 0.10566 0 0 -500 0
435 1
1 13 0 0 0 0 0 0 4.98117 4.98229 0.10566 0 0 -500 0
436 1
1 13 0 0 0 0 0 0 4.70088 4.70207 0.10566 0 0 -500 0
437 1
1 13 0 0 0 0 0 0 4.99828 4.99939 0.10566 0 0 -500 0
438 1
1 13 0 0 0 0 0 0 4.87297 4.87412 0.10566 0 0 -500 0
439 1
1 13 0 0 0 0 0 0 4.72421 4.72539 0.10566 0 0 -500 0
440 1
1 13 0 0 0 0 0 0 4.69789 4.69908 0.10566 0 0 -500 0
441 1
1 13 0 0 0 0 0 0 4.5617 4.56292 0.10566 0 0 -500 0
442 1
1 13 0 0 0 0 0 0 4.76631 4.76748 0.10566 0 0 -500 0
443 1
1 13 0 0 0 0 0 0 4.91669 4.91783 0.10566 0 0 -500 0
444 1
1 13 0 0 0 0 0 0 4.95884 4.95996 0.10566 0 0 -500 0
445 1
1 13 0 0 0 0 0 0 4.9128 4.91394 0.10566 0 0 -500 0
446 1
1 13 0 0 0 0 0 0 4.72296 4.72414 0.10566 0 0 -500 0
447 1
1 13 0 0 0 0 0 0 4.63357 4.63477 0.10566 0 0 -500 0
448 1
1 13 0 0 0 0 0 0 4.8322 4.83335 0.10566 0 0 -500 0
449 1
1 13 0 0 0 0 0 0 4.88343 4.88457 0.10566 0 0 -500 0
450 1
1 13 0 0 0 0 0 0 4.83298 4.83414 0.10566 0 0 -500 0
451 1
1 13 0 0 0 0 0 0 4.75198 4.75315 0.10566 0 0 -500 0
452 1
1 13 0 0 0 0 0 0 4.91758 4.91871 0.10566 0 0 -500 0
453 1
1 13 0 0 0 0 0 0 4.8112 4.81236 0.10566 0 0 -500 0
454 1
1 13 0 0 0 0 0 0 4.72877 4.72995 0.10566 0 0 -500 0
455 1
1 13 0 0 0 0 0 0 4.77749 4.77866 0.10566 0 0 -500 0
456 1
1 13 0 0 0 0 0 0 4.68291 4.6841 0.10566 0 0 -500 0
457 1
1 13 0 0 0 0 0 0 4.82815 4.82931 0.10566 0 0 -500 0
458 1
1 13 0 0 0 0 0 0 4.95852 4.95965 0.10566 0 0 -500 0
459 1
1 13 0 0 0 0 0 0 4.63803 4.63923 0.10566 0 0 -500 0
460 1
1 13 0 0 0 0 0 0 4.56061 4.56183 0.10566 0 0 -500 0
461 1
1 13 0 0 0 0 0 0 4.98309 4.98421 0.10566 0 0 -500 0
462 1
1 13 0 0 0 0 0 0 4.84872 4.84987 0.10566 0 0 -500 0
463 1
1 13 0 0 0 0 0 0 4.72177 4.72296 0.10566 0 0 -500 0
464 1
1 13 0 0 0 0 0 0 4.8151 4.81626 0.10566 0 0 -500 0
465 1
1 13 0 0 0 0 0 0 4.68417 4.68536 0.10566 0 0 -500 0
466 1
1 13 0 0 0 0 0 0 4.6191 4.6203 0.10566 0 0 -500 0
467 1
1 13 0 0 0 0 0 0 4.65014 4.65134 0.10566 0 0 -500 0
468 1
1 13 0 0 0 0 0 0 4.85517 4.85632 0.10566 0 0 -500 0
469 1
1 13 0 0 0 0 0 0 4.52374 4.52497 0.10566 0 0 -500 0
470 1
1 13 0 0 0 0 0 0 4.74626 4.74744 0.10566 0 0 -500 0
471 1
1 13 0 0 0 0 0 0 4.54063 4.54186 0.10566 0 0 -500 0
472 1
1 13 0 0 0 0 0 0 4.56101 4.56223 0.10566 0 0 -500 0
473 1
1 13 0 0 0 0 0 0 4.99655 4.99767 0.10566 0 0 -500 0
474 1
1 13 0 0 0 0 0 0 4.67755 4.67874 0.10566 0 0 -500 0
475 1
1 13 0 0 0 0 0 0 4.88243 4.88357 0.10566 0 0 -500 0
476 1
1 13 0 0 0 0 0 0 4.95205 4.95318 0.10566 0 0 -500 0
477 1
1 13 0 0 0 0 0 0 4.69805 4.69924 0.10566 0 0 -500 0
478 1
1 13 0 0 0 0 0 0 4.90857 4.9097 0.10566 0 0 -500 0
479 1
1 13 0 0 0 0 0 0 4.67449 4.67568 0.10566 0 0 -500 0
480 1
1 13 0 0 0 0 0 0 4.6331 4.6343 0.10566 0 0 -500 0
481 1
1 13 0 0 0 0 0 0 4.68375 4.68494 0.10566 0 0 -500 0
482 1
1 13 0 0 0 0 0 0 4.87616 4.8773 0.10566 0 0 -500 0
483 1
1 13 0 0 0 0 0 0 4.7939 4.79506 0.10566 0 0 -500 0
484 1
1 13 0 0 0 0 0 0 4.74471 4.74589 0.10566 0 0 -500 0
485 1
1 13 0 0 0 0 0 0 4.83674 4.83789 0.10566 0 0 -500 0
486 1
1 13 0 0 0 0 0 0 4.66415 4.66534 0.10566 0 0 -500 0
487 1
1 13 0 0 0 0 0 0 4.92697 4.92811 0.10566 0 0 -500 0
488 1
1 13 0 0 0 0 0 0 4.91619 4.91733 0.10566 0 0 -500 0
489 1
1 13 0 0 0 0 0 0 4.57979 4.58101 0.10566 0 0 -500 0
490 1
1 13 0 0 0 0 0 0 4.66121 4.6624 0.10566 0 0 -500 0
491 1
1 13 0 0 0 0 0 0 4.97509 4.97621 0.10566 0 0 -500 0
492 1
1 13 0 0 0 0 0 0 4.54769 4.54892 0.10566 0 0 -500 0
493 1
1 13 0 0 0 0 0 0 4.61551 4.61672 0.10566 0 0 -500 0
494 1
1 13 0 0 0 0 0 0 4.9303 4.93144 0.10566 0 0 -500 0
495 1
1 13 0 0 0 0 0 0 4.67981 4.68101 0.10566 0 0 -500 0
496 1
1 13 0 0 0 0 0 0 4.99242 4.99354 0.10566 0 0 -500 0
497 1
1 13 0 0 0 0 0 0 4.51599 4.51722 0.10566 0 0 -500 0
498 1
1 13 0 0 0 0 0 0 4.91432 4.91546 0.10566 0 0 -500 0
499 1
1 13 0 0 0 0 0 0 4.7584 4.75958 0.10566 0 0 -500 0
500 1
1 13 0 0 0 0 0 0 4.7447 4.74588 0.10566 0 0 -500 0
501 1
1 13 0 0 0 0 0 0 4.98199 4.98311 0.10566 0 0 -500 0
502 1
1 13 0 0 0 0 0 0 4.98007 4.98119 0.10566 0 0 -500 0
503 1
1 13 0 0 0 0 0 0 4.84091 4.84206 0.10566 0 0 -500 0
504 1
1 13 0 0 0 0 0 0 4.93039 4.93153 0.10566 0 0 -500 0
505 1
1 13 0 0 0 0 0 0 4.72791 4.7291 0.10566 0 0 -500 0
506 1
1 13 0 0 0 0 0 0 4.6662 4.66739 0.10566 0 0 -500 0
507 1
1 13 0 0 0 0 0 0 4.52957 4.53081 0.10566 0 0 -500 0
508 1
1 13 0 0 0 0 0 0 4.72612 4.7273 0.10566 0 0 -500 0
509 1
1 13 0 0 0 0 0 0 4.60868 4.60989 0.10566 0 0 -500 0
510 1
1 13 0 0 0 0 0 0 4.6728 4.674 0.10566 0 0 -500 0
511 1
1 13 0 0 0 0 0 0 4.77499 4.77615 0.10566 0 0 -500 0
512 1
1 13 0 0 0 0 0 0 4.65881 4.66001 0.10566 0 0 -500 0
513 1
1 13 0 0 0 0 0 0 4.94649 4.94762 0.10566 0 0 -500 0
514 1
1 13 0 0 0 0 0 0 4.74502 4.7462 0.10566 0 0 -500 0
515 1
1 13 0 0 0 0 0 0 4.62824 4.62945 0.10566 0 0 -500 0
516 1
1 13 0 0 0 0 0 0 4.9845 4.98562 0.10566 0 0 -500 0
517 1
1 13 0 0 0 0 0 0 4.95532 4.95644 0.10566 0 0 -500 0
518 1
1 13 0 0 0 0 0 0 4.61336 4.61457 0.10566 0 0 -500 0
519 1
1 13 0 0 0 0 0 0 4.66391 4.66511 0.10566 0 0 -500 0
520 1
1 13 0 0 0 0 0 0 4.64335 4.64455 0.10566 0 0 -500 0
521 1
1 13 0 0 0 0 0 0 4.57126 4.57248 0.10566 0 0 -500 0
522 1
1 13 0 0 0 0 0 0 4.54964 4.55087 0.10566 0 0 -500 0
523 1
1 13 0 0 0 0 0 0 4.59617 4.59738 0.10566 0 0 -500 0
524 1
1 13 0 0 0 0 0 0 4.65419 4.65539 0.10566 0 0 -500 0
525 1
1 13 0 0 0 0 0 0 4.93571 4.93684 0.10566 0 0 -500 0
526 1
1 13 0 0 0 0 0 0 4.69557 4.69676 0.10566 0 0 -500 0
527 1
1 13 0 0 0 0 0 0 4.89433 4.89547 0.10566 0 0 -500 0
528 1
1 13 0 0 0 0 0 0 4.60041 4.60162 0.10566 0 0 -500 0
529 1
1 13 0 0 0 0 0 0 4.99324 4.99436 0.10566 0 0 -500 0
530 1
1 13 0 0 0 0 0 0 4.94143 4.94256 0.10566 0 0 -500 0
531 1
1 13 0 0 0 0 0 0 4.55493 4.55616 0.10566 0 0 -500 0
532 1
1 13 0 0 0 0 0 0 4.67714 4.67834 0.10566 0 0 -500 0
533 1
1 13 0 0 0 0 0 0 4.77787 4.77904 0.10566 0 0 -500 0
534 1
1 13 0 0 0 0 0 0 4.84535 4.8465 0.10566 0 0 -500 0
535 1
1 13 0 0 0 0 0 0 4.82191 4.82307 0.10566 0 0 -500 0
536 1
1 13 0 0 0 0 0 0 4.68155 4.68274 0.10566 0 0 -500 0
537 1
1 13 0 0 0 0 0 0 4.53943 4.54066 0.10566 0 0 -500 0
538 1
1 13 0 0 0 0 0 0 4.60041 4.60162 0.10566 0 0 -500 0
539 1
1 13 0 0 0 0 0 0 4.85849 4.85964 0.10566 0 0 -500 0
540 1
1 13 0 0 0 0 0 0 4.87218 4.87332 0.10566 0 0 -500 0
541 1
1 13 0 0 0 0 0 0 4.88382 4.88496 0.10566 0 0 -500 0
542 1
1 13 0 0 0 0 0 0 4.62272 4.62393 0.10566 0 0 -500 0
543 1
1 13 0 0 0 0 0 0 4.834 4.83516 0.10566 0 0 -500 0
544 1
1 13 0 0 0 0 0 0 4.94349 4.94462 0.10566 0 0 -500 0
545 1
1 13 0 0 0 0 0 0 4.68342 4.68462 0.10566 0 0 -500 0
546 1
1 13 0 0 0 0 0 0 4.76578 4.76695 0.10566 0 0 -500 0
547 1
1 13 0 0 0 0 0 0 4.75142 4.7526 0.10566 0 0 -500 0
548 1
1 13 0 0 0 0 0 0 4.65727 4.65847 0.10566 0 0 -500 0
549 1
1 13 0 0 0 0 0 0 4.81127 4.81243 0.10566 0 0 -500 0
550 1
1 13 0 0 0 0 0 0 4.50995 4.51119 0.10566 0 0 -500 0
551 1
1 13 0 0 0 0 0 0 4.83818 4.83933 0.10566 0 0 -500 0
552 1
1 13 0 0 0 0 0 0 4.71491 4.71609 0.10566 0 0 -500 0
553 1
1 13 0 0 0 0 0 0 4.61642 4.61763 0.10566 0 0 -500 0
554 1
1 13 0 0 0 0 0 0 4.99381 4.99493 0.10566 0 0 -500 0
555 1
1 13 0 0 0 0 0 0 4.65329 4.65449 0.10566 0 0 -500 0
556 1
1 13 0 0 0 0 0 0 4.74732 4.74849 0.10566 0 0 -500 0
557 1
1 13 0 0 0 0 0 0 4.87431 4.87545 0.10566 0 0 -500 0
558 1
1 13 0 0 0 0 0 0 4.94592 4.94705 0.10566 0 0 -500 0
559 1
1 13 0 0 0 0 0 0 4.52264 4.52388 0.10566 0 0 -500 0
560 1
1 13 0 0 0 0 0 0 4.71378 4.71496 0.10566 0 0 -500 0
561 1
1 13 0 0 0 0 0 0 4.61349 4.6147 0.10566 0 0 -500 0
562 1
1 13 0 0 0 0 0 0 4.74204 4.74321 0.10566 0 0 -500 0
563 1
1 13 0 0 0 0 0 0 4.58232 4.58354 0.10566 0 0 -500 0
564 1
1 13 0 0 0 0 0 0 4.5449 4.54613 0.10566 0 0 -500 0
565 1
1 13 0 0 0 0 0 0 4.69213 4.69332 0.10566 0 0 -500 0
566 1
1 13 0 0 0 0 0 0 4.51192 4.51315 0.10566 0 0 -500 0
567 1
1 13 0 0 0 0 0 0 4.66487 4.66606 0.10566 0 0 -500 0
568 1
1 13 0 0 0 0 0 0 4.76562 4.76679 0.10566 0 0 -500 0
569 1
1 13 0 0 0 0 0 0 4.73834 4.73952 0.10566 0 0 -500 0
570 1
1 13 0 0 0 0 0 0 4.93874 4.93987 0.10566 0 0 -500 0
571 1
1 13 0 0 0 0 0 0 4.72775 4.72893 0.10566 0 0 -500 0
572 1
1 13 0 0 0 0 0 0 4.74865 4.74983 0.10566 0 0 -500 0
573 1
1 13 0 0 0 0 0 0 4.69809 4.69928 0.10566 0 0 -500 0
574 1
1 13 0 0 0 0 0 0 4.94306 4.94419 0.10566 0 0 -500 0
575 1
1 13 0 0 0 0 0 0 4.86803 4.86918 0.10566 0 0 -500 0
576 1
1 13 0 0 0 0 0 0 4.55446 4.55568 0.10566 0 0 -500 0
577 1
1 13 0 0 0 0 0 0 4.69896 4.70015 0.10566 0 0 -500 0
578 1
1 13 0 0 0 0 0 0 4.92129 4.92242 0.10566 0 0 -500 0
579 1
1 13 0 0 0 0 0 0 4.9131 4.91424 0.10566 0 0 -500 0
580 1
1 13 0 0 0 0 0 0 4.96833 4.96945 0.10566 0 0 -500 0
581 1
1 13 0 0 0 0 0 0 4.62279 4.624 0.10566 0 0 -500 0
582 1
1 13 0 0 0 0 0 0 4.81984 4.821 0.10566 0 0 -500 0
583 1
1 13 0 0 0 0 0 0 4.74667 4.74784 0.10566 0 0 -500 0
584 1
1 13 0 0 0 0 0 0 4.53672 4.53795 0.10566 0 0 -500 0
585 1
1 13 0 0 0 0 0 0 4.89007 4.89121 0.10566 0 0 -500 0
586 1
1 13 0 0 0 0 0 0 4.52106 4.52229 0.10566 0 0 -500 0
587 1
1 13 0 0 0 0 0 0 4.85056 4.85171 0.10566 0 0 -500 0
588 1
1 13 0 0 0 0 0 0 4.97026 4.97138 0.10566 0 0 -500 0
589 1
1 13 0 0 0 0 0 0 4.85027 4.85142 0.10566 0 0 -500 0
590 1
1 13 0 0 0 0 0 0 4.88838 4.88952 0.10566 0 0 -500 0
591 1
1 13 0 0 0 0 0 0 4.59637 4.59759 0.10566 0 0 -500 0
592 1
1 13 0 0 0 0 0 0 4.50346 4.5047 0.10566 0 0 -500 0
593 1
1 13 0 0 0 0 0 0 4.92149 4.92263 0.10566 0 0 -500 0
594 1
1 13 0 0 0 0 0 0 4.95966 4.96079 0.10566 0 0 -500 0
595 1
1 13 0 0 0 0 0 0 4.62104 4.62225 0.10566 0 0 -500 0
596 1
1 13 0 0 0 0 0 0 4.59505 4.59626 0.10566 0 0 -500 0
597 1
1 13 0 0 0 0 0 0 4.86754 4.86869 0.10566 0 0 -500 0
598 1
1 13 0 0 0 0 0 0 4.58226 4.58348 0.10566 0 0 -500 0
599 1
1 13 0 0 0 0 0 0 4.99515 4.99627 0.10566 0 0 -500 0
600 1
1 13 0 0 0 0 0 0 4.99142 4.99254 0.10566 0 0 -500 0
601 1
1 13 0 0 0 0 0 0 4.82858 4.82974 0.10566 0 0 -500 0
602 1
1 13 0 0 0 0 0 0 4.50939 4.51062 0.10566 0 0 -500 0
603 1
1 13 0 0 0 0 0 0 4.8798 4.88094 0.10566 0 0 -500 0
604 1
1 13 0 0 0 0 0 0 4.67878 4.67998 0.10566 0 0 -500 0
605 1
1 13 0 0 0 0 0 0 4.75451 4.75568 0.10566 0 0 -500 0
606 1
1 13 0 0 0 0 0 0 4.86945 4.8706 0.10566 0 0 -500 0
607 1
1 13 0 0 0 0 0 0 4.78396 4.78513 0.10566 0 0 -500 0
608 1
1 13 0 0 0 0 0 0 4.64453 4.64573 0.10566 0 0 -500 0
609 1
1 13 0 0 0 0 0 0 4.70751 4.70869 0.10566 0 0 -500 0
610 1
1 13 0 0 0 0 0 0 4.99053 4.99165 0.10566 0 0 -500 0
611 1
1 13 0 0 0 0 0 0 4.68294 4.68413 0.10566 0 0 -500 0
612 1
1 13 0 0 0 0 0 0 4.75894 4.76011 0.10566 0 0 -500 0
613 1
1 13 0 0 0 0 0 0 4.9221 4.92324 0.10566 0 0 -500 0
614 1
1 13 0 0 0 0 0 0 4.98406 4.98518 0.10566 0 0 -500 0
615 1
1 13 0 0 0 0 0 0 4.62945 4.63065 0.10566 0 0 -500 0
616 1
1 13 0 0 0 0 0 0 4.73916 4.74033 0.10566 0 0 -500 0
617 1
1 13 0 0 0 0 0 0 4.71867 4.71985 0.10566 0 0 -500 0
618 1
1 13 0 0 0 0 0 0 4.6897 4.69089 0.10566 0 0 -500 0
619 1
1 13 0 0 0 0 0 0 4.60154 4.60275 0.10566 0 0 -500 0
620 1
1 13 0 0 0 0 0 0 4.77541 4.77658 0.10566 0 0 -500 0
621 1
1 13 0 0 0 0 0 0 4.62777 4.62898 0.10566 0 0 -500 0
622 1
1 13 0 0 0 0 0 0 4.77505 4.77622 0.10566 0 0 -500 0
623 1
1 13 0 0 0 0 0 0 4.93524 4.93637 0.10566 0 0 -500 0
624 1
1 13 0 0 0 0 0 0 4.62062 4.62182 0.10566 0 0 -500 0
625 1
1 13 0 0 0 0 0 0 4.57855 4.57977 0.10566 0 0 -500 0
626 1
1 13 0 0 0 0 0 0 4.60913 4.61034 0.10566 0 0 -500 0
627 1
1 13 0 0 0 0 0 0 4.55814 4.55936 0.10566 0 0 -500 0
628 1
1 13 0 0 0 0 0 0 4.87451 4.87565 0.10566 0 0 -500 0
629 1
1 13 0 0 0 0 0 0 4.57915 4.58036 0.10566 0 0 -500 0
630 1
1 13 0 0 0 0 0 0 4.73818 4.73935 0.10566 0 0 -500 0
631 1
1 13 0 0 0 0 0 0 4.77266 4.77383 0.10566 0 0 -500 0
632 1
1 13 0 0 0 0 0 0 4.93949 4.94062 0.10566 0 0 -500 0
633 1
1 13 0 0 0 0 0 0 4.50857 4.50981 0.10566 0 0 -500 0
634 1
1 13 0 0 0 0 0 0 4.77149 4.77266 0.10566 0 0 -500 0
635 1
1 13 0 0 0 0 0 0 4.65901 4.66021 0.10566 0 0 -500 0
636 1
1 13 0 0 0 0 0 0 4.8944 4.89554 0.10566 0 0 -500 0
637 1
1 13 0 0 0 0 0 0 4.93586 4.93699 0.10566 0 0 -500 0
638 1
1 13 0 0 0 0 0 0 4.86925 4.87039 0.10566 0 0 -500 0
639 1
1 13 0 0 0 0 0 0 4.54617 4.54739 0.10566 0 0 -500 0
640 1
1 13 0 0 0 0 0 0 4.6507 4.6519 0.10566 0 0 -500 0
641 1
1 13 0 0 0 0 0 0 4.81855 4.81971 0.10566 0 0 -500 0
642 1
1 13 0 0 0 0 0 0 4.78578 4.78695 0.10566 0 0 -500 0
643 1
1 13 0 0 0 0 0 0 4.85641 4.85755 0.10566 0 0 -500 0
644 1
1 13 0 0 0 0 0 0 4.82214 4.8233 0.10566 0 0 -500 0
645 1
1 13 0 0 0 0 0 0 4.61524 4.61645 0.10566 0 0 -500 0
646 1
1 13 0 0 0 0 0 0 4.98585 4.98697 0.10566 0 0 -500 0
647 1
1 13 0 0 0 0 0 0 4.98308 4.9842 0.10566 0 0 -500 0
648 1
1 13 0 0 0 0 0 0 4.64594 4.64714 0.10566 0 0 -500 0
649 1
1 13 0 0 0 0 0 0 4.58764 4.58886 0.10566 0 0 -500 0
650 1
1 13 0 0 0 0 0 0 4.65644 4.65764 0.10566 0 0 -500 0
651 1
1 13 0 0 0 0 0 0 4.99233 4.99344 0.10566 0 0 -500 0
652 1
1 13 0 0 0 0 0 0 4.7842 4.78536 0.10566 0 0 -500 0
653 1
1 13 0 0 0 0 0 0 4.92223 4.92337 0.10566 0 0 -500 0
654 1
1 13 0 0 0 0 0 0 4.57222 4.57344 0.10566 0 0 -500 0
655 1
1 13 0 0 0 0 0 0 4.72997 4.73115 0.10566 0 0 -500 0
656 1
1 13 0 0 0 0 0 0 4.80395 4.80511 0.10566 0 0 -500 0
657 1
1 13 0 0 0 0 0 0 4.59206 4.59328 0.10566 0 0 -500 0
658 1
1 13 0 0 0 0 0 0 4.6714 4.6726 0.10566 0 0 -500 0
659 1
1 13 0 0 0 0 0 0 4.80322 4.80438 0.10566 0 0 -500 0
660 1
1 13 0 0 0 0 0 0 4.9191 4.92023 0.10566 0 0 -500 0
661 1
1 13 0 0 0 0 0 0 4.59309 4.59431 0.10566 0 0 -500 0
662 1
1 13 0 0 0 0 0 0 4.51514 4.51637 0.10566 0 0 -500 0
663 1
1 13 0 0 0 0 0 0 4.6537 4.6549 0.10566 0 0 -500 0
664 1
1 13 0 0 0 0 0 0 4.56264 4.56387 0.10566 0 0 -500 0
665 1
1 13 0 0 0 0 0 0 4.6352 4.6364 0.10566 0 0 -500 0
666 1
1 13 0 0 0 0 0 0 4.93708 4.93821 0.10566 0 0 -500 0
667 1
1 13 0 0 0 0 0 0 4.68525 4.68645 0.10566 0 0 -500 0
668 1
1 13 0 0 0 0 0 0 4.94712 4.94825 0.10566 0 0 -500 0
669 1
1 13 0 0 0 0 0 0 4.704 4.70518 0.10566 0 0 -500 0
670 1
1 13 0 0 0 0 0 0 4.94094 4.94207 0.10566 0 0 -500 0
671 1
1 13 0 0 0 0 0 0 4.82398 4.82513 0.10566 0 0 -500 0
672 1
1 13 0 0 0 0 0 0 4.61849 4.6197 0.10566 0 0 -500 0
673 1
1 13 0 0 0 0 0 0 4.7644 4.76558 0.10566 0 0 -500 0
674 1
1 13 0 0 0 0 0 0 4.64687 4.64807 0.10566 0 0 -500 0
675 1
1 13 0 0 0 0 0 0 4.54716 4.54839 0.10566 0 0 -500 0
676 1
1 13 0 0 0 0 0 0 4.96727 4.96839 0.10566 0 0 -500 0
677 1
1 13 0 0 0 0 0 0 4.56084 4.56206 0.10566 0 0 -500 0
678 1
1 13 0 0 0 0 0 0 4.67484 4.67603 0.10566 0 0 -500 0
679 1
1 13 0 0 0 0 0 0 4.53351 4.53474 0.10566 0 0 -500 0
680 1
1 13 0 0 0 0 0 0 4.8211 4.82226 0.10566 0 0 -500 0
681 1
1 13 0 0 0 0 0 0 4.84622 4.84737 0.10566 0 0 -500 0
682 1
1 13 0 0 0 0 0 0 4.66746 4.66866 0.10566 0 0 -500 0
683 1
1 13 0 0 0 0 0 0 4.68712 4.68831 0.10566 0 0 -500 0
684 1
1 13 0 0 0 0 0 0 4.65694 4.65814 0.10566 0 0 -500 0
685 1
1 13 0 0 0 0 0 0 4.76937 4.77054 0.10566 0 0 -500 0
686 1
1 13 0 0 0 0 0 0 4.5493 4.55052 0.10566 0 0 -500 0
687 1
1 13 0 0 0 0 0 0 4.74526 4.74643 0.10566 0 0 -500 0
688 1
1 13 0 0 0 0 0 0 4.66437 4.66556 0.10566 0 0 -500 0
689 1
1 13 0 0 0 0 0 0 4.85486 4.85601 0.10566 0 0 -500 0
690 1
1 13 0 0 0 0 0 0 4.94085 4.94198 0.10566 0 0 -500 0
691 1
1 13 0 0 0 0 0 0 4.6965 4.69769 0.10566 0 0 -500 0
692 1
1 13 0 0 0 0 0 0 4.92712 4.92825 0.10566 0 0 -500 0
693 1
1 13 0 0 0 0 0 0 4.73189 4.73307 0.10566 0 0 -500 0
694 1
1 13 0 0 0 0 0 0 4.76353 4.7647 0.10566 0 0 -500 0
695 1
1 13 0 0 0 0 0 0 4.74665 4.74783 0.10566 0 0 -500 0
696 1
1 13 0 0 0 0 0 0 4.63389 4.6351 0.10566 0 0 -500 0
697 1
1 13 0 0 0 0 0 0 4.79154 4.7927 0.10566 0 0 -500 0
698 1
1 13 0 0 0 0 0 0 4.52868 4.52991 0.10566 0 0 -500 0
699 1
1 13 0 0 0 0 0 0 4.97967 4.98079 0.10566 0 0 -500 0
700 1
1 13 0 0 0 0 0 0 4.88571 4.88685 0.10566 0 0 -500 0
701 1
1 13 0 0 0 0 0 0 4.52136 4.52259 0.10566 0 0 -500 0
702 1
1 13 0 0 0 0 0 0 4.74922 4.75039 0.10566 0 0 -500 0
703 1
1 13 0 0 0 0 0 0 4.52615 4.52738 0.10566 0 0 -500 0
704 1
1 13 0 0 0 0 0 0 4.78078 4.78194 0.10566 0 0 -500 0
705 1
1 13 0 0 0 0 0 0 4.98018 4.9813 0.10566 0 0 -500 0
706 1
1 13 0 0 0 0 0 0 4.80991 4.81107 0.10566 0 0 -500 0
707 1
1 13 0 0 0 0 0 0 4.76431 4.76549 0.10566 0 0 -500 0
708 1
1 13 0 0 0 0 0 0 4.84912 4.85027 0.10566 0 0 -500 0
709 1
1 13 0 0 0 0 0 0 4.59308 4.5943 0.10566 0 0 -500 0
710 1
1 13 0 0 0 0 0 0 4.777 4.77817 0.10566 0 0 -500 0
711 1
1 13 0 0 0 0 0 0 4.83306 4.83422 0.10566 0 0 -500 0
712 1
1 13 0 0 0 0 0 0 4.57637 4.57759 0.10566 0 0 -500 0
713 1
1 13 0 0 0 0 0 0 4.97438 4.9755 0.10566 0 0 -500 0
714 1
1 13 0 0 0 0 0 0 4.59341 4.59463 0.10566 0 0 -500 0
715 1
1 13 0 0 0 0 0 0 4.79026 4.79142 0.10566 0 0 -500 0
716 1
1 13 0 0 0 0 0 0 4.92551 4.92665 0.10566 0 0 -500 0
717 1
1 13 0 0 0 0 0 0 4.55343 4.55466 0.10566 0 0 -500 0
718 1
1 13 0 0 0 0 0 0 4.83793 4.83908 0.10566 0 0 -500 0
719 1
1 13 0 0 0 0 0 0 4.89802 4.89916 0.10566 0 0 -500 0
720 1
1 13 0 0 0 0 0 0 4.82882 4.82998 0.10566 0 0 -500 0
721 1
1 13 0 0 0 0 0 0 4.50467 4.50591 0.10566 0 0 -500 0
722 1
1 13 0 0 0 0 0 0 4.60313 4.60435 0.10566 0 0 -500 0
723 1
1 13 0 0 0 0 0 0 4.81821 4.81937 0.10566 0 0 -500 0
724 1
1 13 0 0 0 0 0 0 4.51913 4.52036 0.10566 0 0 -500 0
725 1
1 13 0 0 0 0 0 0 4.83886 4.84001 0.10566 0 0 -500 0
726 1
1 13 0 0 0 0 0 0 4.83896 4.84011 0.10566 0 0 -500 0
727 1
1 13 0 0 0 0 0 0 4.83584 4.837 0.10566 0 0 -500 0
728 1
1 13 0 0 0 0 0 0 4.69816 4.69935 0.10566 0 0 -500 0
729 1
1 13 0 0 0 0 0 0 4.8308 4.83195 0.10566 0 0 -500 0
730 1
1 13 0 0 0 0 0 0 4.81668 4.81784 0.10566 0 0 -500 0
731 1
1 13 0 0 0 0 0 0 4.98106 4.98218 0.10566 0 0 -500 0
732 1
1 13 0 0 0 0 0 0 4.99636 4.99747 0.10566 0 0 -500 0
733 1
1 13 0 0 0 0 0 0 4.54967 4.5509 0.10566 0 0 -500 0
734 1
1 13 0 0 0 0 0 0 4.53395 4.53518 0.10566 0 0 -500 0
735 1
1 13 0 0 0 0 0 0 4.71301 4.71419 0.10566 0 0 -500 0
736 1
1 13 0 0 0 0 0 0 4.97352 4.97464 0.10566 0 0 -500 0
737 1
1 13 0 0 0 0 0 0 4.85416 4.85531 0.10566 0 0 -500 0
738 1
1 13 0 0 0 0 0 0 4.73341 4.73459 0.10566 0 0 -500 0
739 1
1 13 0 0 0 0 0 0 4.52242 4.52365 0.10566 0 0 -500 0
740 1
1 13 0 0 0 0 0 0 4.87429 4.87544 0.10566 0 0 -500 0
741 1
1 13 0 0 0 0 0 0 4.83919 4.84034 0.10566 0 0 -500 0
742 1
1 13 0 0 0 0 0 0 4.60546 4.60667 0.10566 0 0 -500 0
743 1
1 13 0 0 0 0 0 0 4.69924 4.70043 0.10566 0 0 -500 0
744 1
1 13 0 0 0 0 0 0 4.97684 4.97796 0.10566 0 0 -500 0
745 1
1 13 0 0 0 0 0 0 4.51445 4.51569 0.10566 0 0 -500 0
746 1
1 13 0 0 0 0 0 0 4.96788 4.96901 0.10566 0 0 -500 0
747 1
1 13 0 0 0 0 0 0 4.92347 4.9246 0.10566 0 0 -500 0
748 1
1 13 0 0 0 0 0 0 4.83138 4.83254 0.10566 0 0 -500 0
749 1
1 13 0 0 0 0 0 0 4.93396 4.93509 0.10566 0 0 -500 0
750 1
1 13 0 0 0 0 0 0 4.82618 4.82734 0.10566 0 0 -500 0
751 1
1 13 0 0 0 0 0 0 4.7264 4.72758 0.10566 0 0 -500 0
752 1
1 13 0 0 0 0 0 0 4.65261 4.65381 0.10566 0 0 -500 0
753 1
1 13 0 0 0 0 0 0 4.67602 4.67721 0.10566 0 0 -500 0
754 1
1 13 0 0 0 0 0 0 4.63982 4.64102 0.10566 0 0 -500 0
755 1
1 13 0 0 0 0 0 0 4.61802 4.61923 0.10566 0 0 -500 0
756 1
1 13 0 0 0 0 0 0 4.5135 4.51474 0.10566 0 0 -500 0
757 1
1 13 0 0 0 0 0 0 4.82603 4.82719 0.10566 0 0 -500 0
758 1
1 13 0 0 0 0 0 0 4.856 4.85715 0.10566 0 0 -500 0
759 1
1 13 0 0 0 0 0 0 4.80997 4.81113 0.10566 0 0 -500 0
760 1
1 13 0 0 0 0 0 0 4.56272 4.56394 0.10566 0 0 -500 0
761 1
1 13 0 0 0 0 0 0 4.7264 4.72758 0.10566 0 0 -500 0
762 1
1 13 0 0 0 0 0 0 4.96117 4.96229 0.10566 0 0 -500 0
763 1
1 13 0 0 0 0 0 0 4.56042 4.56165 0.10566 0 0 -500 0
764 1
1 13 0 0 0 0 0 0 4.7019 4.70309 0.10566 0 0 -500 0
765 1
1 13 0 0 0 0 0 0 4.63015 4.63135 0.10566 0 0 -500 0
766 1
1 13 0 0 0 0 0 0 4.88942 4.89056 0.10566 0 0 -500 0
767 1
1 13 0 0 0 0 0 0 4.83392 4.83507 0.10566 0 0 -500 0
768 1
1 13 0 0 0 0 0 0 4.51339 4.51463 0.10566 0 0 -500 0
769 1
1 13 0 0 0 0 0 0 4.74567 4.74684 0.10566 0 0 -500 0
770 1
1 13 0 0 0 0 0 0 4.95753 4.95866 0.10566 0 0 -500 0
771 1
1 13 0 0 0 0 0 0 4.85201 4.85316 0.10566 0 0 -500 0
772 1
1 13 0 0 0 0 0 0 4.8141 4.81526 0.10566 0 0 -500 0
773 1
1 13 0 0 0 0 0 0 4.78917 4.79033 0.10566 0 0 -500 0
774 1
1 13 0 0 0 0 0 0 4.81458 4.81574 0.10566 0 0 -500 0
775 1
1 13 0 0 0 0 0 0 4.86521 4.86635 0.10566 0 0 -500 0
776 1
1 13 0 0 0 0 0 0 4.82066 4.82182 0.10566 0 0 -500 0
777 1
1 13 0 0 0 0 0 0 4.73185 4.73303 0.10566 0 0 -500 0
778 1
1 13 0 0 0 0 0 0 4.80715 4.80831 0.10566 0 0 -500 0
779 1
1 13 0 0 0 0 0 0 4.62724 4.62844 0.10566 0 0 -500 0
780 1
1 13 0 0 0 0 0 0 4.90434 4.90548 0.10566 0 0 -500 0
781 1
1 13 0 0 0 0 0 0 4.61449 4.6157 0.10566 0 0 -500 0
782 1
1 13 0 0 0 0 0 0 4.72524 4.72642 0.10566 0 0 -500 0
783 1
1 13 0 0 0 0 0 0 4.93712 4.93825 0.10566 0 0 -500 0
784 1
1 13 0 0 0 0 0 0 4.60139 4.6026 0.10566 0 0 -500 0
785 1
1 13 0 0 0 0 0 0 4.76186 4.76303 0.10566 0 0 -500 0
786 1
1 13 0 0 0 0 0 0 4.56326 4.56448 0.10566 0 0 -500 0
787 1
1 13 0 0 0 0 0 0 4.7897 4.79087 0.10566 0 0 -500 0
788 1
1 13 0 0 0 0 0 0 4.63094 4.63215 0.10566 0 0 -500 0
789 1
1 13 0 0 0 0 0 0 4.60388 4.6051 0.10566 0 0 -500 0
790 1
1 13 0 0 0 0 0 0 4.77642 4.77759 0.10566 0 0 -500 0
791 1
1 13 0 0 0 0 0 0 4.9257 4.92683 0.10566 0 0 -500 0
792 1
1 13 0 0 0 0 0 0 4.7568 4.75797 0.10566 0 0 -500 0
793 1
1 13 0 0 0 0 0 0 4.77913 4.7803 0.10566 0 0 -500 0
794 1
1 13 0 0 0 0 0 0 4.83307 4.83423 0.10566 0 0 -500 0
795 1
1 13 0 0 0 0 0 0 4.99949 5.0006 0.10566 0 0 -500 0
796 1
1 13 0 0 0 0 0 0 4.58914 4.59035 0.10566 0 0 -500 0
797 1
1 13 0 0 0 0 0 0 4.55837 4.55959 0.10566 0 0 -500 0
798 1
1 13 0 0 0 0 0 0 4.53421 4.53544 0.10566 0 0 -500 0
799 1
1 13 0 0 0 0 0 0 4.81136 4.81252 0.10566 0 0 -500 0
800 1
1 13 0 0 0 0 0 0 4.65724 4.65844 0.10566 0 0 -500 0
801 1
1 13 0 0 0 0 0 0 4.94491 4.94604 0.10566 0 0 -500 0
802 1
1 13 0 0 0 0 0 0 4.90324 4.90438 0.10566 0 0 -500 0
803 1
1 13 0 0 0 0 0 0 4.71496 4.71614 0.10566 0 0 -500 0
804 1
1 13 0 0 0 0 0 0 4.76235 4.76352 0.10566 0 0 -500 0
805 1
1 13 0 0 0 0 0 0 4.72634 4.72752 0.10566 0 0 -500 0
806 1
1 13 0 0 0 0 0 0 4.81537 4.81653 0.10566 0 0 -500 0
807 1
1 13 0 0 0 0 0 0 4.7833 4.78446 0.10566 0 0 -500 0
808 1
1 13 0 0 0 0 0 0 4.97943 4.98055 0.10566 0 0 -500 0
809 1
1 13 0 0 0 0 0 0 4.95403 4.95515 0.10566 0 0 -500 0
810 1
1 13 0 0 0 0 0 0 4.85045 4.8516 0.10566 0 0 -500 0
811 1
1 13 0 0 0 0 0 0 4.68851 4.6897 0.10566 0 0 -500 0
812 1
1 13 0 0 0 0 0 0 4.8419 4.84305 0.10566 0 0 -500 0
813 1
1 13 0 0 0 0 0 0 4.59904 4.60026 0.10566 0 0 -500 0
814 1
1 13 0 0 0 0 0 0 4.8087 4.80986 0.10566 0 0 -500 0
815 1
1 13 0 0 0 0 0 0 4.70686 4.70805 0.10566 0 0 -500 0
816 1
1 13 0 0 0 0 0 0 4.91179 4.91293 0.10566 0 0 -500 0
817 1
1 13 0 0 0 0 0 0 4.87779 4.87893 0.10566 0 0 -500 0
818 1
1 13 0 0 0 0 0 0 4.85155 4.8527 0.10566 0 0 -500 0
819 1
1 13 0 0 0 0 0 0 4.68215 4.68334 0.10566 0 0 -500 0
820 1
1 13 0 0 0 0 0 0 4.90989 4.91103 0.10566 0 0 -500 0
821 1
1 13 0 0 0 0 0 0 4.87579 4.87694 0.10566 0 0 -500 0
822 1
1 13 0 0 0 0 0 0 4.52438 4.52562 0.10566 0 0 -500 0
823 1
1 13 0 0 0 0 0 0 4.76428 4.76546 0.10566 0 0 -500 0
824 1
1 13 0 0 0 0 0 0 4.80837 4.80953 0.10566 0 0 -500 0
825 1
1 13 0 0 0 0 0 0 4.63547 4.63668 0.10566 0 0 -500 0
826 1
1 13 0 0 0 0 0 0 4.90042 4.90156 0.10566 0 0 -500 0
827 1
1 13 0 0 0 0 0 0 4.61759 4.6188 0.10566 0 0 -500 0
828 1
1 13 0 0 0 0 0 0 4.95189 4.95302 0.10566 0 0 -500 0
829 1
1 13 0 0 0 0 0 0 4.6294 4.63061 0.10566 0 0 -500 0
830 1
1 13 0 0 0 0 0 0 4.59567 4.59688 0.10566 0 0 -500 0
831 1
1 13 0 0 0 0 0 0 4.50621 4.50744 0.10566 0 0 -500 0
832 1
1 13 0 0 0 0 0 0 4.92671 4.92784 0.10566 0 0 -500 0
833 1
1 13 0 0 0 0 0 0 4.8105 4.81166 0.10566 0 0 -500 0
834 1
1 13 0 0 0 0 0 0 4.92793 4.92906 0.10566 0 0 -500 0
835 1
1 13 0 0 0 0 0 0 4.57005 4.57127 0.10566 0 0 -500 0
836 1
1 13 0 0 0 0 0 0 4.93634 4.93747 0.10566 0 0 -500 0
837 1
1 13 0 0 0 0 0 0 4.85442 4.85557 0.10566 0 0 -500 0
838 1
1 13 0 0 0 0 0 0 4.54632 4.54755 0.10566 0 0 -500 0
839 1
1 13 0 0 0 0 0 0 4.51038 4.51161 0.10566 0 0 -500 0
840 1
1 13 0 0 0 0 0 0 4.89132 4.89246 0.10566 0 0 -500 0
841 1
1 13 0 0 0 0 0 0 4.51504 4.51628 0.10566 0 0 -500 0
842 1
1 13 0 0 0 0 0 0 4.75231 4.75348 0.10566 0 0 -500 0
843 1
1 13 0 0 0 0 0 0 4.54081 4.54204 0.10566 0 0 -500 0
844 1
1 13 0 0 0 0 0 0 4.88675 4.88789 0.10566 0 0 -500 0
845 1
1 13 0 0 0 0 0 0 4.93629 4.93742 0.10566 0 0 -500 0
846 1
1 13 0 0 0 0 0 0 4.94002 4.94115 0.10566 0 0 -500 0
847 1
1 13 0 0 0 0 0 0 4.94176 4.94289 0.10566 0 0 -500 0
848 1
1 13 0 0 0 0 0 0 4.93621 4.93734 0.10566 0 0 -500 0
849 1
1 13 0 0 0 0 0 0 4.72936 4.73054 0.10566 0 0 -500 0
850 1
1 13 0 0 0 0 0 0 4.95115 4.95228 0.10566 0 0 -500 0
851 1
1 13 0 0 0 0 0 0 4.77395 4.77512 0.10566 0 0 -500 0
852 1
1 13 0 0 0 0 0 0 4.52799 4.52923 0.10566 0 0 -500 0
853 1
1 13 0 0 0 0 0 0 4.79559 4.79675 0.10566 0 0 -500 0
854 1
1 13 0 0 0 0 0 0 4.78197 4.78314 0.10566 0 0 -500 0
855 1
1 13 0 0 0 0 0 0 4.88806 4.88921 0.10566 0 0 -500 0
856 1
1 13 0 0 0 0 0 0 4.64778 4.64899 0.10566 0 0 -500 0
857 1
1 13 0 0 0 0 0 0 4.52043 4.52166 0.10566 0 0 -500 0
858 1
1 13 0 0 0 0 0 0 4.69928 4.70047 0.10566 0 0 -500 0
859 1
1 13 0 0 0 0 0 0 4.64114 4.64234 0.10566 0 0 -500 0
860 1
1 13 0 0 0 0 0 0 4.90336 4.9045 0.10566 0 0 -500 0
861 1
1 13 0 0 0 0 0 0 4.75358 4.75475 0.10566 0 0 -500 0
862 1
1 13 0 0 0 0 0 0 4.84408 4.84523 0.10566 0 0 -500 0
863 1
1 13 0 0 0 0 0 0 4.74733 4.74851 0.10566 0 0 -500 0
864 1
1 13 0 0 0 0 0 0 4.72727 4.72845 0.10566 0 0 -500 0
865 1
1 13 0 0 0 0 0 0 4.71074 4.71193 0.10566 0 0 -500 0
866 1
1 13 0 0 0 0 0 0 4.51963 4.52086 0.10566 0 0 -500 0
867 1
1 13 0 0 0 0 0 0 4.5456 4.54683 0.10566 0 0 -500 0
868 1
1 13 0 0 0 0 0 0 4.69691 4.6981 0.10566 0 0 -500 0
869 1
1 13 0 0 0 0 0 0 4.56769 4.56891 0.10566 0 0 -500 0
870 1
1 13 0 0 0 0 0 0 4.98433 4.98545 0.10566 0 0 -500 0
871 1
1 13 0 0 0 0 0 0 4.90584 4.90698 0.10566 0 0 -500 0
872 1
1 13 0 0 0 0 0 0 4.66298 4.66418 0.10566 0 0 -500 0
873 1
1 13 0 0 0 0 0 0 4.981 4.98212 0.10566 0 0 -500 0
874 1
1 13 0 0 0 0 0 0 4.55014 4.55137 0.10566 0 0 -500 0
875 1
1 13 0 0 0 0 0 0 4.55146 4.55269 0.10566 0 0 -500 0
876 1
1 13 0 0 0 0 0 0 4.65363 4.65483 0.10566 0 0 -500 0
877 1
1 13 0 0 0 0 0 0 4.66684 4.66804 0.10566 0 0 -500 0
878 1
1 13 0 0 0 0 0 0 4.92898 4.93012 0.10566 0 0 -500 0
879 1
1 13 0 0 0 0 0 0 4.76146 4.76263 0.10566 0 0 -500 0
880 1
1 13 0 0 0 0 0 0 4.80775 4.80891 0.10566 0 0 -500 0
881 1
1 13 0 0 0 0 0 0 4.99078 4.9919 0.10566 0 0 -500 0
882 1
1 13 0 0 0 0 0 0 4.89874 4.89988 0.10566 0 0 -500 0
883 1
1 13 0 0 0 0 0 0 4.5994 4.60062 0.10566 0 0 -500 0
884 1
1 13 0 0 0 0 0 0 4.72835 4.72953 0.10566 0 0 -500 0
885 1
1 13 0 0 0 0 0 0 4.78549 4.78665 0.10566 0 0 -500 0
886 1
1 13 0 0 0 0 0 0 4.60745 4.60867 0.10566 0 0 -500 0
887 1
1 13 0 0 0 0 0 0 4.84322 4.84437 0.10566 0 0 -500 0
888 1
1 13 0 0 0 0 0 0 4.6393 4.6405 0.10566 0 0 -500 0
889 1
1 13 0 0 0 0 0 0 4.58987 4.59109 0.10566 0 0 -500 0
890 1
1 13 0 0 0 0 0 0 4.69875 4.69994 0.10566 0 0 -500 0
891 1
1 13 0 0 0 0 0 0 4.58143 4.58265 0.10566 0 0 -500 0
892 1
1 13 0 0 0 0 0 0 4.90131 4.90245 0.10566 0 0 -500 0
893 1
1 13 0 0 0 0 0 0 4.54182 4.54305 0.10566 0 0 -500 0
894 1
1 13 0 0 0 0 0 0 4.81914 4.82029 0.10566 0 0 -500 0
895 1
1 13 0 0 0 0 0 0 4.61543 4.61664 0.10566 0 0 -500 0
896 1
1 13 0 0 0 0 0 0 4.79005 4.79121 0.10566 0 0 -500 0
897 1
1 13 0 0 0 0 0 0 4.93215 4.93328 0.10566 0 0 -500 0
898 1
1 13 0 0 0 0 0 0 4.96637 4.96749 0.10566 0 0 -500 0
899 1
1 13 0 0 0 0 0 0 4.9107 4.91183 0.10566 0 0 -500 0
900 1
1 13 0 0 0 0 0 0 4.7403 4.74147 0.10566 0 0 -500 0
901 1
1 13 0 0 0 0 0 0 4.81819 4.81934 0.10566 0 0 -500 0
902 1
1 13 0 0 0 0 0 0 4.59075 4.59197 0.10566 0 0 -500 0
903 1
1 13 0 0 0 0 0 0 4.7346 4.73578 0.10566 0 0 -500 0
904 1
1 13 0 0 0 0 0 0 4.65464 4.65584 0.10566 0 0 -500 0
905 1
1 13 0 0 0 0 0 0 4.83441 4.83556 0.10566 0 0 -500 0
906 1
1 13 0 0 0 0 0 0 4.86117 4.86232 0.10566 0 0 -500 0
907 1
1 13 0 0 0 0 0 0 4.78743 4.78859 0.10566 0 0 -500 0
908 1
1 13 0 0 0 0 0 0 4.76393 4.7651 0.10566 0 0 -500 0
909 1
1 13 0 0 0 0 0 0 4.90462 4.90575 0.10566 0 0 -500 0
910 1
1 13 0 0 0 0 0 0 4.99344 4.99456 0.10566 0 0 -500 0
911 1
1 13 0 0 0 0 0 0 4.66193 4.66313 0.10566 0 0 -500 0
912 1
1 13 0 0 0 0 0 0 4.8032 4.80436 0.10566 0 0 -500 0
913 1
1 13 0 0 0 0 0 0 4.87978 4.88092 0.10566 0 0 -500 0
914 1
1 13 0 0 0 0 0 0 4.89548 4.89662 0.10566 0 0 -500 0
915 1
1 13 0 0 0 0 0 0 4.53497 4.5362 0.10566 0 0 -500 0
916 1
1 13 0 0 0 0 0 0 4.77523 4.7764 0.10566 0 0 -500 0
917 1
1 13 0 0 0 0 0 0 4.50465 4.50589 0.10566 0 0 -500 0
918 1
1 13 0 0 0 0 0 0 4.89231 4.89346 0.10566 0 0 -500 0
919 1
1 13 0 0 0 0 0 0 4.84452 4.84567 0.10566 0 0 -500 0
920 1
1 13 0 0 0 0 0 0 4.98179 4.98291 0.10566 0 0 -500 0
921 1
1 13 0 0 0 0 0 0 4.75822 4.75939 0.10566 0 0 -500 0
922 1
1 13 0 0 0 0 0 0 4.67859 4.67978 0.10566 0 0 -500 0
923 1
1 13 0 0 0 0 0 0 4.74117 4.74235 0.10566 0 0 -500 0
924 1
1 13 0 0 0 0 0 0 4.71498 4.71616 0.10566 0 0 -500 0
925 1
1 13 0 0 0 0 0 0 4.99815 4.99927 0.10566 0 0 -500 0
926 1
1 13 0 0 0 0 0 0 4.80059 4.80175 0.10566 0 0 -500 0
927 1
1 13 0 0 0 0 0 0 4.8925 4.89364 0.10566 0 0 -500 0
928 1
1 13 0 0 0 0 0 0 4.98527 4.98639 0.10566 0 0 -500 0
929 1
1 13 0 0 0 0 0 0 4.74393 4.7451 0.10566 0 0 -500 0
930 1
1 13 0 0 0 0 0 0 4.54746 4.54869 0.10566 0 0 -500 0
931 1
1 13 0 0 0 0 0 0 4.98967 4.99078 0.10566 0 0 -500 0
932 1
1 13 0 0 0 0 0 0 4.56044 4.56166 0.10566 0 0 -500 0
933 1
1 13 0 0 0 0 0 0 4.81513 4.81629 0.10566 0 0 -500 0
934 1
1 13 0 0 0 0 0 0 4.59712 4.59834 0.10566 0 0 -500 0
935 1
1 13 0 0 0 0 0 0 4.60654 4.60775 0.10566 0 0 -500 0
936 1
1 13 0 0 0 0 0 0 4.5073 4.50854 0.10566 0 0 -500 0
937 1
1 13 0 0 0 0 0 0 4.68334 4.68453 0.10566 0 0 -500 0
938 1
1 13 0 0 0 0 0 0 4.67005 4.67125 0.10566 0 0 -500 0
939 1
1 13 0 0 0 0 0 0 4.86089 4.86204 0.10566 0 0 -500 0
940 1
1 13 0 0 0 0 0 0 4.68377 4.68496 0.10566 0 0 -500 0
941 1
1 13 0 0 0 0 0 0 4.51052 4.51175 0.10566 0 0 -500 0
942 1
1 13 0 0 0 0 0 0 4.56584 4.56707 0.10566 0 0 -500 0
943 1
1 13 0 0 0 0 0 0 4.79338 4.79454 0.10566 0 0 -500 0
944 1
1 13 0 0 0 0 0 0 4.8668 4.86795 0.10566 0 0 -500 0
945 1
1 13 0 0 0 0 0 0 4.93182 4.93295 0.10566 0 0 -500 0
946 1
1 13 0 0 0 0 0 0 4.5685 4.56972 0.10566 0 0 -500 0
947 1
1 13 0 0 0 0 0 0 4.52621 4.52745 0.10566 0 0 -500 0
948 1
1 13 0 0 0 0 0 0 4.70311 4.7043 0.10566 0 0 -500 0
949 1
1 13 0 0 0 0 0 0 4.62083 4.62204 0.10566 0 0 -500 0
950 1
1 13 0 0 0 0 0 0 4.73623 4.7374 0.10566 0 0 -500 0
951 1
1 13 0 0 0 0 0 0 4.93611 4.93724 0.10566 0 0 -500 0
952 1
1 13 0 0 0 0 0 0 4.72736 4.72854 0.10566 0 0 -500 0
953 1
1 13 0 0 0 0 0 0 4.53579 4.53702 0.10566 0 0 -500 0
954 1
1 13 0 0 0 0 0 0 4.65703 4.65823 0.10566 0 0 -500 0
955 1
1 13 0 0 0 0 0 0 4.74641 4.74759 0.10566 0 0 -500 0
956 1
1 13 0 0 0 0 0 0 4.87086 4.87201 0.10566 0 0 -500 0
957 1
1 13 0 0 0 0 0 0 4.84739 4.84854 0.10566 0 0 -500 0
958 1
1 13 0 0 0 0 0 0 4.99143 4.99255 0.10566 0 0 -500 0
959 1
1 13 0 0 0 0 0 0 4.65987 4.66107 0.10566 0 0 -500 0
960 1
1 13 0 0 0 0 0 0 4.9021 4.90324 0.10566 0 0 -500 0
961 1
1 13 0 0 0 0 0 0 4.52673 4.52797 0.10566 0 0 -500 0
962 1
1 13 0 0 0 0 0 0 4.87308 4.87422 0.10566 0 0 -500 0
963 1
1 13 0 0 0 0 0 0 4.65174 4.65294 0.10566 0 0 -500 0
964 1
1 13 0 0 0 0 0 0 4.54654 4.54777 0.10566 0 0 -500 0
965 1
1 13 0 0 0 0 0 0 4.96727 4.96839 0.10566 0 0 -500 0
966 1
1 13 0 0 0 0 0 0 4.87343 4.87458 0.10566 0 0 -500 0
967 1
1 13 0 0 0 0 0 0 4.55002 4.55125 0.10566 0 0 -500 0
968 1
1 13 0 0 0 0 0 0 4.86015 4.8613 0.10566 0 0 -500 0
969 1
1 13 0 0 0 0 0 0 4.60538 4.60659 0.10566 0 0 -500 0
970 1
1 13 0 0 0 0 0 0 4.98155 4.98267 0.10566 0 0 -500 0
971 1
1 13 0 0 0 0 0 0 4.87459 4.87574 0.10566 0 0 -500 0
972 1
1 13 0 0 0 0 0 0 4.86981 4.87096 0.10566 0 0 -500 0
973 1
1 13 0 0 0 0 0 0 4.75504 4.75621 0.10566 0 0 -500 0
974 1
1 13 0 0 0 0 0 0 4.54365 4.54487 0.10566 0 0 -500 0
975 1
1 13 0 0 0 0 0 0 4.82501 4.82617 0.10566 0 0 -500 0
976 1
1 13 0 0 0 0 0 0 4.54118 4.54241 0.10566 0 0 -500 0
977 1
1 13 0 0 0 0 0 0 4.86346 4.86461 0.10566 0 0 -500 0
978 1
1 13 0 0 0 0 0 0 4.76631 4.76748 0.10566 0 0 -500 0
979 1
1 13 0 0 0 0 0 0 4.87465 4.8758 0.10566 0 0 -500 0
980 1
1 13 0 0 0 0 0 0 4.93063 4.93177 0.10566 0 0 -500 0
981 1
1 13 0 0 0 0 0 0 4.51735 4.51859 0.10566 0 0 -500 0
982 1
1 13 0 0 0 0 0 0 4.54656 4.54779 0.10566 0 0 -500 0
983 1
1 13 0 0 0 0 0 0 4.82763 4.82878 0.10566 0 0 -500 0
984 1
1 13 0 0 0 0 0 0 4.97976 4.98088 0.10566 0 0 -500 0
985 1
1 13 0 0 0 0 0 0 4.74353 4.74471 0.10566 0 0 -500 0
986 1
1 13 0 0 0 0 0 0 4.92995 4.93108 0.10566 0 0 -500 0
987 1
1 13 0 0 0 0 0 0 4.5424 4.54363 0.10566 0 0 -500 0
988 1
1 13 0 0 0 0 0 0 4.85927 4.86042 0.10566 0 0 -500 0
989 1
1 13 0 0 0 0 0 0 4.92546 4.92659 0.10566 0 0 -500 0
990 1
1 13 0 0 0 0 0 0 4.90944 4.91058 0.10566 0 0 -500 0
991 1
1 13 0 0 0 0 0 0 4.85814 4.85929 0.10566 0 0 -500 0
992 1
1 13 0 0 0 0 0 0 4.70411 4.7053 0.10566 0 0 -500 0
993 1
1 13 0 0 0 0 0 0 4.81829 4.81945 0.10566 0 0 -500 0
994 1
1 13 0 0 0 0 0 0 4.76192 4.76309 0.10566 0 0 -500 0
995 1
1 13 0 0 0 0 0 0 4.68602 4.68721 0.10566 0 0 -500 0
996 1
1 13 0 0 0 0 0 0 4.67671 4.67791 0.10566 0 0 -500 0
997 1
1 13 0 0 0 0 0 0 4.79902 4.80019 0.10566 0 0 -500 0
998 1
1 13 0 0 0 0 0 0 4.54874 4.54997 0.10566 0 0 -500 0
999 1
1 13 0 0 0 0 0 0 4.63818 4.63938 0.10566 0 0 -500 0