2835.71
2835.52
2874.37
8620.01
2835.55
5763.61
2874.21
4542.93
2873.54
2873.05
2874.17
7555.08
2873.49
2873.86
2834.96
6422.52
6387.6
6115.82
2859.69
2873.68
4543.53
2835.6
2873.65
6115.3
2873.93
2874.9
5763.93
6524.73
2873.25
6527.97
2873.7
2873.55
2874.43
6115.92
3540.14
2874.15
3226.71
2875.11
4543.75
2874.14
9018.45
2833.61
2873.64
2875.74
2835.01
2872.76
2835.9
2873.52
6524.81
6424.25
2872.94
2874.75
2835.51
6526.76
6526.67
2875.26
6424.76
2860.63
2873.22
3536.79
2872.81
2873.13
2872.44
2873.45
3223.71
2874.3
2835.71
2837.34
2835.15
5763.91
6117.8
3536.96
2835.91
2872.11
2859.65
2872.84
3537.39
2835.97
2874.09
7554.47
2833.45
8620.33
2872.38
3225.25
3225.55
2873.04
2874.31
4544.44
3537.24
2834.96
2873.79
2835.22
9017.79
7140.11
4543.25
2871.4
2875.44
6115.88
2834.91
3539.92
6528.66
2874.65
2834.7
3534.08
4544.33
4543.25
5412.9
5762.09
5410.43
3537.05
2874.5
2835.04
4545.36
3531.65
2832.19
2834.29
2873.56
3225.68
6118.25
2834.06
9018.04
9019.38
9019.14
2874.16
2835.22
9018.68
9019.03
5409.99
