8117.36 1264.09
8117.44 1264.09
8115.51 1264.12
8117.57 1264.18
8116.86 1264.23
6982.76 1264.24
8116.95 1264.24
8116.62 1264.32
5622.31 1264.59
6984.14 1264.74
7243.85 1264.79
2502.87 1264.84
7245.61 1264.96
4512.54 1265
8116.93 1265.15
8137.72 1265.19
6983.57 1265.21
7242.7 1265.42
6246.27 1265.73
6983.92 1265.77
5680.99 1265.79
9551.27 1265.9
2993.64 1266
6845.65 1266
3070.37 1266
5683.39 1266.09
8117.33 1266.27
7826.76 1266.42
9550.04 1266.43
2500.25 1266.45
6982.09 1266.46
7246.09 1266.5
8118.35 1266.51
8117.28 1266.6
10789.6 1266.66
8117.37 1266.72
6982.93 1266.74
6984.61 1266.82
2500.35 1266.95
7869.69 1267.06
10863.4 1267.22
8115.83 1267.27
9552.42 1267.27
6844.24 1267.32
7825.38 1267.34
8116.04 1267.35
7194.39 1267.42
8116.29 1267.48
7197.74 1267.52
9550.45 1267.59
6245 1267.67
7244.77 1267.85
6982.83 1267.88
8115.58 1267.88
9551.64 1267.89
7243.73 1267.96
7242.93 1268
5684 1334.13
3302.74 1334.19
6984.5 1334.4
8116.77 1334.41
5682.44 1334.65
5622.89 1334.76
8117.13 1335.52
8116.68 1335.52
3067.99 1335.74
6983.35 1335.96
6247.41 1336
4512.76 1336
6983.42 1336.01
8118.68 1336.03
6983.34 1336.07
7872.12 1336.08
2497.53 1336.17
3301.76 1336.19
2991.38 1336.24
2501.31 1336.24
6983.8 1336.33
8118.74 1336.34
6984.97 1336.45
9549.85 1336.48
8512.22 1336.69
8117.92 1336.7
6983.64 1336.91
10706.8 1336.91
10864 1336.96
8116.7 1336.99
5683.03 1337.2
6983.27 1337.4
6846.12 1337.41
2501.25 1337.42
9552.98 1337.47
7243.12 1337.54
8117.43 1337.88
8117.88 1337.97
6983.28 1484
6982.06 1484
8117.41 1484
10706.5 1484.09
6245.43 1484.48
7242.65 1485.27
6984.02 1485.3
8116.52 1485.32
7242.34 1485.41
2993.45 1485.41
6984.08 1485.5
8117.63 1485.62
3068.18 1485.71
5622.22 1486
2500.89 1486
6981.45 1486.17
8116.4 1486.2
9550.31 1486.21
7243.55 1486.35
9551.92 1486.62
6982.15 1486.69
8115.68 1486.98
6982.47 1487.05
9552.36 1487.2
6245.64 1487.27
2993.15 1487.41
6985.45 1487.42
8117.01 1487.52
3068.25 1487.68
2500.94 1487.69
10708.2 1487.81
2501.24 1487.81
8117.39 1487.86
7243.15 1634.46
8116.65 1634.64
7243.4 1634.7
6984.43 1634.84
2501.06 1634.85
2992.63 1635.65
5622.62 1635.83
10788.8 1635.95
6984.36 1635.97
8510.92 1636
5559.19 1636
2500.3 1636
8116.45 1636.08
6984.45 1636.19
7242.66 1636.23
5623.52 1636.68
8116.6 1636.75
6846.32 1636.9
9551.15 1637.06
6983.16 1637.24
6983.41 1637.62
2993.45 1637.65
6982.61 1637.68
7827.3 1637.76
9549.68 1637.77
10789.2 1637.95
10862.2 1704.85
2498.95 1704.95
6984.61 1705.14
5558.6 1706
8926.89 1706
10862.6 1706.27
10788.6 1706.8
2500.38 1706.95
8510.69 1706.99
8117.53 1707.77
7826.44 1707.78
