8115.58
8116.77
8117.53
8116.45
6983.64
8119.43
8118.33
5623.28
7241.96
8118.74
2499.47
7244.01
4514.8
8117.76
7827.12
8138.18
6984.36
7243.29
7825.97
6245.49
6982.15
5683.63
9550.38
6845.87
3300.17
3067.73
2992.89
8117.01
7825.88
9551.67
2500.94
6984.02
7241.94
8116.52
8116.74
8115.68
10791.4
8117.51
6983.57
6982.83
4512.61
9552.69
2501.25
7870.52
10862.3
8117.63
9552.22
6847.34
7825.71
8117.41
7195.92
8117.57
7194.58
9551.21
6245.21
6983.4
8118.78
9550.97
6983.41
7241.32
6984.97
8405.06
6984.08
5681.73
3302.24
7870.28
6983.92
8119.39
3068.55
5683.03
5683.05
8117.47
5623.2
2992.22
7243.67
10864
8116.93
8116.35
6844.94
7869.78
3068.25
6983.16
4511.52
6244.91
6981.7
8117.92
6982.52
7870.05
2498.95
3302.44
7873.2
2993.65
2500.35
6981.11
8116.48
6985.15
9553.02
8510.57
8116.43
9550.95
6982.99
10707
10862.3
8116.68
5683.06
9551.71
9551.29
6985.45
6847.95
2500.25
9551.73
7242.86
8115.95
8116.12
8117.44
9550.99
7243.15
8115.83
7243.22
6982.82
2501.24
2993.48
5624.27
10789.8
6983.2
9551.04
8509.58
6246.11
2497.53
5558.53
8118.55
6983.39
7244.32
7870.67
5623.32
8117.13
8115.51
6846.39
9551.77
6983.5
6983.18
6982.47
2992.97
6984.01
7829.05
9551.71
6982.93
10790.1
2834.16
2834.41
2871.75
2875.31
8618.61
2834.65
5763.8
2873.97
4544.55
2875.45
2873.57
2873.75
2874.56
7555.32
2871.92
2874.16
2833.8
6423.91
6116.31
4543.38
2833.87
2874.15
6387.45
2859.73
2873.3
6115.76
2873.86
2873.83
5765.79
6526.11
2874.94
6528.82
2873.14
2873.61
2874.63
6117.78
3537.09
2875.08
3226.93
2873.84
4543.14
2873.97
9021.24
2833.47
2871.35
2873.33
2836.41
2874.64
2833.11
2875.06
6525.16
6423.66
2875.46
2874.75
2834.6
6525.75
6527.05
2874.07
6424.58
2859.84
2872.97
3537.52
2874.17
2874.19
2875.07
2875.91
2873.8
3224.67
2835.06
2836.42
2835.05
6117.48
5765.6
3536.76
2833.27
2875.75
2859.88
2875.87
3536.24
2835.78
2873.46
7556.3
2833.97
8621.03
2873.95
3226.28
3226.2
2876.18
2873.43
4543.67
3538.6
2835.34
2875.5
2834.54
9017.01
7140.73
4544.65
2874.24
2873.08
6116.51
2835.84
3536.6
6528.31
2874.38
2834.93
3533.59
4543.93
4543.67
5762.64
5410.15
5411.22
3537.19
2873.54
2833.73
4543.26
3533.61
2834.57
3534.91
2836.08
2872.27
3226.36
6118.28
2835.79
9019.04
9018.71
9018.57
2873.89
2834.52
9018.59
9019.48
5410.97
9913.27
10580.3
3048.92
6194.61
9568.4
6193.15
10577.8
9912.77
3049.24
9911.3
10579.9
1447.68
10578.8
9719.5
8239.07
7050.38
3049.8
8882.27
5065.15
4618.94
9913.16
9912.87
5064.8
9569.96
10579.2
10069.6
3049.12
3048.07
6194.87
6194.85
6193.71
3049.73
3048.19
6193.93
6192.93
10577.7
3048.54
10578.6
9719
6195.99
8239.2
9567.21
7956.66
10577.1
9913.16
10068.6
9914.37
7051.3
5063.01
7052.25
10579.2
6192.92
7420.92
9913.74
7551.38
10578.9
8882.61
3048.16
6195.82
4617.33
6195.88
9719.87
9914.35
8239.12
9568.2
9567.26
9914.27
9912.96
10578.5
9916.08
6195.46
6195.58
7049.44
10578
9914.61
6195.12
3048.2
9914.78
3047.98
3048.17
7052.61
9913.72
8883.47
8881.92
9912.93
9916.44
3049.11
3048.65
6193.21
1450.55
3047.1
7051.17
3048.28
3047.33
6193.44
8882.52
6193.7
7053.61
10580.1
6193.74
