2835.71 1264
2835.52 1264.18
2874.37 1264.29
8620.01 1264.41
2835.55 1264.48
5763.61 1264.63
2874.21 1264.63
4542.93 1264.8
2873.54 1264.83
2873.05 1265.19
2874.17 1265.21
7555.08 1265.53
2873.49 1265.6
2873.86 1265.69
2834.96 1265.72
6422.52 1265.88
6387.6 1266
6115.82 1266
2859.69 1266
2873.68 1266
4543.53 1266
2835.6 1266
2873.65 1266
6115.3 1266.11
2873.93 1266.15
2874.9 1266.22
5763.93 1266.23
6524.73 1266.26
2873.25 1266.33
6527.97 1266.38
2873.7 1266.45
2873.55 1266.54
2874.43 1266.6
6115.92 1266.6
3540.14 1266.64
2874.15 1266.66
3226.71 1266.81
2875.11 1267.13
4543.75 1267.14
2874.14 1267.15
9018.45 1267.24
2833.61 1267.31
2873.64 1267.35
2875.74 1267.49
2835.01 1267.62
2872.76 1267.62
2835.9 1267.65
2873.52 1267.7
6524.81 1267.8
6424.25 1267.88
2872.94 1267.91
2874.75 1267.95
2835.51 1334.03
6526.76 1334.1
6526.67 1334.12
2875.26 1334.16
6424.76 1334.24
2860.63 1334.3
2873.22 1334.32
3536.79 1334.36
2872.81 1334.53
2873.13 1335.13
2872.44 1335.19
2873.45 1335.36
3223.71 1335.47
2874.3 1335.8
2835.71 1335.86
2837.34 1335.87
2835.15 1335.91
5763.91 1336
6117.8 1336
3536.96 1336.06
2835.91 1336.11
2872.11 1336.11
2859.65 1336.3
2872.84 1336.33
3537.39 1336.36
2835.97 1336.42
2874.09 1336.47
7554.47 1336.52
2833.45 1336.83
8620.33 1336.84
2872.38 1337.22
3225.25 1337.28
3225.55 1337.47
2873.04 1337.67
2874.31 1337.78
4544.44 1337.97
3537.24 1337.98
2834.96 1634.16
2873.79 1634.18
2835.22 1634.21
9017.79 1634.25
7140.11 1634.27
4543.25 1634.35
2871.4 1634.37
2875.44 1634.5
6115.88 1634.69
2834.91 1634.73
3539.92 1634.79
6528.66 1634.8
2874.65 1635.1
2834.7 1635.14
3534.08 1635.15
4544.33 1635.27
4543.25 1635.69
5412.9 1636
5762.09 1636
5410.43 1636.03
3537.05 1636.11
2874.5 1636.18
2835.04 1636.27
4545.36 1636.29
3531.65 1636.44
2832.19 1636.47
2834.29 1636.74
2873.56 1637.01
3225.68 1637.06
6118.25 1637.15
2834.06 1637.21
9018.04 1637.55
9019.38 1637.58
9019.14 1637.59
2874.16 1637.63
2835.22 1637.71
9018.68 1637.86
9019.03 1637.93
5409.99 1637.97
