5064.77 1264.15
9915.48 1264.53
10578.9 1264.63
3048.51 1264.74
6192.84 1264.75
9567.45 1264.9
6193.96 1265.3
10579 1265.54
9915.03 1265.57
3048.43 1265.68
9913.15 1265.71
7049.92 1266
1450.31 1266
10578.3 1266
8240.22 1266
3048.55 1266.02
5062.38 1266.25
4616.82 1266.33
9914.23 1266.36
9914.11 1266.79
5064.42 1266.85
10578.3 1266.96
3048.43 1267.16
3047.44 1267.17
6193.21 1267.3
6194.19 1267.31
3048.99 1267.44
6195.05 1267.52
6194.1 1267.53
10577.7 1267.75
3048.74 1334.14
10579.3 1334.3
9720.12 1334.36
6192.39 1334.39
8242.15 1334.41
9568.26 1334.45
7956.52 1334.52
1446.58 1334.69
9914.46 1334.76
9913.05 1334.9
7051.64 1335.05
5063.82 1335.26
7052.44 1335.52
10580.3 1335.68
6193.76 1335.84
7421.02 1335.85
9913.18 1335.94
10579 1336
7551.51 1336
3049.05 1336
6194.7 1336.23
9915.44 1336.38
8239.07 1336.41
9571.19 1336.43
9567.76 1336.48
9913.22 1336.71
10577.9 1336.75
9914.62 1336.77
6193.44 1336.78
6195.84 1336.79
7052.28 1337.05
10578.6 1337.17
9916.13 1337.17
6193.45 1337.56
3048.99 1337.62
9912.53 1337.69
3048.77 1337.98
10578.6 1484.06
9568.04 1484.09
6194.77 1484.34
7052.45 1484.51
3050.81 1484.52
9914.49 1485
9914.17 1485.09
9568.51 1485.21
3048.76 1485.22
1449.4 1485.22
7549.97 1485.28
3047.08 1485.39
3049.07 1485.58
5663.05 1485.62
6194.61 1486.18
9913.11 1486.2
9568.84 1486.27
6194.1 1486.34
3048.17 1486.36
9912.65 1486.76
9569.87 1486.93
7550.58 1486.93
9914.14 1487.1
9913.47 1487.16
1450.37 1487.22
3048.62 1487.25
9912.28 1487.27
10068.6 1487.29
6191.8 1487.6
9914.27 1487.69
9912.38 1487.79
6193.85 1487.83
3048.5 1634
8882.4 1634.82
8882.83 1635.12
9913.63 1635.13
3049.49 1635.42
3047.53 1635.98
6193.89 1635.99
1449.3 1636
3049.19 1636
7051.18 1636.18
3048.69 1636.33
3046.92 1636.7
6193.16 1636.79
6195.66 1636.93
7051.25 1637.13
10579.1 1637.38
6194.27 1704.5
3048.69 1704.62
3049.34 1705.14
3047.84 1705.58
6194.71 1705.86
3047.76 1706
8882.24 1706
7051.98 1706.12
6196.15 1706.78
3049.02 1706.78
9912.21 1706.79
6193.68 1707.18
3049.18 1707.57
6194.33 1707.6
6194.08 1707.62
9913.83 1707.98
6193.53 1708
