5065.16
9913.63
3049.07
6194.58
9570.43
6194.35
10578.6
9912.44
3049.02
9911.8
10578.4
1449.4
10578.8
9719.56
8238.88
7051.01
8882.08
5064.1
9914.96
9914.85
5064.36
9569
10581
10069
3046.92
3048.69
6194.55
6194.56
6195.15
3049.38
3048.99
6194.91
6193.25
10578.1
3048.62
10578.1
9719.42
6194.08
8239.8
9567.13
7956.27
10577.8
1446.58
9914.96
10068.5
9914.8
5064.18
7051.85
10578.1
6195.36
7420.93
9913.7
3047.6
7552.09
10579.3
8884.12
6193.65
4620.1
9718.61
9913.43
8238.33
9568.62
9567.81
9913.7
9913.77
10580.2
6193.92
6193.34
7048.94
10579.2
9916.78
6192.51
3048.51
9912.41
3049.19
3048.43
7051.33
9913.34
8883.51
8881.91
9914.15
9914.49
3048.99
3047.76
6193.96
1449.3
3048.17
7050.35
3047.08
3049.37
6195.84
8883.07
6193.44
7050.83
10581.5
6195.51
