8115.58 1264.09
8116.77 1264.09
8117.53 1264.18
8116.45 1264.23
6983.64 1264.24
8119.43 1264.24
8118.33 1264.32
5623.28 1264.59
7241.96 1264.79
8118.74 1264.84
2499.47 1264.84
7244.01 1264.96
4514.8 1265
8117.76 1265.15
7827.12 1265.16
8138.18 1265.19
6984.36 1265.21
7243.29 1265.42
7825.97 1265.44
6245.49 1265.73
6982.15 1265.77
5683.63 1265.79
9550.38 1265.9
6845.87 1266
3300.17 1266
3067.73 1266
2992.89 1266
8117.01 1266.27
7825.88 1266.42
9551.67 1266.43
2500.94 1266.45
6984.02 1266.46
7241.94 1266.5
8116.52 1266.51
8116.74 1266.56
8115.68 1266.6
10791.4 1266.66
8117.51 1266.72
6983.57 1266.74
6982.83 1266.82
4512.61 1266.87
9552.69 1266.9
2501.25 1266.95
7870.52 1267.06
10862.3 1267.22
8117.63 1267.27
9552.22 1267.27
6847.34 1267.32
7825.71 1267.34
8117.41 1267.35
7195.92 1267.42
8117.57 1267.48
7194.58 1267.52
9551.21 1267.59
6245.21 1267.67
6983.4 1267.88
8118.78 1267.88
9550.97 1267.89
6983.41 1267.91
7241.32 1267.96
6984.97 1267.99
8405.06 1334.06
6984.08 1334.07
5681.73 1334.13
3302.24 1334.19
7870.28 1334.32
6983.92 1334.4
8119.39 1334.41
3068.55 1334.46
5683.03 1334.65
5683.05 1334.65
8117.47 1334.7
5623.2 1334.76
2992.22 1334.98
7243.67 1335.11
10864 1335.17
8116.93 1335.52
8116.35 1335.52
6844.94 1335.64
7869.78 1335.72
3068.25 1335.74
6983.16 1335.96
4511.52 1336
6244.91 1336
6981.7 1336.01
8117.92 1336.03
6982.52 1336.07
7870.05 1336.08
2498.95 1336.17
3302.44 1336.19
7873.2 1336.22
2993.65 1336.24
2500.35 1336.24
6981.11 1336.33
8116.48 1336.34
6985.15 1336.45
9553.02 1336.48
8510.57 1336.69
8116.43 1336.7
9550.95 1336.85
6982.99 1336.91
10707 1336.91
10862.3 1336.96
8116.68 1336.99
5683.06 1337.2
9551.71 1337.31
9551.29 1337.39
6985.45 1337.4
6847.95 1337.41
2500.25 1337.42
9551.73 1337.47
7242.86 1337.54
8115.95 1337.82
8116.12 1337.88
8117.44 1337.97
9550.99 1634.24
7243.15 1634.46
8115.83 1634.64
7243.22 1634.7
6982.82 1634.84
2501.24 1634.85
2993.48 1635.65
5624.27 1635.83
10789.8 1635.95
6983.2 1635.97
9551.04 1635.97
8509.58 1636
6246.11 1636
2497.53 1636
5558.53 1636
8118.55 1636.08
6983.39 1636.19
7244.32 1636.23
7870.67 1636.5
5623.32 1636.68
8117.13 1636.75
8115.51 1636.9
6846.39 1636.9
9551.77 1637.06
6983.5 1637.2
6983.18 1637.24
6982.47 1637.62
2992.97 1637.65
6984.01 1637.68
7829.05 1637.76
9551.71 1637.77
6982.93 1637.88
10790.1 1637.95
