2834.96 1264
2833.97 1264.18
2875.74 1264.29
2872.38 1264.3
8618.67 1264.41
2837.34 1264.48
5762.18 1264.63
2872.35 1264.63
4546.24 1264.8
2874.25 1264.83
2873.37 1265.01
6423.44 1265.88
6116.42 1266
2872.9 1266
2859.89 1266
6386.66 1266
2835.01 1266
2872.81 1266
2874.3 1266.15
2874.5 1266.22
5762.84 1266.23
6527.11 1266.26
2874.21 1266.33
6526.15 1266.38
2876.72 1266.45
2873.56 1266.6
3538.84 1266.64
2873.22 1266.66
3227.16 1266.81
4544.22 1267.14
9017.71 1267.24
2834.37 1267.31
2872.11 1267.49
2835.22 1267.62
2872.24 1267.62
2835.15 1267.65
2875.26 1267.7
6526.85 1267.8
2874.31 1267.95
2835.03 1334.03
6526.23 1334.1
2873.35 1334.16
2859.26 1334.3
2873.97 1334.32
3537.98 1334.36
2874.09 1334.53
2873.71 1335
2872.76 1335.05
2875.44 1335.13
2874.43 1335.19
2875.11 1335.36
3225.54 1335.47
2873.08 1335.8
2832.19 1335.86
2835.27 1335.87
2836.02 1335.91
5763.53 1336
6118.15 1336
3536.51 1336.06
2835.71 1336.11
2873.28 1336.11
2858.68 1336.3
2871.4 1336.33
3535.89 1336.36
2833.45 1336.42
2874.9 1336.47
2835.6 1336.83
8619.43 1336.84
2873.64 1337.22
3225.1 1337.28
3226.24 1337.47
2873.45 1337.67
2873.13 1337.78
4542.4 1337.97
5410.03 1484.16
2835.08 1484.45
2873.04 1484.65
2835.51 1485.1
5184.72 1485.13
2874.79 1485.19
3536.41 1485.52
2873.57 1485.67
6526.4 1485.82
5410.51 1485.83
6528.15 1485.92
3537.63 1486
3534.26 1486.02
2834.96 1486.06
4544.26 1486.23
2871.99 1486.43
5411.14 1486.48
5412.25 1486.69
2873.47 1486.81
6527.85 1486.84
7553.46 1486.95
8619.03 1487.12
2873.82 1487.13
6525.88 1487.32
5410.27 1487.38
2873.68 1487.46
2874.9 1487.64
2873.79 1487.66
2873.86 1487.78
6527.31 1487.83
5409.79 1487.9
2876.5 1487.97
2835.55 1634.16
2874.74 1634.18
2835.87 1634.21
7141.99 1634.27
4542.5 1634.35
2871.74 1634.37
2873.28 1634.5
6116.34 1634.69
2835.52 1634.73
3536.47 1634.79
6526.6 1634.8
2873.54 1635.1
2835.29 1635.14
5763.57 1636
5409.01 1636
5410.79 1636.03
2873.49 1636.18
2835.97 1636.27
2835.22 1636.47
3531.88 1636.66
2835.9 1636.74
2873.55 1637.01
3225.05 1637.06
6116.83 1637.15
2835.04 1637.21
2872.44 1637.63
2833.61 1637.71
9019.05 1637.86
5410.44 1637.97
7554.76 1704.12
2834.91 1704.18
2834.7 1704.21
7555.97 1704.24
2873.64 1705.14
2873.7 1705.25
2834.29 1705.33
2873.05 1706
3228 1706
6526.62 1706.07
2874.65 1706.15
3533.4 1706.18
2873.69 1706.28
2874.37 1706.34
3226.13 1706.54
2872.76 1706.61
3533.7 1706.62
2835.3 1706.78
2835.71 1706.84
3533.72 1706.99
2835.91 1707.53
5410.19 1707.92
5410.64 1707.99
