5065.16 1264.15
9913.63 1264.53
3049.07 1264.74
6194.58 1264.75
9570.43 1264.9
6194.35 1265.3
10578.6 1265.54
9912.44 1265.57
3049.02 1265.68
9911.8 1265.71
10578.4 1265.75
1449.4 1266
10578.8 1266
9719.56 1266
8238.88 1266
7051.01 1266
8882.08 1266.17
5064.1 1266.25
9914.96 1266.36
9914.85 1266.79
5064.36 1266.85
9569 1266.9
10581 1266.96
10069 1267.07
3046.92 1267.16
3048.69 1267.17
6194.55 1267.24
6194.56 1267.3
6195.15 1267.31
3049.38 1267.44
3048.99 1267.48
6194.91 1267.52
6193.25 1267.53
10578.1 1267.75
3048.62 1334.14
10578.1 1334.3
9719.42 1334.36
6194.08 1334.39
8239.8 1334.41
9567.13 1334.45
7956.27 1334.52
10577.8 1334.65
1446.58 1334.69
9914.96 1334.76
10068.5 1334.76
9914.8 1334.9
5064.18 1335.26
7051.85 1335.52
10578.1 1335.68
6195.36 1335.84
7420.93 1335.85
9913.7 1335.94
3047.6 1336
7552.09 1336
10579.3 1336
8884.12 1336
6193.65 1336.07
4620.1 1336.2
9718.61 1336.36
9913.43 1336.38
8238.33 1336.41
9568.62 1336.43
9567.81 1336.48
9913.7 1336.56
9913.77 1336.71
10580.2 1336.75
6193.92 1336.78
6193.34 1336.79
7048.94 1337.05
10579.2 1337.17
9916.78 1337.17
6192.51 1337.56
3048.51 1337.62
9912.41 1337.69
3049.19 1337.98
3048.43 1634
7051.33 1634.19
9913.34 1634.26
8883.51 1634.82
8881.91 1635.12
9914.15 1635.13
9914.49 1635.17
3048.99 1635.42
3047.76 1635.98
6193.96 1635.99
1449.3 1636
3048.17 1636
7050.35 1636.18
3047.08 1636.33
3049.37 1636.7
6195.84 1636.79
8883.07 1636.9
6193.44 1636.93
7050.83 1637.13
10581.5 1637.38
6195.51 1637.92
