8115.58
8116.77
8117.53
8116.45
6983.64
8119.43
8118.33
5623.28
7241.96
8118.74
2499.47
7244.01
4514.8
8117.76
7827.12
8138.18
6984.36
7243.29
7825.97
6245.49
6982.15
5683.63
9550.38
6845.87
3300.17
3067.73
2992.89
8117.01
7825.88
9551.67
2500.94
6984.02
7241.94
8116.52
8116.74
8115.68
10791.4
8117.51
6983.57
6982.83
4512.61
9552.69
2501.25
7870.52
10862.3
8117.63
9552.22
6847.34
7825.71
8117.41
7195.92
8117.57
7194.58
9551.21
6245.21
6983.4
8118.78
9550.97
6983.41
7241.32
6984.97
8405.06
6984.08
5681.73
3302.24
7870.28
6983.92
8119.39
3068.55
5683.03
5683.05
8117.47
5623.2
2992.22
7243.67
10864
8116.93
8116.35
6844.94
7869.78
3068.25
6983.16
4511.52
6244.91
6981.7
8117.92
6982.52
7870.05
2498.95
3302.44
7873.2
2993.65
2500.35
6981.11
8116.48
6985.15
9553.02
8510.57
8116.43
9550.95
6982.99
10707
10862.3
8116.68
5683.06
9551.71
9551.29
6985.45
6847.95
2500.25
9551.73
7242.86
8115.95
8116.12
8117.44
9550.99
7243.15
8115.83
7243.22
6982.82
2501.24
2993.48
5624.27
10789.8
6983.2
9551.04
8509.58
6246.11
2497.53
5558.53
8118.55
6983.39
7244.32
7870.67
5623.32
8117.13
8115.51
6846.39
9551.77
6983.5
6983.18
6982.47
2992.97
6984.01
7829.05
9551.71
6982.93
10790.1
