0 1
1 13 0 0 0 0 0.2614 0 2.98859 3.00186 0.10566 0 0 -500 0
1 1
1 13 0 0 0 0 0.0426483 0 2.9997 3.00186 0.10566 0 0 -500 0
2 1
1 13 0 0 0 0 0.0739817 0 2.99909 3.00186 0.10566 0 0 -500 0
3 1
1 13 0 0 0 0 0.247694 0 2.98976 3.00186 0.10566 0 0 -500 0
4 1
1 13 0 0 0 0 0.0606434 0 2.99939 3.00186 0.10566 0 0 -500 0
5 1
1 13 0 0 0 0 0.126928 0 2.99731 3.00186 0.10566 0 0 -500 0
6 1
1 13 0 0 0 0 0.250375 0 2.98953 3.00186 0.10566 0 0 -500 0
7 1
1 13 0 0 0 0 0.194722 0 2.99367 3.00186 0.10566 0 0 -500 0
8 1
1 13 0 0 0 0 0.141331 0 2.99667 3.00186 0.10566 0 0 -500 0
9 1
1 13 0 0 0 0 0.193585 0 2.99375 3.00186 0.10566 0 0 -500 0
10 1
1 13 0 0 0 0 0.198807 0 2.99341 3.00186 0.10566 0 0 -500 0
11 1
1 13 0 0 0 0 0.172336 0 2.99505 3.00186 0.10566 0 0 -500 0
12 1
1 13 0 0 0 0 0.0826233 0 2.99886 3.00186 0.10566 0 0 -500 0
13 1
1 13 0 0 0 0 0.210419 0 2.99261 3.00186 0.10566 0 0 -500 0
14 1
1 13 0 0 0 0 0.136003 0 2.99692 3.00186 0.10566 0 0 -500 0
15 1
1 13 0 0 0 0 0.0441306 0 2.99968 3.00186 0.10566 0 0 -500 0
16 1
1 13 0 0 0 0 0.124458 0 2.99742 3.00186 0.10566 0 0 -500 0
17 1
1 13 0 0 0 0 0.102688 0 2.99824 3.00186 0.10566 0 0 -500 0
18 1
1 13 0 0 0 0 0.0580288 0 2.99944 3.00186 0.10566 0 0 -500 0
19 1
1 13 0 0 0 0 0.0558099 0 2.99948 3.00186 0.10566 0 0 -500 0
20 1
1 13 0 0 0 0 0.00794173 0 2.99999 3.00186 0.10566 0 0 -500 0
21 1
1 13 0 0 0 0 0.087308 0 2.99873 3.00186 0.10566 0 0 -500 0
22 1
1 13 0 0 0 0 0.0508256 0 2.99957 3.00186 0.10566 0 0 -500 0
23 1
1 13 0 0 0 0 0.246785 0 2.98983 3.00186 0.10566 0 0 -500 0
24 1
1 13 0 0 0 0 0.151761 0 2.99616 3.00186 0.10566 0 0 -500 0
25 1
1 13 0 0 0 0 0.234935 0 2.99079 3.00186 0.10566 0 0 -500 0
26 1
1 13 0 0 0 0 0.174146 0 2.99494 3.00186 0.10566 0 0 -500 0
27 1
1 13 0 0 0 0 0.130495 0 2.99716 3.00186 0.10566 0 0 -500 0
28 1
1 13 0 0 0 0 0.146714 0 2.99641 3.00186 0.10566 0 0 -500 0
29 1
1 13 0 0 0 0 0.04772 0 2.99962 3.00186 0.10566 0 0 -500 0
30 1
1 13 0 0 0 0 0.0776215 0 2.999 3.00186 0.10566 0 0 -500 0
31 1
1 13 0 0 0 0 0.030737 0 2.99984 3.00186 0.10566 0 0 -500 0
32 1
1 13 0 0 0 0 0.0164717 0 2.99995 3.00186 0.10566 0 0 -500 0
33 1
1 13 0 0 0 0 0.169588 0 2.9952 3.00186 0.10566 0 0 -500 0
34 1
1 13 0 0 0 0 0.189787 0 2.99399 3.00186 0.10566 0 0 -500 0
35 1
1 13 0 0 0 0 0.166715 0 2.99536 3.00186 0.10566 0 0 -500 0
36 1
1 13 0 0 0 0 0.186774 0 2.99418 3.00186 0.10566 0 0 -500 0
37 1
1 13 0 0 0 0 0.0260687 0 2.99989 3.00186 0.10566 0 0 -500 0
38 1
1 13 0 0 0 0 0.182954 0 2.99442 3.00186 0.10566 0 0 -500 0
39 1
1 13 0 0 0 0 0.0282248 0 2.99987 3.00186 0.10566 0 0 -500 0
40 1
1 13 0 0 0 0 0.033835 0 2.99981 3.00186 0.10566 0 0 -500 0
41 1
1 13 0 0 0 0 0.131487 0 2.99712 3.00186 0.10566 0 0 -500 0
42 1
1 13 0 0 0 0 0.0543937 0 2.99951 3.00186 0.10566 0 0 -500 0
43 1
1 13 0 0 0 0 0.0756285 0 2.99905 3.00186 0.10566 0 0 -500 0
44 1
1 13 0 0 0 0 0.0217749 0 2.99992 3.00186 0.10566 0 0 -500 0
45 1
1 13 0 0 0 0 0.0335421 0 2.99981 3.00186 0.10566 0 0 -500 0
46 1
1 13 0 0 0 0 0.143247 0 2.99658 3.00186 0.10566 0 0 -500 0
47 1
1 13 0 0 0 0 0.021551 0 2.99992 3.00186 0.10566 0 0 -500 0
48 1
1 13 0 0 0 0 0.0764742 0 2.99903 3.00186 0.10566 0 0 -500 0
49 1
1 13 0 0 0 0 0.233191 0 2.99092 3.00186 0.10566 0 0 -500 0
50 1
1 13 0 0 0 0 0.0594554 0 2.99941 3.00186 0.10566 0 0 -500 0
51 1
1 13 0 0 0 0 0.11303 0 2.99787 3.00186 0.10566 0 0 -500 0
52 1
1 13 0 0 0 0 0.0368429 0 2.99977 3.00186 0.10566 0 0 -500 0
53 1
1 13 0 0 0 0 0.104801 0 2.99817 3.00186 0.10566 0 0 -500 0
54 1
1 13 0 0 0 0 0.179735 0 2.99461 3.00186 0.10566 0 0 -500 0
55 1
1 13 0 0 0 0 0.0446799 0 2.99967 3.00186 0.10566 0 0 -500 0
56 1
1 13 0 0 0 0 0.115378 0 2.99778 3.00186 0.10566 0 0 -500 0
57 1
1 13 0 0 0 0 0.0118691 0 2.99998 3.00186 0.10566 0 0 -500 0
58 1
1 13 0 0 0 0 0.0814872 0 2.99889 3.00186 0.10566 0 0 -500 0
59 1
1 13 0 0 0 0 0.132475 0 2.99707 3.00186 0.10566 0 0 -500 0
60 1
1 13 0 0 0 0 0.047753 0 2.99962 3.00186 0.10566 0 0 -500 0
61 1
1 13 0 0 0 0 0.133744 0 2.99702 3.00186 0.10566 0 0 -500 0
62 1
1 13 0 0 0 0 0.193803 0 2.99373 3.00186 0.10566 0 0 -500 0
63 1
1 13 0 0 0 0 0.0957993 0 2.99847 3.00186 0.10566 0 0 -500 0
64 1
1 13 0 0 0 0 0.0420983 0 2.9997 3.00186 0.10566 0 0 -500 0
65 1
1 13 0 0 0 0 0.120423 0 2.99758 3.00186 0.10566 0 0 -500 0
66 1
1 13 0 0 0 0 0.164285 0 2.9955 3.00186 0.10566 0 0 -500 0
67 1
1 13 0 0 0 0 0.177293 0 2.99476 3.00186 0.10566 0 0 -500 0
68 1
1 13 0 0 0 0 0.182674 0 2.99443 3.00186 0.10566 0 0 -500 0
69 1
1 13 0 0 0 0 0.125244 0 2.99738 3.00186 0.10566 0 0 -500 0
70 1
1 13 0 0 0 0 0.0235899 0 2.99991 3.00186 0.10566 0 0 -500 0
71 1
1 13 0 0 0 0 0.088666 0 2.99869 3.00186 0.10566 0 0 -500 0
72 1
1 13 0 0 0 0 0.0249266 0 2.9999 3.00186 0.10566 0 0 -500 0
73 1
1 13 0 0 0 0 0.114259 0 2.99782 3.00186 0.10566 0 0 -500 0
74 1
1 13 0 0 0 0 0.124234 0 2.99743 3.00186 0.10566 0 0 -500 0
75 1
1 13 0 0 0 0 0.109734 0 2.99799 3.00186 0.10566 0 0 -500 0
76 1
1 13 0 0 0 0 0.203403 0 2.9931 3.00186 0.10566 0 0 -500 0
77 1
1 13 0 0 0 0 0.163442 0 2.99554 3.00186 0.10566 0 0 -500 0
78 1
1 13 0 0 0 0 0.256365 0 2.98903 3.00186 0.10566 0 0 -500 0
79 1
1 13 0 0 0 0 0.0969615 0 2.99843 3.00186 0.10566 0 0 -500 0
80 1
1 13 0 0 0 0 0.217316 0 2.99212 3.00186 0.10566 0 0 -500 0
81 1
1 13 0 0 0 0 0.0368621 0 2.99977 3.00186 0.10566 0 0 -500 0
82 1
1 13 0 0 0 0 0.194664 0 2.99368 3.00186 0.10566 0 0 -500 0
83 1
1 13 0 0 0 0 0.217036 0 2.99214 3.00186 0.10566 0 0 -500 0
84 1
1 13 0 0 0 0 0.102371 0 2.99825 3.00186 0.10566 0 0 -500 0
85 1
1 13 0 0 0 0 0.162748 0 2.99558 3.00186 0.10566 0 0 -500 0
86 1
1 13 0 0 0 0 0.0907519 0 2.99863 3.00186 0.10566 0 0 -500 0
87 1
1 13 0 0 0 0 0.0120871 0 2.99998 3.00186 0.10566 0 0 -500 0
88 1
1 13 0 0 0 0 0.160424 0 2.99571 3.00186 0.10566 0 0 -500 0
89 1
1 13 0 0 0 0 0.148477 0 2.99632 3.00186 0.10566 0 0 -500 0
90 1
1 13 0 0 0 0 0.130569 0 2.99716 3.00186 0.10566 0 0 -500 0
91 1
1 13 0 0 0 0 0.189365 0 2.99402 3.00186 0.10566 0 0 -500 0
92 1
1 13 0 0 0 0 0.0378422 0 2.99976 3.00186 0.10566 0 0 -500 0
93 1
1 13 0 0 0 0 0.0110749 0 2.99998 3.00186 0.10566 0 0 -500 0
94 1
1 13 0 0 0 0 0.0813539 0 2.9989 3.00186 0.10566 0 0 -500 0
95 1
1 13 0 0 0 0 0.031845 0 2.99983 3.00186 0.10566 0 0 -500 0
96 1
1 13 0 0 0 0 0.063369 0 2.99933 3.00186 0.10566 0 0 -500 0
97 1
1 13 0 0 0 0 0.0997426 0 2.99834 3.00186 0.10566 0 0 -500 0
98 1
1 13 0 0 0 0 0.115197 0 2.99779 3.00186 0.10566 0 0 -500 0
99 1
1 13 0 0 0 0 0.156955 0 2.99589 3.00186 0.10566 0 0 -500 0
100 1
1 13 0 0 0 0 0.16866 0 2.99526 3.00186 0.10566 0 0 -500 0
101 1
1 13 0 0 0 0 0.113234 0 2.99786 3.00186 0.10566 0 0 -500 0
102 1
1 13 0 0 0 0 0.145495 0 2.99647 3.00186 0.10566 0 0 -500 0
103 1
1 13 0 0 0 0 0.187546 0 2.99413 3.00186 0.10566 0 0 -500 0
104 1
1 13 0 0 0 0 0.168082 0 2.99529 3.00186 0.10566 0 0 -500 0
105 1
1 13 0 0 0 0 0.179429 0 2.99463 3.00186 0.10566 0 0 -500 0
106 1
1 13 0 0 0 0 0.0251738 0 2.99989 3.00186 0.10566 0 0 -500 0
107 1
1 13 0 0 0 0 0.0321833 0 2.99983 3.00186 0.10566 0 0 -500 0
108 1
1 13 0 0 0 0 0.0149218 0 2.99996 3.00186 0.10566 0 0 -500 0
109 1
1 13 0 0 0 0 0.214511 0 2.99232 3.00186 0.10566 0 0 -500 0
110 1
1 13 0 0 0 0 0.0328654 0 2.99982 3.00186 0.10566 0 0 -500 0
111 1
1 13 0 0 0 0 0.0826514 0 2.99886 3.00186 0.10566 0 0 -500 0
112 1
1 13 0 0 0 0 0.0472704 0 2.99963 3.00186 0.10566 0 0 -500 0
113 1
1 13 0 0 0 0 0.037234 0 2.99977 3.00186 0.10566 0 0 -500 0
114 1
1 13 0 0 0 0 0.17385 0 2.99496 3.00186 0.10566 0 0 -500 0
115 1
1 13 0 0 0 0 0.179275 0 2.99464 3.00186 0.10566 0 0 -500 0
116 1
1 13 0 0 0 0 0.0500019 0 2.99958 3.00186 0.10566 0 0 -500 0
117 1
1 13 0 0 0 0 0.114207 0 2.99783 3.00186 0.10566 0 0 -500 0
118 1
1 13 0 0 0 0 0.252197 0 2.98938 3.00186 0.10566 0 0 -500 0
119 1
1 13 0 0 0 0 0.227067 0 2.99139 3.00186 0.10566 0 0 -500 0
120 1
1 13 0 0 0 0 0.0342636 0 2.9998 3.00186 0.10566 0 0 -500 0
121 1
1 13 0 0 0 0 0.126789 0 2.99732 3.00186 0.10566 0 0 -500 0
122 1
1 13 0 0 0 0 0.0980668 0 2.9984 3.00186 0.10566 0 0 -500 0
123 1
1 13 0 0 0 0 0.235501 0 2.99074 3.00186 0.10566 0 0 -500 0
124 1
1 13 0 0 0 0 0.0467703 0 2.99964 3.00186 0.10566 0 0 -500 0
125 1
1 13 0 0 0 0 0.177824 0 2.99473 3.00186 0.10566 0 0 -500 0
126 1
1 13 0 0 0 0 0.162988 0 2.99557 3.00186 0.10566 0 0 -500 0
127 1
1 13 0 0 0 0 0.257204 0 2.98895 3.00186 0.10566 0 0 -500 0
128 1
1 13 0 0 0 0 0.11535 0 2.99778 3.00186 0.10566 0 0 -500 0
129 1
1 13 0 0 0 0 0.210507 0 2.99261 3.00186 0.10566 0 0 -500 0
130 1
1 13 0 0 0 0 0.260123 0 2.9887 3.00186 0.10566 0 0 -500 0
131 1
1 13 0 0 0 0 0.141725 0 2.99665 3.00186 0.10566 0 0 -500 0
132 1
1 13 0 0 0 0 0.0669903 0 2.99925 3.00186 0.10566 0 0 -500 0
133 1
1 13 0 0 0 0 0.167189 0 2.99534 3.00186 0.10566 0 0 -500 0
134 1
1 13 0 0 0 0 0.150709 0 2.99621 3.00186 0.10566 0 0 -500 0
135 1
1 13 0 0 0 0 0.0677274 0 2.99924 3.00186 0.10566 0 0 -500 0
136 1
1 13 0 0 0 0 0.0501566 0 2.99958 3.00186 0.10566 0 0 -500 0
137 1
1 13 0 0 0 0 0.116645 0 2.99773 3.00186 0.10566 0 0 -500 0
138 1
1 13 0 0 0 0 0.0390768 0 2.99975 3.00186 0.10566 0 0 -500 0
139 1
1 13 0 0 0 0 0.260613 0 2.98866 3.00186 0.10566 0 0 -500 0
140 1
1 13 0 0 0 0 0.0318767 0 2.99983 3.00186 0.10566 0 0 -500 0
141 1
1 13 0 0 0 0 0.170481 0 2.99515 3.00186 0.10566 0 0 -500 0
142 1
1 13 0 0 0 0 0.00727673 0 2.99999 3.00186 0.10566 0 0 -500 0
143 1
1 13 0 0 0 0 0.102076 0 2.99826 3.00186 0.10566 0 0 -500 0
144 1
1 13 0 0 0 0 0.216559 0 2.99217 3.00186 0.10566 0 0 -500 0
145 1
1 13 0 0 0 0 0.0742947 0 2.99908 3.00186 0.10566 0 0 -500 0
146 1
1 13 0 0 0 0 0.159675 0 2.99575 3.00186 0.10566 0 0 -500 0
147 1
1 13 0 0 0 0 0.0618883 0 2.99936 3.00186 0.10566 0 0 -500 0
148 1
1 13 0 0 0 0 0.10753 0 2.99807 3.00186 0.10566 0 0 -500 0
149 1
1 13 0 0 0 0 0.177322 0 2.99475 3.00186 0.10566 0 0 -500 0
150 1
1 13 0 0 0 0 0.221575 0 2.99181 3.00186 0.10566 0 0 -500 0
151 1
1 13 0 0 0 0 0.169884 0 2.99519 3.00186 0.10566 0 0 -500 0
152 1
1 13 0 0 0 0 0.0213057 0 2.99992 3.00186 0.10566 0 0 -500 0
153 1
1 13 0 0 0 0 0.0316328 0 2.99983 3.00186 0.10566 0 0 -500 0
154 1
1 13 0 0 0 0 0.125418 0 2.99738 3.00186 0.10566 0 0 -500 0
155 1
1 13 0 0 0 0 0.203492 0 2.99309 3.00186 0.10566 0 0 -500 0
156 1
1 13 0 0 0 0 0.123529 0 2.99746 3.00186 0.10566 0 0 -500 0
157 1
1 13 0 0 0 0 0.246686 0 2.98984 3.00186 0.10566 0 0 -500 0
158 1
1 13 0 0 0 0 0.25646 0 2.98902 3.00186 0.10566 0 0 -500 0
159 1
1 13 0 0 0 0 0.0875738 0 2.99872 3.00186 0.10566 0 0 -500 0
160 1
1 13 0 0 0 0 0.0530556 0 2.99953 3.00186 0.10566 0 0 -500 0
161 1
1 13 0 0 0 0 0.0897422 0 2.99866 3.00186 0.10566 0 0 -500 0
162 1
1 13 0 0 0 0 0.171005 0 2.99512 3.00186 0.10566 0 0 -500 0
163 1
1 13 0 0 0 0 0.17864 0 2.99468 3.00186 0.10566 0 0 -500 0
164 1
1 13 0 0 0 0 0.159606 0 2.99575 3.00186 0.10566 0 0 -500 0
165 1
1 13 0 0 0 0 0.0261605 0 2.99989 3.00186 0.10566 0 0 -500 0
166 1
1 13 0 0 0 0 0.200456 0 2.9933 3.00186 0.10566 0 0 -500 0
167 1
1 13 0 0 0 0 0.192443 0 2.99382 3.00186 0.10566 0 0 -500 0
168 1
1 13 0 0 0 0 0.0631254 0 2.99934 3.00186 0.10566 0 0 -500 0
169 1
1 13 0 0 0 0 0.068894 0 2.99921 3.00186 0.10566 0 0 -500 0
170 1
1 13 0 0 0 0 0.25126 0 2.98946 3.00186 0.10566 0 0 -500 0
171 1
1 13 0 0 0 0 0.11082 0 2.99795 3.00186 0.10566 0 0 -500 0
172 1
1 13 0 0 0 0 0.0879672 0 2.99871 3.00186 0.10566 0 0 -500 0
173 1
1 13 0 0 0 0 6.53184e-05 0 3 3.00186 0.10566 0 0 -500 0
174 1
1 13 0 0 0 0 0.227244 0 2.99138 3.00186 0.10566 0 0 -500 0
175 1
1 13 0 0 0 0 0.000982572 0 3 3.00186 0.10566 0 0 -500 0
176 1
1 13 0 0 0 0 0.0434169 0 2.99969 3.00186 0.10566 0 0 -500 0
177 1
1 13 0 0 0 0 0.00309469 0 3 3.00186 0.10566 0 0 -500 0
178 1
1 13 0 0 0 0 0.158695 0 2.9958 3.00186 0.10566 0 0 -500 0
179 1
1 13 0 0 0 0 0.190977 0 2.99392 3.00186 0.10566 0 0 -500 0
180 1
1 13 0 0 0 0 0.160622 0 2.9957 3.00186 0.10566 0 0 -500 0
181 1
1 13 0 0 0 0 0.252538 0 2.98935 3.00186 0.10566 0 0 -500 0
182 1
1 13 0 0 0 0 0.130099 0 2.99718 3.00186 0.10566 0 0 -500 0
183 1
1 13 0 0 0 0 0.138674 0 2.99679 3.00186 0.10566 0 0 -500 0
184 1
1 13 0 0 0 0 0.120816 0 2.99757 3.00186 0.10566 0 0 -500 0
185 1
1 13 0 0 0 0 0.186551 0 2.99419 3.00186 0.10566 0 0 -500 0
186 1
1 13 0 0 0 0 0.151768 0 2.99616 3.00186 0.10566 0 0 -500 0
187 1
1 13 0 0 0 0 0.178652 0 2.99468 3.00186 0.10566 0 0 -500 0
188 1
1 13 0 0 0 0 0.249448 0 2.98961 3.00186 0.10566 0 0 -500 0
189 1
1 13 0 0 0 0 0.00619291 0 2.99999 3.00186 0.10566 0 0 -500 0
190 1
1 13 0 0 0 0 0.0733254 0 2.9991 3.00186 0.10566 0 0 -500 0
191 1
1 13 0 0 0 0 0.227423 0 2.99137 3.00186 0.10566 0 0 -500 0
192 1
1 13 0 0 0 0 0.0783564 0 2.99898 3.00186 0.10566 0 0 -500 0
193 1
1 13 0 0 0 0 0.0836481 0 2.99883 3.00186 0.10566 0 0 -500 0
194 1
1 13 0 0 0 0 0.0787799 0 2.99897 3.00186 0.10566 0 0 -500 0
195 1
1 13 0 0 0 0 0.246106 0 2.98989 3.00186 0.10566 0 0 -500 0
196 1
1 13 0 0 0 0 0.221836 0 2.99179 3.00186 0.10566 0 0 -500 0
197 1
1 13 0 0 0 0 0.197084 0 2.99352 3.00186 0.10566 0 0 -500 0
198 1
1 13 0 0 0 0 0.14086 0 2.99669 3.00186 0.10566 0 0 -500 0
199 1
1 13 0 0 0 0 0.106918 0 2.99809 3.00186 0.10566 0 0 -500 0
200 1
1 13 0 0 0 0 0.0555955 0 2.99948 3.00186 0.10566 0 0 -500 0
201 1
1 13 0 0 0 0 0.0199334 0 2.99993 3.00186 0.10566 0 0 -500 0
202 1
1 13 0 0 0 0 0.0758967 0 2.99904 3.00186 0.10566 0 0 -500 0
203 1
1 13 0 0 0 0 0.00517887 0 3 3.00186 0.10566 0 0 -500 0
204 1
1 13 0 0 0 0 0.0631539 0 2.99934 3.00186 0.10566 0 0 -500 0
205 1
1 13 0 0 0 0 0.100674 0 2.99831 3.00186 0.10566 0 0 -500 0
206 1
1 13 0 0 0 0 0.119063 0 2.99764 3.00186 0.10566 0 0 -500 0
207 1
1 13 0 0 0 0 0.097891 0 2.9984 3.00186 0.10566 0 0 -500 0
208 1
1 13 0 0 0 0 0.115213 0 2.99779 3.00186 0.10566 0 0 -500 0
209 1
1 13 0 0 0 0 0.0308648 0 2.99984 3.00186 0.10566 0 0 -500 0
210 1
1 13 0 0 0 0 0.210687 0 2.99259 3.00186 0.10566 0 0 -500 0
211 1
1 13 0 0 0 0 0.0431673 0 2.99969 3.00186 0.10566 0 0 -500 0
212 1
1 13 0 0 0 0 0.0739587 0 2.99909 3.00186 0.10566 0 0 -500 0
213 1
1 13 0 0 0 0 0.0452072 0 2.99966 3.00186 0.10566 0 0 -500 0
214 1
1 13 0 0 0 0 0.244731 0 2.99 3.00186 0.10566 0 0 -500 0
215 1
1 13 0 0 0 0 0.178168 0 2.9947 3.00186 0.10566 0 0 -500 0
216 1
1 13 0 0 0 0 0.0350009 0 2.9998 3.00186 0.10566 0 0 -500 0
217 1
1 13 0 0 0 0 0.0666908 0 2.99926 3.00186 0.10566 0 0 -500 0
218 1
1 13 0 0 0 0 0.104553 0 2.99818 3.00186 0.10566 0 0 -500 0
219 1
1 13 0 0 0 0 0.0966489 0 2.99844 3.00186 0.10566 0 0 -500 0
220 1
1 13 0 0 0 0 0.190034 0 2.99398 3.00186 0.10566 0 0 -500 0
221 1
1 13 0 0 0 0 0.0727305 0 2.99912 3.00186 0.10566 0 0 -500 0
222 1
1 13 0 0 0 0 0.181465 0 2.99451 3.00186 0.10566 0 0 -500 0
223 1
1 13 0 0 0 0 0.130951 0 2.99714 3.00186 0.10566 0 0 -500 0
224 1
1 13 0 0 0 0 0.0309979 0 2.99984 3.00186 0.10566 0 0 -500 0
225 1
1 13 0 0 0 0 0.03961 0 2.99974 3.00186 0.10566 0 0 -500 0
226 1
1 13 0 0 0 0 0.178297 0 2.9947 3.00186 0.10566 0 0 -500 0
227 1
1 13 0 0 0 0 0.188546 0 2.99407 3.00186 0.10566 0 0 -500 0
228 1
1 13 0 0 0 0 0.256159 0 2.98904 3.00186 0.10566 0 0 -500 0
229 1
1 13 0 0 0 0 0.182304 0 2.99446 3.00186 0.10566 0 0 -500 0
230 1
1 13 0 0 0 0 0.14582 0 2.99645 3.00186 0.10566 0 0 -500 0
231 1
1 13 0 0 0 0 0.178134 0 2.99471 3.00186 0.10566 0 0 -500 0
232 1
1 13 0 0 0 0 0.249821 0 2.98958 3.00186 0.10566 0 0 -500 0
233 1
1 13 0 0 0 0 0.15654 0 2.99591 3.00186 0.10566 0 0 -500 0
234 1
1 13 0 0 0 0 0.201552 0 2.99322 3.00186 0.10566 0 0 -500 0
235 1
1 13 0 0 0 0 0.238926 0 2.99047 3.00186 0.10566 0 0 -500 0
236 1
1 13 0 0 0 0 0.17242 0 2.99504 3.00186 0.10566 0 0 -500 0
237 1
1 13 0 0 0 0 0.17556 0 2.99486 3.00186 0.10566 0 0 -500 0
238 1
1 13 0 0 0 0 0.151304 0 2.99618 3.00186 0.10566 0 0 -500 0
239 1
1 13 0 0 0 0 0.249218 0 2.98963 3.00186 0.10566 0 0 -500 0
240 1
1 13 0 0 0 0 0.0426518 0 2.9997 3.00186 0.10566 0 0 -500 0
241 1
1 13 0 0 0 0 0.0877052 0 2.99872 3.00186 0.10566 0 0 -500 0
242 1
1 13 0 0 0 0 0.248901 0 2.98966 3.00186 0.10566 0 0 -500 0
243 1
1 13 0 0 0 0 0.0287089 0 2.99986 3.00186 0.10566 0 0 -500 0
244 1
1 13 0 0 0 0 0.162054 0 2.99562 3.00186 0.10566 0 0 -500 0
245 1
1 13 0 0 0 0 0.250203 0 2.98955 3.00186 0.10566 0 0 -500 0
246 1
1 13 0 0 0 0 0.257618 0 2.98892 3.00186 0.10566 0 0 -500 0
247 1
1 13 0 0 0 0 0.018519 0 2.99994 3.00186 0.10566 0 0 -500 0
248 1
1 13 0 0 0 0 0.131468 0 2.99712 3.00186 0.10566 0 0 -500 0
249 1
1 13 0 0 0 0 0.178108 0 2.99471 3.00186 0.10566 0 0 -500 0
250 1
1 13 0 0 0 0 0.144803 0 2.9965 3.00186 0.10566 0 0 -500 0
251 1
1 13 0 0 0 0 0.15361 0 2.99606 3.00186 0.10566 0 0 -500 0
252 1
1 13 0 0 0 0 0.180956 0 2.99454 3.00186 0.10566 0 0 -500 0
253 1
1 13 0 0 0 0 0.121088 0 2.99756 3.00186 0.10566 0 0 -500 0
254 1
1 13 0 0 0 0 0.150277 0 2.99623 3.00186 0.10566 0 0 -500 0
255 1
1 13 0 0 0 0 0.0190825 0 2.99994 3.00186 0.10566 0 0 -500 0
256 1
1 13 0 0 0 0 0.167011 0 2.99535 3.00186 0.10566 0 0 -500 0
257 1
1 13 0 0 0 0 0.101495 0 2.99828 3.00186 0.10566 0 0 -500 0
258 1
1 13 0 0 0 0 0.0578437 0 2.99944 3.00186 0.10566 0 0 -500 0
259 1
1 13 0 0 0 0 0.000584284 0 3 3.00186 0.10566 0 0 -500 0
260 1
1 13 0 0 0 0 0.129722 0 2.99719 3.00186 0.10566 0 0 -500 0
261 1
1 13 0 0 0 0 0.0500842 0 2.99958 3.00186 0.10566 0 0 -500 0
262 1
1 13 0 0 0 0 0.00582896 0 2.99999 3.00186 0.10566 0 0 -500 0
263 1
1 13 0 0 0 0 0.236314 0 2.99068 3.00186 0.10566 0 0 -500 0
264 1
1 13 0 0 0 0 0.193239 0 2.99377 3.00186 0.10566 0 0 -500 0
265 1
1 13 0 0 0 0 0.116349 0 2.99774 3.00186 0.10566 0 0 -500 0
266 1
1 13 0 0 0 0 0.10933 0 2.99801 3.00186 0.10566 0 0 -500 0
267 1
1 13 0 0 0 0 0.199047 0 2.99339 3.00186 0.10566 0 0 -500 0
268 1
1 13 0 0 0 0 0.114576 0 2.99781 3.00186 0.10566 0 0 -500 0
269 1
1 13 0 0 0 0 0.0499969 0 2.99958 3.00186 0.10566 0 0 -500 0
270 1
1 13 0 0 0 0 0.151024 0 2.9962 3.00186 0.10566 0 0 -500 0
271 1
1 13 0 0 0 0 0.0347369 0 2.9998 3.00186 0.10566 0 0 -500 0
272 1
1 13 0 0 0 0 0.0831956 0 2.99885 3.00186 0.10566 0 0 -500 0
273 1
1 13 0 0 0 0 0.127436 0 2.99729 3.00186 0.10566 0 0 -500 0
274 1
1 13 0 0 0 0 0.245578 0 2.98993 3.00186 0.10566 0 0 -500 0
275 1
1 13 0 0 0 0 0.244236 0 2.99004 3.00186 0.10566 0 0 -500 0
276 1
1 13 0 0 0 0 0.019284 0 2.99994 3.00186 0.10566 0 0 -500 0
277 1
1 13 0 0 0 0 0.160259 0 2.99572 3.00186 0.10566 0 0 -500 0
278 1
1 13 0 0 0 0 0.134716 0 2.99697 3.00186 0.10566 0 0 -500 0
279 1
1 13 0 0 0 0 0.163456 0 2.99554 3.00186 0.10566 0 0 -500 0
280 1
1 13 0 0 0 0 0.0342021 0 2.9998 3.00186 0.10566 0 0 -500 0
281 1
1 13 0 0 0 0 0.168826 0 2.99525 3.00186 0.10566 0 0 -500 0
282 1
1 13 0 0 0 0 0.0351192 0 2.99979 3.00186 0.10566 0 0 -500 0
283 1
1 13 0 0 0 0 0.170843 0 2.99513 3.00186 0.10566 0 0 -500 0
284 1
1 13 0 0 0 0 0.0694256 0 2.9992 3.00186 0.10566 0 0 -500 0
285 1
1 13 0 0 0 0 0.0999379 0 2.99833 3.00186 0.10566 0 0 -500 0
286 1
1 13 0 0 0 0 0.15445 0 2.99602 3.00186 0.10566 0 0 -500 0
287 1
1 13 0 0 0 0 0.175228 0 2.99488 3.00186 0.10566 0 0 -500 0
288 1
1 13 0 0 0 0 0.145067 0 2.99649 3.00186 0.10566 0 0 -500 0
289 1
1 13 0 0 0 0 0.00510633 0 3 3.00186 0.10566 0 0 -500 0
290 1
1 13 0 0 0 0 0.0482598 0 2.99961 3.00186 0.10566 0 0 -500 0
291 1
1 13 0 0 0 0 0.259167 0 2.98878 3.00186 0.10566 0 0 -500 0
292 1
1 13 0 0 0 0 0.150126 0 2.99624 3.00186 0.10566 0 0 -500 0
293 1
1 13 0 0 0 0 0.16688 0 2.99535 3.00186 0.10566 0 0 -500 0
294 1
1 13 0 0 0 0 0.155663 0 2.99596 3.00186 0.10566 0 0 -500 0
295 1
1 13 0 0 0 0 0.134845 0 2.99697 3.00186 0.10566 0 0 -500 0
296 1
1 13 0 0 0 0 0.0865633 0 2.99875 3.00186 0.10566 0 0 -500 0
297 1
1 13 0 0 0 0 0.103846 0 2.9982 3.00186 0.10566 0 0 -500 0
298 1
1 13 0 0 0 0 0.231192 0 2.99108 3.00186 0.10566 0 0 -500 0
299 1
1 13 0 0 0 0 0.201822 0 2.9932 3.00186 0.10566 0 0 -500 0
300 1
1 13 0 0 0 0 0.156766 0 2.9959 3.00186 0.10566 0 0 -500 0
301 1
1 13 0 0 0 0 0.00647341 0 2.99999 3.00186 0.10566 0 0 -500 0
302 1
1 13 0 0 0 0 0.00320934 0 3 3.00186 0.10566 0 0 -500 0
303 1
1 13 0 0 0 0 0.182741 0 2.99443 3.00186 0.10566 0 0 -500 0
304 1
1 13 0 0 0 0 0.06963 0 2.99919 3.00186 0.10566 0 0 -500 0
305 1
1 13 0 0 0 0 0.192735 0 2.9938 3.00186 0.10566 0 0 -500 0
306 1
1 13 0 0 0 0 0.26146 0 2.98858 3.00186 0.10566 0 0 -500 0
307 1
1 13 0 0 0 0 0.196155 0 2.99358 3.00186 0.10566 0 0 -500 0
308 1
1 13 0 0 0 0 0.126923 0 2.99731 3.00186 0.10566 0 0 -500 0
309 1
1 13 0 0 0 0 0.215459 0 2.99225 3.00186 0.10566 0 0 -500 0
310 1
1 13 0 0 0 0 0.162962 0 2.99557 3.00186 0.10566 0 0 -500 0
311 1
1 13 0 0 0 0 0.236033 0 2.9907 3.00186 0.10566 0 0 -500 0
312 1
1 13 0 0 0 0 0.0147929 0 2.99996 3.00186 0.10566 0 0 -500 0
313 1
1 13 0 0 0 0 0.193356 0 2.99376 3.00186 0.10566 0 0 -500 0
314 1
1 13 0 0 0 0 0.098465 0 2.99838 3.00186 0.10566 0 0 -500 0
315 1
1 13 0 0 0 0 0.0096344 0 2.99998 3.00186 0.10566 0 0 -500 0
316 1
1 13 0 0 0 0 0.203053 0 2.99312 3.00186 0.10566 0 0 -500 0
317 1
1 13 0 0 0 0 0.219024 0 2.99199 3.00186 0.10566 0 0 -500 0
318 1
1 13 0 0 0 0 0.0903286 0 2.99864 3.00186 0.10566 0 0 -500 0
319 1
1 13 0 0 0 0 0.0214262 0 2.99992 3.00186 0.10566 0 0 -500 0
320 1
1 13 0 0 0 0 0.0582785 0 2.99943 3.00186 0.10566 0 0 -500 0
321 1
1 13 0 0 0 0 0.039917 0 2.99973 3.00186 0.10566 0 0 -500 0
322 1
1 13 0 0 0 0 0.105006 0 2.99816 3.00186 0.10566 0 0 -500 0
323 1
1 13 0 0 0 0 0.139126 0 2.99677 3.00186 0.10566 0 0 -500 0
324 1
1 13 0 0 0 0 0.212327 0 2.99248 3.00186 0.10566 0 0 -500 0
325 1
1 13 0 0 0 0 0.0106755 0 2.99998 3.00186 0.10566 0 0 -500 0
326 1
1 13 0 0 0 0 0.0308627 0 2.99984 3.00186 0.10566 0 0 -500 0
327 1
1 13 0 0 0 0 0.150521 0 2.99622 3.00186 0.10566 0 0 -500 0
328 1
1 13 0 0 0 0 0.21772 0 2.99209 3.00186 0.10566 0 0 -500 0
329 1
1 13 0 0 0 0 0.0535723 0 2.99952 3.00186 0.10566 0 0 -500 0
330 1
1 13 0 0 0 0 0.0624927 0 2.99935 3.00186 0.10566 0 0 -500 0
331 1
1 13 0 0 0 0 0.260666 0 2.98865 3.00186 0.10566 0 0 -500 0
332 1
1 13 0 0 0 0 0.0676931 0 2.99924 3.00186 0.10566 0 0 -500 0
333 1
1 13 0 0 0 0 0.233304 0 2.99091 3.00186 0.10566 0 0 -500 0
334 1
1 13 0 0 0 0 0.221506 0 2.99181 3.00186 0.10566 0 0 -500 0
335 1
1 13 0 0 0 0 0.0802539 0 2.99893 3.00186 0.10566 0 0 -500 0
336 1
1 13 0 0 0 0 0.00873427 0 2.99999 3.00186 0.10566 0 0 -500 0
337 1
1 13 0 0 0 0 0.184823 0 2.9943 3.00186 0.10566 0 0 -500 0
338 1
1 13 0 0 0 0 0.050686 0 2.99957 3.00186 0.10566 0 0 -500 0
339 1
1 13 0 0 0 0 0.133206 0 2.99704 3.00186 0.10566 0 0 -500 0
340 1
1 13 0 0 0 0 0.0056405 0 2.99999 3.00186 0.10566 0 0 -500 0
341 1
1 13 0 0 0 0 0.17602 0 2.99483 3.00186 0.10566 0 0 -500 0
342 1
1 13 0 0 0 0 0.212811 0 2.99244 3.00186 0.10566 0 0 -500 0
343 1
1 13 0 0 0 0 0.211172 0 2.99256 3.00186 0.10566 0 0 -500 0
344 1
1 13 0 0 0 0 0.126026 0 2.99735 3.00186 0.10566 0 0 -500 0
345 1
1 13 0 0 0 0 0.140671 0 2.9967 3.00186 0.10566 0 0 -500 0
346 1
1 13 0 0 0 0 0.204268 0 2.99304 3.00186 0.10566 0 0 -500 0
347 1
1 13 0 0 0 0 0.0879125 0 2.99871 3.00186 0.10566 0 0 -500 0
348 1
1 13 0 0 0 0 0.182952 0 2.99442 3.00186 0.10566 0 0 -500 0
349 1
1 13 0 0 0 0 0.111463 0 2.99793 3.00186 0.10566 0 0 -500 0
350 1
1 13 0 0 0 0 0.215861 0 2.99222 3.00186 0.10566 0 0 -500 0
351 1
1 13 0 0 0 0 0.24728 0 2.98979 3.00186 0.10566 0 0 -500 0
352 1
1 13 0 0 0 0 0.1452 0 2.99648 3.00186 0.10566 0 0 -500 0
353 1
1 13 0 0 0 0 0.185888 0 2.99424 3.00186 0.10566 0 0 -500 0
354 1
1 13 0 0 0 0 0.0990365 0 2.99836 3.00186 0.10566 0 0 -500 0
355 1
1 13 0 0 0 0 0.169644 0 2.9952 3.00186 0.10566 0 0 -500 0
356 1
1 13 0 0 0 0 0.0119571 0 2.99998 3.00186 0.10566 0 0 -500 0
357 1
1 13 0 0 0 0 0.0407026 0 2.99972 3.00186 0.10566 0 0 -500 0
358 1
1 13 0 0 0 0 0.231555 0 2.99105 3.00186 0.10566 0 0 -500 0
359 1
1 13 0 0 0 0 0.188781 0 2.99405 3.00186 0.10566 0 0 -500 0
360 1
1 13 0 0 0 0 0.251468 0 2.98944 3.00186 0.10566 0 0 -500 0
361 1
1 13 0 0 0 0 0.112626 0 2.99789 3.00186 0.10566 0 0 -500 0
362 1
1 13 0 0 0 0 0.034565 0 2.9998 3.00186 0.10566 0 0 -500 0
363 1
1 13 0 0 0 0 0.114988 0 2.9978 3.00186 0.10566 0 0 -500 0
364 1
1 13 0 0 0 0 0.122276 0 2.99751 3.00186 0.10566 0 0 -500 0
365 1
1 13 0 0 0 0 0.107337 0 2.99808 3.00186 0.10566 0 0 -500 0
366 1
1 13 0 0 0 0 0.0725629 0 2.99912 3.00186 0.10566 0 0 -500 0
367 1
1 13 0 0 0 0 0.0729064 0 2.99911 3.00186 0.10566 0 0 -500 0
368 1
1 13 0 0 0 0 0.24963 0 2.9896 3.00186 0.10566 0 0 -500 0
369 1
1 13 0 0 0 0 0.210407 0 2.99261 3.00186 0.10566 0 0 -500 0
370 1
1 13 0 0 0 0 0.253254 0 2.98929 3.00186 0.10566 0 0 -500 0
371 1
1 13 0 0 0 0 0.261395 0 2.98859 3.00186 0.10566 0 0 -500 0
372 1
1 13 0 0 0 0 0.247684 0 2.98976 3.00186 0.10566 0 0 -500 0
373 1
1 13 0 0 0 0 0.0650654 0 2.99929 3.00186 0.10566 0 0 -500 0
374 1
1 13 0 0 0 0 0.00175536 0 3 3.00186 0.10566 0 0 -500 0
375 1
1 13 0 0 0 0 0.1164 0 2.99774 3.00186 0.10566 0 0 -500 0
376 1
1 13 0 0 0 0 0.176364 0 2.99481 3.00186 0.10566 0 0 -500 0
377 1
1 13 0 0 0 0 0.129938 0 2.99718 3.00186 0.10566 0 0 -500 0
378 1
1 13 0 0 0 0 0.00550021 0 2.99999 3.00186 0.10566 0 0 -500 0
379 1
1 13 0 0 0 0 0.217564 0 2.9921 3.00186 0.10566 0 0 -500 0
380 1
1 13 0 0 0 0 0.0284168 0 2.99987 3.00186 0.10566 0 0 -500 0
381 1
1 13 0 0 0 0 0.0243868 0 2.9999 3.00186 0.10566 0 0 -500 0
382 1
1 13 0 0 0 0 0.232821 0 2.99095 3.00186 0.10566 0 0 -500 0
383 1
1 13 0 0 0 0 0.116719 0 2.99773 3.00186 0.10566 0 0 -500 0
384 1
1 13 0 0 0 0 0.23718 0 2.99061 3.00186 0.10566 0 0 -500 0
385 1
1 13 0 0 0 0 0.144991 0 2.99649 3.00186 0.10566 0 0 -500 0
386 1
1 13 0 0 0 0 0.198674 0 2.99341 3.00186 0.10566 0 0 -500 0
387 1
1 13 0 0 0 0 0.213331 0 2.99241 3.00186 0.10566 0 0 -500 0
388 1
1 13 0 0 0 0 0.139481 0 2.99676 3.00186 0.10566 0 0 -500 0
389 1
1 13 0 0 0 0 0.0144343 0 2.99997 3.00186 0.10566 0 0 -500 0
390 1
1 13 0 0 0 0 0.0141334 0 2.99997 3.00186 0.10566 0 0 -500 0
391 1
1 13 0 0 0 0 0.235165 0 2.99077 3.00186 0.10566 0 0 -500 0
392 1
1 13 0 0 0 0 0.0384592 0 2.99975 3.00186 0.10566 0 0 -500 0
393 1
1 13 0 0 0 0 0.126319 0 2.99734 3.00186 0.10566 0 0 -500 0
394 1
1 13 0 0 0 0 0.0176198 0 2.99995 3.00186 0.10566 0 0 -500 0
395 1
1 13 0 0 0 0 0.0736006 0 2.9991 3.00186 0.10566 0 0 -500 0
396 1
1 13 0 0 0 0 0.24395 0 2.99006 3.00186 0.10566 0 0 -500 0
397 1
1 13 0 0 0 0 0.132772 0 2.99706 3.00186 0.10566 0 0 -500 0
398 1
1 13 0 0 0 0 0.147727 0 2.99636 3.00186 0.10566 0 0 -500 0
399 1
1 13 0 0 0 0 0.209456 0 2.99268 3.00186 0.10566 0 0 -500 0
400 1
1 13 0 0 0 0 0.169003 0 2.99524 3.00186 0.10566 0 0 -500 0
401 1
1 13 0 0 0 0 0.0809437 0 2.99891 3.00186 0.10566 0 0 -500 0
402 1
1 13 0 0 0 0 0.0125157 0 2.99997 3.00186 0.10566 0 0 -500 0
403 1
1 13 0 0 0 0 0.0659592 0 2.99927 3.00186 0.10566 0 0 -500 0
404 1
1 13 0 0 0 0 0.186773 0 2.99418 3.00186 0.10566 0 0 -500 0
405 1
1 13 0 0 0 0 0.175565 0 2.99486 3.00186 0.10566 0 0 -500 0
406 1
1 13 0 0 0 0 0.15839 0 2.99582 3.00186 0.10566 0 0 -500 0
407 1
1 13 0 0 0 0 0.0388164 0 2.99975 3.00186 0.10566 0 0 -500 0
408 1
1 13 0 0 0 0 0.208029 0 2.99278 3.00186 0.10566 0 0 -500 0
409 1
1 13 0 0 0 0 0.174071 0 2.99495 3.00186 0.10566 0 0 -500 0
410 1
1 13 0 0 0 0 0.223449 0 2.99167 3.00186 0.10566 0 0 -500 0
411 1
1 13 0 0 0 0 0.21202 0 2.9925 3.00186 0.10566 0 0 -500 0
412 1
1 13 0 0 0 0 0.0186253 0 2.99994 3.00186 0.10566 0 0 -500 0
413 1
1 13 0 0 0 0 0.01801 0 2.99995 3.00186 0.10566 0 0 -500 0
414 1
1 13 0 0 0 0 0.232889 0 2.99095 3.00186 0.10566 0 0 -500 0
415 1
1 13 0 0 0 0 0.198311 0 2.99344 3.00186 0.10566 0 0 -500 0
416 1
1 13 0 0 0 0 0.0184072 0 2.99994 3.00186 0.10566 0 0 -500 0
417 1
1 13 0 0 0 0 0.222872 0 2.99171 3.00186 0.10566 0 0 -500 0
418 1
1 13 0 0 0 0 0.202833 0 2.99314 3.00186 0.10566 0 0 -500 0
419 1
1 13 0 0 0 0 0.179198 0 2.99464 3.00186 0.10566 0 0 -500 0
420 1
1 13 0 0 0 0 0.0614015 0 2.99937 3.00186 0.10566 0 0 -500 0
421 1
1 13 0 0 0 0 0.120808 0 2.99757 3.00186 0.10566 0 0 -500 0
422 1
1 13 0 0 0 0 0.244885 0 2.98999 3.00186 0.10566 0 0 -500 0
423 1
1 13 0 0 0 0 0.173985 0 2.99495 3.00186 0.10566 0 0 -500 0
424 1
1 13 0 0 0 0 0.120312 0 2.99759 3.00186 0.10566 0 0 -500 0
425 1
1 13 0 0 0 0 0.232199 0 2.991 3.00186 0.10566 0 0 -500 0
426 1
1 13 0 0 0 0 0.150373 0 2.99623 3.00186 0.10566 0 0 -500 0
427 1
1 13 0 0 0 0 0.00789812 0 2.99999 3.00186 0.10566 0 0 -500 0
428 1
1 13 0 0 0 0 0.200743 0 2.99328 3.00186 0.10566 0 0 -500 0
429 1
1 13 0 0 0 0 0.0904324 0 2.99864 3.00186 0.10566 0 0 -500 0
430 1
1 13 0 0 0 0 0.159393 0 2.99576 3.00186 0.10566 0 0 -500 0
431 1
1 13 0 0 0 0 0.0569492 0 2.99946 3.00186 0.10566 0 0 -500 0
432 1
1 13 0 0 0 0 0.168447 0 2.99527 3.00186 0.10566 0 0 -500 0
433 1
1 13 0 0 0 0 0.149528 0 2.99627 3.00186 0.10566 0 0 -500 0
434 1
1 13 0 0 0 0 0.209873 0 2.99265 3.00186 0.10566 0 0 -500 0
435 1
1 13 0 0 0 0 0.251643 0 2.98943 3.00186 0.10566 0 0 -500 0
436 1
1 13 0 0 0 0 0.105162 0 2.99816 3.00186 0.10566 0 0 -500 0
437 1
1 13 0 0 0 0 0.260568 0 2.98866 3.00186 0.10566 0 0 -500 0
438 1
1 13 0 0 0 0 0.19515 0 2.99365 3.00186 0.10566 0 0 -500 0
439 1
1 13 0 0 0 0 0.117364 0 2.9977 3.00186 0.10566 0 0 -500 0
440 1
1 13 0 0 0 0 0.103595 0 2.99821 3.00186 0.10566 0 0 -500 0
441 1
1 13 0 0 0 0 0.0323028 0 2.99983 3.00186 0.10566 0 0 -500 0
442 1
1 13 0 0 0 0 0.139388 0 2.99676 3.00186 0.10566 0 0 -500 0
443 1
1 13 0 0 0 0 0.217986 0 2.99207 3.00186 0.10566 0 0 -500 0
444 1
1 13 0 0 0 0 0.23999 0 2.99039 3.00186 0.10566 0 0 -500 0
445 1
1 13 0 0 0 0 0.215957 0 2.99222 3.00186 0.10566 0 0 -500 0
446 1
1 13 0 0 0 0 0.116711 0 2.99773 3.00186 0.10566 0 0 -500 0
447 1
1 13 0 0 0 0 0.0699298 0 2.99918 3.00186 0.10566 0 0 -500 0
448 1
1 13 0 0 0 0 0.173842 0 2.99496 3.00186 0.10566 0 0 -500 0
449 1
1 13 0 0 0 0 0.200614 0 2.99328 3.00186 0.10566 0 0 -500 0
450 1
1 13 0 0 0 0 0.174252 0 2.99494 3.00186 0.10566 0 0 -500 0
451 1
1 13 0 0 0 0 0.131893 0 2.9971 3.00186 0.10566 0 0 -500 0
452 1
1 13 0 0 0 0 0.218449 0 2.99204 3.00186 0.10566 0 0 -500 0
453 1
1 13 0 0 0 0 0.162865 0 2.99558 3.00186 0.10566 0 0 -500 0
454 1
1 13 0 0 0 0 0.119752 0 2.99761 3.00186 0.10566 0 0 -500 0
455 1
1 13 0 0 0 0 0.145237 0 2.99648 3.00186 0.10566 0 0 -500 0
456 1
1 13 0 0 0 0 0.0957535 0 2.99847 3.00186 0.10566 0 0 -500 0
457 1
1 13 0 0 0 0 0.171726 0 2.99508 3.00186 0.10566 0 0 -500 0
458 1
1 13 0 0 0 0 0.239824 0 2.9904 3.00186 0.10566 0 0 -500 0
459 1
1 13 0 0 0 0 0.0722639 0 2.99913 3.00186 0.10566 0 0 -500 0
460 1
1 13 0 0 0 0 0.0317333 0 2.99983 3.00186 0.10566 0 0 -500 0
461 1
1 13 0 0 0 0 0.252645 0 2.98934 3.00186 0.10566 0 0 -500 0
462 1
1 13 0 0 0 0 0.182476 0 2.99445 3.00186 0.10566 0 0 -500 0
463 1
1 13 0 0 0 0 0.116092 0 2.99775 3.00186 0.10566 0 0 -500 0
464 1
1 13 0 0 0 0 0.164902 0 2.99546 3.00186 0.10566 0 0 -500 0
465 1
1 13 0 0 0 0 0.0964163 0 2.99845 3.00186 0.10566 0 0 -500 0
466 1
1 13 0 0 0 0 0.062354 0 2.99935 3.00186 0.10566 0 0 -500 0
467 1
1 13 0 0 0 0 0.0786025 0 2.99897 3.00186 0.10566 0 0 -500 0
468 1
1 13 0 0 0 0 0.185845 0 2.99424 3.00186 0.10566 0 0 -500 0
469 1
1 13 0 0 0 0 0.0124288 0 2.99997 3.00186 0.10566 0 0 -500 0
470 1
1 13 0 0 0 0 0.128903 0 2.99723 3.00186 0.10566 0 0 -500 0
471 1
1 13 0 0 0 0 0.0212721 0 2.99992 3.00186 0.10566 0 0 -500 0
472 1
1 13 0 0 0 0 0.0319433 0 2.99983 3.00186 0.10566 0 0 -500 0
473 1
1 13 0 0 0 0 0.259668 0 2.98874 3.00186 0.10566 0 0 -500 0
474 1
1 13 0 0 0 0 0.0929477 0 2.99856 3.00186 0.10566 0 0 -500 0
475 1
1 13 0 0 0 0 0.200092 0 2.99332 3.00186 0.10566 0 0 -500 0
476 1
1 13 0 0 0 0 0.236447 0 2.99067 3.00186 0.10566 0 0 -500 0
477 1
1 13 0 0 0 0 0.103681 0 2.99821 3.00186 0.10566 0 0 -500 0
478 1
1 13 0 0 0 0 0.213744 0 2.99238 3.00186 0.10566 0 0 -500 0
479 1
1 13 0 0 0 0 0.0913471 0 2.99861 3.00186 0.10566 0 0 -500 0
480 1
1 13 0 0 0 0 0.0696831 0 2.99919 3.00186 0.10566 0 0 -500 0
481 1
1 13 0 0 0 0 0.0961953 0 2.99846 3.00186 0.10566 0 0 -500 0
482 1
1 13 0 0 0 0 0.196814 0 2.99354 3.00186 0.10566 0 0 -500 0
483 1
1 13 0 0 0 0 0.153818 0 2.99605 3.00186 0.10566 0 0 -500 0
484 1
1 13 0 0 0 0 0.128091 0 2.99726 3.00186 0.10566 0 0 -500 0
485 1
1 13 0 0 0 0 0.176214 0 2.99482 3.00186 0.10566 0 0 -500 0
486 1
1 13 0 0 0 0 0.085936 0 2.99877 3.00186 0.10566 0 0 -500 0
487 1
1 13 0 0 0 0 0.223356 0 2.99167 3.00186 0.10566 0 0 -500 0
488 1
1 13 0 0 0 0 0.217725 0 2.99209 3.00186 0.10566 0 0 -500 0
489 1
1 13 0 0 0 0 0.0417789 0 2.99971 3.00186 0.10566 0 0 -500 0
490 1
1 13 0 0 0 0 0.0843959 0 2.99881 3.00186 0.10566 0 0 -500 0
491 1
1 13 0 0 0 0 0.24847 0 2.98969 3.00186 0.10566 0 0 -500 0
492 1
1 13 0 0 0 0 0.0249693 0 2.9999 3.00186 0.10566 0 0 -500 0
493 1
1 13 0 0 0 0 0.0604768 0 2.99939 3.00186 0.10566 0 0 -500 0
494 1
1 13 0 0 0 0 0.225095 0 2.99154 3.00186 0.10566 0 0 -500 0
495 1
1 13 0 0 0 0 0.0941347 0 2.99852 3.00186 0.10566 0 0 -500 0
496 1
1 13 0 0 0 0 0.257514 0 2.98893 3.00186 0.10566 0 0 -500 0
497 1
1 13 0 0 0 0 0.0083712 0 2.99999 3.00186 0.10566 0 0 -500 0
498 1
1 13 0 0 0 0 0.216751 0 2.99216 3.00186 0.10566 0 0 -500 0
499 1
1 13 0 0 0 0 0.135255 0 2.99695 3.00186 0.10566 0 0 -500 0
500 1
1 13 0 0 0 0 0.128088 0 2.99726 3.00186 0.10566 0 0 -500 0
501 1
1 13 0 0 0 0 0.252071 0 2.98939 3.00186 0.10566 0 0 -500 0
502 1
1 13 0 0 0 0 0.251068 0 2.98948 3.00186 0.10566 0 0 -500 0
503 1
1 13 0 0 0 0 0.178394 0 2.99469 3.00186 0.10566 0 0 -500 0
504 1
1 13 0 0 0 0 0.225142 0 2.99154 3.00186 0.10566 0 0 -500 0
505 1
1 13 0 0 0 0 0.119304 0 2.99763 3.00186 0.10566 0 0 -500 0
506 1
1 13 0 0 0 0 0.0870075 0 2.99874 3.00186 0.10566 0 0 -500 0
507 1
1 13 0 0 0 0 0.0154853 0 2.99996 3.00186 0.10566 0 0 -500 0
508 1
1 13 0 0 0 0 0.118367 0 2.99766 3.00186 0.10566 0 0 -500 0
509 1
1 13 0 0 0 0 0.0568998 0 2.99946 3.00186 0.10566 0 0 -500 0
510 1
1 13 0 0 0 0 0.0904661 0 2.99864 3.00186 0.10566 0 0 -500 0
511 1
1 13 0 0 0 0 0.143927 0 2.99655 3.00186 0.10566 0 0 -500 0
512 1
1 13 0 0 0 0 0.0831427 0 2.99885 3.00186 0.10566 0 0 -500 0
513 1
1 13 0 0 0 0 0.233544 0 2.9909 3.00186 0.10566 0 0 -500 0
514 1
1 13 0 0 0 0 0.128255 0 2.99726 3.00186 0.10566 0 0 -500 0
515 1
1 13 0 0 0 0 0.0671404 0 2.99925 3.00186 0.10566 0 0 -500 0
516 1
1 13 0 0 0 0 0.253381 0 2.98928 3.00186 0.10566 0 0 -500 0
517 1
1 13 0 0 0 0 0.238153 0 2.99053 3.00186 0.10566 0 0 -500 0
518 1
1 13 0 0 0 0 0.0593507 0 2.99941 3.00186 0.10566 0 0 -500 0
519 1
1 13 0 0 0 0 0.0858136 0 2.99877 3.00186 0.10566 0 0 -500 0
520 1
1 13 0 0 0 0 0.0750506 0 2.99906 3.00186 0.10566 0 0 -500 0
521 1
1 13 0 0 0 0 0.0373094 0 2.99977 3.00186 0.10566 0 0 -500 0
522 1
1 13 0 0 0 0 0.0259916 0 2.99989 3.00186 0.10566 0 0 -500 0
523 1
1 13 0 0 0 0 0.0503501 0 2.99958 3.00186 0.10566 0 0 -500 0
524 1
1 13 0 0 0 0 0.0807231 0 2.99891 3.00186 0.10566 0 0 -500 0
525 1
1 13 0 0 0 0 0.227916 0 2.99133 3.00186 0.10566 0 0 -500 0
526 1
1 13 0 0 0 0 0.102383 0 2.99825 3.00186 0.10566 0 0 -500 0
527 1
1 13 0 0 0 0 0.206308 0 2.9929 3.00186 0.10566 0 0 -500 0
528 1
1 13 0 0 0 0 0.0525708 0 2.99954 3.00186 0.10566 0 0 -500 0
529 1
1 13 0 0 0 0 0.25794 0 2.98889 3.00186 0.10566 0 0 -500 0
530 1
1 13 0 0 0 0 0.230904 0 2.9911 3.00186 0.10566 0 0 -500 0
531 1
1 13 0 0 0 0 0.0287615 0 2.99986 3.00186 0.10566 0 0 -500 0
532 1
1 13 0 0 0 0 0.0927364 0 2.99857 3.00186 0.10566 0 0 -500 0
533 1
1 13 0 0 0 0 0.145436 0 2.99647 3.00186 0.10566 0 0 -500 0
534 1
1 13 0 0 0 0 0.180715 0 2.99455 3.00186 0.10566 0 0 -500 0
535 1
1 13 0 0 0 0 0.168462 0 2.99527 3.00186 0.10566 0 0 -500 0
536 1
1 13 0 0 0 0 0.0950446 0 2.99849 3.00186 0.10566 0 0 -500 0
537 1
1 13 0 0 0 0 0.020646 0 2.99993 3.00186 0.10566 0 0 -500 0
538 1
1 13 0 0 0 0 0.052572 0 2.99954 3.00186 0.10566 0 0 -500 0
539 1
1 13 0 0 0 0 0.187581 0 2.99413 3.00186 0.10566 0 0 -500 0
540 1
1 13 0 0 0 0 0.194734 0 2.99367 3.00186 0.10566 0 0 -500 0
541 1
1 13 0 0 0 0 0.200816 0 2.99327 3.00186 0.10566 0 0 -500 0
542 1
1 13 0 0 0 0 0.0642518 0 2.99931 3.00186 0.10566 0 0 -500 0
543 1
1 13 0 0 0 0 0.174785 0 2.9949 3.00186 0.10566 0 0 -500 0
544 1
1 13 0 0 0 0 0.231981 0 2.99102 3.00186 0.10566 0 0 -500 0
545 1
1 13 0 0 0 0 0.0960247 0 2.99846 3.00186 0.10566 0 0 -500 0
546 1
1 13 0 0 0 0 0.139111 0 2.99677 3.00186 0.10566 0 0 -500 0
547 1
1 13 0 0 0 0 0.131602 0 2.99711 3.00186 0.10566 0 0 -500 0
548 1
1 13 0 0 0 0 0.082337 0 2.99887 3.00186 0.10566 0 0 -500 0
549 1
1 13 0 0 0 0 0.162901 0 2.99557 3.00186 0.10566 0 0 -500 0
550 1
1 13 0 0 0 0 0.00521081 0 3 3.00186 0.10566 0 0 -500 0
551 1
1 13 0 0 0 0 0.176967 0 2.99478 3.00186 0.10566 0 0 -500 0
552 1
1 13 0 0 0 0 0.1125 0 2.99789 3.00186 0.10566 0 0 -500 0
553 1
1 13 0 0 0 0 0.0609519 0 2.99938 3.00186 0.10566 0 0 -500 0
554 1
1 13 0 0 0 0 0.258238 0 2.98886 3.00186 0.10566 0 0 -500 0
555 1
1 13 0 0 0 0 0.0802508 0 2.99893 3.00186 0.10566 0 0 -500 0
556 1
1 13 0 0 0 0 0.129455 0 2.99721 3.00186 0.10566 0 0 -500 0
557 1
1 13 0 0 0 0 0.195848 0 2.9936 3.00186 0.10566 0 0 -500 0
558 1
1 13 0 0 0 0 0.233248 0 2.99092 3.00186 0.10566 0 0 -500 0
559 1
1 13 0 0 0 0 0.0118557 0 2.99998 3.00186 0.10566 0 0 -500 0
560 1
1 13 0 0 0 0 0.111909 0 2.99791 3.00186 0.10566 0 0 -500 0
561 1
1 13 0 0 0 0 0.0594189 0 2.99941 3.00186 0.10566 0 0 -500 0
562 1
1 13 0 0 0 0 0.126692 0 2.99732 3.00186 0.10566 0 0 -500 0
563 1
1 13 0 0 0 0 0.0431026 0 2.99969 3.00186 0.10566 0 0 -500 0
564 1
1 13 0 0 0 0 0.0235113 0 2.99991 3.00186 0.10566 0 0 -500 0
565 1
1 13 0 0 0 0 0.100581 0 2.99831 3.00186 0.10566 0 0 -500 0
566 1
1 13 0 0 0 0 0.00624011 0 2.99999 3.00186 0.10566 0 0 -500 0
567 1
1 13 0 0 0 0 0.0863124 0 2.99876 3.00186 0.10566 0 0 -500 0
568 1
1 13 0 0 0 0 0.139026 0 2.99678 3.00186 0.10566 0 0 -500 0
569 1
1 13 0 0 0 0 0.124759 0 2.9974 3.00186 0.10566 0 0 -500 0
570 1
1 13 0 0 0 0 0.2295 0 2.99121 3.00186 0.10566 0 0 -500 0
571 1
1 13 0 0 0 0 0.119219 0 2.99763 3.00186 0.10566 0 0 -500 0
572 1
1 13 0 0 0 0 0.130153 0 2.99718 3.00186 0.10566 0 0 -500 0
573 1
1 13 0 0 0 0 0.1037 0 2.99821 3.00186 0.10566 0 0 -500 0
574 1
1 13 0 0 0 0 0.231756 0 2.99103 3.00186 0.10566 0 0 -500 0
575 1
1 13 0 0 0 0 0.19257 0 2.99381 3.00186 0.10566 0 0 -500 0
576 1
1 13 0 0 0 0 0.0285141 0 2.99986 3.00186 0.10566 0 0 -500 0
577 1
1 13 0 0 0 0 0.104155 0 2.99819 3.00186 0.10566 0 0 -500 0
578 1
1 13 0 0 0 0 0.220387 0 2.99189 3.00186 0.10566 0 0 -500 0
579 1
1 13 0 0 0 0 0.216111 0 2.99221 3.00186 0.10566 0 0 -500 0
580 1
1 13 0 0 0 0 0.244943 0 2.98998 3.00186 0.10566 0 0 -500 0
581 1
1 13 0 0 0 0 0.0642903 0 2.99931 3.00186 0.10566 0 0 -500 0
582 1
1 13 0 0 0 0 0.167383 0 2.99533 3.00186 0.10566 0 0 -500 0
583 1
1 13 0 0 0 0 0.129115 0 2.99722 3.00186 0.10566 0 0 -500 0
584 1
1 13 0 0 0 0 0.0192289 0 2.99994 3.00186 0.10566 0 0 -500 0
585 1
1 13 0 0 0 0 0.204082 0 2.99305 3.00186 0.10566 0 0 -500 0
586 1
1 13 0 0 0 0 0.0110249 0 2.99998 3.00186 0.10566 0 0 -500 0
587 1
1 13 0 0 0 0 0.183437 0 2.99439 3.00186 0.10566 0 0 -500 0
588 1
1 13 0 0 0 0 0.245952 0 2.9899 3.00186 0.10566 0 0 -500 0
589 1
1 13 0 0 0 0 0.183289 0 2.9944 3.00186 0.10566 0 0 -500 0
590 1
1 13 0 0 0 0 0.2032 0 2.99311 3.00186 0.10566 0 0 -500 0
591 1
1 13 0 0 0 0 0.0504575 0 2.99958 3.00186 0.10566 0 0 -500 0
592 1
1 13 0 0 0 0 0.00181303 0 3 3.00186 0.10566 0 0 -500 0
593 1
1 13 0 0 0 0 0.220494 0 2.99189 3.00186 0.10566 0 0 -500 0
594 1
1 13 0 0 0 0 0.24042 0 2.99035 3.00186 0.10566 0 0 -500 0
595 1
1 13 0 0 0 0 0.0633725 0 2.99933 3.00186 0.10566 0 0 -500 0
596 1
1 13 0 0 0 0 0.049766 0 2.99959 3.00186 0.10566 0 0 -500 0
597 1
1 13 0 0 0 0 0.192313 0 2.99383 3.00186 0.10566 0 0 -500 0
598 1
1 13 0 0 0 0 0.0430704 0 2.99969 3.00186 0.10566 0 0 -500 0
599 1
1 13 0 0 0 0 0.258939 0 2.9888 3.00186 0.10566 0 0 -500 0
600 1
1 13 0 0 0 0 0.256994 0 2.98897 3.00186 0.10566 0 0 -500 0
601 1
1 13 0 0 0 0 0.171952 0 2.99507 3.00186 0.10566 0 0 -500 0
602 1
1 13 0 0 0 0 0.00491493 0 3 3.00186 0.10566 0 0 -500 0
603 1
1 13 0 0 0 0 0.198716 0 2.99341 3.00186 0.10566 0 0 -500 0
604 1
1 13 0 0 0 0 0.0935958 0 2.99854 3.00186 0.10566 0 0 -500 0
605 1
1 13 0 0 0 0 0.133216 0 2.99704 3.00186 0.10566 0 0 -500 0
606 1
1 13 0 0 0 0 0.193309 0 2.99377 3.00186 0.10566 0 0 -500 0
607 1
1 13 0 0 0 0 0.148621 0 2.99632 3.00186 0.10566 0 0 -500 0
608 1
1 13 0 0 0 0 0.0756668 0 2.99905 3.00186 0.10566 0 0 -500 0
609 1
1 13 0 0 0 0 0.108627 0 2.99803 3.00186 0.10566 0 0 -500 0
610 1
1 13 0 0 0 0 0.256526 0 2.98901 3.00186 0.10566 0 0 -500 0
611 1
1 13 0 0 0 0 0.0957721 0 2.99847 3.00186 0.10566 0 0 -500 0
612 1
1 13 0 0 0 0 0.135534 0 2.99694 3.00186 0.10566 0 0 -500 0
613 1
1 13 0 0 0 0 0.220814 0 2.99186 3.00186 0.10566 0 0 -500 0
614 1
1 13 0 0 0 0 0.253152 0 2.9893 3.00186 0.10566 0 0 -500 0
615 1
1 13 0 0 0 0 0.0677727 0 2.99923 3.00186 0.10566 0 0 -500 0
616 1
1 13 0 0 0 0 0.125185 0 2.99739 3.00186 0.10566 0 0 -500 0
617 1
1 13 0 0 0 0 0.114468 0 2.99782 3.00186 0.10566 0 0 -500 0
618 1
1 13 0 0 0 0 0.099308 0 2.99836 3.00186 0.10566 0 0 -500 0
619 1
1 13 0 0 0 0 0.0531639 0 2.99953 3.00186 0.10566 0 0 -500 0
620 1
1 13 0 0 0 0 0.144149 0 2.99653 3.00186 0.10566 0 0 -500 0
621 1
1 13 0 0 0 0 0.0668954 0 2.99925 3.00186 0.10566 0 0 -500 0
622 1
1 13 0 0 0 0 0.14396 0 2.99654 3.00186 0.10566 0 0 -500 0
623 1
1 13 0 0 0 0 0.227671 0 2.99135 3.00186 0.10566 0 0 -500 0
624 1
1 13 0 0 0 0 0.0631493 0 2.99934 3.00186 0.10566 0 0 -500 0
625 1
1 13 0 0 0 0 0.0411296 0 2.99972 3.00186 0.10566 0 0 -500 0
626 1
1 13 0 0 0 0 0.0571371 0 2.99946 3.00186 0.10566 0 0 -500 0
627 1
1 13 0 0 0 0 0.0304409 0 2.99985 3.00186 0.10566 0 0 -500 0
628 1
1 13 0 0 0 0 0.195953 0 2.99359 3.00186 0.10566 0 0 -500 0
629 1
1 13 0 0 0 0 0.0414391 0 2.99971 3.00186 0.10566 0 0 -500 0
630 1
1 13 0 0 0 0 0.124673 0 2.99741 3.00186 0.10566 0 0 -500 0
631 1
1 13 0 0 0 0 0.142712 0 2.9966 3.00186 0.10566 0 0 -500 0
632 1
1 13 0 0 0 0 0.22989 0 2.99118 3.00186 0.10566 0 0 -500 0
633 1
1 13 0 0 0 0 0.00448834 0 3 3.00186 0.10566 0 0 -500 0
634 1
1 13 0 0 0 0 0.142099 0 2.99663 3.00186 0.10566 0 0 -500 0
635 1
1 13 0 0 0 0 0.0832463 0 2.99884 3.00186 0.10566 0 0 -500 0
636 1
1 13 0 0 0 0 0.206346 0 2.9929 3.00186 0.10566 0 0 -500 0
637 1
1 13 0 0 0 0 0.227996 0 2.99132 3.00186 0.10566 0 0 -500 0
638 1
1 13 0 0 0 0 0.193203 0 2.99377 3.00186 0.10566 0 0 -500 0
639 1
1 13 0 0 0 0 0.0241725 0 2.9999 3.00186 0.10566 0 0 -500 0
640 1
1 13 0 0 0 0 0.0788969 0 2.99896 3.00186 0.10566 0 0 -500 0
641 1
1 13 0 0 0 0 0.166707 0 2.99536 3.00186 0.10566 0 0 -500 0
642 1
1 13 0 0 0 0 0.149573 0 2.99627 3.00186 0.10566 0 0 -500 0
643 1
1 13 0 0 0 0 0.186493 0 2.9942 3.00186 0.10566 0 0 -500 0
644 1
1 13 0 0 0 0 0.168586 0 2.99526 3.00186 0.10566 0 0 -500 0
645 1
1 13 0 0 0 0 0.0603344 0 2.99939 3.00186 0.10566 0 0 -500 0
646 1
1 13 0 0 0 0 0.254085 0 2.98922 3.00186 0.10566 0 0 -500 0
647 1
1 13 0 0 0 0 0.25264 0 2.98934 3.00186 0.10566 0 0 -500 0
648 1
1 13 0 0 0 0 0.0764068 0 2.99903 3.00186 0.10566 0 0 -500 0
649 1
1 13 0 0 0 0 0.0458879 0 2.99965 3.00186 0.10566 0 0 -500 0
650 1
1 13 0 0 0 0 0.0819023 0 2.99888 3.00186 0.10566 0 0 -500 0
651 1
1 13 0 0 0 0 0.257464 0 2.98893 3.00186 0.10566 0 0 -500 0
652 1
1 13 0 0 0 0 0.148743 0 2.99631 3.00186 0.10566 0 0 -500 0
653 1
1 13 0 0 0 0 0.220881 0 2.99186 3.00186 0.10566 0 0 -500 0
654 1
1 13 0 0 0 0 0.0378117 0 2.99976 3.00186 0.10566 0 0 -500 0
655 1
1 13 0 0 0 0 0.12038 0 2.99758 3.00186 0.10566 0 0 -500 0
656 1
1 13 0 0 0 0 0.159073 0 2.99578 3.00186 0.10566 0 0 -500 0
657 1
1 13 0 0 0 0 0.0482011 0 2.99961 3.00186 0.10566 0 0 -500 0
658 1
1 13 0 0 0 0 0.0897329 0 2.99866 3.00186 0.10566 0 0 -500 0
659 1
1 13 0 0 0 0 0.15869 0 2.9958 3.00186 0.10566 0 0 -500 0
660 1
1 13 0 0 0 0 0.219244 0 2.99198 3.00186 0.10566 0 0 -500 0
661 1
1 13 0 0 0 0 0.0487419 0 2.9996 3.00186 0.10566 0 0 -500 0
662 1
1 13 0 0 0 0 0.00792583 0 2.99999 3.00186 0.10566 0 0 -500 0
663 1
1 13 0 0 0 0 0.0804653 0 2.99892 3.00186 0.10566 0 0 -500 0
664 1
1 13 0 0 0 0 0.0327992 0 2.99982 3.00186 0.10566 0 0 -500 0
665 1
1 13 0 0 0 0 0.0707827 0 2.99916 3.00186 0.10566 0 0 -500 0
666 1
1 13 0 0 0 0 0.228633 0 2.99128 3.00186 0.10566 0 0 -500 0
667 1
1 13 0 0 0 0 0.0969823 0 2.99843 3.00186 0.10566 0 0 -500 0
668 1
1 13 0 0 0 0 0.233872 0 2.99087 3.00186 0.10566 0 0 -500 0
669 1
1 13 0 0 0 0 0.10679 0 2.9981 3.00186 0.10566 0 0 -500 0
670 1
1 13 0 0 0 0 0.230647 0 2.99112 3.00186 0.10566 0 0 -500 0
671 1
1 13 0 0 0 0 0.169543 0 2.99521 3.00186 0.10566 0 0 -500 0
672 1
1 13 0 0 0 0 0.0620386 0 2.99936 3.00186 0.10566 0 0 -500 0
673 1
1 13 0 0 0 0 0.138392 0 2.99681 3.00186 0.10566 0 0 -500 0
674 1
1 13 0 0 0 0 0.0768903 0 2.99901 3.00186 0.10566 0 0 -500 0
675 1
1 13 0 0 0 0 0.0246928 0 2.9999 3.00186 0.10566 0 0 -500 0
676 1
1 13 0 0 0 0 0.244391 0 2.99003 3.00186 0.10566 0 0 -500 0
677 1
1 13 0 0 0 0 0.031855 0 2.99983 3.00186 0.10566 0 0 -500 0
678 1
1 13 0 0 0 0 0.0915323 0 2.9986 3.00186 0.10566 0 0 -500 0
679 1
1 13 0 0 0 0 0.0175475 0 2.99995 3.00186 0.10566 0 0 -500 0
680 1
1 13 0 0 0 0 0.168039 0 2.99529 3.00186 0.10566 0 0 -500 0
681 1
1 13 0 0 0 0 0.181172 0 2.99452 3.00186 0.10566 0 0 -500 0
682 1
1 13 0 0 0 0 0.0876711 0 2.99872 3.00186 0.10566 0 0 -500 0
683 1
1 13 0 0 0 0 0.0979595 0 2.9984 3.00186 0.10566 0 0 -500 0
684 1
1 13 0 0 0 0 0.0821646 0 2.99887 3.00186 0.10566 0 0 -500 0
685 1
1 13 0 0 0 0 0.140989 0 2.99669 3.00186 0.10566 0 0 -500 0
686 1
1 13 0 0 0 0 0.0258111 0 2.99989 3.00186 0.10566 0 0 -500 0
687 1
1 13 0 0 0 0 0.128377 0 2.99725 3.00186 0.10566 0 0 -500 0
688 1
1 13 0 0 0 0 0.086051 0 2.99877 3.00186 0.10566 0 0 -500 0
689 1
1 13 0 0 0 0 0.185687 0 2.99425 3.00186 0.10566 0 0 -500 0
690 1
1 13 0 0 0 0 0.2306 0 2.99112 3.00186 0.10566 0 0 -500 0
691 1
1 13 0 0 0 0 0.102867 0 2.99824 3.00186 0.10566 0 0 -500 0
692 1
1 13 0 0 0 0 0.223433 0 2.99167 3.00186 0.10566 0 0 -500 0
693 1
1 13 0 0 0 0 0.121383 0 2.99754 3.00186 0.10566 0 0 -500 0
694 1
1 13 0 0 0 0 0.137934 0 2.99683 3.00186 0.10566 0 0 -500 0
695 1
1 13 0 0 0 0 0.129108 0 2.99722 3.00186 0.10566 0 0 -500 0
696 1
1 13 0 0 0 0 0.0700994 0 2.99918 3.00186 0.10566 0 0 -500 0
697 1
1 13 0 0 0 0 0.152583 0 2.99612 3.00186 0.10566 0 0 -500 0
698 1
1 13 0 0 0 0 0.0150145 0 2.99996 3.00186 0.10566 0 0 -500 0
699 1
1 13 0 0 0 0 0.25086 0 2.98949 3.00186 0.10566 0 0 -500 0
700 1
1 13 0 0 0 0 0.201804 0 2.9932 3.00186 0.10566 0 0 -500 0
701 1
1 13 0 0 0 0 0.0111836 0 2.99998 3.00186 0.10566 0 0 -500 0
702 1
1 13 0 0 0 0 0.130448 0 2.99716 3.00186 0.10566 0 0 -500 0
703 1
1 13 0 0 0 0 0.0136906 0 2.99997 3.00186 0.10566 0 0 -500 0
704 1
1 13 0 0 0 0 0.146955 0 2.9964 3.00186 0.10566 0 0 -500 0
705 1
1 13 0 0 0 0 0.251128 0 2.98947 3.00186 0.10566 0 0 -500 0
706 1
1 13 0 0 0 0 0.162189 0 2.99561 3.00186 0.10566 0 0 -500 0
707 1
1 13 0 0 0 0 0.138346 0 2.99681 3.00186 0.10566 0 0 -500 0
708 1
1 13 0 0 0 0 0.182684 0 2.99443 3.00186 0.10566 0 0 -500 0
709 1
1 13 0 0 0 0 0.048735 0 2.9996 3.00186 0.10566 0 0 -500 0
710 1
1 13 0 0 0 0 0.14498 0 2.99649 3.00186 0.10566 0 0 -500 0
711 1
1 13 0 0 0 0 0.174292 0 2.99493 3.00186 0.10566 0 0 -500 0
712 1
1 13 0 0 0 0 0.0399837 0 2.99973 3.00186 0.10566 0 0 -500 0
713 1
1 13 0 0 0 0 0.248099 0 2.98972 3.00186 0.10566 0 0 -500 0
714 1
1 13 0 0 0 0 0.0489087 0 2.9996 3.00186 0.10566 0 0 -500 0
715 1
1 13 0 0 0 0 0.151913 0 2.99615 3.00186 0.10566 0 0 -500 0
716 1
1 13 0 0 0 0 0.222593 0 2.99173 3.00186 0.10566 0 0 -500 0
717 1
1 13 0 0 0 0 0.027977 0 2.99987 3.00186 0.10566 0 0 -500 0
718 1
1 13 0 0 0 0 0.176838 0 2.99478 3.00186 0.10566 0 0 -500 0
719 1
1 13 0 0 0 0 0.208237 0 2.99276 3.00186 0.10566 0 0 -500 0
720 1
1 13 0 0 0 0 0.172077 0 2.99506 3.00186 0.10566 0 0 -500 0
721 1
1 13 0 0 0 0 0.0024477 0 3 3.00186 0.10566 0 0 -500 0
722 1
1 13 0 0 0 0 0.0539978 0 2.99951 3.00186 0.10566 0 0 -500 0
723 1
1 13 0 0 0 0 0.166529 0 2.99537 3.00186 0.10566 0 0 -500 0
724 1
1 13 0 0 0 0 0.0100155 0 2.99998 3.00186 0.10566 0 0 -500 0
725 1
1 13 0 0 0 0 0.177321 0 2.99476 3.00186 0.10566 0 0 -500 0
726 1
1 13 0 0 0 0 0.177375 0 2.99475 3.00186 0.10566 0 0 -500 0
727 1
1 13 0 0 0 0 0.175746 0 2.99485 3.00186 0.10566 0 0 -500 0
728 1
1 13 0 0 0 0 0.103735 0 2.99821 3.00186 0.10566 0 0 -500 0
729 1
1 13 0 0 0 0 0.173109 0 2.995 3.00186 0.10566 0 0 -500 0
730 1
1 13 0 0 0 0 0.165729 0 2.99542 3.00186 0.10566 0 0 -500 0
731 1
1 13 0 0 0 0 0.251588 0 2.98943 3.00186 0.10566 0 0 -500 0
732 1
1 13 0 0 0 0 0.259566 0 2.98875 3.00186 0.10566 0 0 -500 0
733 1
1 13 0 0 0 0 0.0260081 0 2.99989 3.00186 0.10566 0 0 -500 0
734 1
1 13 0 0 0 0 0.0177743 0 2.99995 3.00186 0.10566 0 0 -500 0
735 1
1 13 0 0 0 0 0.111504 0 2.99793 3.00186 0.10566 0 0 -500 0
736 1
1 13 0 0 0 0 0.247654 0 2.98976 3.00186 0.10566 0 0 -500 0
737 1
1 13 0 0 0 0 0.185321 0 2.99427 3.00186 0.10566 0 0 -500 0
738 1
1 13 0 0 0 0 0.122179 0 2.99751 3.00186 0.10566 0 0 -500 0
739 1
1 13 0 0 0 0 0.0117381 0 2.99998 3.00186 0.10566 0 0 -500 0
740 1
1 13 0 0 0 0 0.195839 0 2.9936 3.00186 0.10566 0 0 -500 0
741 1
1 13 0 0 0 0 0.177493 0 2.99474 3.00186 0.10566 0 0 -500 0
742 1
1 13 0 0 0 0 0.055216 0 2.99949 3.00186 0.10566 0 0 -500 0
743 1
1 13 0 0 0 0 0.104303 0 2.99819 3.00186 0.10566 0 0 -500 0
744 1
1 13 0 0 0 0 0.249384 0 2.98962 3.00186 0.10566 0 0 -500 0
745 1
1 13 0 0 0 0 0.00756659 0 2.99999 3.00186 0.10566 0 0 -500 0
746 1
1 13 0 0 0 0 0.244711 0 2.99 3.00186 0.10566 0 0 -500 0
747 1
1 13 0 0 0 0 0.221524 0 2.99181 3.00186 0.10566 0 0 -500 0
748 1
1 13 0 0 0 0 0.173414 0 2.99498 3.00186 0.10566 0 0 -500 0
749 1
1 13 0 0 0 0 0.227001 0 2.9914 3.00186 0.10566 0 0 -500 0
750 1
1 13 0 0 0 0 0.170695 0 2.99514 3.00186 0.10566 0 0 -500 0
751 1
1 13 0 0 0 0 0.118513 0 2.99766 3.00186 0.10566 0 0 -500 0
752 1
1 13 0 0 0 0 0.0798993 0 2.99894 3.00186 0.10566 0 0 -500 0
753 1
1 13 0 0 0 0 0.0921481 0 2.99858 3.00186 0.10566 0 0 -500 0
754 1
1 13 0 0 0 0 0.0732032 0 2.99911 3.00186 0.10566 0 0 -500 0
755 1
1 13 0 0 0 0 0.0617922 0 2.99936 3.00186 0.10566 0 0 -500 0
756 1
1 13 0 0 0 0 0.00706948 0 2.99999 3.00186 0.10566 0 0 -500 0
757 1
1 13 0 0 0 0 0.170617 0 2.99514 3.00186 0.10566 0 0 -500 0
758 1
1 13 0 0 0 0 0.186281 0 2.99421 3.00186 0.10566 0 0 -500 0
759 1
1 13 0 0 0 0 0.162218 0 2.99561 3.00186 0.10566 0 0 -500 0
760 1
1 13 0 0 0 0 0.0328392 0 2.99982 3.00186 0.10566 0 0 -500 0
761 1
1 13 0 0 0 0 0.118509 0 2.99766 3.00186 0.10566 0 0 -500 0
762 1
1 13 0 0 0 0 0.241205 0 2.99029 3.00186 0.10566 0 0 -500 0
763 1
1 13 0 0 0 0 0.0316364 0 2.99983 3.00186 0.10566 0 0 -500 0
764 1
1 13 0 0 0 0 0.105695 0 2.99814 3.00186 0.10566 0 0 -500 0
765 1
1 13 0 0 0 0 0.068138 0 2.99923 3.00186 0.10566 0 0 -500 0
766 1
1 13 0 0 0 0 0.203744 0 2.99307 3.00186 0.10566 0 0 -500 0
767 1
1 13 0 0 0 0 0.174741 0 2.99491 3.00186 0.10566 0 0 -500 0
768 1
1 13 0 0 0 0 0.00701345 0 2.99999 3.00186 0.10566 0 0 -500 0
769 1
1 13 0 0 0 0 0.128591 0 2.99724 3.00186 0.10566 0 0 -500 0
770 1
1 13 0 0 0 0 0.239308 0 2.99044 3.00186 0.10566 0 0 -500 0
771 1
1 13 0 0 0 0 0.184197 0 2.99434 3.00186 0.10566 0 0 -500 0
772 1
1 13 0 0 0 0 0.16438 0 2.99549 3.00186 0.10566 0 0 -500 0
773 1
1 13 0 0 0 0 0.151344 0 2.99618 3.00186 0.10566 0 0 -500 0
774 1
1 13 0 0 0 0 0.16463 0 2.99548 3.00186 0.10566 0 0 -500 0
775 1
1 13 0 0 0 0 0.191092 0 2.99391 3.00186 0.10566 0 0 -500 0
776 1
1 13 0 0 0 0 0.167809 0 2.9953 3.00186 0.10566 0 0 -500 0
777 1
1 13 0 0 0 0 0.121366 0 2.99754 3.00186 0.10566 0 0 -500 0
778 1
1 13 0 0 0 0 0.160744 0 2.99569 3.00186 0.10566 0 0 -500 0
779 1
1 13 0 0 0 0 0.0666148 0 2.99926 3.00186 0.10566 0 0 -500 0
780 1
1 13 0 0 0 0 0.211537 0 2.99253 3.00186 0.10566 0 0 -500 0
781 1
1 13 0 0 0 0 0.0599438 0 2.9994 3.00186 0.10566 0 0 -500 0
782 1
1 13 0 0 0 0 0.117904 0 2.99768 3.00186 0.10566 0 0 -500 0
783 1
1 13 0 0 0 0 0.228652 0 2.99127 3.00186 0.10566 0 0 -500 0
784 1
1 13 0 0 0 0 0.0530833 0 2.99953 3.00186 0.10566 0 0 -500 0
785 1
1 13 0 0 0 0 0.13706 0 2.99687 3.00186 0.10566 0 0 -500 0
786 1
1 13 0 0 0 0 0.0331217 0 2.99982 3.00186 0.10566 0 0 -500 0
787 1
1 13 0 0 0 0 0.151623 0 2.99617 3.00186 0.10566 0 0 -500 0
788 1
1 13 0 0 0 0 0.0685553 0 2.99922 3.00186 0.10566 0 0 -500 0
789 1
1 13 0 0 0 0 0.0543908 0 2.99951 3.00186 0.10566 0 0 -500 0
790 1
1 13 0 0 0 0 0.144677 0 2.99651 3.00186 0.10566 0 0 -500 0
791 1
1 13 0 0 0 0 0.22269 0 2.99172 3.00186 0.10566 0 0 -500 0
792 1
1 13 0 0 0 0 0.134414 0 2.99699 3.00186 0.10566 0 0 -500 0
793 1
1 13 0 0 0 0 0.146094 0 2.99644 3.00186 0.10566 0 0 -500 0
794 1
1 13 0 0 0 0 0.174299 0 2.99493 3.00186 0.10566 0 0 -500 0
795 1
1 13 0 0 0 0 0.2612 0 2.98861 3.00186 0.10566 0 0 -500 0
796 1
1 13 0 0 0 0 0.0466702 0 2.99964 3.00186 0.10566 0 0 -500 0
797 1
1 13 0 0 0 0 0.0305618 0 2.99984 3.00186 0.10566 0 0 -500 0
798 1
1 13 0 0 0 0 0.0179137 0 2.99995 3.00186 0.10566 0 0 -500 0
799 1
1 13 0 0 0 0 0.162946 0 2.99557 3.00186 0.10566 0 0 -500 0
800 1
1 13 0 0 0 0 0.0823211 0 2.99887 3.00186 0.10566 0 0 -500 0
801 1
1 13 0 0 0 0 0.232722 0 2.99096 3.00186 0.10566 0 0 -500 0
802 1
1 13 0 0 0 0 0.210961 0 2.99257 3.00186 0.10566 0 0 -500 0
803 1
1 13 0 0 0 0 0.112526 0 2.99789 3.00186 0.10566 0 0 -500 0
804 1
1 13 0 0 0 0 0.137317 0 2.99686 3.00186 0.10566 0 0 -500 0
805 1
1 13 0 0 0 0 0.118479 0 2.99766 3.00186 0.10566 0 0 -500 0
806 1
1 13 0 0 0 0 0.165045 0 2.99546 3.00186 0.10566 0 0 -500 0
807 1
1 13 0 0 0 0 0.148274 0 2.99633 3.00186 0.10566 0 0 -500 0
808 1
1 13 0 0 0 0 0.250736 0 2.9895 3.00186 0.10566 0 0 -500 0
809 1
1 13 0 0 0 0 0.237479 0 2.99059 3.00186 0.10566 0 0 -500 0
810 1
1 13 0 0 0 0 0.18338 0 2.99439 3.00186 0.10566 0 0 -500 0
811 1
1 13 0 0 0 0 0.0986872 0 2.99838 3.00186 0.10566 0 0 -500 0
812 1
1 13 0 0 0 0 0.178911 0 2.99466 3.00186 0.10566 0 0 -500 0
813 1
1 13 0 0 0 0 0.0518569 0 2.99955 3.00186 0.10566 0 0 -500 0
814 1
1 13 0 0 0 0 0.161557 0 2.99565 3.00186 0.10566 0 0 -500 0
815 1
1 13 0 0 0 0 0.10829 0 2.99804 3.00186 0.10566 0 0 -500 0
816 1
1 13 0 0 0 0 0.215429 0 2.99225 3.00186 0.10566 0 0 -500 0
817 1
1 13 0 0 0 0 0.197667 0 2.99348 3.00186 0.10566 0 0 -500 0
818 1
1 13 0 0 0 0 0.183955 0 2.99435 3.00186 0.10566 0 0 -500 0
819 1
1 13 0 0 0 0 0.095356 0 2.99848 3.00186 0.10566 0 0 -500 0
820 1
1 13 0 0 0 0 0.214437 0 2.99233 3.00186 0.10566 0 0 -500 0
821 1
1 13 0 0 0 0 0.196623 0 2.99355 3.00186 0.10566 0 0 -500 0
822 1
1 13 0 0 0 0 0.0127678 0 2.99997 3.00186 0.10566 0 0 -500 0
823 1
1 13 0 0 0 0 0.13833 0 2.99681 3.00186 0.10566 0 0 -500 0
824 1
1 13 0 0 0 0 0.161386 0 2.99566 3.00186 0.10566 0 0 -500 0
825 1
1 13 0 0 0 0 0.0709261 0 2.99916 3.00186 0.10566 0 0 -500 0
826 1
1 13 0 0 0 0 0.209489 0 2.99268 3.00186 0.10566 0 0 -500 0
827 1
1 13 0 0 0 0 0.0615641 0 2.99937 3.00186 0.10566 0 0 -500 0
828 1
1 13 0 0 0 0 0.236366 0 2.99067 3.00186 0.10566 0 0 -500 0
829 1
1 13 0 0 0 0 0.0677483 0 2.99923 3.00186 0.10566 0 0 -500 0
830 1
1 13 0 0 0 0 0.0500894 0 2.99958 3.00186 0.10566 0 0 -500 0
831 1
1 13 0 0 0 0 0.00324902 0 3 3.00186 0.10566 0 0 -500 0
832 1
1 13 0 0 0 0 0.223217 0 2.99168 3.00186 0.10566 0 0 -500 0
833 1
1 13 0 0 0 0 0.1625 0 2.9956 3.00186 0.10566 0 0 -500 0
834 1
1 13 0 0 0 0 0.223856 0 2.99164 3.00186 0.10566 0 0 -500 0
835 1
1 13 0 0 0 0 0.0366788 0 2.99978 3.00186 0.10566 0 0 -500 0
836 1
1 13 0 0 0 0 0.228248 0 2.9913 3.00186 0.10566 0 0 -500 0
837 1
1 13 0 0 0 0 0.185455 0 2.99426 3.00186 0.10566 0 0 -500 0
838 1
1 13 0 0 0 0 0.0242531 0 2.9999 3.00186 0.10566 0 0 -500 0
839 1
1 13 0 0 0 0 0.00543244 0 2.99999 3.00186 0.10566 0 0 -500 0
840 1
1 13 0 0 0 0 0.204735 0 2.99301 3.00186 0.10566 0 0 -500 0
841 1
1 13 0 0 0 0 0.00787558 0 2.99999 3.00186 0.10566 0 0 -500 0
842 1
1 13 0 0 0 0 0.132064 0 2.99709 3.00186 0.10566 0 0 -500 0
843 1
1 13 0 0 0 0 0.0213685 0 2.99992 3.00186 0.10566 0 0 -500 0
844 1
1 13 0 0 0 0 0.202346 0 2.99317 3.00186 0.10566 0 0 -500 0
845 1
1 13 0 0 0 0 0.228219 0 2.99131 3.00186 0.10566 0 0 -500 0
846 1
1 13 0 0 0 0 0.230165 0 2.99116 3.00186 0.10566 0 0 -500 0
847 1
1 13 0 0 0 0 0.231077 0 2.99109 3.00186 0.10566 0 0 -500 0
848 1
1 13 0 0 0 0 0.22818 0 2.99131 3.00186 0.10566 0 0 -500 0
849 1
1 13 0 0 0 0 0.120061 0 2.9976 3.00186 0.10566 0 0 -500 0
850 1
1 13 0 0 0 0 0.235977 0 2.9907 3.00186 0.10566 0 0 -500 0
851 1
1 13 0 0 0 0 0.143387 0 2.99657 3.00186 0.10566 0 0 -500 0
852 1
1 13 0 0 0 0 0.0146577 0 2.99996 3.00186 0.10566 0 0 -500 0
853 1
1 13 0 0 0 0 0.154702 0 2.99601 3.00186 0.10566 0 0 -500 0
854 1
1 13 0 0 0 0 0.14758 0 2.99637 3.00186 0.10566 0 0 -500 0
855 1
1 13 0 0 0 0 0.203035 0 2.99312 3.00186 0.10566 0 0 -500 0
856 1
1 13 0 0 0 0 0.0773714 0 2.999 3.00186 0.10566 0 0 -500 0
857 1
1 13 0 0 0 0 0.0106954 0 2.99998 3.00186 0.10566 0 0 -500 0
858 1
1 13 0 0 0 0 0.104324 0 2.99819 3.00186 0.10566 0 0 -500 0
859 1
1 13 0 0 0 0 0.0738918 0 2.99909 3.00186 0.10566 0 0 -500 0
860 1
1 13 0 0 0 0 0.211023 0 2.99257 3.00186 0.10566 0 0 -500 0
861 1
1 13 0 0 0 0 0.132731 0 2.99706 3.00186 0.10566 0 0 -500 0
862 1
1 13 0 0 0 0 0.180049 0 2.99459 3.00186 0.10566 0 0 -500 0
863 1
1 13 0 0 0 0 0.129463 0 2.99721 3.00186 0.10566 0 0 -500 0
864 1
1 13 0 0 0 0 0.118969 0 2.99764 3.00186 0.10566 0 0 -500 0
865 1
1 13 0 0 0 0 0.110318 0 2.99797 3.00186 0.10566 0 0 -500 0
866 1
1 13 0 0 0 0 0.0102761 0 2.99998 3.00186 0.10566 0 0 -500 0
867 1
1 13 0 0 0 0 0.0238749 0 2.99991 3.00186 0.10566 0 0 -500 0
868 1
1 13 0 0 0 0 0.10308 0 2.99823 3.00186 0.10566 0 0 -500 0
869 1
1 13 0 0 0 0 0.0354398 0 2.99979 3.00186 0.10566 0 0 -500 0
870 1
1 13 0 0 0 0 0.25329 0 2.98929 3.00186 0.10566 0 0 -500 0
871 1
1 13 0 0 0 0 0.212319 0 2.99248 3.00186 0.10566 0 0 -500 0
872 1
1 13 0 0 0 0 0.085326 0 2.99879 3.00186 0.10566 0 0 -500 0
873 1
1 13 0 0 0 0 0.251555 0 2.98943 3.00186 0.10566 0 0 -500 0
874 1
1 13 0 0 0 0 0.0262532 0 2.99989 3.00186 0.10566 0 0 -500 0
875 1
1 13 0 0 0 0 0.0269452 0 2.99988 3.00186 0.10566 0 0 -500 0
876 1
1 13 0 0 0 0 0.0804306 0 2.99892 3.00186 0.10566 0 0 -500 0
877 1
1 13 0 0 0 0 0.0873454 0 2.99873 3.00186 0.10566 0 0 -500 0
878 1
1 13 0 0 0 0 0.224405 0 2.9916 3.00186 0.10566 0 0 -500 0
879 1
1 13 0 0 0 0 0.136853 0 2.99688 3.00186 0.10566 0 0 -500 0
880 1
1 13 0 0 0 0 0.16106 0 2.99567 3.00186 0.10566 0 0 -500 0
881 1
1 13 0 0 0 0 0.256657 0 2.989 3.00186 0.10566 0 0 -500 0
882 1
1 13 0 0 0 0 0.208613 0 2.99274 3.00186 0.10566 0 0 -500 0
883 1
1 13 0 0 0 0 0.0520456 0 2.99955 3.00186 0.10566 0 0 -500 0
884 1
1 13 0 0 0 0 0.119533 0 2.99762 3.00186 0.10566 0 0 -500 0
885 1
1 13 0 0 0 0 0.149418 0 2.99628 3.00186 0.10566 0 0 -500 0
886 1
1 13 0 0 0 0 0.0562597 0 2.99947 3.00186 0.10566 0 0 -500 0
887 1
1 13 0 0 0 0 0.1796 0 2.99462 3.00186 0.10566 0 0 -500 0
888 1
1 13 0 0 0 0 0.0729307 0 2.99911 3.00186 0.10566 0 0 -500 0
889 1
1 13 0 0 0 0 0.0470539 0 2.99963 3.00186 0.10566 0 0 -500 0
890 1
1 13 0 0 0 0 0.104044 0 2.9982 3.00186 0.10566 0 0 -500 0
891 1
1 13 0 0 0 0 0.0426349 0 2.9997 3.00186 0.10566 0 0 -500 0
892 1
1 13 0 0 0 0 0.209954 0 2.99264 3.00186 0.10566 0 0 -500 0
893 1
1 13 0 0 0 0 0.0218983 0 2.99992 3.00186 0.10566 0 0 -500 0
894 1
1 13 0 0 0 0 0.167013 0 2.99535 3.00186 0.10566 0 0 -500 0
895 1
1 13 0 0 0 0 0.060434 0 2.99939 3.00186 0.10566 0 0 -500 0
896 1
1 13 0 0 0 0 0.151803 0 2.99616 3.00186 0.10566 0 0 -500 0
897 1
1 13 0 0 0 0 0.226057 0 2.99147 3.00186 0.10566 0 0 -500 0
898 1
1 13 0 0 0 0 0.243921 0 2.99007 3.00186 0.10566 0 0 -500 0
899 1
1 13 0 0 0 0 0.214856 0 2.9923 3.00186 0.10566 0 0 -500 0
900 1
1 13 0 0 0 0 0.125781 0 2.99736 3.00186 0.10566 0 0 -500 0
901 1
1 13 0 0 0 0 0.166516 0 2.99538 3.00186 0.10566 0 0 -500 0
902 1
1 13 0 0 0 0 0.0475169 0 2.99962 3.00186 0.10566 0 0 -500 0
903 1
1 13 0 0 0 0 0.122802 0 2.99749 3.00186 0.10566 0 0 -500 0
904 1
1 13 0 0 0 0 0.0809586 0 2.99891 3.00186 0.10566 0 0 -500 0
905 1
1 13 0 0 0 0 0.174995 0 2.99489 3.00186 0.10566 0 0 -500 0
906 1
1 13 0 0 0 0 0.188983 0 2.99404 3.00186 0.10566 0 0 -500 0
907 1
1 13 0 0 0 0 0.150434 0 2.99623 3.00186 0.10566 0 0 -500 0
908 1
1 13 0 0 0 0 0.138143 0 2.99682 3.00186 0.10566 0 0 -500 0
909 1
1 13 0 0 0 0 0.21168 0 2.99252 3.00186 0.10566 0 0 -500 0
910 1
1 13 0 0 0 0 0.258046 0 2.98888 3.00186 0.10566 0 0 -500 0
911 1
1 13 0 0 0 0 0.0847752 0 2.9988 3.00186 0.10566 0 0 -500 0
912 1
1 13 0 0 0 0 0.15868 0 2.9958 3.00186 0.10566 0 0 -500 0
913 1
1 13 0 0 0 0 0.198706 0 2.99341 3.00186 0.10566 0 0 -500 0
914 1
1 13 0 0 0 0 0.206911 0 2.99286 3.00186 0.10566 0 0 -500 0
915 1
1 13 0 0 0 0 0.0183075 0 2.99994 3.00186 0.10566 0 0 -500 0
916 1
1 13 0 0 0 0 0.144056 0 2.99654 3.00186 0.10566 0 0 -500 0
917 1
1 13 0 0 0 0 0.00243428 0 3 3.00186 0.10566 0 0 -500 0
918 1
1 13 0 0 0 0 0.205255 0 2.99297 3.00186 0.10566 0 0 -500 0
919 1
1 13 0 0 0 0 0.180283 0 2.99458 3.00186 0.10566 0 0 -500 0
920 1
1 13 0 0 0 0 0.25197 0 2.9894 3.00186 0.10566 0 0 -500 0
921 1
1 13 0 0 0 0 0.135158 0 2.99695 3.00186 0.10566 0 0 -500 0
922 1
1 13 0 0 0 0 0.0934939 0 2.99854 3.00186 0.10566 0 0 -500 0
923 1
1 13 0 0 0 0 0.126238 0 2.99734 3.00186 0.10566 0 0 -500 0
924 1
1 13 0 0 0 0 0.112537 0 2.99789 3.00186 0.10566 0 0 -500 0
925 1
1 13 0 0 0 0 0.260504 0 2.98867 3.00186 0.10566 0 0 -500 0
926 1
1 13 0 0 0 0 0.157315 0 2.99587 3.00186 0.10566 0 0 -500 0
927 1
1 13 0 0 0 0 0.205353 0 2.99296 3.00186 0.10566 0 0 -500 0
928 1
1 13 0 0 0 0 0.253784 0 2.98925 3.00186 0.10566 0 0 -500 0
929 1
1 13 0 0 0 0 0.127681 0 2.99728 3.00186 0.10566 0 0 -500 0
930 1
1 13 0 0 0 0 0.0248515 0 2.9999 3.00186 0.10566 0 0 -500 0
931 1
1 13 0 0 0 0 0.256076 0 2.98905 3.00186 0.10566 0 0 -500 0
932 1
1 13 0 0 0 0 0.0316451 0 2.99983 3.00186 0.10566 0 0 -500 0
933 1
1 13 0 0 0 0 0.164919 0 2.99546 3.00186 0.10566 0 0 -500 0
934 1
1 13 0 0 0 0 0.0508515 0 2.99957 3.00186 0.10566 0 0 -500 0
935 1
1 13 0 0 0 0 0.0557814 0 2.99948 3.00186 0.10566 0 0 -500 0
936 1
1 13 0 0 0 0 0.00382195 0 3 3.00186 0.10566 0 0 -500 0
937 1
1 13 0 0 0 0 0.0959779 0 2.99846 3.00186 0.10566 0 0 -500 0
938 1
1 13 0 0 0 0 0.0890251 0 2.99868 3.00186 0.10566 0 0 -500 0
939 1
1 13 0 0 0 0 0.188838 0 2.99405 3.00186 0.10566 0 0 -500 0
940 1
1 13 0 0 0 0 0.0962034 0 2.99846 3.00186 0.10566 0 0 -500 0
941 1
1 13 0 0 0 0 0.00550656 0 2.99999 3.00186 0.10566 0 0 -500 0
942 1
1 13 0 0 0 0 0.0344751 0 2.9998 3.00186 0.10566 0 0 -500 0
943 1
1 13 0 0 0 0 0.153546 0 2.99607 3.00186 0.10566 0 0 -500 0
944 1
1 13 0 0 0 0 0.191926 0 2.99385 3.00186 0.10566 0 0 -500 0
945 1
1 13 0 0 0 0 0.225885 0 2.99148 3.00186 0.10566 0 0 -500 0
946 1
1 13 0 0 0 0 0.0358643 0 2.99979 3.00186 0.10566 0 0 -500 0
947 1
1 13 0 0 0 0 0.0137253 0 2.99997 3.00186 0.10566 0 0 -500 0
948 1
1 13 0 0 0 0 0.106327 0 2.99812 3.00186 0.10566 0 0 -500 0
949 1
1 13 0 0 0 0 0.063261 0 2.99933 3.00186 0.10566 0 0 -500 0
950 1
1 13 0 0 0 0 0.123652 0 2.99745 3.00186 0.10566 0 0 -500 0
951 1
1 13 0 0 0 0 0.228125 0 2.99131 3.00186 0.10566 0 0 -500 0
952 1
1 13 0 0 0 0 0.119014 0 2.99764 3.00186 0.10566 0 0 -500 0
953 1
1 13 0 0 0 0 0.0187392 0 2.99994 3.00186 0.10566 0 0 -500 0
954 1
1 13 0 0 0 0 0.0822107 0 2.99887 3.00186 0.10566 0 0 -500 0
955 1
1 13 0 0 0 0 0.128981 0 2.99723 3.00186 0.10566 0 0 -500 0
956 1
1 13 0 0 0 0 0.194047 0 2.99372 3.00186 0.10566 0 0 -500 0
957 1
1 13 0 0 0 0 0.181783 0 2.99449 3.00186 0.10566 0 0 -500 0
958 1
1 13 0 0 0 0 0.256999 0 2.98897 3.00186 0.10566 0 0 -500 0
959 1
1 13 0 0 0 0 0.083699 0 2.99883 3.00186 0.10566 0 0 -500 0
960 1
1 13 0 0 0 0 0.210367 0 2.99262 3.00186 0.10566 0 0 -500 0
961 1
1 13 0 0 0 0 0.0139978 0 2.99997 3.00186 0.10566 0 0 -500 0
962 1
1 13 0 0 0 0 0.195205 0 2.99364 3.00186 0.10566 0 0 -500 0
963 1
1 13 0 0 0 0 0.0794403 0 2.99895 3.00186 0.10566 0 0 -500 0
964 1
1 13 0 0 0 0 0.0243684 0 2.9999 3.00186 0.10566 0 0 -500 0
965 1
1 13 0 0 0 0 0.244389 0 2.99003 3.00186 0.10566 0 0 -500 0
966 1
1 13 0 0 0 0 0.195391 0 2.99363 3.00186 0.10566 0 0 -500 0
967 1
1 13 0 0 0 0 0.0261923 0 2.99989 3.00186 0.10566 0 0 -500 0
968 1
1 13 0 0 0 0 0.188449 0 2.99408 3.00186 0.10566 0 0 -500 0
969 1
1 13 0 0 0 0 0.0551721 0 2.99949 3.00186 0.10566 0 0 -500 0
970 1
1 13 0 0 0 0 0.251841 0 2.98941 3.00186 0.10566 0 0 -500 0
971 1
1 13 0 0 0 0 0.195998 0 2.99359 3.00186 0.10566 0 0 -500 0
972 1
1 13 0 0 0 0 0.193498 0 2.99375 3.00186 0.10566 0 0 -500 0
973 1
1 13 0 0 0 0 0.133493 0 2.99703 3.00186 0.10566 0 0 -500 0
974 1
1 13 0 0 0 0 0.022853 0 2.99991 3.00186 0.10566 0 0 -500 0
975 1
1 13 0 0 0 0 0.170084 0 2.99517 3.00186 0.10566 0 0 -500 0
976 1
1 13 0 0 0 0 0.0215629 0 2.99992 3.00186 0.10566 0 0 -500 0
977 1
1 13 0 0 0 0 0.19018 0 2.99397 3.00186 0.10566 0 0 -500 0
978 1
1 13 0 0 0 0 0.139389 0 2.99676 3.00186 0.10566 0 0 -500 0
979 1
1 13 0 0 0 0 0.196028 0 2.99359 3.00186 0.10566 0 0 -500 0
980 1
1 13 0 0 0 0 0.225267 0 2.99153 3.00186 0.10566 0 0 -500 0
981 1
1 13 0 0 0 0 0.00908428 0 2.99999 3.00186 0.10566 0 0 -500 0
982 1
1 13 0 0 0 0 0.0243791 0 2.9999 3.00186 0.10566 0 0 -500 0
983 1
1 13 0 0 0 0 0.171452 0 2.9951 3.00186 0.10566 0 0 -500 0
984 1
1 13 0 0 0 0 0.250908 0 2.98949 3.00186 0.10566 0 0 -500 0
985 1
1 13 0 0 0 0 0.127473 0 2.99729 3.00186 0.10566 0 0 -500 0
986 1
1 13 0 0 0 0 0.224909 0 2.99156 3.00186 0.10566 0 0 -500 0
987 1
1 13 0 0 0 0 0.0221989 0 2.99992 3.00186 0.10566 0 0 -500 0
988 1
1 13 0 0 0 0 0.187991 0 2.9941 3.00186 0.10566 0 0 -500 0
989 1
1 13 0 0 0 0 0.222565 0 2.99173 3.00186 0.10566 0 0 -500 0
990 1
1 13 0 0 0 0 0.214201 0 2.99234 3.00186 0.10566 0 0 -500 0
991 1
1 13 0 0 0 0 0.187398 0 2.99414 3.00186 0.10566 0 0 -500 0
992 1
1 13 0 0 0 0 0.10685 0 2.9981 3.00186 0.10566 0 0 -500 0
993 1
1 13 0 0 0 0 0.166572 0 2.99537 3.00186 0.10566 0 0 -500 0
994 1
1 13 0 0 0 0 0.137093 0 2.99687 3.00186 0.10566 0 0 -500 0
995 1
1 13 0 0 0 0 0.0973824 0 2.99842 3.00186 0.10566 0 0 -500 0
996 1
1 13 0 0 0 0 0.0925121 0 2.99857 3.00186 0.10566 0 0 -500 0
997 1
1 13 0 0 0 0 0.156498 0 2.99592 3.00186 0.10566 0 0 -500 0
998 1
1 13 0 0 0 0 0.0255217 0 2.99989 3.00186 0.10566 0 0 -500 0
999 1
1 13 0 0 0 0 0.072342 0 2.99913 3.00186 0.10566 0 0 -500 0