0 1
1 13 0 0 0 0 0.381841 0 2.9756 3.00186 0.10566 0 0 -500 0
1 1
1 13 0 0 0 0 0.424465 0 2.96982 3.00186 0.10566 0 0 -500 0
2 1
1 13 0 0 0 0 0.305085 0 2.98445 3.00186 0.10566 0 0 -500 0
3 1
1 13 0 0 0 0 0.337284 0 2.98098 3.00186 0.10566 0 0 -500 0
4 1
1 13 0 0 0 0 0.360157 0 2.9783 3.00186 0.10566 0 0 -500 0
5 1
1 13 0 0 0 0 0.494434 0 2.95898 3.00186 0.10566 0 0 -500 0
6 1
1 13 0 0 0 0 0.500353 0 2.95798 3.00186 0.10566 0 0 -500 0
7 1
1 13 0 0 0 0 0.492428 0 2.95931 3.00186 0.10566 0 0 -500 0
8 1
1 13 0 0 0 0 0.379866 0 2.97585 3.00186 0.10566 0 0 -500 0
9 1
1 13 0 0 0 0 0.376695 0 2.97626 3.00186 0.10566 0 0 -500 0
10 1
1 13 0 0 0 0 0.394067 0 2.97401 3.00186 0.10566 0 0 -500 0
11 1
1 13 0 0 0 0 0.358936 0 2.97845 3.00186 0.10566 0 0 -500 0
12 1
1 13 0 0 0 0 0.367415 0 2.97742 3.00186 0.10566 0 0 -500 0
13 1
1 13 0 0 0 0 0.514886 0 2.95549 3.00186 0.10566 0 0 -500 0
14 1
1 13 0 0 0 0 0.357292 0 2.97865 3.00186 0.10566 0 0 -500 0
15 1
1 13 0 0 0 0 0.290794 0 2.98587 3.00186 0.10566 0 0 -500 0
16 1
1 13 0 0 0 0 0.324535 0 2.98239 3.00186 0.10566 0 0 -500 0
17 1
1 13 0 0 0 0 0.442232 0 2.96723 3.00186 0.10566 0 0 -500 0
18 1
1 13 0 0 0 0 0.51176 0 2.95603 3.00186 0.10566 0 0 -500 0
19 1
1 13 0 0 0 0 0.499622 0 2.9581 3.00186 0.10566 0 0 -500 0
20 1
1 13 0 0 0 0 0.276303 0 2.98725 3.00186 0.10566 0 0 -500 0
21 1
1 13 0 0 0 0 0.430954 0 2.96889 3.00186 0.10566 0 0 -500 0
22 1
1 13 0 0 0 0 0.499917 0 2.95805 3.00186 0.10566 0 0 -500 0
23 1
1 13 0 0 0 0 0.27823 0 2.98707 3.00186 0.10566 0 0 -500 0
24 1
1 13 0 0 0 0 0.509676 0 2.95639 3.00186 0.10566 0 0 -500 0
25 1
1 13 0 0 0 0 0.381846 0 2.9756 3.00186 0.10566 0 0 -500 0
26 1
1 13 0 0 0 0 0.381266 0 2.97567 3.00186 0.10566 0 0 -500 0
27 1
1 13 0 0 0 0 0.328789 0 2.98193 3.00186 0.10566 0 0 -500 0
28 1
1 13 0 0 0 0 0.373533 0 2.97665 3.00186 0.10566 0 0 -500 0
29 1
1 13 0 0 0 0 0.337641 0 2.98094 3.00186 0.10566 0 0 -500 0
30 1
1 13 0 0 0 0 0.454964 0 2.9653 3.00186 0.10566 0 0 -500 0
31 1
1 13 0 0 0 0 0.280052 0 2.9869 3.00186 0.10566 0 0 -500 0
32 1
1 13 0 0 0 0 0.307226 0 2.98423 3.00186 0.10566 0 0 -500 0
33 1
1 13 0 0 0 0 0.374193 0 2.97657 3.00186 0.10566 0 0 -500 0
34 1
1 13 0 0 0 0 0.336934 0 2.98102 3.00186 0.10566 0 0 -500 0
35 1
1 13 0 0 0 0 0.402613 0 2.97286 3.00186 0.10566 0 0 -500 0
36 1
1 13 0 0 0 0 0.430833 0 2.9689 3.00186 0.10566 0 0 -500 0
37 1
1 13 0 0 0 0 0.514201 0 2.9556 3.00186 0.10566 0 0 -500 0
38 1
1 13 0 0 0 0 0.310135 0 2.98393 3.00186 0.10566 0 0 -500 0
39 1
1 13 0 0 0 0 0.37092 0 2.97698 3.00186 0.10566 0 0 -500 0
40 1
1 13 0 0 0 0 0.504964 0 2.9572 3.00186 0.10566 0 0 -500 0
41 1
1 13 0 0 0 0 0.448941 0 2.96622 3.00186 0.10566 0 0 -500 0
42 1
1 13 0 0 0 0 0.344155 0 2.98019 3.00186 0.10566 0 0 -500 0
43 1
1 13 0 0 0 0 0.451569 0 2.96582 3.00186 0.10566 0 0 -500 0
44 1
1 13 0 0 0 0 0.515103 0 2.95545 3.00186 0.10566 0 0 -500 0
45 1
1 13 0 0 0 0 0.267476 0 2.98805 3.00186 0.10566 0 0 -500 0
46 1
1 13 0 0 0 0 0.328555 0 2.98195 3.00186 0.10566 0 0 -500 0
47 1
1 13 0 0 0 0 0.460214 0 2.96449 3.00186 0.10566 0 0 -500 0
48 1
1 13 0 0 0 0 0.379237 0 2.97593 3.00186 0.10566 0 0 -500 0
49 1
1 13 0 0 0 0 0.467136 0 2.96341 3.00186 0.10566 0 0 -500 0
50 1
1 13 0 0 0 0 0.321557 0 2.98272 3.00186 0.10566 0 0 -500 0
51 1
1 13 0 0 0 0 0.348076 0 2.97974 3.00186 0.10566 0 0 -500 0
52 1
1 13 0 0 0 0 0.361614 0 2.97813 3.00186 0.10566 0 0 -500 0
53 1
1 13 0 0 0 0 0.442865 0 2.96713 3.00186 0.10566 0 0 -500 0
54 1
1 13 0 0 0 0 0.271673 0 2.98767 3.00186 0.10566 0 0 -500 0
55 1
1 13 0 0 0 0 0.368311 0 2.97731 3.00186 0.10566 0 0 -500 0
56 1
1 13 0 0 0 0 0.504436 0 2.95729 3.00186 0.10566 0 0 -500 0
57 1
1 13 0 0 0 0 0.376252 0 2.97631 3.00186 0.10566 0 0 -500 0
58 1
1 13 0 0 0 0 0.395758 0 2.97378 3.00186 0.10566 0 0 -500 0
59 1
1 13 0 0 0 0 0.290035 0 2.98595 3.00186 0.10566 0 0 -500 0
60 1
1 13 0 0 0 0 0.309283 0 2.98401 3.00186 0.10566 0 0 -500 0
61 1
1 13 0 0 0 0 0.388314 0 2.97476 3.00186 0.10566 0 0 -500 0
62 1
1 13 0 0 0 0 0.337629 0 2.98094 3.00186 0.10566 0 0 -500 0
63 1
1 13 0 0 0 0 0.42027 0 2.97042 3.00186 0.10566 0 0 -500 0
64 1
1 13 0 0 0 0 0.506912 0 2.95686 3.00186 0.10566 0 0 -500 0
65 1
1 13 0 0 0 0 0.330021 0 2.98179 3.00186 0.10566 0 0 -500 0
66 1
1 13 0 0 0 0 0.518525 0 2.95485 3.00186 0.10566 0 0 -500 0
67 1
1 13 0 0 0 0 0.316841 0 2.98322 3.00186 0.10566 0 0 -500 0
68 1
1 13 0 0 0 0 0.494424 0 2.95898 3.00186 0.10566 0 0 -500 0
69 1
1 13 0 0 0 0 0.317243 0 2.98318 3.00186 0.10566 0 0 -500 0
70 1
1 13 0 0 0 0 0.331672 0 2.98161 3.00186 0.10566 0 0 -500 0
71 1
1 13 0 0 0 0 0.380985 0 2.97571 3.00186 0.10566 0 0 -500 0
72 1
1 13 0 0 0 0 0.473142 0 2.96245 3.00186 0.10566 0 0 -500 0
73 1
1 13 0 0 0 0 0.283891 0 2.98654 3.00186 0.10566 0 0 -500 0
74 1
1 13 0 0 0 0 0.482909 0 2.96088 3.00186 0.10566 0 0 -500 0
75 1
1 13 0 0 0 0 0.46624 0 2.96355 3.00186 0.10566 0 0 -500 0
76 1
1 13 0 0 0 0 0.476617 0 2.9619 3.00186 0.10566 0 0 -500 0
77 1
1 13 0 0 0 0 0.315036 0 2.98341 3.00186 0.10566 0 0 -500 0
78 1
1 13 0 0 0 0 0.289413 0 2.98601 3.00186 0.10566 0 0 -500 0
79 1
1 13 0 0 0 0 0.482696 0 2.96091 3.00186 0.10566 0 0 -500 0
80 1
1 13 0 0 0 0 0.29813 0 2.98515 3.00186 0.10566 0 0 -500 0
81 1
1 13 0 0 0 0 0.439565 0 2.96762 3.00186 0.10566 0 0 -500 0
82 1
1 13 0 0 0 0 0.43038 0 2.96897 3.00186 0.10566 0 0 -500 0
83 1
1 13 0 0 0 0 0.391352 0 2.97436 3.00186 0.10566 0 0 -500 0
84 1
1 13 0 0 0 0 0.356756 0 2.97871 3.00186 0.10566 0 0 -500 0
85 1
1 13 0 0 0 0 0.5004 0 2.95797 3.00186 0.10566 0 0 -500 0
86 1
1 13 0 0 0 0 0.315538 0 2.98336 3.00186 0.10566 0 0 -500 0
87 1
1 13 0 0 0 0 0.424272 0 2.96985 3.00186 0.10566 0 0 -500 0
88 1
1 13 0 0 0 0 0.352856 0 2.97918 3.00186 0.10566 0 0 -500 0
89 1
1 13 0 0 0 0 0.473033 0 2.96247 3.00186 0.10566 0 0 -500 0
90 1
1 13 0 0 0 0 0.401496 0 2.97301 3.00186 0.10566 0 0 -500 0
91 1
1 13 0 0 0 0 0.514021 0 2.95564 3.00186 0.10566 0 0 -500 0
92 1
1 13 0 0 0 0 0.435491 0 2.96822 3.00186 0.10566 0 0 -500 0
93 1
1 13 0 0 0 0 0.512494 0 2.9559 3.00186 0.10566 0 0 -500 0
94 1
1 13 0 0 0 0 0.291078 0 2.98585 3.00186 0.10566 0 0 -500 0
95 1
1 13 0 0 0 0 0.376413 0 2.97629 3.00186 0.10566 0 0 -500 0
96 1
1 13 0 0 0 0 0.267934 0 2.98801 3.00186 0.10566 0 0 -500 0
97 1
1 13 0 0 0 0 0.338804 0 2.98081 3.00186 0.10566 0 0 -500 0
98 1
1 13 0 0 0 0 0.345202 0 2.98007 3.00186 0.10566 0 0 -500 0
99 1
1 13 0 0 0 0 0.436559 0 2.96807 3.00186 0.10566 0 0 -500 0
100 1
1 13 0 0 0 0 0.381724 0 2.97562 3.00186 0.10566 0 0 -500 0
101 1
1 13 0 0 0 0 0.518314 0 2.95489 3.00186 0.10566 0 0 -500 0
102 1
1 13 0 0 0 0 0.388298 0 2.97476 3.00186 0.10566 0 0 -500 0
103 1
1 13 0 0 0 0 0.290932 0 2.98586 3.00186 0.10566 0 0 -500 0
104 1
1 13 0 0 0 0 0.267447 0 2.98805 3.00186 0.10566 0 0 -500 0
105 1
1 13 0 0 0 0 0.439092 0 2.96769 3.00186 0.10566 0 0 -500 0
106 1
1 13 0 0 0 0 0.360027 0 2.97832 3.00186 0.10566 0 0 -500 0
107 1
1 13 0 0 0 0 0.389404 0 2.97462 3.00186 0.10566 0 0 -500 0
108 1
1 13 0 0 0 0 0.45384 0 2.96547 3.00186 0.10566 0 0 -500 0
109 1
1 13 0 0 0 0 0.281203 0 2.98679 3.00186 0.10566 0 0 -500 0
110 1
1 13 0 0 0 0 0.469934 0 2.96297 3.00186 0.10566 0 0 -500 0
111 1
1 13 0 0 0 0 0.34169 0 2.98048 3.00186 0.10566 0 0 -500 0
112 1
1 13 0 0 0 0 0.262525 0 2.98849 3.00186 0.10566 0 0 -500 0
113 1
1 13 0 0 0 0 0.291774 0 2.98578 3.00186 0.10566 0 0 -500 0
114 1
1 13 0 0 0 0 0.4418 0 2.96729 3.00186 0.10566 0 0 -500 0
115 1
1 13 0 0 0 0 0.308191 0 2.98413 3.00186 0.10566 0 0 -500 0
116 1
1 13 0 0 0 0 0.285362 0 2.9864 3.00186 0.10566 0 0 -500 0
117 1
1 13 0 0 0 0 0.353096 0 2.97915 3.00186 0.10566 0 0 -500 0
118 1
1 13 0 0 0 0 0.453411 0 2.96554 3.00186 0.10566 0 0 -500 0
119 1
1 13 0 0 0 0 0.394897 0 2.9739 3.00186 0.10566 0 0 -500 0
120 1
1 13 0 0 0 0 0.448472 0 2.96629 3.00186 0.10566 0 0 -500 0
121 1
1 13 0 0 0 0 0.475625 0 2.96206 3.00186 0.10566 0 0 -500 0
122 1
1 13 0 0 0 0 0.261753 0 2.98856 3.00186 0.10566 0 0 -500 0
123 1
1 13 0 0 0 0 0.471619 0 2.9627 3.00186 0.10566 0 0 -500 0
124 1
1 13 0 0 0 0 0.349988 0 2.97951 3.00186 0.10566 0 0 -500 0
125 1
1 13 0 0 0 0 0.41742 0 2.97082 3.00186 0.10566 0 0 -500 0
126 1
1 13 0 0 0 0 0.376495 0 2.97628 3.00186 0.10566 0 0 -500 0
127 1
1 13 0 0 0 0 0.377892 0 2.9761 3.00186 0.10566 0 0 -500 0
128 1
1 13 0 0 0 0 0.329886 0 2.98181 3.00186 0.10566 0 0 -500 0
129 1
1 13 0 0 0 0 0.370203 0 2.97707 3.00186 0.10566 0 0 -500 0
130 1
1 13 0 0 0 0 0.333177 0 2.98144 3.00186 0.10566 0 0 -500 0
131 1
1 13 0 0 0 0 0.371757 0 2.97688 3.00186 0.10566 0 0 -500 0
132 1
1 13 0 0 0 0 0.496067 0 2.9587 3.00186 0.10566 0 0 -500 0
133 1
1 13 0 0 0 0 0.425101 0 2.96973 3.00186 0.10566 0 0 -500 0
134 1
1 13 0 0 0 0 0.407851 0 2.97215 3.00186 0.10566 0 0 -500 0
135 1
1 13 0 0 0 0 0.496442 0 2.95864 3.00186 0.10566 0 0 -500 0
136 1
1 13 0 0 0 0 0.462993 0 2.96406 3.00186 0.10566 0 0 -500 0
137 1
1 13 0 0 0 0 0.317346 0 2.98317 3.00186 0.10566 0 0 -500 0
138 1
1 13 0 0 0 0 0.402901 0 2.97282 3.00186 0.10566 0 0 -500 0
139 1
1 13 0 0 0 0 0.439873 0 2.96758 3.00186 0.10566 0 0 -500 0
140 1
1 13 0 0 0 0 0.262243 0 2.98852 3.00186 0.10566 0 0 -500 0
141 1
1 13 0 0 0 0 0.310407 0 2.9839 3.00186 0.10566 0 0 -500 0
142 1
1 13 0 0 0 0 0.434554 0 2.96836 3.00186 0.10566 0 0 -500 0
143 1
1 13 0 0 0 0 0.455797 0 2.96517 3.00186 0.10566 0 0 -500 0
144 1
1 13 0 0 0 0 0.400566 0 2.97314 3.00186 0.10566 0 0 -500 0
145 1
1 13 0 0 0 0 0.451179 0 2.96588 3.00186 0.10566 0 0 -500 0
146 1
1 13 0 0 0 0 0.416194 0 2.97099 3.00186 0.10566 0 0 -500 0
147 1
1 13 0 0 0 0 0.381729 0 2.97561 3.00186 0.10566 0 0 -500 0
148 1
1 13 0 0 0 0 0.481791 0 2.96106 3.00186 0.10566 0 0 -500 0
149 1
1 13 0 0 0 0 0.277783 0 2.98711 3.00186 0.10566 0 0 -500 0
150 1
1 13 0 0 0 0 0.453886 0 2.96547 3.00186 0.10566 0 0 -500 0
151 1
1 13 0 0 0 0 0.405972 0 2.9724 3.00186 0.10566 0 0 -500 0
152 1
1 13 0 0 0 0 0.289923 0 2.98596 3.00186 0.10566 0 0 -500 0
153 1
1 13 0 0 0 0 0.376777 0 2.97625 3.00186 0.10566 0 0 -500 0
154 1
1 13 0 0 0 0 0.464246 0 2.96386 3.00186 0.10566 0 0 -500 0
155 1
1 13 0 0 0 0 0.520333 0 2.95453 3.00186 0.10566 0 0 -500 0
156 1
1 13 0 0 0 0 0.329127 0 2.98189 3.00186 0.10566 0 0 -500 0
157 1
1 13 0 0 0 0 0.332299 0 2.98154 3.00186 0.10566 0 0 -500 0
158 1
1 13 0 0 0 0 0.37426 0 2.97656 3.00186 0.10566 0 0 -500 0
159 1
1 13 0 0 0 0 0.45637 0 2.96508 3.00186 0.10566 0 0 -500 0
160 1
1 13 0 0 0 0 0.507725 0 2.95672 3.00186 0.10566 0 0 -500 0
161 1
1 13 0 0 0 0 0.5014 0 2.9578 3.00186 0.10566 0 0 -500 0
162 1
1 13 0 0 0 0 0.356274 0 2.97877 3.00186 0.10566 0 0 -500 0
163 1
1 13 0 0 0 0 0.377711 0 2.97613 3.00186 0.10566 0 0 -500 0
164 1
1 13 0 0 0 0 0.387413 0 2.97488 3.00186 0.10566 0 0 -500 0
165 1
1 13 0 0 0 0 0.417945 0 2.97074 3.00186 0.10566 0 0 -500 0
166 1
1 13 0 0 0 0 0.352883 0 2.97917 3.00186 0.10566 0 0 -500 0
167 1
1 13 0 0 0 0 0.319303 0 2.98296 3.00186 0.10566 0 0 -500 0
168 1
1 13 0 0 0 0 0.492802 0 2.95925 3.00186 0.10566 0 0 -500 0
169 1
1 13 0 0 0 0 0.48278 0 2.9609 3.00186 0.10566 0 0 -500 0
170 1
1 13 0 0 0 0 0.268283 0 2.98798 3.00186 0.10566 0 0 -500 0
171 1
1 13 0 0 0 0 0.30817 0 2.98413 3.00186 0.10566 0 0 -500 0
172 1
1 13 0 0 0 0 0.463243 0 2.96402 3.00186 0.10566 0 0 -500 0
173 1
1 13 0 0 0 0 0.46278 0 2.96409 3.00186 0.10566 0 0 -500 0
174 1
1 13 0 0 0 0 0.386098 0 2.97505 3.00186 0.10566 0 0 -500 0
175 1
1 13 0 0 0 0 0.29076 0 2.98588 3.00186 0.10566 0 0 -500 0
176 1
1 13 0 0 0 0 0.411141 0 2.97169 3.00186 0.10566 0 0 -500 0
177 1
1 13 0 0 0 0 0.349041 0 2.97963 3.00186 0.10566 0 0 -500 0
178 1
1 13 0 0 0 0 0.396395 0 2.9737 3.00186 0.10566 0 0 -500 0
179 1
1 13 0 0 0 0 0.277503 0 2.98714 3.00186 0.10566 0 0 -500 0
180 1
1 13 0 0 0 0 0.313444 0 2.98358 3.00186 0.10566 0 0 -500 0
181 1
1 13 0 0 0 0 0.310725 0 2.98386 3.00186 0.10566 0 0 -500 0
182 1
1 13 0 0 0 0 0.35285 0 2.97918 3.00186 0.10566 0 0 -500 0
183 1
1 13 0 0 0 0 0.316883 0 2.98322 3.00186 0.10566 0 0 -500 0
184 1
1 13 0 0 0 0 0.293002 0 2.98566 3.00186 0.10566 0 0 -500 0
185 1
1 13 0 0 0 0 0.298175 0 2.98515 3.00186 0.10566 0 0 -500 0
186 1
1 13 0 0 0 0 0.400657 0 2.97313 3.00186 0.10566 0 0 -500 0
187 1
1 13 0 0 0 0 0.409764 0 2.97188 3.00186 0.10566 0 0 -500 0
188 1
1 13 0 0 0 0 0.378145 0 2.97607 3.00186 0.10566 0 0 -500 0
189 1
1 13 0 0 0 0 0.281349 0 2.98678 3.00186 0.10566 0 0 -500 0
190 1
1 13 0 0 0 0 0.387266 0 2.9749 3.00186 0.10566 0 0 -500 0
191 1
1 13 0 0 0 0 0.489495 0 2.9598 3.00186 0.10566 0 0 -500 0
192 1
1 13 0 0 0 0 0.502317 0 2.95765 3.00186 0.10566 0 0 -500 0
193 1
1 13 0 0 0 0 0.304431 0 2.98451 3.00186 0.10566 0 0 -500 0
194 1
1 13 0 0 0 0 0.341789 0 2.98047 3.00186 0.10566 0 0 -500 0
195 1
1 13 0 0 0 0 0.400879 0 2.9731 3.00186 0.10566 0 0 -500 0
196 1
1 13 0 0 0 0 0.35149 0 2.97934 3.00186 0.10566 0 0 -500 0
197 1
1 13 0 0 0 0 0.466904 0 2.96344 3.00186 0.10566 0 0 -500 0
198 1
1 13 0 0 0 0 0.322113 0 2.98266 3.00186 0.10566 0 0 -500 0
199 1
1 13 0 0 0 0 0.46406 0 2.96389 3.00186 0.10566 0 0 -500 0
200 1
1 13 0 0 0 0 0.511473 0 2.95608 3.00186 0.10566 0 0 -500 0
201 1
1 13 0 0 0 0 0.441245 0 2.96737 3.00186 0.10566 0 0 -500 0
202 1
1 13 0 0 0 0 0.308205 0 2.98413 3.00186 0.10566 0 0 -500 0
203 1
1 13 0 0 0 0 0.342825 0 2.98035 3.00186 0.10566 0 0 -500 0
204 1
1 13 0 0 0 0 0.418957 0 2.9706 3.00186 0.10566 0 0 -500 0
205 1
1 13 0 0 0 0 0.349447 0 2.97958 3.00186 0.10566 0 0 -500 0
206 1
1 13 0 0 0 0 0.352632 0 2.9792 3.00186 0.10566 0 0 -500 0
207 1
1 13 0 0 0 0 0.3058 0 2.98437 3.00186 0.10566 0 0 -500 0
208 1
1 13 0 0 0 0 0.458733 0 2.96472 3.00186 0.10566 0 0 -500 0
209 1
1 13 0 0 0 0 0.460598 0 2.96443 3.00186 0.10566 0 0 -500 0
210 1
1 13 0 0 0 0 0.514908 0 2.95548 3.00186 0.10566 0 0 -500 0
211 1
1 13 0 0 0 0 0.295865 0 2.98537 3.00186 0.10566 0 0 -500 0
212 1
1 13 0 0 0 0 0.297179 0 2.98524 3.00186 0.10566 0 0 -500 0
213 1
1 13 0 0 0 0 0.491372 0 2.95949 3.00186 0.10566 0 0 -500 0
214 1
1 13 0 0 0 0 0.347045 0 2.97986 3.00186 0.10566 0 0 -500 0
215 1
1 13 0 0 0 0 0.345676 0 2.98002 3.00186 0.10566 0 0 -500 0
216 1
1 13 0 0 0 0 0.468726 0 2.96316 3.00186 0.10566 0 0 -500 0
217 1
1 13 0 0 0 0 0.463314 0 2.96401 3.00186 0.10566 0 0 -500 0
218 1
1 13 0 0 0 0 0.274914 0 2.98738 3.00186 0.10566 0 0 -500 0
219 1
1 13 0 0 0 0 0.475429 0 2.96209 3.00186 0.10566 0 0 -500 0
220 1
1 13 0 0 0 0 0.413576 0 2.97136 3.00186 0.10566 0 0 -500 0
221 1
1 13 0 0 0 0 0.266219 0 2.98816 3.00186 0.10566 0 0 -500 0
222 1
1 13 0 0 0 0 0.279117 0 2.98699 3.00186 0.10566 0 0 -500 0
223 1
1 13 0 0 0 0 0.408429 0 2.97207 3.00186 0.10566 0 0 -500 0
224 1
1 13 0 0 0 0 0.26329 0 2.98842 3.00186 0.10566 0 0 -500 0
225 1
1 13 0 0 0 0 0.433927 0 2.96845 3.00186 0.10566 0 0 -500 0
226 1
1 13 0 0 0 0 0.38636 0 2.97502 3.00186 0.10566 0 0 -500 0
227 1
1 13 0 0 0 0 0.494438 0 2.95897 3.00186 0.10566 0 0 -500 0
228 1
1 13 0 0 0 0 0.302512 0 2.98471 3.00186 0.10566 0 0 -500 0
229 1
1 13 0 0 0 0 0.28756 0 2.98619 3.00186 0.10566 0 0 -500 0
230 1
1 13 0 0 0 0 0.265828 0 2.9882 3.00186 0.10566 0 0 -500 0
231 1
1 13 0 0 0 0 0.371745 0 2.97688 3.00186 0.10566 0 0 -500 0
232 1
1 13 0 0 0 0 0.46393 0 2.96391 3.00186 0.10566 0 0 -500 0
233 1
1 13 0 0 0 0 0.304379 0 2.98452 3.00186 0.10566 0 0 -500 0
234 1
1 13 0 0 0 0 0.396127 0 2.97373 3.00186 0.10566 0 0 -500 0
235 1
1 13 0 0 0 0 0.268612 0 2.98795 3.00186 0.10566 0 0 -500 0
236 1
1 13 0 0 0 0 0.276872 0 2.9872 3.00186 0.10566 0 0 -500 0
237 1
1 13 0 0 0 0 0.430716 0 2.96892 3.00186 0.10566 0 0 -500 0
238 1
1 13 0 0 0 0 0.318372 0 2.98306 3.00186 0.10566 0 0 -500 0
239 1
1 13 0 0 0 0 0.365864 0 2.97761 3.00186 0.10566 0 0 -500 0
240 1
1 13 0 0 0 0 0.301451 0 2.98482 3.00186 0.10566 0 0 -500 0
241 1
1 13 0 0 0 0 0.278939 0 2.987 3.00186 0.10566 0 0 -500 0
242 1
1 13 0 0 0 0 0.500699 0 2.95792 3.00186 0.10566 0 0 -500 0
243 1
1 13 0 0 0 0 0.314844 0 2.98343 3.00186 0.10566 0 0 -500 0
244 1
1 13 0 0 0 0 0.369716 0 2.97713 3.00186 0.10566 0 0 -500 0
245 1
1 13 0 0 0 0 0.282661 0 2.98665 3.00186 0.10566 0 0 -500 0
246 1
1 13 0 0 0 0 0.411524 0 2.97164 3.00186 0.10566 0 0 -500 0
247 1
1 13 0 0 0 0 0.280975 0 2.98681 3.00186 0.10566 0 0 -500 0
248 1
1 13 0 0 0 0 0.419322 0 2.97055 3.00186 0.10566 0 0 -500 0
249 1
1 13 0 0 0 0 0.295179 0 2.98544 3.00186 0.10566 0 0 -500 0
250 1
1 13 0 0 0 0 0.375343 0 2.97643 3.00186 0.10566 0 0 -500 0
251 1
1 13 0 0 0 0 0.398962 0 2.97335 3.00186 0.10566 0 0 -500 0
252 1
1 13 0 0 0 0 0.514279 0 2.95559 3.00186 0.10566 0 0 -500 0
253 1
1 13 0 0 0 0 0.338777 0 2.98081 3.00186 0.10566 0 0 -500 0
254 1
1 13 0 0 0 0 0.426711 0 2.9695 3.00186 0.10566 0 0 -500 0
255 1
1 13 0 0 0 0 0.309966 0 2.98394 3.00186 0.10566 0 0 -500 0
256 1
1 13 0 0 0 0 0.51297 0 2.95582 3.00186 0.10566 0 0 -500 0
257 1
1 13 0 0 0 0 0.324936 0 2.98235 3.00186 0.10566 0 0 -500 0
258 1
1 13 0 0 0 0 0.475034 0 2.96215 3.00186 0.10566 0 0 -500 0
259 1
1 13 0 0 0 0 0.287132 0 2.98623 3.00186 0.10566 0 0 -500 0
260 1
1 13 0 0 0 0 0.520475 0 2.95451 3.00186 0.10566 0 0 -500 0
261 1
1 13 0 0 0 0 0.364522 0 2.97777 3.00186 0.10566 0 0 -500 0
262 1
1 13 0 0 0 0 0.434099 0 2.96843 3.00186 0.10566 0 0 -500 0
263 1
1 13 0 0 0 0 0.403535 0 2.97274 3.00186 0.10566 0 0 -500 0
264 1
1 13 0 0 0 0 0.297559 0 2.98521 3.00186 0.10566 0 0 -500 0
265 1
1 13 0 0 0 0 0.46877 0 2.96315 3.00186 0.10566 0 0 -500 0
266 1
1 13 0 0 0 0 0.273188 0 2.98754 3.00186 0.10566 0 0 -500 0
267 1
1 13 0 0 0 0 0.474536 0 2.96223 3.00186 0.10566 0 0 -500 0
268 1
1 13 0 0 0 0 0.358349 0 2.97852 3.00186 0.10566 0 0 -500 0
269 1
1 13 0 0 0 0 0.416502 0 2.97095 3.00186 0.10566 0 0 -500 0
270 1
1 13 0 0 0 0 0.456458 0 2.96507 3.00186 0.10566 0 0 -500 0
271 1
1 13 0 0 0 0 0.396622 0 2.97367 3.00186 0.10566 0 0 -500 0
272 1
1 13 0 0 0 0 0.353757 0 2.97907 3.00186 0.10566 0 0 -500 0
273 1
1 13 0 0 0 0 0.409974 0 2.97185 3.00186 0.10566 0 0 -500 0
274 1
1 13 0 0 0 0 0.338572 0 2.98083 3.00186 0.10566 0 0 -500 0
275 1
1 13 0 0 0 0 0.503747 0 2.9574 3.00186 0.10566 0 0 -500 0
276 1
1 13 0 0 0 0 0.286228 0 2.98631 3.00186 0.10566 0 0 -500 0
277 1
1 13 0 0 0 0 0.389461 0 2.97461 3.00186 0.10566 0 0 -500 0
278 1
1 13 0 0 0 0 0.344104 0 2.9802 3.00186 0.10566 0 0 -500 0
279 1
1 13 0 0 0 0 0.512967 0 2.95582 3.00186 0.10566 0 0 -500 0
280 1
1 13 0 0 0 0 0.292734 0 2.98568 3.00186 0.10566 0 0 -500 0
281 1
1 13 0 0 0 0 0.403635 0 2.97272 3.00186 0.10566 0 0 -500 0
282 1
1 13 0 0 0 0 0.474996 0 2.96216 3.00186 0.10566 0 0 -500 0
283 1
1 13 0 0 0 0 0.364327 0 2.9778 3.00186 0.10566 0 0 -500 0
284 1
1 13 0 0 0 0 0.323794 0 2.98248 3.00186 0.10566 0 0 -500 0
285 1
1 13 0 0 0 0 0.460927 0 2.96438 3.00186 0.10566 0 0 -500 0
286 1
1 13 0 0 0 0 0.400503 0 2.97315 3.00186 0.10566 0 0 -500 0
287 1
1 13 0 0 0 0 0.306743 0 2.98428 3.00186 0.10566 0 0 -500 0
288 1
1 13 0 0 0 0 0.289739 0 2.98598 3.00186 0.10566 0 0 -500 0
289 1
1 13 0 0 0 0 0.395319 0 2.97384 3.00186 0.10566 0 0 -500 0
290 1
1 13 0 0 0 0 0.385302 0 2.97515 3.00186 0.10566 0 0 -500 0
291 1
1 13 0 0 0 0 0.410764 0 2.97175 3.00186 0.10566 0 0 -500 0
292 1
1 13 0 0 0 0 0.505192 0 2.95716 3.00186 0.10566 0 0 -500 0
293 1
1 13 0 0 0 0 0.455094 0 2.96528 3.00186 0.10566 0 0 -500 0
294 1
1 13 0 0 0 0 0.481084 0 2.96118 3.00186 0.10566 0 0 -500 0
295 1
1 13 0 0 0 0 0.481199 0 2.96116 3.00186 0.10566 0 0 -500 0
296 1
1 13 0 0 0 0 0.350584 0 2.97944 3.00186 0.10566 0 0 -500 0
297 1
1 13 0 0 0 0 0.304994 0 2.98446 3.00186 0.10566 0 0 -500 0
298 1
1 13 0 0 0 0 0.481881 0 2.96105 3.00186 0.10566 0 0 -500 0
299 1
1 13 0 0 0 0 0.516514 0 2.9552 3.00186 0.10566 0 0 -500 0
300 1
1 13 0 0 0 0 0.273357 0 2.98752 3.00186 0.10566 0 0 -500 0
301 1
1 13 0 0 0 0 0.461617 0 2.96427 3.00186 0.10566 0 0 -500 0
302 1
1 13 0 0 0 0 0.322415 0 2.98262 3.00186 0.10566 0 0 -500 0
303 1
1 13 0 0 0 0 0.452393 0 2.96569 3.00186 0.10566 0 0 -500 0
304 1
1 13 0 0 0 0 0.438958 0 2.96771 3.00186 0.10566 0 0 -500 0
305 1
1 13 0 0 0 0 0.382547 0 2.97551 3.00186 0.10566 0 0 -500 0
306 1
1 13 0 0 0 0 0.315648 0 2.98335 3.00186 0.10566 0 0 -500 0
307 1
1 13 0 0 0 0 0.286987 0 2.98624 3.00186 0.10566 0 0 -500 0
308 1
1 13 0 0 0 0 0.51426 0 2.95559 3.00186 0.10566 0 0 -500 0
309 1
1 13 0 0 0 0 0.443041 0 2.96711 3.00186 0.10566 0 0 -500 0
310 1
1 13 0 0 0 0 0.366241 0 2.97756 3.00186 0.10566 0 0 -500 0
311 1
1 13 0 0 0 0 0.395103 0 2.97387 3.00186 0.10566 0 0 -500 0
312 1
1 13 0 0 0 0 0.448141 0 2.96634 3.00186 0.10566 0 0 -500 0
313 1
1 13 0 0 0 0 0.415071 0 2.97115 3.00186 0.10566 0 0 -500 0
314 1
1 13 0 0 0 0 0.396446 0 2.97369 3.00186 0.10566 0 0 -500 0
315 1
1 13 0 0 0 0 0.286396 0 2.9863 3.00186 0.10566 0 0 -500 0
316 1
1 13 0 0 0 0 0.291845 0 2.98577 3.00186 0.10566 0 0 -500 0
317 1
1 13 0 0 0 0 0.448224 0 2.96633 3.00186 0.10566 0 0 -500 0
318 1
1 13 0 0 0 0 0.447482 0 2.96644 3.00186 0.10566 0 0 -500 0
319 1
1 13 0 0 0 0 0.355134 0 2.97891 3.00186 0.10566 0 0 -500 0
320 1
1 13 0 0 0 0 0.278187 0 2.98707 3.00186 0.10566 0 0 -500 0
321 1
1 13 0 0 0 0 0.376621 0 2.97627 3.00186 0.10566 0 0 -500 0
322 1
1 13 0 0 0 0 0.395953 0 2.97376 3.00186 0.10566 0 0 -500 0
323 1
1 13 0 0 0 0 0.266989 0 2.9881 3.00186 0.10566 0 0 -500 0
324 1
1 13 0 0 0 0 0.436492 0 2.96808 3.00186 0.10566 0 0 -500 0
325 1
1 13 0 0 0 0 0.340488 0 2.98062 3.00186 0.10566 0 0 -500 0
326 1
1 13 0 0 0 0 0.476946 0 2.96184 3.00186 0.10566 0 0 -500 0
327 1
1 13 0 0 0 0 0.51667 0 2.95517 3.00186 0.10566 0 0 -500 0
328 1
1 13 0 0 0 0 0.3843 0 2.97528 3.00186 0.10566 0 0 -500 0
329 1
1 13 0 0 0 0 0.389921 0 2.97455 3.00186 0.10566 0 0 -500 0
330 1
1 13 0 0 0 0 0.387982 0 2.97481 3.00186 0.10566 0 0 -500 0
331 1
1 13 0 0 0 0 0.506649 0 2.95691 3.00186 0.10566 0 0 -500 0
332 1
1 13 0 0 0 0 0.445187 0 2.96678 3.00186 0.10566 0 0 -500 0
333 1
1 13 0 0 0 0 0.484192 0 2.96067 3.00186 0.10566 0 0 -500 0
334 1
1 13 0 0 0 0 0.295107 0 2.98545 3.00186 0.10566 0 0 -500 0
335 1
1 13 0 0 0 0 0.505771 0 2.95706 3.00186 0.10566 0 0 -500 0
336 1
1 13 0 0 0 0 0.326061 0 2.98223 3.00186 0.10566 0 0 -500 0
337 1
1 13 0 0 0 0 0.507339 0 2.95679 3.00186 0.10566 0 0 -500 0
338 1
1 13 0 0 0 0 0.394741 0 2.97392 3.00186 0.10566 0 0 -500 0
339 1
1 13 0 0 0 0 0.285079 0 2.98642 3.00186 0.10566 0 0 -500 0
340 1
1 13 0 0 0 0 0.383358 0 2.97541 3.00186 0.10566 0 0 -500 0
341 1
1 13 0 0 0 0 0.290091 0 2.98594 3.00186 0.10566 0 0 -500 0
342 1
1 13 0 0 0 0 0.281246 0 2.98679 3.00186 0.10566 0 0 -500 0
343 1
1 13 0 0 0 0 0.373535 0 2.97665 3.00186 0.10566 0 0 -500 0
344 1
1 13 0 0 0 0 0.467753 0 2.96331 3.00186 0.10566 0 0 -500 0
345 1
1 13 0 0 0 0 0.311484 0 2.98379 3.00186 0.10566 0 0 -500 0
346 1
1 13 0 0 0 0 0.324735 0 2.98237 3.00186 0.10566 0 0 -500 0
347 1
1 13 0 0 0 0 0.468379 0 2.96321 3.00186 0.10566 0 0 -500 0
348 1
1 13 0 0 0 0 0.391558 0 2.97434 3.00186 0.10566 0 0 -500 0
349 1
1 13 0 0 0 0 0.492789 0 2.95925 3.00186 0.10566 0 0 -500 0
350 1
1 13 0 0 0 0 0.487805 0 2.96008 3.00186 0.10566 0 0 -500 0
351 1
1 13 0 0 0 0 0.423111 0 2.97001 3.00186 0.10566 0 0 -500 0
352 1
1 13 0 0 0 0 0.432135 0 2.96871 3.00186 0.10566 0 0 -500 0
353 1
1 13 0 0 0 0 0.355645 0 2.97884 3.00186 0.10566 0 0 -500 0
354 1
1 13 0 0 0 0 0.376305 0 2.97631 3.00186 0.10566 0 0 -500 0
355 1
1 13 0 0 0 0 0.408237 0 2.97209 3.00186 0.10566 0 0 -500 0
356 1
1 13 0 0 0 0 0.392186 0 2.97425 3.00186 0.10566 0 0 -500 0
357 1
1 13 0 0 0 0 0.512142 0 2.95596 3.00186 0.10566 0 0 -500 0
358 1
1 13 0 0 0 0 0.348732 0 2.97966 3.00186 0.10566 0 0 -500 0
359 1
1 13 0 0 0 0 0.464716 0 2.96379 3.00186 0.10566 0 0 -500 0
360 1
1 13 0 0 0 0 0.432175 0 2.96871 3.00186 0.10566 0 0 -500 0
361 1
1 13 0 0 0 0 0.331764 0 2.9816 3.00186 0.10566 0 0 -500 0
362 1
1 13 0 0 0 0 0.276125 0 2.98727 3.00186 0.10566 0 0 -500 0
363 1
1 13 0 0 0 0 0.314809 0 2.98344 3.00186 0.10566 0 0 -500 0
364 1
1 13 0 0 0 0 0.464095 0 2.96389 3.00186 0.10566 0 0 -500 0
365 1
1 13 0 0 0 0 0.279567 0 2.98695 3.00186 0.10566 0 0 -500 0
366 1
1 13 0 0 0 0 0.335879 0 2.98114 3.00186 0.10566 0 0 -500 0
367 1
1 13 0 0 0 0 0.331738 0 2.9816 3.00186 0.10566 0 0 -500 0
368 1
1 13 0 0 0 0 0.305451 0 2.98441 3.00186 0.10566 0 0 -500 0
369 1
1 13 0 0 0 0 0.464887 0 2.96376 3.00186 0.10566 0 0 -500 0
370 1
1 13 0 0 0 0 0.514226 0 2.9556 3.00186 0.10566 0 0 -500 0
371 1
1 13 0 0 0 0 0.463297 0 2.96401 3.00186 0.10566 0 0 -500 0
372 1
1 13 0 0 0 0 0.298395 0 2.98512 3.00186 0.10566 0 0 -500 0
373 1
1 13 0 0 0 0 0.480581 0 2.96126 3.00186 0.10566 0 0 -500 0
374 1
1 13 0 0 0 0 0.440783 0 2.96744 3.00186 0.10566 0 0 -500 0
375 1
1 13 0 0 0 0 0.26222 0 2.98852 3.00186 0.10566 0 0 -500 0
376 1
1 13 0 0 0 0 0.349796 0 2.97954 3.00186 0.10566 0 0 -500 0
377 1
1 13 0 0 0 0 0.47421 0 2.96228 3.00186 0.10566 0 0 -500 0
378 1
1 13 0 0 0 0 0.266727 0 2.98812 3.00186 0.10566 0 0 -500 0
379 1
1 13 0 0 0 0 0.30623 0 2.98433 3.00186 0.10566 0 0 -500 0
380 1
1 13 0 0 0 0 0.388675 0 2.97472 3.00186 0.10566 0 0 -500 0
381 1
1 13 0 0 0 0 0.447542 0 2.96643 3.00186 0.10566 0 0 -500 0
382 1
1 13 0 0 0 0 0.494207 0 2.95901 3.00186 0.10566 0 0 -500 0
383 1
1 13 0 0 0 0 0.499525 0 2.95812 3.00186 0.10566 0 0 -500 0
384 1
1 13 0 0 0 0 0.439294 0 2.96766 3.00186 0.10566 0 0 -500 0
385 1
1 13 0 0 0 0 0.316395 0 2.98327 3.00186 0.10566 0 0 -500 0
386 1
1 13 0 0 0 0 0.359413 0 2.97839 3.00186 0.10566 0 0 -500 0
387 1
1 13 0 0 0 0 0.42195 0 2.97018 3.00186 0.10566 0 0 -500 0
388 1
1 13 0 0 0 0 0.295528 0 2.98541 3.00186 0.10566 0 0 -500 0
389 1
1 13 0 0 0 0 0.442335 0 2.96721 3.00186 0.10566 0 0 -500 0
390 1
1 13 0 0 0 0 0.287315 0 2.98621 3.00186 0.10566 0 0 -500 0
391 1
1 13 0 0 0 0 0.408079 0 2.97212 3.00186 0.10566 0 0 -500 0
392 1
1 13 0 0 0 0 0.332798 0 2.98148 3.00186 0.10566 0 0 -500 0
393 1
1 13 0 0 0 0 0.322127 0 2.98266 3.00186 0.10566 0 0 -500 0
394 1
1 13 0 0 0 0 0.364559 0 2.97777 3.00186 0.10566 0 0 -500 0
395 1
1 13 0 0 0 0 0.437716 0 2.9679 3.00186 0.10566 0 0 -500 0
396 1
1 13 0 0 0 0 0.406028 0 2.9724 3.00186 0.10566 0 0 -500 0
397 1
1 13 0 0 0 0 0.437404 0 2.96794 3.00186 0.10566 0 0 -500 0
398 1
1 13 0 0 0 0 0.412565 0 2.9715 3.00186 0.10566 0 0 -500 0
399 1
1 13 0 0 0 0 0.423346 0 2.96998 3.00186 0.10566 0 0 -500 0
400 1
1 13 0 0 0 0 0.271597 0 2.98768 3.00186 0.10566 0 0 -500 0
401 1
1 13 0 0 0 0 0.370577 0 2.97702 3.00186 0.10566 0 0 -500 0
402 1
1 13 0 0 0 0 0.466965 0 2.96343 3.00186 0.10566 0 0 -500 0
403 1
1 13 0 0 0 0 0.413477 0 2.97137 3.00186 0.10566 0 0 -500 0
404 1
1 13 0 0 0 0 0.491443 0 2.95947 3.00186 0.10566 0 0 -500 0
405 1
1 13 0 0 0 0 0.290269 0 2.98592 3.00186 0.10566 0 0 -500 0
406 1
1 13 0 0 0 0 0.305687 0 2.98439 3.00186 0.10566 0 0 -500 0
407 1
1 13 0 0 0 0 0.507177 0 2.95682 3.00186 0.10566 0 0 -500 0
408 1
1 13 0 0 0 0 0.499817 0 2.95807 3.00186 0.10566 0 0 -500 0
409 1
1 13 0 0 0 0 0.284936 0 2.98644 3.00186 0.10566 0 0 -500 0
410 1
1 13 0 0 0 0 0.331768 0 2.9816 3.00186 0.10566 0 0 -500 0
411 1
1 13 0 0 0 0 0.265407 0 2.98824 3.00186 0.10566 0 0 -500 0
412 1
1 13 0 0 0 0 0.508917 0 2.95652 3.00186 0.10566 0 0 -500 0
413 1
1 13 0 0 0 0 0.48245 0 2.96095 3.00186 0.10566 0 0 -500 0
414 1
1 13 0 0 0 0 0.344057 0 2.98021 3.00186 0.10566 0 0 -500 0
415 1
1 13 0 0 0 0 0.315954 0 2.98332 3.00186 0.10566 0 0 -500 0
416 1
1 13 0 0 0 0 0.516903 0 2.95513 3.00186 0.10566 0 0 -500 0
417 1
1 13 0 0 0 0 0.318737 0 2.98302 3.00186 0.10566 0 0 -500 0
418 1
1 13 0 0 0 0 0.406174 0 2.97238 3.00186 0.10566 0 0 -500 0
419 1
1 13 0 0 0 0 0.278412 0 2.98705 3.00186 0.10566 0 0 -500 0
420 1
1 13 0 0 0 0 0.498476 0 2.9583 3.00186 0.10566 0 0 -500 0
421 1
1 13 0 0 0 0 0.366095 0 2.97758 3.00186 0.10566 0 0 -500 0
422 1
1 13 0 0 0 0 0.380457 0 2.97578 3.00186 0.10566 0 0 -500 0
423 1
1 13 0 0 0 0 0.422742 0 2.97007 3.00186 0.10566 0 0 -500 0
424 1
1 13 0 0 0 0 0.323379 0 2.98252 3.00186 0.10566 0 0 -500 0
425 1
1 13 0 0 0 0 0.365601 0 2.97764 3.00186 0.10566 0 0 -500 0
426 1
1 13 0 0 0 0 0.403573 0 2.97273 3.00186 0.10566 0 0 -500 0
427 1
1 13 0 0 0 0 0.289804 0 2.98597 3.00186 0.10566 0 0 -500 0
428 1
1 13 0 0 0 0 0.425196 0 2.96972 3.00186 0.10566 0 0 -500 0
429 1
1 13 0 0 0 0 0.269009 0 2.98791 3.00186 0.10566 0 0 -500 0
430 1
1 13 0 0 0 0 0.343008 0 2.98033 3.00186 0.10566 0 0 -500 0
431 1
1 13 0 0 0 0 0.519696 0 2.95464 3.00186 0.10566 0 0 -500 0
432 1
1 13 0 0 0 0 0.307654 0 2.98418 3.00186 0.10566 0 0 -500 0
433 1
1 13 0 0 0 0 0.269776 0 2.98785 3.00186 0.10566 0 0 -500 0
434 1
1 13 0 0 0 0 0.356702 0 2.97872 3.00186 0.10566 0 0 -500 0
435 1
1 13 0 0 0 0 0.278087 0 2.98708 3.00186 0.10566 0 0 -500 0
436 1
1 13 0 0 0 0 0.403793 0 2.9727 3.00186 0.10566 0 0 -500 0
437 1
1 13 0 0 0 0 0.273071 0 2.98755 3.00186 0.10566 0 0 -500 0
438 1
1 13 0 0 0 0 0.506125 0 2.957 3.00186 0.10566 0 0 -500 0
439 1
1 13 0 0 0 0 0.433154 0 2.96856 3.00186 0.10566 0 0 -500 0
440 1
1 13 0 0 0 0 0.432075 0 2.96872 3.00186 0.10566 0 0 -500 0
441 1
1 13 0 0 0 0 0.404703 0 2.97258 3.00186 0.10566 0 0 -500 0
442 1
1 13 0 0 0 0 0.419252 0 2.97056 3.00186 0.10566 0 0 -500 0
443 1
1 13 0 0 0 0 0.418933 0 2.97061 3.00186 0.10566 0 0 -500 0
444 1
1 13 0 0 0 0 0.396831 0 2.97364 3.00186 0.10566 0 0 -500 0
445 1
1 13 0 0 0 0 0.298313 0 2.98513 3.00186 0.10566 0 0 -500 0
446 1
1 13 0 0 0 0 0.345402 0 2.98005 3.00186 0.10566 0 0 -500 0
447 1
1 13 0 0 0 0 0.475503 0 2.96208 3.00186 0.10566 0 0 -500 0
448 1
1 13 0 0 0 0 0.281011 0 2.98681 3.00186 0.10566 0 0 -500 0
449 1
1 13 0 0 0 0 0.479638 0 2.96141 3.00186 0.10566 0 0 -500 0
450 1
1 13 0 0 0 0 0.495611 0 2.95878 3.00186 0.10566 0 0 -500 0
451 1
1 13 0 0 0 0 0.413609 0 2.97135 3.00186 0.10566 0 0 -500 0
452 1
1 13 0 0 0 0 0.35328 0 2.97913 3.00186 0.10566 0 0 -500 0
453 1
1 13 0 0 0 0 0.417581 0 2.9708 3.00186 0.10566 0 0 -500 0
454 1
1 13 0 0 0 0 0.510338 0 2.95627 3.00186 0.10566 0 0 -500 0
455 1
1 13 0 0 0 0 0.326231 0 2.98221 3.00186 0.10566 0 0 -500 0
456 1
1 13 0 0 0 0 0.40104 0 2.97307 3.00186 0.10566 0 0 -500 0
457 1
1 13 0 0 0 0 0.288011 0 2.98614 3.00186 0.10566 0 0 -500 0
458 1
1 13 0 0 0 0 0.504047 0 2.95735 3.00186 0.10566 0 0 -500 0
459 1
1 13 0 0 0 0 0.417629 0 2.97079 3.00186 0.10566 0 0 -500 0
460 1
1 13 0 0 0 0 0.479547 0 2.96142 3.00186 0.10566 0 0 -500 0
461 1
1 13 0 0 0 0 0.486125 0 2.96035 3.00186 0.10566 0 0 -500 0
462 1
1 13 0 0 0 0 0.28466 0 2.98646 3.00186 0.10566 0 0 -500 0
463 1
1 13 0 0 0 0 0.482276 0 2.96098 3.00186 0.10566 0 0 -500 0
464 1
1 13 0 0 0 0 0.351738 0 2.97931 3.00186 0.10566 0 0 -500 0
465 1
1 13 0 0 0 0 0.310643 0 2.98387 3.00186 0.10566 0 0 -500 0
466 1
1 13 0 0 0 0 0.313565 0 2.98357 3.00186 0.10566 0 0 -500 0
467 1
1 13 0 0 0 0 0.386736 0 2.97497 3.00186 0.10566 0 0 -500 0
468 1
1 13 0 0 0 0 0.364762 0 2.97774 3.00186 0.10566 0 0 -500 0
469 1
1 13 0 0 0 0 0.508803 0 2.95654 3.00186 0.10566 0 0 -500 0
470 1
1 13 0 0 0 0 0.304682 0 2.98449 3.00186 0.10566 0 0 -500 0
471 1
1 13 0 0 0 0 0.313985 0 2.98352 3.00186 0.10566 0 0 -500 0
472 1
1 13 0 0 0 0 0.448926 0 2.96622 3.00186 0.10566 0 0 -500 0
473 1
1 13 0 0 0 0 0.421772 0 2.9702 3.00186 0.10566 0 0 -500 0
474 1
1 13 0 0 0 0 0.263206 0 2.98843 3.00186 0.10566 0 0 -500 0
475 1
1 13 0 0 0 0 0.350627 0 2.97944 3.00186 0.10566 0 0 -500 0
476 1
1 13 0 0 0 0 0.484697 0 2.96059 3.00186 0.10566 0 0 -500 0
477 1
1 13 0 0 0 0 0.428984 0 2.96917 3.00186 0.10566 0 0 -500 0
478 1
1 13 0 0 0 0 0.264044 0 2.98836 3.00186 0.10566 0 0 -500 0
479 1
1 13 0 0 0 0 0.367018 0 2.97746 3.00186 0.10566 0 0 -500 0
480 1
1 13 0 0 0 0 0.452606 0 2.96566 3.00186 0.10566 0 0 -500 0
481 1
1 13 0 0 0 0 0.379894 0 2.97585 3.00186 0.10566 0 0 -500 0
482 1
1 13 0 0 0 0 0.365071 0 2.9777 3.00186 0.10566 0 0 -500 0
483 1
1 13 0 0 0 0 0.391502 0 2.97434 3.00186 0.10566 0 0 -500 0
484 1
1 13 0 0 0 0 0.491632 0 2.95944 3.00186 0.10566 0 0 -500 0
485 1
1 13 0 0 0 0 0.42756 0 2.96938 3.00186 0.10566 0 0 -500 0
486 1
1 13 0 0 0 0 0.34829 0 2.97971 3.00186 0.10566 0 0 -500 0
487 1
1 13 0 0 0 0 0.300296 0 2.98493 3.00186 0.10566 0 0 -500 0
488 1
1 13 0 0 0 0 0.469709 0 2.963 3.00186 0.10566 0 0 -500 0
489 1
1 13 0 0 0 0 0.321189 0 2.98276 3.00186 0.10566 0 0 -500 0
490 1
1 13 0 0 0 0 0.499229 0 2.95817 3.00186 0.10566 0 0 -500 0
491 1
1 13 0 0 0 0 0.402706 0 2.97285 3.00186 0.10566 0 0 -500 0
492 1
1 13 0 0 0 0 0.464576 0 2.96381 3.00186 0.10566 0 0 -500 0
493 1
1 13 0 0 0 0 0.376233 0 2.97631 3.00186 0.10566 0 0 -500 0
494 1
1 13 0 0 0 0 0.459548 0 2.96459 3.00186 0.10566 0 0 -500 0
495 1
1 13 0 0 0 0 0.356775 0 2.97871 3.00186 0.10566 0 0 -500 0
496 1
1 13 0 0 0 0 0.336467 0 2.98107 3.00186 0.10566 0 0 -500 0
497 1
1 13 0 0 0 0 0.499563 0 2.95811 3.00186 0.10566 0 0 -500 0
498 1
1 13 0 0 0 0 0.279534 0 2.98695 3.00186 0.10566 0 0 -500 0
499 1
1 13 0 0 0 0 0.317655 0 2.98314 3.00186 0.10566 0 0 -500 0
500 1
1 13 0 0 0 0 0.400182 0 2.97319 3.00186 0.10566 0 0 -500 0
501 1
1 13 0 0 0 0 0.426032 0 2.9696 3.00186 0.10566 0 0 -500 0
502 1
1 13 0 0 0 0 0.406485 0 2.97233 3.00186 0.10566 0 0 -500 0
503 1
1 13 0 0 0 0 0.27762 0 2.98713 3.00186 0.10566 0 0 -500 0
504 1
1 13 0 0 0 0 0.300317 0 2.98493 3.00186 0.10566 0 0 -500 0
505 1
1 13 0 0 0 0 0.275187 0 2.98735 3.00186 0.10566 0 0 -500 0
506 1
1 13 0 0 0 0 0.510288 0 2.95628 3.00186 0.10566 0 0 -500 0
507 1
1 13 0 0 0 0 0.335762 0 2.98115 3.00186 0.10566 0 0 -500 0
508 1
1 13 0 0 0 0 0.494355 0 2.95899 3.00186 0.10566 0 0 -500 0
509 1
1 13 0 0 0 0 0.436323 0 2.9681 3.00186 0.10566 0 0 -500 0
510 1
1 13 0 0 0 0 0.384865 0 2.97521 3.00186 0.10566 0 0 -500 0
511 1
1 13 0 0 0 0 0.410914 0 2.97172 3.00186 0.10566 0 0 -500 0
512 1
1 13 0 0 0 0 0.401669 0 2.97299 3.00186 0.10566 0 0 -500 0
513 1
1 13 0 0 0 0 0.513194 0 2.95578 3.00186 0.10566 0 0 -500 0
514 1
1 13 0 0 0 0 0.514928 0 2.95548 3.00186 0.10566 0 0 -500 0
515 1
1 13 0 0 0 0 0.353465 0 2.9791 3.00186 0.10566 0 0 -500 0
516 1
1 13 0 0 0 0 0.410839 0 2.97174 3.00186 0.10566 0 0 -500 0
517 1
1 13 0 0 0 0 0.285643 0 2.98637 3.00186 0.10566 0 0 -500 0
518 1
1 13 0 0 0 0 0.331417 0 2.98164 3.00186 0.10566 0 0 -500 0
519 1
1 13 0 0 0 0 0.323264 0 2.98253 3.00186 0.10566 0 0 -500 0
520 1
1 13 0 0 0 0 0.380001 0 2.97584 3.00186 0.10566 0 0 -500 0
521 1
1 13 0 0 0 0 0.284359 0 2.98649 3.00186 0.10566 0 0 -500 0
522 1
1 13 0 0 0 0 0.440035 0 2.96755 3.00186 0.10566 0 0 -500 0
523 1
1 13 0 0 0 0 0.349267 0 2.9796 3.00186 0.10566 0 0 -500 0
524 1
1 13 0 0 0 0 0.49693 0 2.95856 3.00186 0.10566 0 0 -500 0
525 1
1 13 0 0 0 0 0.326068 0 2.98223 3.00186 0.10566 0 0 -500 0
526 1
1 13 0 0 0 0 0.331604 0 2.98162 3.00186 0.10566 0 0 -500 0
527 1
1 13 0 0 0 0 0.302448 0 2.98472 3.00186 0.10566 0 0 -500 0
528 1
1 13 0 0 0 0 0.477118 0 2.96182 3.00186 0.10566 0 0 -500 0
529 1
1 13 0 0 0 0 0.357573 0 2.97861 3.00186 0.10566 0 0 -500 0
530 1
1 13 0 0 0 0 0.367162 0 2.97745 3.00186 0.10566 0 0 -500 0
531 1
1 13 0 0 0 0 0.488892 0 2.9599 3.00186 0.10566 0 0 -500 0
532 1
1 13 0 0 0 0 0.426719 0 2.9695 3.00186 0.10566 0 0 -500 0
533 1
1 13 0 0 0 0 0.323331 0 2.98253 3.00186 0.10566 0 0 -500 0
534 1
1 13 0 0 0 0 0.49161 0 2.95945 3.00186 0.10566 0 0 -500 0
535 1
1 13 0 0 0 0 0.32335 0 2.98252 3.00186 0.10566 0 0 -500 0
536 1
1 13 0 0 0 0 0.357462 0 2.97863 3.00186 0.10566 0 0 -500 0
537 1
1 13 0 0 0 0 0.304937 0 2.98446 3.00186 0.10566 0 0 -500 0
538 1
1 13 0 0 0 0 0.265124 0 2.98826 3.00186 0.10566 0 0 -500 0
539 1
1 13 0 0 0 0 0.464144 0 2.96388 3.00186 0.10566 0 0 -500 0
540 1
1 13 0 0 0 0 0.435513 0 2.96822 3.00186 0.10566 0 0 -500 0
541 1
1 13 0 0 0 0 0.293234 0 2.98563 3.00186 0.10566 0 0 -500 0
542 1
1 13 0 0 0 0 0.281763 0 2.98674 3.00186 0.10566 0 0 -500 0
543 1
1 13 0 0 0 0 0.29045 0 2.98591 3.00186 0.10566 0 0 -500 0
544 1
1 13 0 0 0 0 0.430327 0 2.96898 3.00186 0.10566 0 0 -500 0
545 1
1 13 0 0 0 0 0.482638 0 2.96092 3.00186 0.10566 0 0 -500 0
546 1
1 13 0 0 0 0 0.44753 0 2.96643 3.00186 0.10566 0 0 -500 0
547 1
1 13 0 0 0 0 0.488605 0 2.95994 3.00186 0.10566 0 0 -500 0
548 1
1 13 0 0 0 0 0.27736 0 2.98715 3.00186 0.10566 0 0 -500 0
549 1
1 13 0 0 0 0 0.50119 0 2.95784 3.00186 0.10566 0 0 -500 0
550 1
1 13 0 0 0 0 0.300257 0 2.98494 3.00186 0.10566 0 0 -500 0
551 1
1 13 0 0 0 0 0.275804 0 2.9873 3.00186 0.10566 0 0 -500 0
552 1
1 13 0 0 0 0 0.421259 0 2.97028 3.00186 0.10566 0 0 -500 0
553 1
1 13 0 0 0 0 0.415988 0 2.97102 3.00186 0.10566 0 0 -500 0
554 1
1 13 0 0 0 0 0.308558 0 2.98409 3.00186 0.10566 0 0 -500 0
555 1
1 13 0 0 0 0 0.323087 0 2.98255 3.00186 0.10566 0 0 -500 0
556 1
1 13 0 0 0 0 0.470158 0 2.96293 3.00186 0.10566 0 0 -500 0
557 1
1 13 0 0 0 0 0.517998 0 2.95494 3.00186 0.10566 0 0 -500 0
558 1
1 13 0 0 0 0 0.365947 0 2.9776 3.00186 0.10566 0 0 -500 0
559 1
1 13 0 0 0 0 0.318583 0 2.98304 3.00186 0.10566 0 0 -500 0
560 1
1 13 0 0 0 0 0.404686 0 2.97258 3.00186 0.10566 0 0 -500 0
561 1
1 13 0 0 0 0 0.366754 0 2.9775 3.00186 0.10566 0 0 -500 0
562 1
1 13 0 0 0 0 0.389287 0 2.97464 3.00186 0.10566 0 0 -500 0
563 1
1 13 0 0 0 0 0.353264 0 2.97913 3.00186 0.10566 0 0 -500 0
564 1
1 13 0 0 0 0 0.305759 0 2.98438 3.00186 0.10566 0 0 -500 0
565 1
1 13 0 0 0 0 0.340777 0 2.98058 3.00186 0.10566 0 0 -500 0
566 1
1 13 0 0 0 0 0.323357 0 2.98252 3.00186 0.10566 0 0 -500 0
567 1
1 13 0 0 0 0 0.426704 0 2.9695 3.00186 0.10566 0 0 -500 0
568 1
1 13 0 0 0 0 0.339411 0 2.98074 3.00186 0.10566 0 0 -500 0
569 1
1 13 0 0 0 0 0.26679 0 2.98811 3.00186 0.10566 0 0 -500 0
570 1
1 13 0 0 0 0 0.479676 0 2.9614 3.00186 0.10566 0 0 -500 0
571 1
1 13 0 0 0 0 0.331307 0 2.98165 3.00186 0.10566 0 0 -500 0
572 1
1 13 0 0 0 0 0.32377 0 2.98248 3.00186 0.10566 0 0 -500 0
573 1
1 13 0 0 0 0 0.45407 0 2.96544 3.00186 0.10566 0 0 -500 0
574 1
1 13 0 0 0 0 0.514304 0 2.95559 3.00186 0.10566 0 0 -500 0
575 1
1 13 0 0 0 0 0.337929 0 2.98091 3.00186 0.10566 0 0 -500 0
576 1
1 13 0 0 0 0 0.488615 0 2.95994 3.00186 0.10566 0 0 -500 0
577 1
1 13 0 0 0 0 0.493848 0 2.95907 3.00186 0.10566 0 0 -500 0
578 1
1 13 0 0 0 0 0.290694 0 2.98588 3.00186 0.10566 0 0 -500 0
579 1
1 13 0 0 0 0 0.372164 0 2.97683 3.00186 0.10566 0 0 -500 0
580 1
1 13 0 0 0 0 0.447317 0 2.96646 3.00186 0.10566 0 0 -500 0
581 1
1 13 0 0 0 0 0.453076 0 2.96559 3.00186 0.10566 0 0 -500 0
582 1
1 13 0 0 0 0 0.284331 0 2.9865 3.00186 0.10566 0 0 -500 0
583 1
1 13 0 0 0 0 0.501291 0 2.95782 3.00186 0.10566 0 0 -500 0
584 1
1 13 0 0 0 0 0.519808 0 2.95462 3.00186 0.10566 0 0 -500 0
585 1
1 13 0 0 0 0 0.346042 0 2.97998 3.00186 0.10566 0 0 -500 0
586 1
1 13 0 0 0 0 0.402618 0 2.97286 3.00186 0.10566 0 0 -500 0
587 1
1 13 0 0 0 0 0.281474 0 2.98677 3.00186 0.10566 0 0 -500 0
588 1
1 13 0 0 0 0 0.473557 0 2.96239 3.00186 0.10566 0 0 -500 0
589 1
1 13 0 0 0 0 0.409403 0 2.97193 3.00186 0.10566 0 0 -500 0
590 1
1 13 0 0 0 0 0.267021 0 2.98809 3.00186 0.10566 0 0 -500 0
591 1
1 13 0 0 0 0 0.502908 0 2.95755 3.00186 0.10566 0 0 -500 0
592 1
1 13 0 0 0 0 0.466012 0 2.96358 3.00186 0.10566 0 0 -500 0
593 1
1 13 0 0 0 0 0.44727 0 2.96647 3.00186 0.10566 0 0 -500 0
594 1
1 13 0 0 0 0 0.317561 0 2.98315 3.00186 0.10566 0 0 -500 0
595 1
1 13 0 0 0 0 0.276851 0 2.9872 3.00186 0.10566 0 0 -500 0
596 1
1 13 0 0 0 0 0.361339 0 2.97816 3.00186 0.10566 0 0 -500 0
597 1
1 13 0 0 0 0 0.433606 0 2.9685 3.00186 0.10566 0 0 -500 0
598 1
1 13 0 0 0 0 0.341945 0 2.98045 3.00186 0.10566 0 0 -500 0
599 1
1 13 0 0 0 0 0.273182 0 2.98754 3.00186 0.10566 0 0 -500 0
600 1
1 13 0 0 0 0 0.267896 0 2.98801 3.00186 0.10566 0 0 -500 0
601 1
1 13 0 0 0 0 0.414599 0 2.97121 3.00186 0.10566 0 0 -500 0
602 1
1 13 0 0 0 0 0.445841 0 2.96669 3.00186 0.10566 0 0 -500 0
603 1
1 13 0 0 0 0 0.50591 0 2.95703 3.00186 0.10566 0 0 -500 0
604 1
1 13 0 0 0 0 0.330721 0 2.98171 3.00186 0.10566 0 0 -500 0
605 1
1 13 0 0 0 0 0.39507 0 2.97387 3.00186 0.10566 0 0 -500 0
606 1
1 13 0 0 0 0 0.47262 0 2.96254 3.00186 0.10566 0 0 -500 0
607 1
1 13 0 0 0 0 0.396264 0 2.97371 3.00186 0.10566 0 0 -500 0
608 1
1 13 0 0 0 0 0.470678 0 2.96285 3.00186 0.10566 0 0 -500 0
609 1
1 13 0 0 0 0 0.391639 0 2.97433 3.00186 0.10566 0 0 -500 0
610 1
1 13 0 0 0 0 0.267966 0 2.98801 3.00186 0.10566 0 0 -500 0
611 1
1 13 0 0 0 0 0.316567 0 2.98325 3.00186 0.10566 0 0 -500 0
612 1
1 13 0 0 0 0 0.401013 0 2.97308 3.00186 0.10566 0 0 -500 0
613 1
1 13 0 0 0 0 0.33798 0 2.9809 3.00186 0.10566 0 0 -500 0
614 1
1 13 0 0 0 0 0.41592 0 2.97103 3.00186 0.10566 0 0 -500 0
615 1
1 13 0 0 0 0 0.36537 0 2.97767 3.00186 0.10566 0 0 -500 0
616 1
1 13 0 0 0 0 0.415497 0 2.97109 3.00186 0.10566 0 0 -500 0
617 1
1 13 0 0 0 0 0.480406 0 2.96129 3.00186 0.10566 0 0 -500 0
618 1
1 13 0 0 0 0 0.31789 0 2.98311 3.00186 0.10566 0 0 -500 0
619 1
1 13 0 0 0 0 0.416617 0 2.97093 3.00186 0.10566 0 0 -500 0
620 1
1 13 0 0 0 0 0.263129 0 2.98844 3.00186 0.10566 0 0 -500 0
621 1
1 13 0 0 0 0 0.499052 0 2.9582 3.00186 0.10566 0 0 -500 0
622 1
1 13 0 0 0 0 0.433199 0 2.96856 3.00186 0.10566 0 0 -500 0
623 1
1 13 0 0 0 0 0.461228 0 2.96433 3.00186 0.10566 0 0 -500 0
624 1
1 13 0 0 0 0 0.485287 0 2.96049 3.00186 0.10566 0 0 -500 0
625 1
1 13 0 0 0 0 0.396868 0 2.97363 3.00186 0.10566 0 0 -500 0
626 1
1 13 0 0 0 0 0.406738 0 2.9723 3.00186 0.10566 0 0 -500 0
627 1
1 13 0 0 0 0 0.326822 0 2.98214 3.00186 0.10566 0 0 -500 0
628 1
1 13 0 0 0 0 0.448672 0 2.96626 3.00186 0.10566 0 0 -500 0
629 1
1 13 0 0 0 0 0.323544 0 2.9825 3.00186 0.10566 0 0 -500 0
630 1
1 13 0 0 0 0 0.359592 0 2.97837 3.00186 0.10566 0 0 -500 0
631 1
1 13 0 0 0 0 0.4423 0 2.96722 3.00186 0.10566 0 0 -500 0
632 1
1 13 0 0 0 0 0.377041 0 2.97621 3.00186 0.10566 0 0 -500 0
633 1
1 13 0 0 0 0 0.474321 0 2.96227 3.00186 0.10566 0 0 -500 0
634 1
1 13 0 0 0 0 0.271082 0 2.98773 3.00186 0.10566 0 0 -500 0
635 1
1 13 0 0 0 0 0.368971 0 2.97722 3.00186 0.10566 0 0 -500 0
636 1
1 13 0 0 0 0 0.417873 0 2.97075 3.00186 0.10566 0 0 -500 0
637 1
1 13 0 0 0 0 0.406226 0 2.97237 3.00186 0.10566 0 0 -500 0
638 1
1 13 0 0 0 0 0.401368 0 2.97303 3.00186 0.10566 0 0 -500 0
639 1
1 13 0 0 0 0 0.334742 0 2.98127 3.00186 0.10566 0 0 -500 0
640 1
1 13 0 0 0 0 0.508361 0 2.95661 3.00186 0.10566 0 0 -500 0
641 1
1 13 0 0 0 0 0.371557 0 2.9769 3.00186 0.10566 0 0 -500 0
642 1
1 13 0 0 0 0 0.408903 0 2.972 3.00186 0.10566 0 0 -500 0
643 1
1 13 0 0 0 0 0.370098 0 2.97708 3.00186 0.10566 0 0 -500 0
644 1
1 13 0 0 0 0 0.35325 0 2.97913 3.00186 0.10566 0 0 -500 0
645 1
1 13 0 0 0 0 0.512795 0 2.95585 3.00186 0.10566 0 0 -500 0
646 1
1 13 0 0 0 0 0.471465 0 2.96272 3.00186 0.10566 0 0 -500 0
647 1
1 13 0 0 0 0 0.51981 0 2.95462 3.00186 0.10566 0 0 -500 0
648 1
1 13 0 0 0 0 0.49134 0 2.95949 3.00186 0.10566 0 0 -500 0
649 1
1 13 0 0 0 0 0.371813 0 2.97687 3.00186 0.10566 0 0 -500 0
650 1
1 13 0 0 0 0 0.48694 0 2.96022 3.00186 0.10566 0 0 -500 0
651 1
1 13 0 0 0 0 0.303295 0 2.98463 3.00186 0.10566 0 0 -500 0
652 1
1 13 0 0 0 0 0.318344 0 2.98306 3.00186 0.10566 0 0 -500 0
653 1
1 13 0 0 0 0 0.454216 0 2.96542 3.00186 0.10566 0 0 -500 0
654 1
1 13 0 0 0 0 0.518089 0 2.95493 3.00186 0.10566 0 0 -500 0
655 1
1 13 0 0 0 0 0.436296 0 2.9681 3.00186 0.10566 0 0 -500 0
656 1
1 13 0 0 0 0 0.303765 0 2.98458 3.00186 0.10566 0 0 -500 0
657 1
1 13 0 0 0 0 0.463124 0 2.96404 3.00186 0.10566 0 0 -500 0
658 1
1 13 0 0 0 0 0.41437 0 2.97125 3.00186 0.10566 0 0 -500 0
659 1
1 13 0 0 0 0 0.501349 0 2.95781 3.00186 0.10566 0 0 -500 0
660 1
1 13 0 0 0 0 0.464395 0 2.96384 3.00186 0.10566 0 0 -500 0
661 1
1 13 0 0 0 0 0.395711 0 2.97379 3.00186 0.10566 0 0 -500 0
662 1
1 13 0 0 0 0 0.308568 0 2.98409 3.00186 0.10566 0 0 -500 0
663 1
1 13 0 0 0 0 0.33173 0 2.9816 3.00186 0.10566 0 0 -500 0
664 1
1 13 0 0 0 0 0.307189 0 2.98423 3.00186 0.10566 0 0 -500 0
665 1
1 13 0 0 0 0 0.504572 0 2.95726 3.00186 0.10566 0 0 -500 0
666 1
1 13 0 0 0 0 0.48726 0 2.96017 3.00186 0.10566 0 0 -500 0
667 1
1 13 0 0 0 0 0.464018 0 2.9639 3.00186 0.10566 0 0 -500 0
668 1
1 13 0 0 0 0 0.517368 0 2.95505 3.00186 0.10566 0 0 -500 0
669 1
1 13 0 0 0 0 0.396627 0 2.97367 3.00186 0.10566 0 0 -500 0
670 1
1 13 0 0 0 0 0.459248 0 2.96464 3.00186 0.10566 0 0 -500 0
671 1
1 13 0 0 0 0 0.437487 0 2.96793 3.00186 0.10566 0 0 -500 0
672 1
1 13 0 0 0 0 0.386213 0 2.97504 3.00186 0.10566 0 0 -500 0
673 1
1 13 0 0 0 0 0.519593 0 2.95466 3.00186 0.10566 0 0 -500 0
674 1
1 13 0 0 0 0 0.351387 0 2.97935 3.00186 0.10566 0 0 -500 0
675 1
1 13 0 0 0 0 0.361436 0 2.97815 3.00186 0.10566 0 0 -500 0
676 1
1 13 0 0 0 0 0.279784 0 2.98692 3.00186 0.10566 0 0 -500 0
677 1
1 13 0 0 0 0 0.262963 0 2.98845 3.00186 0.10566 0 0 -500 0
678 1
1 13 0 0 0 0 0.484927 0 2.96055 3.00186 0.10566 0 0 -500 0
679 1
1 13 0 0 0 0 0.292685 0 2.98569 3.00186 0.10566 0 0 -500 0
680 1
1 13 0 0 0 0 0.502512 0 2.95761 3.00186 0.10566 0 0 -500 0
681 1
1 13 0 0 0 0 0.477764 0 2.96171 3.00186 0.10566 0 0 -500 0
682 1
1 13 0 0 0 0 0.446133 0 2.96664 3.00186 0.10566 0 0 -500 0
683 1
1 13 0 0 0 0 0.419728 0 2.97049 3.00186 0.10566 0 0 -500 0
684 1
1 13 0 0 0 0 0.475409 0 2.96209 3.00186 0.10566 0 0 -500 0
685 1
1 13 0 0 0 0 0.43855 0 2.96777 3.00186 0.10566 0 0 -500 0
686 1
1 13 0 0 0 0 0.32489 0 2.98236 3.00186 0.10566 0 0 -500 0
687 1
1 13 0 0 0 0 0.443061 0 2.9671 3.00186 0.10566 0 0 -500 0
688 1
1 13 0 0 0 0 0.330009 0 2.98179 3.00186 0.10566 0 0 -500 0
689 1
1 13 0 0 0 0 0.373442 0 2.97667 3.00186 0.10566 0 0 -500 0
690 1
1 13 0 0 0 0 0.413069 0 2.97143 3.00186 0.10566 0 0 -500 0
691 1
1 13 0 0 0 0 0.445003 0 2.96681 3.00186 0.10566 0 0 -500 0
692 1
1 13 0 0 0 0 0.2987 0 2.98509 3.00186 0.10566 0 0 -500 0
693 1
1 13 0 0 0 0 0.383119 0 2.97544 3.00186 0.10566 0 0 -500 0
694 1
1 13 0 0 0 0 0.424997 0 2.96974 3.00186 0.10566 0 0 -500 0
695 1
1 13 0 0 0 0 0.312888 0 2.98364 3.00186 0.10566 0 0 -500 0
696 1
1 13 0 0 0 0 0.471645 0 2.96269 3.00186 0.10566 0 0 -500 0
697 1
1 13 0 0 0 0 0.30639 0 2.98431 3.00186 0.10566 0 0 -500 0
698 1
1 13 0 0 0 0 0.481062 0 2.96118 3.00186 0.10566 0 0 -500 0
699 1
1 13 0 0 0 0 0.294084 0 2.98555 3.00186 0.10566 0 0 -500 0
700 1
1 13 0 0 0 0 0.380661 0 2.97575 3.00186 0.10566 0 0 -500 0
701 1
1 13 0 0 0 0 0.373441 0 2.97667 3.00186 0.10566 0 0 -500 0
702 1
1 13 0 0 0 0 0.396975 0 2.97362 3.00186 0.10566 0 0 -500 0
703 1
1 13 0 0 0 0 0.37339 0 2.97667 3.00186 0.10566 0 0 -500 0
704 1
1 13 0 0 0 0 0.517567 0 2.95502 3.00186 0.10566 0 0 -500 0
705 1
1 13 0 0 0 0 0.501408 0 2.9578 3.00186 0.10566 0 0 -500 0
706 1
1 13 0 0 0 0 0.386662 0 2.97498 3.00186 0.10566 0 0 -500 0
707 1
1 13 0 0 0 0 0.445246 0 2.96678 3.00186 0.10566 0 0 -500 0
708 1
1 13 0 0 0 0 0.294761 0 2.98548 3.00186 0.10566 0 0 -500 0
709 1
1 13 0 0 0 0 0.378413 0 2.97604 3.00186 0.10566 0 0 -500 0
710 1
1 13 0 0 0 0 0.331671 0 2.98161 3.00186 0.10566 0 0 -500 0
711 1
1 13 0 0 0 0 0.445038 0 2.96681 3.00186 0.10566 0 0 -500 0
712 1
1 13 0 0 0 0 0.439662 0 2.96761 3.00186 0.10566 0 0 -500 0
713 1
1 13 0 0 0 0 0.301716 0 2.98479 3.00186 0.10566 0 0 -500 0
714 1
1 13 0 0 0 0 0.430729 0 2.96892 3.00186 0.10566 0 0 -500 0
715 1
1 13 0 0 0 0 0.305636 0 2.98439 3.00186 0.10566 0 0 -500 0
716 1
1 13 0 0 0 0 0.503751 0 2.9574 3.00186 0.10566 0 0 -500 0
717 1
1 13 0 0 0 0 0.455153 0 2.96527 3.00186 0.10566 0 0 -500 0
718 1
1 13 0 0 0 0 0.290424 0 2.98591 3.00186 0.10566 0 0 -500 0
719 1
1 13 0 0 0 0 0.326081 0 2.98223 3.00186 0.10566 0 0 -500 0
720 1
1 13 0 0 0 0 0.295179 0 2.98544 3.00186 0.10566 0 0 -500 0
721 1
1 13 0 0 0 0 0.413869 0 2.97131 3.00186 0.10566 0 0 -500 0
722 1
1 13 0 0 0 0 0.265908 0 2.98819 3.00186 0.10566 0 0 -500 0
723 1
1 13 0 0 0 0 0.304233 0 2.98453 3.00186 0.10566 0 0 -500 0
724 1
1 13 0 0 0 0 0.420645 0 2.97036 3.00186 0.10566 0 0 -500 0
725 1
1 13 0 0 0 0 0.450958 0 2.96591 3.00186 0.10566 0 0 -500 0
726 1
1 13 0 0 0 0 0.424938 0 2.96975 3.00186 0.10566 0 0 -500 0
727 1
1 13 0 0 0 0 0.317959 0 2.9831 3.00186 0.10566 0 0 -500 0
728 1
1 13 0 0 0 0 0.358383 0 2.97852 3.00186 0.10566 0 0 -500 0
729 1
1 13 0 0 0 0 0.26184 0 2.98855 3.00186 0.10566 0 0 -500 0
730 1
1 13 0 0 0 0 0.357628 0 2.97861 3.00186 0.10566 0 0 -500 0
731 1
1 13 0 0 0 0 0.330561 0 2.98173 3.00186 0.10566 0 0 -500 0
732 1
1 13 0 0 0 0 0.390479 0 2.97448 3.00186 0.10566 0 0 -500 0
733 1
1 13 0 0 0 0 0.447684 0 2.96641 3.00186 0.10566 0 0 -500 0
734 1
1 13 0 0 0 0 0.486135 0 2.96035 3.00186 0.10566 0 0 -500 0
735 1
1 13 0 0 0 0 0.371627 0 2.97689 3.00186 0.10566 0 0 -500 0
736 1
1 13 0 0 0 0 0.428202 0 2.96928 3.00186 0.10566 0 0 -500 0
737 1
1 13 0 0 0 0 0.267147 0 2.98808 3.00186 0.10566 0 0 -500 0
738 1
1 13 0 0 0 0 0.429331 0 2.96912 3.00186 0.10566 0 0 -500 0
739 1
1 13 0 0 0 0 0.356748 0 2.97871 3.00186 0.10566 0 0 -500 0
740 1
1 13 0 0 0 0 0.338314 0 2.98086 3.00186 0.10566 0 0 -500 0
741 1
1 13 0 0 0 0 0.405335 0 2.97249 3.00186 0.10566 0 0 -500 0
742 1
1 13 0 0 0 0 0.474975 0 2.96216 3.00186 0.10566 0 0 -500 0
743 1
1 13 0 0 0 0 0.394823 0 2.97391 3.00186 0.10566 0 0 -500 0
744 1
1 13 0 0 0 0 0.408144 0 2.97211 3.00186 0.10566 0 0 -500 0
745 1
1 13 0 0 0 0 0.295453 0 2.98542 3.00186 0.10566 0 0 -500 0
746 1
1 13 0 0 0 0 0.33375 0 2.98138 3.00186 0.10566 0 0 -500 0
747 1
1 13 0 0 0 0 0.46906 0 2.9631 3.00186 0.10566 0 0 -500 0
748 1
1 13 0 0 0 0 0.376851 0 2.97624 3.00186 0.10566 0 0 -500 0
749 1
1 13 0 0 0 0 0.270786 0 2.98775 3.00186 0.10566 0 0 -500 0
750 1
1 13 0 0 0 0 0.330888 0 2.9817 3.00186 0.10566 0 0 -500 0
751 1
1 13 0 0 0 0 0.381213 0 2.97568 3.00186 0.10566 0 0 -500 0
752 1
1 13 0 0 0 0 0.41045 0 2.97179 3.00186 0.10566 0 0 -500 0
753 1
1 13 0 0 0 0 0.276995 0 2.98719 3.00186 0.10566 0 0 -500 0
754 1
1 13 0 0 0 0 0.268609 0 2.98795 3.00186 0.10566 0 0 -500 0
755 1
1 13 0 0 0 0 0.333771 0 2.98137 3.00186 0.10566 0 0 -500 0
756 1
1 13 0 0 0 0 0.360851 0 2.97822 3.00186 0.10566 0 0 -500 0
757 1
1 13 0 0 0 0 0.478529 0 2.96159 3.00186 0.10566 0 0 -500 0
758 1
1 13 0 0 0 0 0.411841 0 2.9716 3.00186 0.10566 0 0 -500 0
759 1
1 13 0 0 0 0 0.353101 0 2.97915 3.00186 0.10566 0 0 -500 0
760 1
1 13 0 0 0 0 0.456506 0 2.96506 3.00186 0.10566 0 0 -500 0
761 1
1 13 0 0 0 0 0.504912 0 2.95721 3.00186 0.10566 0 0 -500 0
762 1
1 13 0 0 0 0 0.279388 0 2.98696 3.00186 0.10566 0 0 -500 0
763 1
1 13 0 0 0 0 0.301997 0 2.98476 3.00186 0.10566 0 0 -500 0
764 1
1 13 0 0 0 0 0.458364 0 2.96478 3.00186 0.10566 0 0 -500 0
765 1
1 13 0 0 0 0 0.364047 0 2.97783 3.00186 0.10566 0 0 -500 0
766 1
1 13 0 0 0 0 0.460869 0 2.96439 3.00186 0.10566 0 0 -500 0
767 1
1 13 0 0 0 0 0.475143 0 2.96213 3.00186 0.10566 0 0 -500 0
768 1
1 13 0 0 0 0 0.403439 0 2.97275 3.00186 0.10566 0 0 -500 0
769 1
1 13 0 0 0 0 0.329489 0 2.98185 3.00186 0.10566 0 0 -500 0
770 1
1 13 0 0 0 0 0.369212 0 2.97719 3.00186 0.10566 0 0 -500 0
771 1
1 13 0 0 0 0 0.518336 0 2.95488 3.00186 0.10566 0 0 -500 0
772 1
1 13 0 0 0 0 0.453427 0 2.96554 3.00186 0.10566 0 0 -500 0
773 1
1 13 0 0 0 0 0.493607 0 2.95911 3.00186 0.10566 0 0 -500 0
774 1
1 13 0 0 0 0 0.382537 0 2.97551 3.00186 0.10566 0 0 -500 0
775 1
1 13 0 0 0 0 0.461265 0 2.96433 3.00186 0.10566 0 0 -500 0
776 1
1 13 0 0 0 0 0.427457 0 2.96939 3.00186 0.10566 0 0 -500 0
777 1
1 13 0 0 0 0 0.3206 0 2.98282 3.00186 0.10566 0 0 -500 0
778 1
1 13 0 0 0 0 0.30685 0 2.98427 3.00186 0.10566 0 0 -500 0
779 1
1 13 0 0 0 0 0.379606 0 2.97589 3.00186 0.10566 0 0 -500 0
780 1
1 13 0 0 0 0 0.297383 0 2.98522 3.00186 0.10566 0 0 -500 0
781 1
1 13 0 0 0 0 0.489252 0 2.95984 3.00186 0.10566 0 0 -500 0
782 1
1 13 0 0 0 0 0.311916 0 2.98374 3.00186 0.10566 0 0 -500 0
783 1
1 13 0 0 0 0 0.36475 0 2.97774 3.00186 0.10566 0 0 -500 0
784 1
1 13 0 0 0 0 0.441903 0 2.96728 3.00186 0.10566 0 0 -500 0
785 1
1 13 0 0 0 0 0.36286 0 2.97797 3.00186 0.10566 0 0 -500 0
786 1
1 13 0 0 0 0 0.455973 0 2.96515 3.00186 0.10566 0 0 -500 0
787 1
1 13 0 0 0 0 0.417952 0 2.97074 3.00186 0.10566 0 0 -500 0
788 1
1 13 0 0 0 0 0.287721 0 2.98617 3.00186 0.10566 0 0 -500 0
789 1
1 13 0 0 0 0 0.468825 0 2.96314 3.00186 0.10566 0 0 -500 0
790 1
1 13 0 0 0 0 0.361762 0 2.97811 3.00186 0.10566 0 0 -500 0
791 1
1 13 0 0 0 0 0.277408 0 2.98715 3.00186 0.10566 0 0 -500 0
792 1
1 13 0 0 0 0 0.427498 0 2.96938 3.00186 0.10566 0 0 -500 0
793 1
1 13 0 0 0 0 0.488546 0 2.95995 3.00186 0.10566 0 0 -500 0
794 1
1 13 0 0 0 0 0.334802 0 2.98126 3.00186 0.10566 0 0 -500 0
795 1
1 13 0 0 0 0 0.434745 0 2.96833 3.00186 0.10566 0 0 -500 0
796 1
1 13 0 0 0 0 0.440955 0 2.96742 3.00186 0.10566 0 0 -500 0
797 1
1 13 0 0 0 0 0.331874 0 2.98159 3.00186 0.10566 0 0 -500 0
798 1
1 13 0 0 0 0 0.360411 0 2.97827 3.00186 0.10566 0 0 -500 0
799 1
1 13 0 0 0 0 0.403996 0 2.97267 3.00186 0.10566 0 0 -500 0
800 1
1 13 0 0 0 0 0.31721 0 2.98318 3.00186 0.10566 0 0 -500 0
801 1
1 13 0 0 0 0 0.271294 0 2.98771 3.00186 0.10566 0 0 -500 0
802 1
1 13 0 0 0 0 0.514664 0 2.95552 3.00186 0.10566 0 0 -500 0
803 1
1 13 0 0 0 0 0.422933 0 2.97004 3.00186 0.10566 0 0 -500 0
804 1
1 13 0 0 0 0 0.373685 0 2.97664 3.00186 0.10566 0 0 -500 0
805 1
1 13 0 0 0 0 0.353988 0 2.97904 3.00186 0.10566 0 0 -500 0
806 1
1 13 0 0 0 0 0.431509 0 2.9688 3.00186 0.10566 0 0 -500 0
807 1
1 13 0 0 0 0 0.366035 0 2.97759 3.00186 0.10566 0 0 -500 0
808 1
1 13 0 0 0 0 0.439395 0 2.96765 3.00186 0.10566 0 0 -500 0
809 1
1 13 0 0 0 0 0.417567 0 2.9708 3.00186 0.10566 0 0 -500 0
810 1
1 13 0 0 0 0 0.476942 0 2.96184 3.00186 0.10566 0 0 -500 0
811 1
1 13 0 0 0 0 0.315118 0 2.9834 3.00186 0.10566 0 0 -500 0
812 1
1 13 0 0 0 0 0.330334 0 2.98176 3.00186 0.10566 0 0 -500 0
813 1
1 13 0 0 0 0 0.366459 0 2.97753 3.00186 0.10566 0 0 -500 0
814 1
1 13 0 0 0 0 0.436259 0 2.96811 3.00186 0.10566 0 0 -500 0
815 1
1 13 0 0 0 0 0.26147 0 2.98858 3.00186 0.10566 0 0 -500 0
816 1
1 13 0 0 0 0 0.29423 0 2.98554 3.00186 0.10566 0 0 -500 0
817 1
1 13 0 0 0 0 0.505943 0 2.95703 3.00186 0.10566 0 0 -500 0
818 1
1 13 0 0 0 0 0.481678 0 2.96108 3.00186 0.10566 0 0 -500 0
819 1
1 13 0 0 0 0 0.335028 0 2.98123 3.00186 0.10566 0 0 -500 0
820 1
1 13 0 0 0 0 0.457285 0 2.96494 3.00186 0.10566 0 0 -500 0
821 1
1 13 0 0 0 0 0.42853 0 2.96924 3.00186 0.10566 0 0 -500 0
822 1
1 13 0 0 0 0 0.366348 0 2.97755 3.00186 0.10566 0 0 -500 0
823 1
1 13 0 0 0 0 0.362423 0 2.97803 3.00186 0.10566 0 0 -500 0
824 1
1 13 0 0 0 0 0.286653 0 2.98627 3.00186 0.10566 0 0 -500 0
825 1
1 13 0 0 0 0 0.441438 0 2.96734 3.00186 0.10566 0 0 -500 0
826 1
1 13 0 0 0 0 0.374087 0 2.97658 3.00186 0.10566 0 0 -500 0
827 1
1 13 0 0 0 0 0.318131 0 2.98308 3.00186 0.10566 0 0 -500 0
828 1
1 13 0 0 0 0 0.426962 0 2.96946 3.00186 0.10566 0 0 -500 0
829 1
1 13 0 0 0 0 0.305869 0 2.98437 3.00186 0.10566 0 0 -500 0
830 1
1 13 0 0 0 0 0.369196 0 2.9772 3.00186 0.10566 0 0 -500 0
831 1
1 13 0 0 0 0 0.423845 0 2.96991 3.00186 0.10566 0 0 -500 0
832 1
1 13 0 0 0 0 0.265444 0 2.98823 3.00186 0.10566 0 0 -500 0
833 1
1 13 0 0 0 0 0.447727 0 2.9664 3.00186 0.10566 0 0 -500 0
834 1
1 13 0 0 0 0 0.352715 0 2.97919 3.00186 0.10566 0 0 -500 0
835 1
1 13 0 0 0 0 0.295068 0 2.98545 3.00186 0.10566 0 0 -500 0
836 1
1 13 0 0 0 0 0.504446 0 2.95728 3.00186 0.10566 0 0 -500 0
837 1
1 13 0 0 0 0 0.359706 0 2.97836 3.00186 0.10566 0 0 -500 0
838 1
1 13 0 0 0 0 0.401923 0 2.97295 3.00186 0.10566 0 0 -500 0
839 1
1 13 0 0 0 0 0.311207 0 2.98381 3.00186 0.10566 0 0 -500 0
840 1
1 13 0 0 0 0 0.469171 0 2.96309 3.00186 0.10566 0 0 -500 0
841 1
1 13 0 0 0 0 0.317066 0 2.9832 3.00186 0.10566 0 0 -500 0
842 1
1 13 0 0 0 0 0.486104 0 2.96036 3.00186 0.10566 0 0 -500 0
843 1
1 13 0 0 0 0 0.26598 0 2.98819 3.00186 0.10566 0 0 -500 0
844 1
1 13 0 0 0 0 0.398584 0 2.9734 3.00186 0.10566 0 0 -500 0
845 1
1 13 0 0 0 0 0.504076 0 2.95735 3.00186 0.10566 0 0 -500 0
846 1
1 13 0 0 0 0 0.465911 0 2.9636 3.00186 0.10566 0 0 -500 0
847 1
1 13 0 0 0 0 0.388343 0 2.97476 3.00186 0.10566 0 0 -500 0
848 1
1 13 0 0 0 0 0.384492 0 2.97526 3.00186 0.10566 0 0 -500 0
849 1
1 13 0 0 0 0 0.305041 0 2.98445 3.00186 0.10566 0 0 -500 0
850 1
1 13 0 0 0 0 0.424218 0 2.96986 3.00186 0.10566 0 0 -500 0
851 1
1 13 0 0 0 0 0.281763 0 2.98674 3.00186 0.10566 0 0 -500 0
852 1
1 13 0 0 0 0 0.328892 0 2.98192 3.00186 0.10566 0 0 -500 0
853 1
1 13 0 0 0 0 0.343808 0 2.98023 3.00186 0.10566 0 0 -500 0
854 1
1 13 0 0 0 0 0.476337 0 2.96194 3.00186 0.10566 0 0 -500 0
855 1
1 13 0 0 0 0 0.271718 0 2.98767 3.00186 0.10566 0 0 -500 0
856 1
1 13 0 0 0 0 0.388558 0 2.97473 3.00186 0.10566 0 0 -500 0
857 1
1 13 0 0 0 0 0.45811 0 2.96482 3.00186 0.10566 0 0 -500 0
858 1
1 13 0 0 0 0 0.396725 0 2.97365 3.00186 0.10566 0 0 -500 0
859 1
1 13 0 0 0 0 0.398485 0 2.97342 3.00186 0.10566 0 0 -500 0
860 1
1 13 0 0 0 0 0.414914 0 2.97117 3.00186 0.10566 0 0 -500 0
861 1
1 13 0 0 0 0 0.329259 0 2.98188 3.00186 0.10566 0 0 -500 0
862 1
1 13 0 0 0 0 0.484142 0 2.96068 3.00186 0.10566 0 0 -500 0
863 1
1 13 0 0 0 0 0.262173 0 2.98852 3.00186 0.10566 0 0 -500 0
864 1
1 13 0 0 0 0 0.482108 0 2.96101 3.00186 0.10566 0 0 -500 0
865 1
1 13 0 0 0 0 0.403469 0 2.97274 3.00186 0.10566 0 0 -500 0
866 1
1 13 0 0 0 0 0.389619 0 2.97459 3.00186 0.10566 0 0 -500 0
867 1
1 13 0 0 0 0 0.472103 0 2.96262 3.00186 0.10566 0 0 -500 0
868 1
1 13 0 0 0 0 0.270988 0 2.98774 3.00186 0.10566 0 0 -500 0
869 1
1 13 0 0 0 0 0.444525 0 2.96688 3.00186 0.10566 0 0 -500 0
870 1
1 13 0 0 0 0 0.336665 0 2.98105 3.00186 0.10566 0 0 -500 0
871 1
1 13 0 0 0 0 0.355301 0 2.97889 3.00186 0.10566 0 0 -500 0
872 1
1 13 0 0 0 0 0.424441 0 2.96982 3.00186 0.10566 0 0 -500 0
873 1
1 13 0 0 0 0 0.404951 0 2.97254 3.00186 0.10566 0 0 -500 0
874 1
1 13 0 0 0 0 0.444105 0 2.96695 3.00186 0.10566 0 0 -500 0
875 1
1 13 0 0 0 0 0.397654 0 2.97353 3.00186 0.10566 0 0 -500 0
876 1
1 13 0 0 0 0 0.505794 0 2.95705 3.00186 0.10566 0 0 -500 0
877 1
1 13 0 0 0 0 0.502326 0 2.95765 3.00186 0.10566 0 0 -500 0
878 1
1 13 0 0 0 0 0.479583 0 2.96142 3.00186 0.10566 0 0 -500 0
879 1
1 13 0 0 0 0 0.439418 0 2.96764 3.00186 0.10566 0 0 -500 0
880 1
1 13 0 0 0 0 0.379681 0 2.97588 3.00186 0.10566 0 0 -500 0
881 1
1 13 0 0 0 0 0.372931 0 2.97673 3.00186 0.10566 0 0 -500 0
882 1
1 13 0 0 0 0 0.496999 0 2.95855 3.00186 0.10566 0 0 -500 0
883 1
1 13 0 0 0 0 0.500739 0 2.95791 3.00186 0.10566 0 0 -500 0
884 1
1 13 0 0 0 0 0.478592 0 2.96158 3.00186 0.10566 0 0 -500 0
885 1
1 13 0 0 0 0 0.462123 0 2.96419 3.00186 0.10566 0 0 -500 0
886 1
1 13 0 0 0 0 0.316191 0 2.98329 3.00186 0.10566 0 0 -500 0
887 1
1 13 0 0 0 0 0.357407 0 2.97863 3.00186 0.10566 0 0 -500 0
888 1
1 13 0 0 0 0 0.371078 0 2.97696 3.00186 0.10566 0 0 -500 0
889 1
1 13 0 0 0 0 0.503545 0 2.95744 3.00186 0.10566 0 0 -500 0
890 1
1 13 0 0 0 0 0.404855 0 2.97256 3.00186 0.10566 0 0 -500 0
891 1
1 13 0 0 0 0 0.44605 0 2.96665 3.00186 0.10566 0 0 -500 0
892 1
1 13 0 0 0 0 0.429035 0 2.96916 3.00186 0.10566 0 0 -500 0
893 1
1 13 0 0 0 0 0.508127 0 2.95665 3.00186 0.10566 0 0 -500 0
894 1
1 13 0 0 0 0 0.401985 0 2.97295 3.00186 0.10566 0 0 -500 0
895 1
1 13 0 0 0 0 0.384903 0 2.97521 3.00186 0.10566 0 0 -500 0
896 1
1 13 0 0 0 0 0.317268 0 2.98318 3.00186 0.10566 0 0 -500 0
897 1
1 13 0 0 0 0 0.366558 0 2.97752 3.00186 0.10566 0 0 -500 0
898 1
1 13 0 0 0 0 0.514236 0 2.9556 3.00186 0.10566 0 0 -500 0
899 1
1 13 0 0 0 0 0.471482 0 2.96272 3.00186 0.10566 0 0 -500 0
900 1
1 13 0 0 0 0 0.349822 0 2.97953 3.00186 0.10566 0 0 -500 0
901 1
1 13 0 0 0 0 0.379815 0 2.97586 3.00186 0.10566 0 0 -500 0
902 1
1 13 0 0 0 0 0.471161 0 2.96277 3.00186 0.10566 0 0 -500 0
903 1
1 13 0 0 0 0 0.375824 0 2.97637 3.00186 0.10566 0 0 -500 0
904 1
1 13 0 0 0 0 0.348819 0 2.97965 3.00186 0.10566 0 0 -500 0
905 1
1 13 0 0 0 0 0.307976 0 2.98415 3.00186 0.10566 0 0 -500 0
906 1
1 13 0 0 0 0 0.473378 0 2.96242 3.00186 0.10566 0 0 -500 0
907 1
1 13 0 0 0 0 0.400043 0 2.97321 3.00186 0.10566 0 0 -500 0
908 1
1 13 0 0 0 0 0.490023 0 2.95971 3.00186 0.10566 0 0 -500 0
909 1
1 13 0 0 0 0 0.330773 0 2.98171 3.00186 0.10566 0 0 -500 0
910 1
1 13 0 0 0 0 0.462025 0 2.96421 3.00186 0.10566 0 0 -500 0
911 1
1 13 0 0 0 0 0.520296 0 2.95454 3.00186 0.10566 0 0 -500 0
912 1
1 13 0 0 0 0 0.423063 0 2.97002 3.00186 0.10566 0 0 -500 0
913 1
1 13 0 0 0 0 0.380084 0 2.97583 3.00186 0.10566 0 0 -500 0
914 1
1 13 0 0 0 0 0.518243 0 2.9549 3.00186 0.10566 0 0 -500 0
915 1
1 13 0 0 0 0 0.338177 0 2.98088 3.00186 0.10566 0 0 -500 0
916 1
1 13 0 0 0 0 0.2957 0 2.98539 3.00186 0.10566 0 0 -500 0
917 1
1 13 0 0 0 0 0.519165 0 2.95474 3.00186 0.10566 0 0 -500 0
918 1
1 13 0 0 0 0 0.503625 0 2.95742 3.00186 0.10566 0 0 -500 0
919 1
1 13 0 0 0 0 0.456654 0 2.96504 3.00186 0.10566 0 0 -500 0
920 1
1 13 0 0 0 0 0.430327 0 2.96898 3.00186 0.10566 0 0 -500 0
921 1
1 13 0 0 0 0 0.459084 0 2.96467 3.00186 0.10566 0 0 -500 0
922 1
1 13 0 0 0 0 0.409205 0 2.97196 3.00186 0.10566 0 0 -500 0
923 1
1 13 0 0 0 0 0.475274 0 2.96211 3.00186 0.10566 0 0 -500 0
924 1
1 13 0 0 0 0 0.518147 0 2.95492 3.00186 0.10566 0 0 -500 0
925 1
1 13 0 0 0 0 0.352144 0 2.97926 3.00186 0.10566 0 0 -500 0
926 1
1 13 0 0 0 0 0.505958 0 2.95703 3.00186 0.10566 0 0 -500 0
927 1
1 13 0 0 0 0 0.37816 0 2.97607 3.00186 0.10566 0 0 -500 0
928 1
1 13 0 0 0 0 0.297818 0 2.98518 3.00186 0.10566 0 0 -500 0
929 1
1 13 0 0 0 0 0.287789 0 2.98616 3.00186 0.10566 0 0 -500 0
930 1
1 13 0 0 0 0 0.290552 0 2.9859 3.00186 0.10566 0 0 -500 0
931 1
1 13 0 0 0 0 0.333249 0 2.98143 3.00186 0.10566 0 0 -500 0
932 1
1 13 0 0 0 0 0.351482 0 2.97934 3.00186 0.10566 0 0 -500 0
933 1
1 13 0 0 0 0 0.444344 0 2.96691 3.00186 0.10566 0 0 -500 0
934 1
1 13 0 0 0 0 0.346102 0 2.97997 3.00186 0.10566 0 0 -500 0
935 1
1 13 0 0 0 0 0.297141 0 2.98525 3.00186 0.10566 0 0 -500 0
936 1
1 13 0 0 0 0 0.461608 0 2.96427 3.00186 0.10566 0 0 -500 0
937 1
1 13 0 0 0 0 0.350154 0 2.9795 3.00186 0.10566 0 0 -500 0
938 1
1 13 0 0 0 0 0.265572 0 2.98822 3.00186 0.10566 0 0 -500 0
939 1
1 13 0 0 0 0 0.478463 0 2.9616 3.00186 0.10566 0 0 -500 0
940 1
1 13 0 0 0 0 0.492415 0 2.95931 3.00186 0.10566 0 0 -500 0
941 1
1 13 0 0 0 0 0.376822 0 2.97624 3.00186 0.10566 0 0 -500 0
942 1
1 13 0 0 0 0 0.444642 0 2.96687 3.00186 0.10566 0 0 -500 0
943 1
1 13 0 0 0 0 0.363535 0 2.97789 3.00186 0.10566 0 0 -500 0
944 1
1 13 0 0 0 0 0.457815 0 2.96486 3.00186 0.10566 0 0 -500 0
945 1
1 13 0 0 0 0 0.450948 0 2.96591 3.00186 0.10566 0 0 -500 0
946 1
1 13 0 0 0 0 0.262232 0 2.98852 3.00186 0.10566 0 0 -500 0
947 1
1 13 0 0 0 0 0.299082 0 2.98505 3.00186 0.10566 0 0 -500 0
948 1
1 13 0 0 0 0 0.306833 0 2.98427 3.00186 0.10566 0 0 -500 0
949 1
1 13 0 0 0 0 0.421969 0 2.97018 3.00186 0.10566 0 0 -500 0
950 1
1 13 0 0 0 0 0.513602 0 2.95571 3.00186 0.10566 0 0 -500 0
951 1
1 13 0 0 0 0 0.400048 0 2.97321 3.00186 0.10566 0 0 -500 0
952 1
1 13 0 0 0 0 0.400254 0 2.97318 3.00186 0.10566 0 0 -500 0
953 1
1 13 0 0 0 0 0.424618 0 2.9698 3.00186 0.10566 0 0 -500 0
954 1
1 13 0 0 0 0 0.445832 0 2.96669 3.00186 0.10566 0 0 -500 0
955 1
1 13 0 0 0 0 0.3064 0 2.98431 3.00186 0.10566 0 0 -500 0
956 1
1 13 0 0 0 0 0.489375 0 2.95982 3.00186 0.10566 0 0 -500 0
957 1
1 13 0 0 0 0 0.35096 0 2.9794 3.00186 0.10566 0 0 -500 0
958 1
1 13 0 0 0 0 0.497823 0 2.95841 3.00186 0.10566 0 0 -500 0
959 1
1 13 0 0 0 0 0.42951 0 2.96909 3.00186 0.10566 0 0 -500 0
960 1
1 13 0 0 0 0 0.386316 0 2.97502 3.00186 0.10566 0 0 -500 0
961 1
1 13 0 0 0 0 0.311039 0 2.98383 3.00186 0.10566 0 0 -500 0
962 1
1 13 0 0 0 0 0.500548 0 2.95795 3.00186 0.10566 0 0 -500 0
963 1
1 13 0 0 0 0 0.507032 0 2.95684 3.00186 0.10566 0 0 -500 0
964 1
1 13 0 0 0 0 0.287124 0 2.98623 3.00186 0.10566 0 0 -500 0
965 1
1 13 0 0 0 0 0.275485 0 2.98732 3.00186 0.10566 0 0 -500 0
966 1
1 13 0 0 0 0 0.359812 0 2.97834 3.00186 0.10566 0 0 -500 0
967 1
1 13 0 0 0 0 0.519236 0 2.95472 3.00186 0.10566 0 0 -500 0
968 1
1 13 0 0 0 0 0.306845 0 2.98427 3.00186 0.10566 0 0 -500 0
969 1
1 13 0 0 0 0 0.298613 0 2.9851 3.00186 0.10566 0 0 -500 0
970 1
1 13 0 0 0 0 0.462085 0 2.9642 3.00186 0.10566 0 0 -500 0
971 1
1 13 0 0 0 0 0.410386 0 2.9718 3.00186 0.10566 0 0 -500 0
972 1
1 13 0 0 0 0 0.326054 0 2.98223 3.00186 0.10566 0 0 -500 0
973 1
1 13 0 0 0 0 0.370934 0 2.97698 3.00186 0.10566 0 0 -500 0
974 1
1 13 0 0 0 0 0.276865 0 2.9872 3.00186 0.10566 0 0 -500 0
975 1
1 13 0 0 0 0 0.331942 0 2.98158 3.00186 0.10566 0 0 -500 0
976 1
1 13 0 0 0 0 0.491572 0 2.95945 3.00186 0.10566 0 0 -500 0
977 1
1 13 0 0 0 0 0.275773 0 2.9873 3.00186 0.10566 0 0 -500 0
978 1
1 13 0 0 0 0 0.306352 0 2.98432 3.00186 0.10566 0 0 -500 0
979 1
1 13 0 0 0 0 0.352113 0 2.97926 3.00186 0.10566 0 0 -500 0
980 1
1 13 0 0 0 0 0.474946 0 2.96217 3.00186 0.10566 0 0 -500 0
981 1
1 13 0 0 0 0 0.444909 0 2.96683 3.00186 0.10566 0 0 -500 0
982 1
1 13 0 0 0 0 0.338956 0 2.98079 3.00186 0.10566 0 0 -500 0
983 1
1 13 0 0 0 0 0.420879 0 2.97033 3.00186 0.10566 0 0 -500 0
984 1
1 13 0 0 0 0 0.438694 0 2.96775 3.00186 0.10566 0 0 -500 0
985 1
1 13 0 0 0 0 0.489781 0 2.95975 3.00186 0.10566 0 0 -500 0
986 1
1 13 0 0 0 0 0.36869 0 2.97726 3.00186 0.10566 0 0 -500 0
987 1
1 13 0 0 0 0 0.461351 0 2.96431 3.00186 0.10566 0 0 -500 0
988 1
1 13 0 0 0 0 0.291002 0 2.98585 3.00186 0.10566 0 0 -500 0
989 1
1 13 0 0 0 0 0.515607 0 2.95536 3.00186 0.10566 0 0 -500 0
990 1
1 13 0 0 0 0 0.365512 0 2.97765 3.00186 0.10566 0 0 -500 0
991 1
1 13 0 0 0 0 0.51711 0 2.9551 3.00186 0.10566 0 0 -500 0
992 1
1 13 0 0 0 0 0.304172 0 2.98454 3.00186 0.10566 0 0 -500 0
993 1
1 13 0 0 0 0 0.516063 0 2.95528 3.00186 0.10566 0 0 -500 0
994 1
1 13 0 0 0 0 0.466327 0 2.96353 3.00186 0.10566 0 0 -500 0
995 1
1 13 0 0 0 0 0.39961 0 2.97327 3.00186 0.10566 0 0 -500 0
996 1
1 13 0 0 0 0 0.31706 0 2.9832 3.00186 0.10566 0 0 -500 0
997 1
1 13 0 0 0 0 0.310442 0 2.98389 3.00186 0.10566 0 0 -500 0
998 1
1 13 0 0 0 0 0.353611 0 2.97909 3.00186 0.10566 0 0 -500 0
999 1
1 13 0 0 0 0 0.426982 0 2.96946 3.00186 0.10566 0 0 -500 0