0 1
1 13 0 0 0 0 0.776392 0 2.89779 3.00186 0.10566 0 0 -500 0
1 1
1 13 0 0 0 0 0.562892 0 2.94672 3.00186 0.10566 0 0 -500 0
2 1
1 13 0 0 0 0 0.593644 0 2.94068 3.00186 0.10566 0 0 -500 0
3 1
1 13 0 0 0 0 0.763097 0 2.90132 3.00186 0.10566 0 0 -500 0
4 1
1 13 0 0 0 0 0.58056 0 2.94329 3.00186 0.10566 0 0 -500 0
5 1
1 13 0 0 0 0 0.645478 0 2.92974 3.00186 0.10566 0 0 -500 0
6 1
1 13 0 0 0 0 0.765699 0 2.90064 3.00186 0.10566 0 0 -500 0
7 1
1 13 0 0 0 0 0.711609 0 2.91438 3.00186 0.10566 0 0 -500 0
8 1
1 13 0 0 0 0 0.65955 0 2.9266 3.00186 0.10566 0 0 -500 0
9 1
1 13 0 0 0 0 0.710503 0 2.91465 3.00186 0.10566 0 0 -500 0
10 1
1 13 0 0 0 0 0.715586 0 2.91341 3.00186 0.10566 0 0 -500 0
11 1
1 13 0 0 0 0 0.689802 0 2.91962 3.00186 0.10566 0 0 -500 0
12 1
1 13 0 0 0 0 0.602115 0 2.93896 3.00186 0.10566 0 0 -500 0
13 1
1 13 0 0 0 0 0.726884 0 2.91061 3.00186 0.10566 0 0 -500 0
14 1
1 13 0 0 0 0 0.654346 0 2.92777 3.00186 0.10566 0 0 -500 0
15 1
1 13 0 0 0 0 0.564348 0 2.94644 3.00186 0.10566 0 0 -500 0
16 1
1 13 0 0 0 0 0.643063 0 2.93027 3.00186 0.10566 0 0 -500 0
17 1
1 13 0 0 0 0 0.621767 0 2.93486 3.00186 0.10566 0 0 -500 0
18 1
1 13 0 0 0 0 0.577994 0 2.94379 3.00186 0.10566 0 0 -500 0
19 1
1 13 0 0 0 0 0.575816 0 2.94422 3.00186 0.10566 0 0 -500 0
20 1
1 13 0 0 0 0 0.528764 0 2.95303 3.00186 0.10566 0 0 -500 0
21 1
1 13 0 0 0 0 0.606706 0 2.93801 3.00186 0.10566 0 0 -500 0
22 1
1 13 0 0 0 0 0.570923 0 2.94517 3.00186 0.10566 0 0 -500 0
23 1
1 13 0 0 0 0 0.762215 0 2.90156 3.00186 0.10566 0 0 -500 0
24 1
1 13 0 0 0 0 0.669733 0 2.92429 3.00186 0.10566 0 0 -500 0
25 1
1 13 0 0 0 0 0.75071 0 2.90455 3.00186 0.10566 0 0 -500 0
26 1
1 13 0 0 0 0 0.691567 0 2.9192 3.00186 0.10566 0 0 -500 0
27 1
1 13 0 0 0 0 0.648964 0 2.92897 3.00186 0.10566 0 0 -500 0
28 1
1 13 0 0 0 0 0.664806 0 2.92541 3.00186 0.10566 0 0 -500 0
29 1
1 13 0 0 0 0 0.567874 0 2.94576 3.00186 0.10566 0 0 -500 0
30 1
1 13 0 0 0 0 0.597212 0 2.93996 3.00186 0.10566 0 0 -500 0
31 1
1 13 0 0 0 0 0.551187 0 2.94893 3.00186 0.10566 0 0 -500 0
32 1
1 13 0 0 0 0 0.537158 0 2.95152 3.00186 0.10566 0 0 -500 0
33 1
1 13 0 0 0 0 0.687124 0 2.92025 3.00186 0.10566 0 0 -500 0
34 1
1 13 0 0 0 0 0.706805 0 2.91555 3.00186 0.10566 0 0 -500 0
35 1
1 13 0 0 0 0 0.684321 0 2.92091 3.00186 0.10566 0 0 -500 0
36 1
1 13 0 0 0 0 0.70387 0 2.91626 3.00186 0.10566 0 0 -500 0
37 1
1 13 0 0 0 0 0.546597 0 2.94978 3.00186 0.10566 0 0 -500 0
38 1
1 13 0 0 0 0 0.70015 0 2.91715 3.00186 0.10566 0 0 -500 0
39 1
1 13 0 0 0 0 0.548717 0 2.94939 3.00186 0.10566 0 0 -500 0
40 1
1 13 0 0 0 0 0.554232 0 2.94836 3.00186 0.10566 0 0 -500 0
41 1
1 13 0 0 0 0 0.649933 0 2.92875 3.00186 0.10566 0 0 -500 0
42 1
1 13 0 0 0 0 0.574426 0 2.94449 3.00186 0.10566 0 0 -500 0
43 1
1 13 0 0 0 0 0.595259 0 2.94035 3.00186 0.10566 0 0 -500 0
44 1
1 13 0 0 0 0 0.542375 0 2.95056 3.00186 0.10566 0 0 -500 0
45 1
1 13 0 0 0 0 0.553945 0 2.94841 3.00186 0.10566 0 0 -500 0
46 1
1 13 0 0 0 0 0.661421 0 2.92618 3.00186 0.10566 0 0 -500 0
47 1
1 13 0 0 0 0 0.542155 0 2.9506 3.00186 0.10566 0 0 -500 0
48 1
1 13 0 0 0 0 0.596088 0 2.94018 3.00186 0.10566 0 0 -500 0
49 1
1 13 0 0 0 0 0.749017 0 2.90499 3.00186 0.10566 0 0 -500 0
50 1
1 13 0 0 0 0 0.579394 0 2.94352 3.00186 0.10566 0 0 -500 0
51 1
1 13 0 0 0 0 0.631888 0 2.9327 3.00186 0.10566 0 0 -500 0
52 1
1 13 0 0 0 0 0.557188 0 2.9478 3.00186 0.10566 0 0 -500 0
53 1
1 13 0 0 0 0 0.623836 0 2.93442 3.00186 0.10566 0 0 -500 0
54 1
1 13 0 0 0 0 0.697013 0 2.91791 3.00186 0.10566 0 0 -500 0
55 1
1 13 0 0 0 0 0.564888 0 2.94634 3.00186 0.10566 0 0 -500 0
56 1
1 13 0 0 0 0 0.634184 0 2.9322 3.00186 0.10566 0 0 -500 0
57 1
1 13 0 0 0 0 0.532629 0 2.95234 3.00186 0.10566 0 0 -500 0
58 1
1 13 0 0 0 0 0.601002 0 2.93918 3.00186 0.10566 0 0 -500 0
59 1
1 13 0 0 0 0 0.650899 0 2.92854 3.00186 0.10566 0 0 -500 0
60 1
1 13 0 0 0 0 0.567906 0 2.94576 3.00186 0.10566 0 0 -500 0
61 1
1 13 0 0 0 0 0.652138 0 2.92826 3.00186 0.10566 0 0 -500 0
62 1
1 13 0 0 0 0 0.710715 0 2.9146 3.00186 0.10566 0 0 -500 0
63 1
1 13 0 0 0 0 0.615023 0 2.93628 3.00186 0.10566 0 0 -500 0
64 1
1 13 0 0 0 0 0.562352 0 2.94682 3.00186 0.10566 0 0 -500 0
65 1
1 13 0 0 0 0 0.639118 0 2.93113 3.00186 0.10566 0 0 -500 0
66 1
1 13 0 0 0 0 0.681952 0 2.92146 3.00186 0.10566 0 0 -500 0
67 1
1 13 0 0 0 0 0.694633 0 2.91847 3.00186 0.10566 0 0 -500 0
68 1
1 13 0 0 0 0 0.699877 0 2.91722 3.00186 0.10566 0 0 -500 0
69 1
1 13 0 0 0 0 0.643832 0 2.9301 3.00186 0.10566 0 0 -500 0
70 1
1 13 0 0 0 0 0.54416 0 2.95024 3.00186 0.10566 0 0 -500 0
71 1
1 13 0 0 0 0 0.608036 0 2.93774 3.00186 0.10566 0 0 -500 0
72 1
1 13 0 0 0 0 0.545475 0 2.94999 3.00186 0.10566 0 0 -500 0
73 1
1 13 0 0 0 0 0.633089 0 2.93244 3.00186 0.10566 0 0 -500 0
74 1
1 13 0 0 0 0 0.642844 0 2.93032 3.00186 0.10566 0 0 -500 0
75 1
1 13 0 0 0 0 0.628663 0 2.93339 3.00186 0.10566 0 0 -500 0
76 1
1 13 0 0 0 0 0.720058 0 2.9123 3.00186 0.10566 0 0 -500 0
77 1
1 13 0 0 0 0 0.68113 0 2.92165 3.00186 0.10566 0 0 -500 0
78 1
1 13 0 0 0 0 0.771509 0 2.8991 3.00186 0.10566 0 0 -500 0
79 1
1 13 0 0 0 0 0.616161 0 2.93604 3.00186 0.10566 0 0 -500 0
80 1
1 13 0 0 0 0 0.73359 0 2.90893 3.00186 0.10566 0 0 -500 0
81 1
1 13 0 0 0 0 0.557207 0 2.9478 3.00186 0.10566 0 0 -500 0
82 1
1 13 0 0 0 0 0.711554 0 2.91439 3.00186 0.10566 0 0 -500 0
83 1
1 13 0 0 0 0 0.733318 0 2.90899 3.00186 0.10566 0 0 -500 0
84 1
1 13 0 0 0 0 0.621457 0 2.93493 3.00186 0.10566 0 0 -500 0
85 1
1 13 0 0 0 0 0.680453 0 2.92181 3.00186 0.10566 0 0 -500 0
86 1
1 13 0 0 0 0 0.610079 0 2.93731 3.00186 0.10566 0 0 -500 0
87 1
1 13 0 0 0 0 0.532844 0 2.9523 3.00186 0.10566 0 0 -500 0
88 1
1 13 0 0 0 0 0.678186 0 2.92234 3.00186 0.10566 0 0 -500 0
89 1
1 13 0 0 0 0 0.666528 0 2.92502 3.00186 0.10566 0 0 -500 0
90 1
1 13 0 0 0 0 0.649036 0 2.92895 3.00186 0.10566 0 0 -500 0
91 1
1 13 0 0 0 0 0.706394 0 2.91565 3.00186 0.10566 0 0 -500 0
92 1
1 13 0 0 0 0 0.55817 0 2.94762 3.00186 0.10566 0 0 -500 0
93 1
1 13 0 0 0 0 0.531848 0 2.95248 3.00186 0.10566 0 0 -500 0
94 1
1 13 0 0 0 0 0.600871 0 2.93921 3.00186 0.10566 0 0 -500 0
95 1
1 13 0 0 0 0 0.552276 0 2.94873 3.00186 0.10566 0 0 -500 0
96 1
1 13 0 0 0 0 0.583235 0 2.94276 3.00186 0.10566 0 0 -500 0
97 1
1 13 0 0 0 0 0.618884 0 2.93547 3.00186 0.10566 0 0 -500 0
98 1
1 13 0 0 0 0 0.634007 0 2.93224 3.00186 0.10566 0 0 -500 0
99 1
1 13 0 0 0 0 0.674801 0 2.92312 3.00186 0.10566 0 0 -500 0
100 1
1 13 0 0 0 0 0.686219 0 2.92046 3.00186 0.10566 0 0 -500 0
101 1
1 13 0 0 0 0 0.632087 0 2.93266 3.00186 0.10566 0 0 -500 0
102 1
1 13 0 0 0 0 0.663616 0 2.92568 3.00186 0.10566 0 0 -500 0
103 1
1 13 0 0 0 0 0.704623 0 2.91608 3.00186 0.10566 0 0 -500 0
104 1
1 13 0 0 0 0 0.685655 0 2.9206 3.00186 0.10566 0 0 -500 0
105 1
1 13 0 0 0 0 0.696715 0 2.91798 3.00186 0.10566 0 0 -500 0
106 1
1 13 0 0 0 0 0.545718 0 2.94995 3.00186 0.10566 0 0 -500 0
107 1
1 13 0 0 0 0 0.552609 0 2.94866 3.00186 0.10566 0 0 -500 0
108 1
1 13 0 0 0 0 0.535633 0 2.9518 3.00186 0.10566 0 0 -500 0
109 1
1 13 0 0 0 0 0.730863 0 2.90961 3.00186 0.10566 0 0 -500 0
110 1
1 13 0 0 0 0 0.553279 0 2.94854 3.00186 0.10566 0 0 -500 0
111 1
1 13 0 0 0 0 0.602143 0 2.93895 3.00186 0.10566 0 0 -500 0
112 1
1 13 0 0 0 0 0.567432 0 2.94585 3.00186 0.10566 0 0 -500 0
113 1
1 13 0 0 0 0 0.557573 0 2.94773 3.00186 0.10566 0 0 -500 0
114 1
1 13 0 0 0 0 0.691278 0 2.91927 3.00186 0.10566 0 0 -500 0
115 1
1 13 0 0 0 0 0.696565 0 2.91801 3.00186 0.10566 0 0 -500 0
116 1
1 13 0 0 0 0 0.570114 0 2.94533 3.00186 0.10566 0 0 -500 0
117 1
1 13 0 0 0 0 0.633039 0 2.93245 3.00186 0.10566 0 0 -500 0
118 1
1 13 0 0 0 0 0.767466 0 2.90017 3.00186 0.10566 0 0 -500 0
119 1
1 13 0 0 0 0 0.743068 0 2.90652 3.00186 0.10566 0 0 -500 0
120 1
1 13 0 0 0 0 0.554654 0 2.94828 3.00186 0.10566 0 0 -500 0
121 1
1 13 0 0 0 0 0.645342 0 2.92977 3.00186 0.10566 0 0 -500 0
122 1
1 13 0 0 0 0 0.617243 0 2.93582 3.00186 0.10566 0 0 -500 0
123 1
1 13 0 0 0 0 0.75126 0 2.90441 3.00186 0.10566 0 0 -500 0
124 1
1 13 0 0 0 0 0.566941 0 2.94594 3.00186 0.10566 0 0 -500 0
125 1
1 13 0 0 0 0 0.695151 0 2.91835 3.00186 0.10566 0 0 -500 0
126 1
1 13 0 0 0 0 0.680687 0 2.92176 3.00186 0.10566 0 0 -500 0
127 1
1 13 0 0 0 0 0.772323 0 2.89888 3.00186 0.10566 0 0 -500 0
128 1
1 13 0 0 0 0 0.634157 0 2.93221 3.00186 0.10566 0 0 -500 0
129 1
1 13 0 0 0 0 0.726969 0 2.91059 3.00186 0.10566 0 0 -500 0
130 1
1 13 0 0 0 0 0.775154 0 2.89813 3.00186 0.10566 0 0 -500 0
131 1
1 13 0 0 0 0 0.659935 0 2.92651 3.00186 0.10566 0 0 -500 0
132 1
1 13 0 0 0 0 0.586787 0 2.94205 3.00186 0.10566 0 0 -500 0
133 1
1 13 0 0 0 0 0.684784 0 2.9208 3.00186 0.10566 0 0 -500 0
134 1
1 13 0 0 0 0 0.668707 0 2.92452 3.00186 0.10566 0 0 -500 0
135 1
1 13 0 0 0 0 0.58751 0 2.94191 3.00186 0.10566 0 0 -500 0
136 1
1 13 0 0 0 0 0.570266 0 2.9453 3.00186 0.10566 0 0 -500 0
137 1
1 13 0 0 0 0 0.635423 0 2.93193 3.00186 0.10566 0 0 -500 0
138 1
1 13 0 0 0 0 0.559383 0 2.94739 3.00186 0.10566 0 0 -500 0
139 1
1 13 0 0 0 0 0.775629 0 2.898 3.00186 0.10566 0 0 -500 0
140 1
1 13 0 0 0 0 0.552307 0 2.94872 3.00186 0.10566 0 0 -500 0
141 1
1 13 0 0 0 0 0.687993 0 2.92005 3.00186 0.10566 0 0 -500 0
142 1
1 13 0 0 0 0 0.528109 0 2.95315 3.00186 0.10566 0 0 -500 0
143 1
1 13 0 0 0 0 0.621168 0 2.93499 3.00186 0.10566 0 0 -500 0
144 1
1 13 0 0 0 0 0.732854 0 2.90911 3.00186 0.10566 0 0 -500 0
145 1
1 13 0 0 0 0 0.593951 0 2.94062 3.00186 0.10566 0 0 -500 0
146 1
1 13 0 0 0 0 0.677456 0 2.92251 3.00186 0.10566 0 0 -500 0
147 1
1 13 0 0 0 0 0.581782 0 2.94305 3.00186 0.10566 0 0 -500 0
148 1
1 13 0 0 0 0 0.626506 0 2.93385 3.00186 0.10566 0 0 -500 0
149 1
1 13 0 0 0 0 0.694662 0 2.91847 3.00186 0.10566 0 0 -500 0
150 1
1 13 0 0 0 0 0.737731 0 2.90788 3.00186 0.10566 0 0 -500 0
151 1
1 13 0 0 0 0 0.687412 0 2.92018 3.00186 0.10566 0 0 -500 0
152 1
1 13 0 0 0 0 0.541913 0 2.95065 3.00186 0.10566 0 0 -500 0
153 1
1 13 0 0 0 0 0.552068 0 2.94877 3.00186 0.10566 0 0 -500 0
154 1
1 13 0 0 0 0 0.644001 0 2.93006 3.00186 0.10566 0 0 -500 0
155 1
1 13 0 0 0 0 0.720145 0 2.91228 3.00186 0.10566 0 0 -500 0
156 1
1 13 0 0 0 0 0.642155 0 2.93047 3.00186 0.10566 0 0 -500 0
157 1
1 13 0 0 0 0 0.762119 0 2.90158 3.00186 0.10566 0 0 -500 0
158 1
1 13 0 0 0 0 0.771601 0 2.89907 3.00186 0.10566 0 0 -500 0
159 1
1 13 0 0 0 0 0.606966 0 2.93796 3.00186 0.10566 0 0 -500 0
160 1
1 13 0 0 0 0 0.573113 0 2.94475 3.00186 0.10566 0 0 -500 0
161 1
1 13 0 0 0 0 0.60909 0 2.93752 3.00186 0.10566 0 0 -500 0
162 1
1 13 0 0 0 0 0.688504 0 2.91992 3.00186 0.10566 0 0 -500 0
163 1
1 13 0 0 0 0 0.695946 0 2.91816 3.00186 0.10566 0 0 -500 0
164 1
1 13 0 0 0 0 0.677387 0 2.92252 3.00186 0.10566 0 0 -500 0
165 1
1 13 0 0 0 0 0.546688 0 2.94977 3.00186 0.10566 0 0 -500 0
166 1
1 13 0 0 0 0 0.717191 0 2.91301 3.00186 0.10566 0 0 -500 0
167 1
1 13 0 0 0 0 0.709391 0 2.91492 3.00186 0.10566 0 0 -500 0
168 1
1 13 0 0 0 0 0.582996 0 2.94281 3.00186 0.10566 0 0 -500 0
169 1
1 13 0 0 0 0 0.588654 0 2.94168 3.00186 0.10566 0 0 -500 0
170 1
1 13 0 0 0 0 0.766557 0 2.90041 3.00186 0.10566 0 0 -500 0
171 1
1 13 0 0 0 0 0.629725 0 2.93316 3.00186 0.10566 0 0 -500 0
172 1
1 13 0 0 0 0 0.607351 0 2.93788 3.00186 0.10566 0 0 -500 0
173 1
1 13 0 0 0 0 0.521009 0 2.95441 3.00186 0.10566 0 0 -500 0
174 1
1 13 0 0 0 0 0.74324 0 2.90647 3.00186 0.10566 0 0 -500 0
175 1
1 13 0 0 0 0 0.521912 0 2.95425 3.00186 0.10566 0 0 -500 0
176 1
1 13 0 0 0 0 0.563647 0 2.94657 3.00186 0.10566 0 0 -500 0
177 1
1 13 0 0 0 0 0.523992 0 2.95388 3.00186 0.10566 0 0 -500 0
178 1
1 13 0 0 0 0 0.6765 0 2.92273 3.00186 0.10566 0 0 -500 0
179 1
1 13 0 0 0 0 0.707964 0 2.91527 3.00186 0.10566 0 0 -500 0
180 1
1 13 0 0 0 0 0.678379 0 2.92229 3.00186 0.10566 0 0 -500 0
181 1
1 13 0 0 0 0 0.767797 0 2.90008 3.00186 0.10566 0 0 -500 0
182 1
1 13 0 0 0 0 0.648577 0 2.92905 3.00186 0.10566 0 0 -500 0
183 1
1 13 0 0 0 0 0.656955 0 2.92718 3.00186 0.10566 0 0 -500 0
184 1
1 13 0 0 0 0 0.639502 0 2.93105 3.00186 0.10566 0 0 -500 0
185 1
1 13 0 0 0 0 0.703654 0 2.91631 3.00186 0.10566 0 0 -500 0
186 1
1 13 0 0 0 0 0.66974 0 2.92429 3.00186 0.10566 0 0 -500 0
187 1
1 13 0 0 0 0 0.695957 0 2.91816 3.00186 0.10566 0 0 -500 0
188 1
1 13 0 0 0 0 0.764799 0 2.90088 3.00186 0.10566 0 0 -500 0
189 1
1 13 0 0 0 0 0.527042 0 2.95334 3.00186 0.10566 0 0 -500 0
190 1
1 13 0 0 0 0 0.593 0 2.94081 3.00186 0.10566 0 0 -500 0
191 1
1 13 0 0 0 0 0.743414 0 2.90643 3.00186 0.10566 0 0 -500 0
192 1
1 13 0 0 0 0 0.597933 0 2.93981 3.00186 0.10566 0 0 -500 0
193 1
1 13 0 0 0 0 0.603119 0 2.93875 3.00186 0.10566 0 0 -500 0
194 1
1 13 0 0 0 0 0.598348 0 2.93972 3.00186 0.10566 0 0 -500 0
195 1
1 13 0 0 0 0 0.761555 0 2.90173 3.00186 0.10566 0 0 -500 0
196 1
1 13 0 0 0 0 0.737985 0 2.90781 3.00186 0.10566 0 0 -500 0
197 1
1 13 0 0 0 0 0.713909 0 2.91382 3.00186 0.10566 0 0 -500 0
198 1
1 13 0 0 0 0 0.65909 0 2.9267 3.00186 0.10566 0 0 -500 0
199 1
1 13 0 0 0 0 0.625907 0 2.93398 3.00186 0.10566 0 0 -500 0
200 1
1 13 0 0 0 0 0.575606 0 2.94426 3.00186 0.10566 0 0 -500 0
201 1
1 13 0 0 0 0 0.540564 0 2.9509 3.00186 0.10566 0 0 -500 0
202 1
1 13 0 0 0 0 0.595521 0 2.9403 3.00186 0.10566 0 0 -500 0
203 1
1 13 0 0 0 0 0.526044 0 2.95352 3.00186 0.10566 0 0 -500 0
204 1
1 13 0 0 0 0 0.583023 0 2.9428 3.00186 0.10566 0 0 -500 0
205 1
1 13 0 0 0 0 0.619796 0 2.93528 3.00186 0.10566 0 0 -500 0
206 1
1 13 0 0 0 0 0.637788 0 2.93142 3.00186 0.10566 0 0 -500 0
207 1
1 13 0 0 0 0 0.617071 0 2.93585 3.00186 0.10566 0 0 -500 0
208 1
1 13 0 0 0 0 0.634023 0 2.93224 3.00186 0.10566 0 0 -500 0
209 1
1 13 0 0 0 0 0.551313 0 2.94891 3.00186 0.10566 0 0 -500 0
210 1
1 13 0 0 0 0 0.727145 0 2.91054 3.00186 0.10566 0 0 -500 0
211 1
1 13 0 0 0 0 0.563402 0 2.94662 3.00186 0.10566 0 0 -500 0
212 1
1 13 0 0 0 0 0.593621 0 2.94068 3.00186 0.10566 0 0 -500 0
213 1
1 13 0 0 0 0 0.565406 0 2.94624 3.00186 0.10566 0 0 -500 0
214 1
1 13 0 0 0 0 0.760221 0 2.90208 3.00186 0.10566 0 0 -500 0
215 1
1 13 0 0 0 0 0.695486 0 2.91827 3.00186 0.10566 0 0 -500 0
216 1
1 13 0 0 0 0 0.555378 0 2.94814 3.00186 0.10566 0 0 -500 0
217 1
1 13 0 0 0 0 0.586493 0 2.94211 3.00186 0.10566 0 0 -500 0
218 1
1 13 0 0 0 0 0.623593 0 2.93447 3.00186 0.10566 0 0 -500 0
219 1
1 13 0 0 0 0 0.615855 0 2.93611 3.00186 0.10566 0 0 -500 0
220 1
1 13 0 0 0 0 0.707045 0 2.91549 3.00186 0.10566 0 0 -500 0
221 1
1 13 0 0 0 0 0.592417 0 2.94093 3.00186 0.10566 0 0 -500 0
222 1
1 13 0 0 0 0 0.698699 0 2.9175 3.00186 0.10566 0 0 -500 0
223 1
1 13 0 0 0 0 0.64941 0 2.92887 3.00186 0.10566 0 0 -500 0
224 1
1 13 0 0 0 0 0.551444 0 2.94888 3.00186 0.10566 0 0 -500 0
225 1
1 13 0 0 0 0 0.559907 0 2.94729 3.00186 0.10566 0 0 -500 0
226 1
1 13 0 0 0 0 0.695612 0 2.91824 3.00186 0.10566 0 0 -500 0
227 1
1 13 0 0 0 0 0.705596 0 2.91584 3.00186 0.10566 0 0 -500 0
228 1
1 13 0 0 0 0 0.771309 0 2.89915 3.00186 0.10566 0 0 -500 0
229 1
1 13 0 0 0 0 0.699516 0 2.91731 3.00186 0.10566 0 0 -500 0
230 1
1 13 0 0 0 0 0.663933 0 2.92561 3.00186 0.10566 0 0 -500 0
231 1
1 13 0 0 0 0 0.695453 0 2.91828 3.00186 0.10566 0 0 -500 0
232 1
1 13 0 0 0 0 0.765161 0 2.90078 3.00186 0.10566 0 0 -500 0
233 1
1 13 0 0 0 0 0.674396 0 2.92322 3.00186 0.10566 0 0 -500 0
234 1
1 13 0 0 0 0 0.718258 0 2.91275 3.00186 0.10566 0 0 -500 0
235 1
1 13 0 0 0 0 0.754586 0 2.90355 3.00186 0.10566 0 0 -500 0
236 1
1 13 0 0 0 0 0.689884 0 2.9196 3.00186 0.10566 0 0 -500 0
237 1
1 13 0 0 0 0 0.692945 0 2.91887 3.00186 0.10566 0 0 -500 0
238 1
1 13 0 0 0 0 0.669287 0 2.92439 3.00186 0.10566 0 0 -500 0
239 1
1 13 0 0 0 0 0.764575 0 2.90094 3.00186 0.10566 0 0 -500 0
240 1
1 13 0 0 0 0 0.562896 0 2.94672 3.00186 0.10566 0 0 -500 0
241 1
1 13 0 0 0 0 0.607095 0 2.93793 3.00186 0.10566 0 0 -500 0
242 1
1 13 0 0 0 0 0.764268 0 2.90102 3.00186 0.10566 0 0 -500 0
243 1
1 13 0 0 0 0 0.549194 0 2.9493 3.00186 0.10566 0 0 -500 0
244 1
1 13 0 0 0 0 0.679776 0 2.92197 3.00186 0.10566 0 0 -500 0
245 1
1 13 0 0 0 0 0.765532 0 2.90068 3.00186 0.10566 0 0 -500 0
246 1
1 13 0 0 0 0 0.772725 0 2.89878 3.00186 0.10566 0 0 -500 0
247 1
1 13 0 0 0 0 0.539172 0 2.95115 3.00186 0.10566 0 0 -500 0
248 1
1 13 0 0 0 0 0.649915 0 2.92876 3.00186 0.10566 0 0 -500 0
249 1
1 13 0 0 0 0 0.695427 0 2.91828 3.00186 0.10566 0 0 -500 0
250 1
1 13 0 0 0 0 0.66294 0 2.92583 3.00186 0.10566 0 0 -500 0
251 1
1 13 0 0 0 0 0.671538 0 2.92387 3.00186 0.10566 0 0 -500 0
252 1
1 13 0 0 0 0 0.698203 0 2.91762 3.00186 0.10566 0 0 -500 0
253 1
1 13 0 0 0 0 0.639768 0 2.93099 3.00186 0.10566 0 0 -500 0
254 1
1 13 0 0 0 0 0.668284 0 2.92462 3.00186 0.10566 0 0 -500 0
255 1
1 13 0 0 0 0 0.539726 0 2.95105 3.00186 0.10566 0 0 -500 0
256 1
1 13 0 0 0 0 0.684611 0 2.92084 3.00186 0.10566 0 0 -500 0
257 1
1 13 0 0 0 0 0.6206 0 2.93511 3.00186 0.10566 0 0 -500 0
258 1
1 13 0 0 0 0 0.577813 0 2.94383 3.00186 0.10566 0 0 -500 0
259 1
1 13 0 0 0 0 0.52152 0 2.95432 3.00186 0.10566 0 0 -500 0
260 1
1 13 0 0 0 0 0.648209 0 2.92913 3.00186 0.10566 0 0 -500 0
261 1
1 13 0 0 0 0 0.570195 0 2.94531 3.00186 0.10566 0 0 -500 0
262 1
1 13 0 0 0 0 0.526684 0 2.95341 3.00186 0.10566 0 0 -500 0
263 1
1 13 0 0 0 0 0.75205 0 2.90421 3.00186 0.10566 0 0 -500 0
264 1
1 13 0 0 0 0 0.710166 0 2.91473 3.00186 0.10566 0 0 -500 0
265 1
1 13 0 0 0 0 0.635134 0 2.932 3.00186 0.10566 0 0 -500 0
266 1
1 13 0 0 0 0 0.628268 0 2.93348 3.00186 0.10566 0 0 -500 0
267 1
1 13 0 0 0 0 0.715819 0 2.91335 3.00186 0.10566 0 0 -500 0
268 1
1 13 0 0 0 0 0.633399 0 2.93237 3.00186 0.10566 0 0 -500 0
269 1
1 13 0 0 0 0 0.570109 0 2.94533 3.00186 0.10566 0 0 -500 0
270 1
1 13 0 0 0 0 0.669014 0 2.92445 3.00186 0.10566 0 0 -500 0
271 1
1 13 0 0 0 0 0.555119 0 2.94819 3.00186 0.10566 0 0 -500 0
272 1
1 13 0 0 0 0 0.602676 0 2.93884 3.00186 0.10566 0 0 -500 0
273 1
1 13 0 0 0 0 0.645974 0 2.92963 3.00186 0.10566 0 0 -500 0
274 1
1 13 0 0 0 0 0.761044 0 2.90186 3.00186 0.10566 0 0 -500 0
275 1
1 13 0 0 0 0 0.759741 0 2.9022 3.00186 0.10566 0 0 -500 0
276 1
1 13 0 0 0 0 0.539925 0 2.95101 3.00186 0.10566 0 0 -500 0
277 1
1 13 0 0 0 0 0.678025 0 2.92238 3.00186 0.10566 0 0 -500 0
278 1
1 13 0 0 0 0 0.653088 0 2.92805 3.00186 0.10566 0 0 -500 0
279 1
1 13 0 0 0 0 0.681143 0 2.92165 3.00186 0.10566 0 0 -500 0
280 1
1 13 0 0 0 0 0.554593 0 2.94829 3.00186 0.10566 0 0 -500 0
281 1
1 13 0 0 0 0 0.686381 0 2.92042 3.00186 0.10566 0 0 -500 0
282 1
1 13 0 0 0 0 0.555495 0 2.94812 3.00186 0.10566 0 0 -500 0
283 1
1 13 0 0 0 0 0.688347 0 2.91996 3.00186 0.10566 0 0 -500 0
284 1
1 13 0 0 0 0 0.589176 0 2.94158 3.00186 0.10566 0 0 -500 0
285 1
1 13 0 0 0 0 0.619075 0 2.93543 3.00186 0.10566 0 0 -500 0
286 1
1 13 0 0 0 0 0.672357 0 2.92369 3.00186 0.10566 0 0 -500 0
287 1
1 13 0 0 0 0 0.692621 0 2.91895 3.00186 0.10566 0 0 -500 0
288 1
1 13 0 0 0 0 0.663199 0 2.92578 3.00186 0.10566 0 0 -500 0
289 1
1 13 0 0 0 0 0.525972 0 2.95353 3.00186 0.10566 0 0 -500 0
290 1
1 13 0 0 0 0 0.568404 0 2.94566 3.00186 0.10566 0 0 -500 0
291 1
1 13 0 0 0 0 0.774227 0 2.89837 3.00186 0.10566 0 0 -500 0
292 1
1 13 0 0 0 0 0.668137 0 2.92465 3.00186 0.10566 0 0 -500 0
293 1
1 13 0 0 0 0 0.684482 0 2.92087 3.00186 0.10566 0 0 -500 0
294 1
1 13 0 0 0 0 0.673541 0 2.92341 3.00186 0.10566 0 0 -500 0
295 1
1 13 0 0 0 0 0.653215 0 2.92802 3.00186 0.10566 0 0 -500 0
296 1
1 13 0 0 0 0 0.605976 0 2.93816 3.00186 0.10566 0 0 -500 0
297 1
1 13 0 0 0 0 0.622901 0 2.93462 3.00186 0.10566 0 0 -500 0
298 1
1 13 0 0 0 0 0.747075 0 2.90549 3.00186 0.10566 0 0 -500 0
299 1
1 13 0 0 0 0 0.71852 0 2.91268 3.00186 0.10566 0 0 -500 0
300 1
1 13 0 0 0 0 0.674617 0 2.92316 3.00186 0.10566 0 0 -500 0
301 1
1 13 0 0 0 0 0.527318 0 2.95329 3.00186 0.10566 0 0 -500 0
302 1
1 13 0 0 0 0 0.524105 0 2.95386 3.00186 0.10566 0 0 -500 0
303 1
1 13 0 0 0 0 0.699942 0 2.9172 3.00186 0.10566 0 0 -500 0
304 1
1 13 0 0 0 0 0.589376 0 2.94154 3.00186 0.10566 0 0 -500 0
305 1
1 13 0 0 0 0 0.709675 0 2.91485 3.00186 0.10566 0 0 -500 0
306 1
1 13 0 0 0 0 0.77645 0 2.89778 3.00186 0.10566 0 0 -500 0
307 1
1 13 0 0 0 0 0.713005 0 2.91404 3.00186 0.10566 0 0 -500 0
308 1
1 13 0 0 0 0 0.645473 0 2.92974 3.00186 0.10566 0 0 -500 0
309 1
1 13 0 0 0 0 0.731785 0 2.90938 3.00186 0.10566 0 0 -500 0
310 1
1 13 0 0 0 0 0.680662 0 2.92176 3.00186 0.10566 0 0 -500 0
311 1
1 13 0 0 0 0 0.751777 0 2.90428 3.00186 0.10566 0 0 -500 0
312 1
1 13 0 0 0 0 0.535506 0 2.95182 3.00186 0.10566 0 0 -500 0
313 1
1 13 0 0 0 0 0.71028 0 2.9147 3.00186 0.10566 0 0 -500 0
314 1
1 13 0 0 0 0 0.617633 0 2.93573 3.00186 0.10566 0 0 -500 0
315 1
1 13 0 0 0 0 0.53043 0 2.95273 3.00186 0.10566 0 0 -500 0
316 1
1 13 0 0 0 0 0.719718 0 2.91239 3.00186 0.10566 0 0 -500 0
317 1
1 13 0 0 0 0 0.735251 0 2.90851 3.00186 0.10566 0 0 -500 0
318 1
1 13 0 0 0 0 0.609665 0 2.9374 3.00186 0.10566 0 0 -500 0
319 1
1 13 0 0 0 0 0.542032 0 2.95063 3.00186 0.10566 0 0 -500 0
320 1
1 13 0 0 0 0 0.578239 0 2.94375 3.00186 0.10566 0 0 -500 0
321 1
1 13 0 0 0 0 0.560209 0 2.94723 3.00186 0.10566 0 0 -500 0
322 1
1 13 0 0 0 0 0.624037 0 2.93438 3.00186 0.10566 0 0 -500 0
323 1
1 13 0 0 0 0 0.657396 0 2.92709 3.00186 0.10566 0 0 -500 0
324 1
1 13 0 0 0 0 0.728739 0 2.91014 3.00186 0.10566 0 0 -500 0
325 1
1 13 0 0 0 0 0.531455 0 2.95255 3.00186 0.10566 0 0 -500 0
326 1
1 13 0 0 0 0 0.551311 0 2.94891 3.00186 0.10566 0 0 -500 0
327 1
1 13 0 0 0 0 0.668523 0 2.92456 3.00186 0.10566 0 0 -500 0
328 1
1 13 0 0 0 0 0.733984 0 2.90883 3.00186 0.10566 0 0 -500 0
329 1
1 13 0 0 0 0 0.57362 0 2.94465 3.00186 0.10566 0 0 -500 0
330 1
1 13 0 0 0 0 0.582375 0 2.94293 3.00186 0.10566 0 0 -500 0
331 1
1 13 0 0 0 0 0.77568 0 2.89799 3.00186 0.10566 0 0 -500 0
332 1
1 13 0 0 0 0 0.587477 0 2.94192 3.00186 0.10566 0 0 -500 0
333 1
1 13 0 0 0 0 0.749126 0 2.90496 3.00186 0.10566 0 0 -500 0
334 1
1 13 0 0 0 0 0.737663 0 2.90789 3.00186 0.10566 0 0 -500 0
335 1
1 13 0 0 0 0 0.599793 0 2.93943 3.00186 0.10566 0 0 -500 0
336 1
1 13 0 0 0 0 0.529544 0 2.95289 3.00186 0.10566 0 0 -500 0
337 1
1 13 0 0 0 0 0.70197 0 2.91672 3.00186 0.10566 0 0 -500 0
338 1
1 13 0 0 0 0 0.570786 0 2.9452 3.00186 0.10566 0 0 -500 0
339 1
1 13 0 0 0 0 0.651613 0 2.92838 3.00186 0.10566 0 0 -500 0
340 1
1 13 0 0 0 0 0.526498 0 2.95344 3.00186 0.10566 0 0 -500 0
341 1
1 13 0 0 0 0 0.693393 0 2.91877 3.00186 0.10566 0 0 -500 0
342 1
1 13 0 0 0 0 0.72921 0 2.91003 3.00186 0.10566 0 0 -500 0
343 1
1 13 0 0 0 0 0.727616 0 2.91043 3.00186 0.10566 0 0 -500 0
344 1
1 13 0 0 0 0 0.644596 0 2.92993 3.00186 0.10566 0 0 -500 0
345 1
1 13 0 0 0 0 0.658905 0 2.92675 3.00186 0.10566 0 0 -500 0
346 1
1 13 0 0 0 0 0.7209 0 2.9121 3.00186 0.10566 0 0 -500 0
347 1
1 13 0 0 0 0 0.607298 0 2.93789 3.00186 0.10566 0 0 -500 0
348 1
1 13 0 0 0 0 0.700148 0 2.91716 3.00186 0.10566 0 0 -500 0
349 1
1 13 0 0 0 0 0.630354 0 2.93303 3.00186 0.10566 0 0 -500 0
350 1
1 13 0 0 0 0 0.732176 0 2.90928 3.00186 0.10566 0 0 -500 0
351 1
1 13 0 0 0 0 0.762695 0 2.90143 3.00186 0.10566 0 0 -500 0
352 1
1 13 0 0 0 0 0.663328 0 2.92575 3.00186 0.10566 0 0 -500 0
353 1
1 13 0 0 0 0 0.703008 0 2.91647 3.00186 0.10566 0 0 -500 0
354 1
1 13 0 0 0 0 0.618192 0 2.93562 3.00186 0.10566 0 0 -500 0
355 1
1 13 0 0 0 0 0.687178 0 2.92024 3.00186 0.10566 0 0 -500 0
356 1
1 13 0 0 0 0 0.532716 0 2.95232 3.00186 0.10566 0 0 -500 0
357 1
1 13 0 0 0 0 0.560981 0 2.94708 3.00186 0.10566 0 0 -500 0
358 1
1 13 0 0 0 0 0.747427 0 2.9054 3.00186 0.10566 0 0 -500 0
359 1
1 13 0 0 0 0 0.705825 0 2.91579 3.00186 0.10566 0 0 -500 0
360 1
1 13 0 0 0 0 0.766759 0 2.90036 3.00186 0.10566 0 0 -500 0
361 1
1 13 0 0 0 0 0.631492 0 2.93278 3.00186 0.10566 0 0 -500 0
362 1
1 13 0 0 0 0 0.55495 0 2.94823 3.00186 0.10566 0 0 -500 0
363 1
1 13 0 0 0 0 0.633803 0 2.93228 3.00186 0.10566 0 0 -500 0
364 1
1 13 0 0 0 0 0.64093 0 2.93074 3.00186 0.10566 0 0 -500 0
365 1
1 13 0 0 0 0 0.626317 0 2.93389 3.00186 0.10566 0 0 -500 0
366 1
1 13 0 0 0 0 0.592253 0 2.94096 3.00186 0.10566 0 0 -500 0
367 1
1 13 0 0 0 0 0.592589 0 2.94089 3.00186 0.10566 0 0 -500 0
368 1
1 13 0 0 0 0 0.764976 0 2.90083 3.00186 0.10566 0 0 -500 0
369 1
1 13 0 0 0 0 0.726873 0 2.91061 3.00186 0.10566 0 0 -500 0
370 1
1 13 0 0 0 0 0.768491 0 2.8999 3.00186 0.10566 0 0 -500 0
371 1
1 13 0 0 0 0 0.776387 0 2.8978 3.00186 0.10566 0 0 -500 0
372 1
1 13 0 0 0 0 0.763087 0 2.90133 3.00186 0.10566 0 0 -500 0
373 1
1 13 0 0 0 0 0.584899 0 2.94243 3.00186 0.10566 0 0 -500 0
374 1
1 13 0 0 0 0 0.522673 0 2.95412 3.00186 0.10566 0 0 -500 0
375 1
1 13 0 0 0 0 0.635184 0 2.93199 3.00186 0.10566 0 0 -500 0
376 1
1 13 0 0 0 0 0.693728 0 2.91869 3.00186 0.10566 0 0 -500 0
377 1
1 13 0 0 0 0 0.648419 0 2.92909 3.00186 0.10566 0 0 -500 0
378 1
1 13 0 0 0 0 0.52636 0 2.95346 3.00186 0.10566 0 0 -500 0
379 1
1 13 0 0 0 0 0.733832 0 2.90886 3.00186 0.10566 0 0 -500 0
380 1
1 13 0 0 0 0 0.548906 0 2.94936 3.00186 0.10566 0 0 -500 0
381 1
1 13 0 0 0 0 0.544944 0 2.95009 3.00186 0.10566 0 0 -500 0
382 1
1 13 0 0 0 0 0.748657 0 2.90508 3.00186 0.10566 0 0 -500 0
383 1
1 13 0 0 0 0 0.635496 0 2.93192 3.00186 0.10566 0 0 -500 0
384 1
1 13 0 0 0 0 0.75289 0 2.90399 3.00186 0.10566 0 0 -500 0
385 1
1 13 0 0 0 0 0.663124 0 2.92579 3.00186 0.10566 0 0 -500 0
386 1
1 13 0 0 0 0 0.715457 0 2.91344 3.00186 0.10566 0 0 -500 0
387 1
1 13 0 0 0 0 0.729715 0 2.9099 3.00186 0.10566 0 0 -500 0
388 1
1 13 0 0 0 0 0.657743 0 2.92701 3.00186 0.10566 0 0 -500 0
389 1
1 13 0 0 0 0 0.535154 0 2.95188 3.00186 0.10566 0 0 -500 0
390 1
1 13 0 0 0 0 0.534857 0 2.95194 3.00186 0.10566 0 0 -500 0
391 1
1 13 0 0 0 0 0.750934 0 2.9045 3.00186 0.10566 0 0 -500 0
392 1
1 13 0 0 0 0 0.558777 0 2.9475 3.00186 0.10566 0 0 -500 0
393 1
1 13 0 0 0 0 0.644883 0 2.92987 3.00186 0.10566 0 0 -500 0
394 1
1 13 0 0 0 0 0.538288 0 2.95131 3.00186 0.10566 0 0 -500 0
395 1
1 13 0 0 0 0 0.59327 0 2.94075 3.00186 0.10566 0 0 -500 0
396 1
1 13 0 0 0 0 0.759463 0 2.90228 3.00186 0.10566 0 0 -500 0
397 1
1 13 0 0 0 0 0.651189 0 2.92847 3.00186 0.10566 0 0 -500 0
398 1
1 13 0 0 0 0 0.665795 0 2.92519 3.00186 0.10566 0 0 -500 0
399 1
1 13 0 0 0 0 0.725947 0 2.91084 3.00186 0.10566 0 0 -500 0
400 1
1 13 0 0 0 0 0.686553 0 2.92038 3.00186 0.10566 0 0 -500 0
401 1
1 13 0 0 0 0 0.600469 0 2.93929 3.00186 0.10566 0 0 -500 0
402 1
1 13 0 0 0 0 0.533266 0 2.95222 3.00186 0.10566 0 0 -500 0
403 1
1 13 0 0 0 0 0.585776 0 2.94226 3.00186 0.10566 0 0 -500 0
404 1
1 13 0 0 0 0 0.703869 0 2.91626 3.00186 0.10566 0 0 -500 0
405 1
1 13 0 0 0 0 0.69295 0 2.91887 3.00186 0.10566 0 0 -500 0
406 1
1 13 0 0 0 0 0.676201 0 2.9228 3.00186 0.10566 0 0 -500 0
407 1
1 13 0 0 0 0 0.559128 0 2.94744 3.00186 0.10566 0 0 -500 0
408 1
1 13 0 0 0 0 0.724559 0 2.91119 3.00186 0.10566 0 0 -500 0
409 1
1 13 0 0 0 0 0.691494 0 2.91922 3.00186 0.10566 0 0 -500 0
410 1
1 13 0 0 0 0 0.739551 0 2.90742 3.00186 0.10566 0 0 -500 0
411 1
1 13 0 0 0 0 0.728441 0 2.91022 3.00186 0.10566 0 0 -500 0
412 1
1 13 0 0 0 0 0.539277 0 2.95113 3.00186 0.10566 0 0 -500 0
413 1
1 13 0 0 0 0 0.538671 0 2.95124 3.00186 0.10566 0 0 -500 0
414 1
1 13 0 0 0 0 0.748723 0 2.90507 3.00186 0.10566 0 0 -500 0
415 1
1 13 0 0 0 0 0.715104 0 2.91352 3.00186 0.10566 0 0 -500 0
416 1
1 13 0 0 0 0 0.539062 0 2.95117 3.00186 0.10566 0 0 -500 0
417 1
1 13 0 0 0 0 0.738991 0 2.90756 3.00186 0.10566 0 0 -500 0
418 1
1 13 0 0 0 0 0.719504 0 2.91244 3.00186 0.10566 0 0 -500 0
419 1
1 13 0 0 0 0 0.69649 0 2.91803 3.00186 0.10566 0 0 -500 0
420 1
1 13 0 0 0 0 0.581304 0 2.94314 3.00186 0.10566 0 0 -500 0
421 1
1 13 0 0 0 0 0.639494 0 2.93105 3.00186 0.10566 0 0 -500 0
422 1
1 13 0 0 0 0 0.760371 0 2.90204 3.00186 0.10566 0 0 -500 0
423 1
1 13 0 0 0 0 0.691409 0 2.91924 3.00186 0.10566 0 0 -500 0
424 1
1 13 0 0 0 0 0.639009 0 2.93115 3.00186 0.10566 0 0 -500 0
425 1
1 13 0 0 0 0 0.748053 0 2.90524 3.00186 0.10566 0 0 -500 0
426 1
1 13 0 0 0 0 0.668378 0 2.9246 3.00186 0.10566 0 0 -500 0
427 1
1 13 0 0 0 0 0.528721 0 2.95304 3.00186 0.10566 0 0 -500 0
428 1
1 13 0 0 0 0 0.71747 0 2.91294 3.00186 0.10566 0 0 -500 0
429 1
1 13 0 0 0 0 0.609766 0 2.93738 3.00186 0.10566 0 0 -500 0
430 1
1 13 0 0 0 0 0.67718 0 2.92257 3.00186 0.10566 0 0 -500 0
431 1
1 13 0 0 0 0 0.576935 0 2.944 3.00186 0.10566 0 0 -500 0
432 1
1 13 0 0 0 0 0.686011 0 2.92051 3.00186 0.10566 0 0 -500 0
433 1
1 13 0 0 0 0 0.667554 0 2.92479 3.00186 0.10566 0 0 -500 0
434 1
1 13 0 0 0 0 0.726353 0 2.91074 3.00186 0.10566 0 0 -500 0
435 1
1 13 0 0 0 0 0.766928 0 2.90031 3.00186 0.10566 0 0 -500 0
436 1
1 13 0 0 0 0 0.624188 0 2.93435 3.00186 0.10566 0 0 -500 0
437 1
1 13 0 0 0 0 0.775586 0 2.89801 3.00186 0.10566 0 0 -500 0
438 1
1 13 0 0 0 0 0.712027 0 2.91428 3.00186 0.10566 0 0 -500 0
439 1
1 13 0 0 0 0 0.636127 0 2.93178 3.00186 0.10566 0 0 -500 0
440 1
1 13 0 0 0 0 0.622655 0 2.93467 3.00186 0.10566 0 0 -500 0
441 1
1 13 0 0 0 0 0.552726 0 2.94864 3.00186 0.10566 0 0 -500 0
442 1
1 13 0 0 0 0 0.657652 0 2.92703 3.00186 0.10566 0 0 -500 0
443 1
1 13 0 0 0 0 0.734242 0 2.90876 3.00186 0.10566 0 0 -500 0
444 1
1 13 0 0 0 0 0.755619 0 2.90328 3.00186 0.10566 0 0 -500 0
445 1
1 13 0 0 0 0 0.732269 0 2.90926 3.00186 0.10566 0 0 -500 0
446 1
1 13 0 0 0 0 0.635488 0 2.93192 3.00186 0.10566 0 0 -500 0
447 1
1 13 0 0 0 0 0.58967 0 2.94148 3.00186 0.10566 0 0 -500 0
448 1
1 13 0 0 0 0 0.69127 0 2.91927 3.00186 0.10566 0 0 -500 0
449 1
1 13 0 0 0 0 0.717345 0 2.91297 3.00186 0.10566 0 0 -500 0
450 1
1 13 0 0 0 0 0.69167 0 2.91918 3.00186 0.10566 0 0 -500 0
451 1
1 13 0 0 0 0 0.65033 0 2.92866 3.00186 0.10566 0 0 -500 0
452 1
1 13 0 0 0 0 0.734692 0 2.90865 3.00186 0.10566 0 0 -500 0
453 1
1 13 0 0 0 0 0.680567 0 2.92179 3.00186 0.10566 0 0 -500 0
454 1
1 13 0 0 0 0 0.638462 0 2.93127 3.00186 0.10566 0 0 -500 0
455 1
1 13 0 0 0 0 0.663365 0 2.92574 3.00186 0.10566 0 0 -500 0
456 1
1 13 0 0 0 0 0.614978 0 2.93629 3.00186 0.10566 0 0 -500 0
457 1
1 13 0 0 0 0 0.689207 0 2.91976 3.00186 0.10566 0 0 -500 0
458 1
1 13 0 0 0 0 0.755458 0 2.90332 3.00186 0.10566 0 0 -500 0
459 1
1 13 0 0 0 0 0.591959 0 2.94102 3.00186 0.10566 0 0 -500 0
460 1
1 13 0 0 0 0 0.552167 0 2.94875 3.00186 0.10566 0 0 -500 0
461 1
1 13 0 0 0 0 0.767901 0 2.90006 3.00186 0.10566 0 0 -500 0
462 1
1 13 0 0 0 0 0.699684 0 2.91727 3.00186 0.10566 0 0 -500 0
463 1
1 13 0 0 0 0 0.634882 0 2.93205 3.00186 0.10566 0 0 -500 0
464 1
1 13 0 0 0 0 0.682553 0 2.92132 3.00186 0.10566 0 0 -500 0
465 1
1 13 0 0 0 0 0.615627 0 2.93615 3.00186 0.10566 0 0 -500 0
466 1
1 13 0 0 0 0 0.582239 0 2.94296 3.00186 0.10566 0 0 -500 0
467 1
1 13 0 0 0 0 0.598174 0 2.93976 3.00186 0.10566 0 0 -500 0
468 1
1 13 0 0 0 0 0.702966 0 2.91648 3.00186 0.10566 0 0 -500 0
469 1
1 13 0 0 0 0 0.53318 0 2.95224 3.00186 0.10566 0 0 -500 0
470 1
1 13 0 0 0 0 0.647408 0 2.92931 3.00186 0.10566 0 0 -500 0
471 1
1 13 0 0 0 0 0.54188 0 2.95066 3.00186 0.10566 0 0 -500 0
472 1
1 13 0 0 0 0 0.552373 0 2.94871 3.00186 0.10566 0 0 -500 0
473 1
1 13 0 0 0 0 0.774713 0 2.89824 3.00186 0.10566 0 0 -500 0
474 1
1 13 0 0 0 0 0.61223 0 2.93686 3.00186 0.10566 0 0 -500 0
475 1
1 13 0 0 0 0 0.716837 0 2.9131 3.00186 0.10566 0 0 -500 0
476 1
1 13 0 0 0 0 0.752179 0 2.90417 3.00186 0.10566 0 0 -500 0
477 1
1 13 0 0 0 0 0.622739 0 2.93465 3.00186 0.10566 0 0 -500 0
478 1
1 13 0 0 0 0 0.730118 0 2.9098 3.00186 0.10566 0 0 -500 0
479 1
1 13 0 0 0 0 0.610662 0 2.93719 3.00186 0.10566 0 0 -500 0
480 1
1 13 0 0 0 0 0.589428 0 2.94153 3.00186 0.10566 0 0 -500 0
481 1
1 13 0 0 0 0 0.615411 0 2.9362 3.00186 0.10566 0 0 -500 0
482 1
1 13 0 0 0 0 0.713647 0 2.91388 3.00186 0.10566 0 0 -500 0
483 1
1 13 0 0 0 0 0.671741 0 2.92383 3.00186 0.10566 0 0 -500 0
484 1
1 13 0 0 0 0 0.646615 0 2.92949 3.00186 0.10566 0 0 -500 0
485 1
1 13 0 0 0 0 0.693582 0 2.91872 3.00186 0.10566 0 0 -500 0
486 1
1 13 0 0 0 0 0.605361 0 2.93829 3.00186 0.10566 0 0 -500 0
487 1
1 13 0 0 0 0 0.739461 0 2.90744 3.00186 0.10566 0 0 -500 0
488 1
1 13 0 0 0 0 0.733988 0 2.90882 3.00186 0.10566 0 0 -500 0
489 1
1 13 0 0 0 0 0.562038 0 2.94688 3.00186 0.10566 0 0 -500 0
490 1
1 13 0 0 0 0 0.603852 0 2.9386 3.00186 0.10566 0 0 -500 0
491 1
1 13 0 0 0 0 0.76385 0 2.90113 3.00186 0.10566 0 0 -500 0
492 1
1 13 0 0 0 0 0.545516 0 2.94999 3.00186 0.10566 0 0 -500 0
493 1
1 13 0 0 0 0 0.580397 0 2.94332 3.00186 0.10566 0 0 -500 0
494 1
1 13 0 0 0 0 0.741151 0 2.90701 3.00186 0.10566 0 0 -500 0
495 1
1 13 0 0 0 0 0.613393 0 2.93662 3.00186 0.10566 0 0 -500 0
496 1
1 13 0 0 0 0 0.772624 0 2.8988 3.00186 0.10566 0 0 -500 0
497 1
1 13 0 0 0 0 0.529187 0 2.95296 3.00186 0.10566 0 0 -500 0
498 1
1 13 0 0 0 0 0.733041 0 2.90906 3.00186 0.10566 0 0 -500 0
499 1
1 13 0 0 0 0 0.653615 0 2.92793 3.00186 0.10566 0 0 -500 0
500 1
1 13 0 0 0 0 0.646611 0 2.92949 3.00186 0.10566 0 0 -500 0
501 1
1 13 0 0 0 0 0.767344 0 2.9002 3.00186 0.10566 0 0 -500 0
502 1
1 13 0 0 0 0 0.766371 0 2.90046 3.00186 0.10566 0 0 -500 0
503 1
1 13 0 0 0 0 0.695706 0 2.91822 3.00186 0.10566 0 0 -500 0
504 1
1 13 0 0 0 0 0.741197 0 2.907 3.00186 0.10566 0 0 -500 0
505 1
1 13 0 0 0 0 0.638024 0 2.93137 3.00186 0.10566 0 0 -500 0
506 1
1 13 0 0 0 0 0.606411 0 2.93807 3.00186 0.10566 0 0 -500 0
507 1
1 13 0 0 0 0 0.536188 0 2.95169 3.00186 0.10566 0 0 -500 0
508 1
1 13 0 0 0 0 0.637108 0 2.93157 3.00186 0.10566 0 0 -500 0
509 1
1 13 0 0 0 0 0.576886 0 2.94401 3.00186 0.10566 0 0 -500 0
510 1
1 13 0 0 0 0 0.609799 0 2.93737 3.00186 0.10566 0 0 -500 0
511 1
1 13 0 0 0 0 0.662085 0 2.92603 3.00186 0.10566 0 0 -500 0
512 1
1 13 0 0 0 0 0.602624 0 2.93885 3.00186 0.10566 0 0 -500 0
513 1
1 13 0 0 0 0 0.74936 0 2.9049 3.00186 0.10566 0 0 -500 0
514 1
1 13 0 0 0 0 0.646774 0 2.92945 3.00186 0.10566 0 0 -500 0
515 1
1 13 0 0 0 0 0.586934 0 2.94202 3.00186 0.10566 0 0 -500 0
516 1
1 13 0 0 0 0 0.768615 0 2.89987 3.00186 0.10566 0 0 -500 0
517 1
1 13 0 0 0 0 0.753836 0 2.90374 3.00186 0.10566 0 0 -500 0
518 1
1 13 0 0 0 0 0.579292 0 2.94354 3.00186 0.10566 0 0 -500 0
519 1
1 13 0 0 0 0 0.605241 0 2.93831 3.00186 0.10566 0 0 -500 0
520 1
1 13 0 0 0 0 0.594692 0 2.94047 3.00186 0.10566 0 0 -500 0
521 1
1 13 0 0 0 0 0.557647 0 2.94772 3.00186 0.10566 0 0 -500 0
522 1
1 13 0 0 0 0 0.546522 0 2.9498 3.00186 0.10566 0 0 -500 0
523 1
1 13 0 0 0 0 0.570456 0 2.94526 3.00186 0.10566 0 0 -500 0
524 1
1 13 0 0 0 0 0.600253 0 2.93934 3.00186 0.10566 0 0 -500 0
525 1
1 13 0 0 0 0 0.743893 0 2.90631 3.00186 0.10566 0 0 -500 0
526 1
1 13 0 0 0 0 0.621468 0 2.93492 3.00186 0.10566 0 0 -500 0
527 1
1 13 0 0 0 0 0.722885 0 2.9116 3.00186 0.10566 0 0 -500 0
528 1
1 13 0 0 0 0 0.572637 0 2.94484 3.00186 0.10566 0 0 -500 0
529 1
1 13 0 0 0 0 0.773037 0 2.89869 3.00186 0.10566 0 0 -500 0
530 1
1 13 0 0 0 0 0.746795 0 2.90556 3.00186 0.10566 0 0 -500 0
531 1
1 13 0 0 0 0 0.549245 0 2.94929 3.00186 0.10566 0 0 -500 0
532 1
1 13 0 0 0 0 0.612023 0 2.93691 3.00186 0.10566 0 0 -500 0
533 1
1 13 0 0 0 0 0.663559 0 2.92569 3.00186 0.10566 0 0 -500 0
534 1
1 13 0 0 0 0 0.697968 0 2.91768 3.00186 0.10566 0 0 -500 0
535 1
1 13 0 0 0 0 0.686025 0 2.92051 3.00186 0.10566 0 0 -500 0
536 1
1 13 0 0 0 0 0.614284 0 2.93644 3.00186 0.10566 0 0 -500 0
537 1
1 13 0 0 0 0 0.541265 0 2.95077 3.00186 0.10566 0 0 -500 0
538 1
1 13 0 0 0 0 0.572638 0 2.94484 3.00186 0.10566 0 0 -500 0
539 1
1 13 0 0 0 0 0.704656 0 2.91607 3.00186 0.10566 0 0 -500 0
540 1
1 13 0 0 0 0 0.711622 0 2.91438 3.00186 0.10566 0 0 -500 0
541 1
1 13 0 0 0 0 0.717542 0 2.91293 3.00186 0.10566 0 0 -500 0
542 1
1 13 0 0 0 0 0.584101 0 2.94259 3.00186 0.10566 0 0 -500 0
543 1
1 13 0 0 0 0 0.69219 0 2.91905 3.00186 0.10566 0 0 -500 0
544 1
1 13 0 0 0 0 0.747842 0 2.90529 3.00186 0.10566 0 0 -500 0
545 1
1 13 0 0 0 0 0.615243 0 2.93623 3.00186 0.10566 0 0 -500 0
546 1
1 13 0 0 0 0 0.657382 0 2.92709 3.00186 0.10566 0 0 -500 0
547 1
1 13 0 0 0 0 0.650046 0 2.92873 3.00186 0.10566 0 0 -500 0
548 1
1 13 0 0 0 0 0.601834 0 2.93901 3.00186 0.10566 0 0 -500 0
549 1
1 13 0 0 0 0 0.680602 0 2.92178 3.00186 0.10566 0 0 -500 0
550 1
1 13 0 0 0 0 0.526075 0 2.95351 3.00186 0.10566 0 0 -500 0
551 1
1 13 0 0 0 0 0.694315 0 2.91855 3.00186 0.10566 0 0 -500 0
552 1
1 13 0 0 0 0 0.631369 0 2.93281 3.00186 0.10566 0 0 -500 0
553 1
1 13 0 0 0 0 0.580863 0 2.94323 3.00186 0.10566 0 0 -500 0
554 1
1 13 0 0 0 0 0.773326 0 2.89861 3.00186 0.10566 0 0 -500 0
555 1
1 13 0 0 0 0 0.59979 0 2.93943 3.00186 0.10566 0 0 -500 0
556 1
1 13 0 0 0 0 0.647948 0 2.92919 3.00186 0.10566 0 0 -500 0
557 1
1 13 0 0 0 0 0.712705 0 2.91411 3.00186 0.10566 0 0 -500 0
558 1
1 13 0 0 0 0 0.749073 0 2.90498 3.00186 0.10566 0 0 -500 0
559 1
1 13 0 0 0 0 0.532616 0 2.95234 3.00186 0.10566 0 0 -500 0
560 1
1 13 0 0 0 0 0.630791 0 2.93293 3.00186 0.10566 0 0 -500 0
561 1
1 13 0 0 0 0 0.579359 0 2.94353 3.00186 0.10566 0 0 -500 0
562 1
1 13 0 0 0 0 0.645247 0 2.92979 3.00186 0.10566 0 0 -500 0
563 1
1 13 0 0 0 0 0.563339 0 2.94663 3.00186 0.10566 0 0 -500 0
564 1
1 13 0 0 0 0 0.544083 0 2.95025 3.00186 0.10566 0 0 -500 0
565 1
1 13 0 0 0 0 0.619705 0 2.9353 3.00186 0.10566 0 0 -500 0
566 1
1 13 0 0 0 0 0.527089 0 2.95333 3.00186 0.10566 0 0 -500 0
567 1
1 13 0 0 0 0 0.60573 0 2.93821 3.00186 0.10566 0 0 -500 0
568 1
1 13 0 0 0 0 0.657299 0 2.92711 3.00186 0.10566 0 0 -500 0
569 1
1 13 0 0 0 0 0.643358 0 2.9302 3.00186 0.10566 0 0 -500 0
570 1
1 13 0 0 0 0 0.745431 0 2.90591 3.00186 0.10566 0 0 -500 0
571 1
1 13 0 0 0 0 0.63794 0 2.93139 3.00186 0.10566 0 0 -500 0
572 1
1 13 0 0 0 0 0.648629 0 2.92904 3.00186 0.10566 0 0 -500 0
573 1
1 13 0 0 0 0 0.622758 0 2.93465 3.00186 0.10566 0 0 -500 0
574 1
1 13 0 0 0 0 0.747623 0 2.90535 3.00186 0.10566 0 0 -500 0
575 1
1 13 0 0 0 0 0.709515 0 2.91489 3.00186 0.10566 0 0 -500 0
576 1
1 13 0 0 0 0 0.549002 0 2.94934 3.00186 0.10566 0 0 -500 0
577 1
1 13 0 0 0 0 0.623203 0 2.93456 3.00186 0.10566 0 0 -500 0
578 1
1 13 0 0 0 0 0.736576 0 2.90817 3.00186 0.10566 0 0 -500 0
579 1
1 13 0 0 0 0 0.732419 0 2.90922 3.00186 0.10566 0 0 -500 0
580 1
1 13 0 0 0 0 0.760427 0 2.90203 3.00186 0.10566 0 0 -500 0
581 1
1 13 0 0 0 0 0.584139 0 2.94258 3.00186 0.10566 0 0 -500 0
582 1
1 13 0 0 0 0 0.684973 0 2.92076 3.00186 0.10566 0 0 -500 0
583 1
1 13 0 0 0 0 0.647615 0 2.92927 3.00186 0.10566 0 0 -500 0
584 1
1 13 0 0 0 0 0.539871 0 2.95102 3.00186 0.10566 0 0 -500 0
585 1
1 13 0 0 0 0 0.720719 0 2.91214 3.00186 0.10566 0 0 -500 0
586 1
1 13 0 0 0 0 0.531798 0 2.95249 3.00186 0.10566 0 0 -500 0
587 1
1 13 0 0 0 0 0.70062 0 2.91704 3.00186 0.10566 0 0 -500 0
588 1
1 13 0 0 0 0 0.761406 0 2.90177 3.00186 0.10566 0 0 -500 0
589 1
1 13 0 0 0 0 0.700476 0 2.91708 3.00186 0.10566 0 0 -500 0
590 1
1 13 0 0 0 0 0.719861 0 2.91235 3.00186 0.10566 0 0 -500 0
591 1
1 13 0 0 0 0 0.570562 0 2.94524 3.00186 0.10566 0 0 -500 0
592 1
1 13 0 0 0 0 0.52273 0 2.95411 3.00186 0.10566 0 0 -500 0
593 1
1 13 0 0 0 0 0.736679 0 2.90814 3.00186 0.10566 0 0 -500 0
594 1
1 13 0 0 0 0 0.756037 0 2.90317 3.00186 0.10566 0 0 -500 0
595 1
1 13 0 0 0 0 0.583238 0 2.94276 3.00186 0.10566 0 0 -500 0
596 1
1 13 0 0 0 0 0.569883 0 2.94537 3.00186 0.10566 0 0 -500 0
597 1
1 13 0 0 0 0 0.709264 0 2.91495 3.00186 0.10566 0 0 -500 0
598 1
1 13 0 0 0 0 0.563307 0 2.94664 3.00186 0.10566 0 0 -500 0
599 1
1 13 0 0 0 0 0.774006 0 2.89843 3.00186 0.10566 0 0 -500 0
600 1
1 13 0 0 0 0 0.772119 0 2.89894 3.00186 0.10566 0 0 -500 0
601 1
1 13 0 0 0 0 0.689428 0 2.91971 3.00186 0.10566 0 0 -500 0
602 1
1 13 0 0 0 0 0.525784 0 2.95357 3.00186 0.10566 0 0 -500 0
603 1
1 13 0 0 0 0 0.715498 0 2.91343 3.00186 0.10566 0 0 -500 0
604 1
1 13 0 0 0 0 0.612865 0 2.93673 3.00186 0.10566 0 0 -500 0
605 1
1 13 0 0 0 0 0.651623 0 2.92838 3.00186 0.10566 0 0 -500 0
606 1
1 13 0 0 0 0 0.710235 0 2.91472 3.00186 0.10566 0 0 -500 0
607 1
1 13 0 0 0 0 0.666668 0 2.92499 3.00186 0.10566 0 0 -500 0
608 1
1 13 0 0 0 0 0.595296 0 2.94034 3.00186 0.10566 0 0 -500 0
609 1
1 13 0 0 0 0 0.62758 0 2.93362 3.00186 0.10566 0 0 -500 0
610 1
1 13 0 0 0 0 0.771665 0 2.89906 3.00186 0.10566 0 0 -500 0
611 1
1 13 0 0 0 0 0.614996 0 2.93629 3.00186 0.10566 0 0 -500 0
612 1
1 13 0 0 0 0 0.653888 0 2.92787 3.00186 0.10566 0 0 -500 0
613 1
1 13 0 0 0 0 0.73699 0 2.90807 3.00186 0.10566 0 0 -500 0
614 1
1 13 0 0 0 0 0.768393 0 2.89993 3.00186 0.10566 0 0 -500 0
615 1
1 13 0 0 0 0 0.587555 0 2.9419 3.00186 0.10566 0 0 -500 0
616 1
1 13 0 0 0 0 0.643774 0 2.93011 3.00186 0.10566 0 0 -500 0
617 1
1 13 0 0 0 0 0.633294 0 2.93239 3.00186 0.10566 0 0 -500 0
618 1
1 13 0 0 0 0 0.618458 0 2.93556 3.00186 0.10566 0 0 -500 0
619 1
1 13 0 0 0 0 0.573219 0 2.94473 3.00186 0.10566 0 0 -500 0
620 1
1 13 0 0 0 0 0.662302 0 2.92598 3.00186 0.10566 0 0 -500 0
621 1
1 13 0 0 0 0 0.586694 0 2.94207 3.00186 0.10566 0 0 -500 0
622 1
1 13 0 0 0 0 0.662117 0 2.92602 3.00186 0.10566 0 0 -500 0
623 1
1 13 0 0 0 0 0.743655 0 2.90637 3.00186 0.10566 0 0 -500 0
624 1
1 13 0 0 0 0 0.583019 0 2.9428 3.00186 0.10566 0 0 -500 0
625 1
1 13 0 0 0 0 0.5614 0 2.947 3.00186 0.10566 0 0 -500 0
626 1
1 13 0 0 0 0 0.577119 0 2.94397 3.00186 0.10566 0 0 -500 0
627 1
1 13 0 0 0 0 0.550896 0 2.94899 3.00186 0.10566 0 0 -500 0
628 1
1 13 0 0 0 0 0.712808 0 2.91409 3.00186 0.10566 0 0 -500 0
629 1
1 13 0 0 0 0 0.561704 0 2.94695 3.00186 0.10566 0 0 -500 0
630 1
1 13 0 0 0 0 0.643274 0 2.93022 3.00186 0.10566 0 0 -500 0
631 1
1 13 0 0 0 0 0.660899 0 2.9263 3.00186 0.10566 0 0 -500 0
632 1
1 13 0 0 0 0 0.745811 0 2.90582 3.00186 0.10566 0 0 -500 0
633 1
1 13 0 0 0 0 0.525364 0 2.95364 3.00186 0.10566 0 0 -500 0
634 1
1 13 0 0 0 0 0.6603 0 2.92643 3.00186 0.10566 0 0 -500 0
635 1
1 13 0 0 0 0 0.602726 0 2.93883 3.00186 0.10566 0 0 -500 0
636 1
1 13 0 0 0 0 0.722922 0 2.91159 3.00186 0.10566 0 0 -500 0
637 1
1 13 0 0 0 0 0.74397 0 2.90629 3.00186 0.10566 0 0 -500 0
638 1
1 13 0 0 0 0 0.71013 0 2.91474 3.00186 0.10566 0 0 -500 0
639 1
1 13 0 0 0 0 0.544733 0 2.95013 3.00186 0.10566 0 0 -500 0
640 1
1 13 0 0 0 0 0.598463 0 2.9397 3.00186 0.10566 0 0 -500 0
641 1
1 13 0 0 0 0 0.684314 0 2.92091 3.00186 0.10566 0 0 -500 0
642 1
1 13 0 0 0 0 0.667597 0 2.92478 3.00186 0.10566 0 0 -500 0
643 1
1 13 0 0 0 0 0.703597 0 2.91633 3.00186 0.10566 0 0 -500 0
644 1
1 13 0 0 0 0 0.686146 0 2.92048 3.00186 0.10566 0 0 -500 0
645 1
1 13 0 0 0 0 0.580257 0 2.94335 3.00186 0.10566 0 0 -500 0
646 1
1 13 0 0 0 0 0.769297 0 2.89969 3.00186 0.10566 0 0 -500 0
647 1
1 13 0 0 0 0 0.767896 0 2.90006 3.00186 0.10566 0 0 -500 0
648 1
1 13 0 0 0 0 0.596021 0 2.9402 3.00186 0.10566 0 0 -500 0
649 1
1 13 0 0 0 0 0.566074 0 2.94611 3.00186 0.10566 0 0 -500 0
650 1
1 13 0 0 0 0 0.601408 0 2.9391 3.00186 0.10566 0 0 -500 0
651 1
1 13 0 0 0 0 0.772575 0 2.89881 3.00186 0.10566 0 0 -500 0
652 1
1 13 0 0 0 0 0.666788 0 2.92496 3.00186 0.10566 0 0 -500 0
653 1
1 13 0 0 0 0 0.737056 0 2.90805 3.00186 0.10566 0 0 -500 0
654 1
1 13 0 0 0 0 0.55814 0 2.94762 3.00186 0.10566 0 0 -500 0
655 1
1 13 0 0 0 0 0.639076 0 2.93114 3.00186 0.10566 0 0 -500 0
656 1
1 13 0 0 0 0 0.676868 0 2.92264 3.00186 0.10566 0 0 -500 0
657 1
1 13 0 0 0 0 0.568346 0 2.94567 3.00186 0.10566 0 0 -500 0
658 1
1 13 0 0 0 0 0.609081 0 2.93752 3.00186 0.10566 0 0 -500 0
659 1
1 13 0 0 0 0 0.676494 0 2.92273 3.00186 0.10566 0 0 -500 0
660 1
1 13 0 0 0 0 0.735464 0 2.90845 3.00186 0.10566 0 0 -500 0
661 1
1 13 0 0 0 0 0.568877 0 2.94557 3.00186 0.10566 0 0 -500 0
662 1
1 13 0 0 0 0 0.528748 0 2.95304 3.00186 0.10566 0 0 -500 0
663 1
1 13 0 0 0 0 0.6 0 2.93939 3.00186 0.10566 0 0 -500 0
664 1
1 13 0 0 0 0 0.553214 0 2.94855 3.00186 0.10566 0 0 -500 0
665 1
1 13 0 0 0 0 0.590507 0 2.94131 3.00186 0.10566 0 0 -500 0
666 1
1 13 0 0 0 0 0.744589 0 2.90613 3.00186 0.10566 0 0 -500 0
667 1
1 13 0 0 0 0 0.616181 0 2.93604 3.00186 0.10566 0 0 -500 0
668 1
1 13 0 0 0 0 0.749678 0 2.90482 3.00186 0.10566 0 0 -500 0
669 1
1 13 0 0 0 0 0.625782 0 2.93401 3.00186 0.10566 0 0 -500 0
670 1
1 13 0 0 0 0 0.746546 0 2.90563 3.00186 0.10566 0 0 -500 0
671 1
1 13 0 0 0 0 0.687079 0 2.92026 3.00186 0.10566 0 0 -500 0
672 1
1 13 0 0 0 0 0.581929 0 2.94302 3.00186 0.10566 0 0 -500 0
673 1
1 13 0 0 0 0 0.65668 0 2.92725 3.00186 0.10566 0 0 -500 0
674 1
1 13 0 0 0 0 0.596496 0 2.9401 3.00186 0.10566 0 0 -500 0
675 1
1 13 0 0 0 0 0.545245 0 2.95004 3.00186 0.10566 0 0 -500 0
676 1
1 13 0 0 0 0 0.759891 0 2.90217 3.00186 0.10566 0 0 -500 0
677 1
1 13 0 0 0 0 0.552286 0 2.94873 3.00186 0.10566 0 0 -500 0
678 1
1 13 0 0 0 0 0.610844 0 2.93715 3.00186 0.10566 0 0 -500 0
679 1
1 13 0 0 0 0 0.538217 0 2.95133 3.00186 0.10566 0 0 -500 0
680 1
1 13 0 0 0 0 0.685613 0 2.92061 3.00186 0.10566 0 0 -500 0
681 1
1 13 0 0 0 0 0.698413 0 2.91757 3.00186 0.10566 0 0 -500 0
682 1
1 13 0 0 0 0 0.607061 0 2.93794 3.00186 0.10566 0 0 -500 0
683 1
1 13 0 0 0 0 0.617138 0 2.93584 3.00186 0.10566 0 0 -500 0
684 1
1 13 0 0 0 0 0.601665 0 2.93905 3.00186 0.10566 0 0 -500 0
685 1
1 13 0 0 0 0 0.659216 0 2.92668 3.00186 0.10566 0 0 -500 0
686 1
1 13 0 0 0 0 0.546344 0 2.94983 3.00186 0.10566 0 0 -500 0
687 1
1 13 0 0 0 0 0.646894 0 2.92942 3.00186 0.10566 0 0 -500 0
688 1
1 13 0 0 0 0 0.605474 0 2.93827 3.00186 0.10566 0 0 -500 0
689 1
1 13 0 0 0 0 0.702812 0 2.91651 3.00186 0.10566 0 0 -500 0
690 1
1 13 0 0 0 0 0.7465 0 2.90564 3.00186 0.10566 0 0 -500 0
691 1
1 13 0 0 0 0 0.621943 0 2.93482 3.00186 0.10566 0 0 -500 0
692 1
1 13 0 0 0 0 0.739537 0 2.90742 3.00186 0.10566 0 0 -500 0
693 1
1 13 0 0 0 0 0.640057 0 2.93093 3.00186 0.10566 0 0 -500 0
694 1
1 13 0 0 0 0 0.656232 0 2.92735 3.00186 0.10566 0 0 -500 0
695 1
1 13 0 0 0 0 0.647609 0 2.92927 3.00186 0.10566 0 0 -500 0
696 1
1 13 0 0 0 0 0.589837 0 2.94144 3.00186 0.10566 0 0 -500 0
697 1
1 13 0 0 0 0 0.670536 0 2.9241 3.00186 0.10566 0 0 -500 0
698 1
1 13 0 0 0 0 0.535724 0 2.95178 3.00186 0.10566 0 0 -500 0
699 1
1 13 0 0 0 0 0.766169 0 2.90051 3.00186 0.10566 0 0 -500 0
700 1
1 13 0 0 0 0 0.718503 0 2.91269 3.00186 0.10566 0 0 -500 0
701 1
1 13 0 0 0 0 0.531955 0 2.95246 3.00186 0.10566 0 0 -500 0
702 1
1 13 0 0 0 0 0.648918 0 2.92898 3.00186 0.10566 0 0 -500 0
703 1
1 13 0 0 0 0 0.534422 0 2.95202 3.00186 0.10566 0 0 -500 0
704 1
1 13 0 0 0 0 0.665042 0 2.92536 3.00186 0.10566 0 0 -500 0
705 1
1 13 0 0 0 0 0.766429 0 2.90045 3.00186 0.10566 0 0 -500 0
706 1
1 13 0 0 0 0 0.679907 0 2.92194 3.00186 0.10566 0 0 -500 0
707 1
1 13 0 0 0 0 0.656634 0 2.92726 3.00186 0.10566 0 0 -500 0
708 1
1 13 0 0 0 0 0.699887 0 2.91722 3.00186 0.10566 0 0 -500 0
709 1
1 13 0 0 0 0 0.56887 0 2.94557 3.00186 0.10566 0 0 -500 0
710 1
1 13 0 0 0 0 0.663113 0 2.9258 3.00186 0.10566 0 0 -500 0
711 1
1 13 0 0 0 0 0.691708 0 2.91917 3.00186 0.10566 0 0 -500 0
712 1
1 13 0 0 0 0 0.560275 0 2.94722 3.00186 0.10566 0 0 -500 0
713 1
1 13 0 0 0 0 0.763489 0 2.90122 3.00186 0.10566 0 0 -500 0
714 1
1 13 0 0 0 0 0.569041 0 2.94554 3.00186 0.10566 0 0 -500 0
715 1
1 13 0 0 0 0 0.669881 0 2.92425 3.00186 0.10566 0 0 -500 0
716 1
1 13 0 0 0 0 0.73872 0 2.90763 3.00186 0.10566 0 0 -500 0
717 1
1 13 0 0 0 0 0.548474 0 2.94944 3.00186 0.10566 0 0 -500 0
718 1
1 13 0 0 0 0 0.69419 0 2.91858 3.00186 0.10566 0 0 -500 0
719 1
1 13 0 0 0 0 0.724761 0 2.91114 3.00186 0.10566 0 0 -500 0
720 1
1 13 0 0 0 0 0.68955 0 2.91968 3.00186 0.10566 0 0 -500 0
721 1
1 13 0 0 0 0 0.523355 0 2.954 3.00186 0.10566 0 0 -500 0
722 1
1 13 0 0 0 0 0.574038 0 2.94457 3.00186 0.10566 0 0 -500 0
723 1
1 13 0 0 0 0 0.68414 0 2.92095 3.00186 0.10566 0 0 -500 0
724 1
1 13 0 0 0 0 0.530805 0 2.95267 3.00186 0.10566 0 0 -500 0
725 1
1 13 0 0 0 0 0.694661 0 2.91847 3.00186 0.10566 0 0 -500 0
726 1
1 13 0 0 0 0 0.694713 0 2.91845 3.00186 0.10566 0 0 -500 0
727 1
1 13 0 0 0 0 0.693126 0 2.91883 3.00186 0.10566 0 0 -500 0
728 1
1 13 0 0 0 0 0.622792 0 2.93464 3.00186 0.10566 0 0 -500 0
729 1
1 13 0 0 0 0 0.690556 0 2.91944 3.00186 0.10566 0 0 -500 0
730 1
1 13 0 0 0 0 0.68336 0 2.92113 3.00186 0.10566 0 0 -500 0
731 1
1 13 0 0 0 0 0.766875 0 2.90033 3.00186 0.10566 0 0 -500 0
732 1
1 13 0 0 0 0 0.774614 0 2.89827 3.00186 0.10566 0 0 -500 0
733 1
1 13 0 0 0 0 0.546538 0 2.9498 3.00186 0.10566 0 0 -500 0
734 1
1 13 0 0 0 0 0.53844 0 2.95128 3.00186 0.10566 0 0 -500 0
735 1
1 13 0 0 0 0 0.630395 0 2.93302 3.00186 0.10566 0 0 -500 0
736 1
1 13 0 0 0 0 0.763058 0 2.90133 3.00186 0.10566 0 0 -500 0
737 1
1 13 0 0 0 0 0.702455 0 2.9166 3.00186 0.10566 0 0 -500 0
738 1
1 13 0 0 0 0 0.640835 0 2.93076 3.00186 0.10566 0 0 -500 0
739 1
1 13 0 0 0 0 0.5325 0 2.95236 3.00186 0.10566 0 0 -500 0
740 1
1 13 0 0 0 0 0.712697 0 2.91411 3.00186 0.10566 0 0 -500 0
741 1
1 13 0 0 0 0 0.694829 0 2.91843 3.00186 0.10566 0 0 -500 0
742 1
1 13 0 0 0 0 0.575233 0 2.94433 3.00186 0.10566 0 0 -500 0
743 1
1 13 0 0 0 0 0.623348 0 2.93453 3.00186 0.10566 0 0 -500 0
744 1
1 13 0 0 0 0 0.764736 0 2.90089 3.00186 0.10566 0 0 -500 0
745 1
1 13 0 0 0 0 0.528395 0 2.9531 3.00186 0.10566 0 0 -500 0
746 1
1 13 0 0 0 0 0.760202 0 2.90208 3.00186 0.10566 0 0 -500 0
747 1
1 13 0 0 0 0 0.737681 0 2.90789 3.00186 0.10566 0 0 -500 0
748 1
1 13 0 0 0 0 0.690852 0 2.91937 3.00186 0.10566 0 0 -500 0
749 1
1 13 0 0 0 0 0.743004 0 2.90653 3.00186 0.10566 0 0 -500 0
750 1
1 13 0 0 0 0 0.688202 0 2.92 3.00186 0.10566 0 0 -500 0
751 1
1 13 0 0 0 0 0.637251 0 2.93154 3.00186 0.10566 0 0 -500 0
752 1
1 13 0 0 0 0 0.599445 0 2.9395 3.00186 0.10566 0 0 -500 0
753 1
1 13 0 0 0 0 0.611447 0 2.93703 3.00186 0.10566 0 0 -500 0
754 1
1 13 0 0 0 0 0.592881 0 2.94083 3.00186 0.10566 0 0 -500 0
755 1
1 13 0 0 0 0 0.581688 0 2.94307 3.00186 0.10566 0 0 -500 0
756 1
1 13 0 0 0 0 0.527905 0 2.95319 3.00186 0.10566 0 0 -500 0
757 1
1 13 0 0 0 0 0.688127 0 2.92001 3.00186 0.10566 0 0 -500 0
758 1
1 13 0 0 0 0 0.703391 0 2.91637 3.00186 0.10566 0 0 -500 0
759 1
1 13 0 0 0 0 0.679936 0 2.92193 3.00186 0.10566 0 0 -500 0
760 1
1 13 0 0 0 0 0.553254 0 2.94854 3.00186 0.10566 0 0 -500 0
761 1
1 13 0 0 0 0 0.637247 0 2.93154 3.00186 0.10566 0 0 -500 0
762 1
1 13 0 0 0 0 0.756799 0 2.90297 3.00186 0.10566 0 0 -500 0
763 1
1 13 0 0 0 0 0.552071 0 2.94877 3.00186 0.10566 0 0 -500 0
764 1
1 13 0 0 0 0 0.62471 0 2.93424 3.00186 0.10566 0 0 -500 0
765 1
1 13 0 0 0 0 0.587913 0 2.94183 3.00186 0.10566 0 0 -500 0
766 1
1 13 0 0 0 0 0.72039 0 2.91222 3.00186 0.10566 0 0 -500 0
767 1
1 13 0 0 0 0 0.692147 0 2.91906 3.00186 0.10566 0 0 -500 0
768 1
1 13 0 0 0 0 0.52785 0 2.9532 3.00186 0.10566 0 0 -500 0
769 1
1 13 0 0 0 0 0.647103 0 2.92938 3.00186 0.10566 0 0 -500 0
770 1
1 13 0 0 0 0 0.754957 0 2.90345 3.00186 0.10566 0 0 -500 0
771 1
1 13 0 0 0 0 0.701361 0 2.91686 3.00186 0.10566 0 0 -500 0
772 1
1 13 0 0 0 0 0.682045 0 2.92144 3.00186 0.10566 0 0 -500 0
773 1
1 13 0 0 0 0 0.669326 0 2.92438 3.00186 0.10566 0 0 -500 0
774 1
1 13 0 0 0 0 0.682288 0 2.92138 3.00186 0.10566 0 0 -500 0
775 1
1 13 0 0 0 0 0.708075 0 2.91524 3.00186 0.10566 0 0 -500 0
776 1
1 13 0 0 0 0 0.685389 0 2.92066 3.00186 0.10566 0 0 -500 0
777 1
1 13 0 0 0 0 0.64004 0 2.93093 3.00186 0.10566 0 0 -500 0
778 1
1 13 0 0 0 0 0.678498 0 2.92227 3.00186 0.10566 0 0 -500 0
779 1
1 13 0 0 0 0 0.586419 0 2.94213 3.00186 0.10566 0 0 -500 0
780 1
1 13 0 0 0 0 0.727971 0 2.91034 3.00186 0.10566 0 0 -500 0
781 1
1 13 0 0 0 0 0.579874 0 2.94342 3.00186 0.10566 0 0 -500 0
782 1
1 13 0 0 0 0 0.636655 0 2.93167 3.00186 0.10566 0 0 -500 0
783 1
1 13 0 0 0 0 0.744608 0 2.90612 3.00186 0.10566 0 0 -500 0
784 1
1 13 0 0 0 0 0.57314 0 2.94474 3.00186 0.10566 0 0 -500 0
785 1
1 13 0 0 0 0 0.655378 0 2.92754 3.00186 0.10566 0 0 -500 0
786 1
1 13 0 0 0 0 0.553531 0 2.94849 3.00186 0.10566 0 0 -500 0
787 1
1 13 0 0 0 0 0.669598 0 2.92432 3.00186 0.10566 0 0 -500 0
788 1
1 13 0 0 0 0 0.588322 0 2.94175 3.00186 0.10566 0 0 -500 0
789 1
1 13 0 0 0 0 0.574423 0 2.94449 3.00186 0.10566 0 0 -500 0
790 1
1 13 0 0 0 0 0.662817 0 2.92586 3.00186 0.10566 0 0 -500 0
791 1
1 13 0 0 0 0 0.738814 0 2.9076 3.00186 0.10566 0 0 -500 0
792 1
1 13 0 0 0 0 0.652793 0 2.92812 3.00186 0.10566 0 0 -500 0
793 1
1 13 0 0 0 0 0.664201 0 2.92555 3.00186 0.10566 0 0 -500 0
794 1
1 13 0 0 0 0 0.691716 0 2.91917 3.00186 0.10566 0 0 -500 0
795 1
1 13 0 0 0 0 0.776198 0 2.89785 3.00186 0.10566 0 0 -500 0
796 1
1 13 0 0 0 0 0.566843 0 2.94596 3.00186 0.10566 0 0 -500 0
797 1
1 13 0 0 0 0 0.551015 0 2.94896 3.00186 0.10566 0 0 -500 0
798 1
1 13 0 0 0 0 0.538577 0 2.95126 3.00186 0.10566 0 0 -500 0
799 1
1 13 0 0 0 0 0.680646 0 2.92177 3.00186 0.10566 0 0 -500 0
800 1
1 13 0 0 0 0 0.601819 0 2.93902 3.00186 0.10566 0 0 -500 0
801 1
1 13 0 0 0 0 0.748561 0 2.90511 3.00186 0.10566 0 0 -500 0
802 1
1 13 0 0 0 0 0.727411 0 2.91048 3.00186 0.10566 0 0 -500 0
803 1
1 13 0 0 0 0 0.631394 0 2.9328 3.00186 0.10566 0 0 -500 0
804 1
1 13 0 0 0 0 0.655629 0 2.92748 3.00186 0.10566 0 0 -500 0
805 1
1 13 0 0 0 0 0.637218 0 2.93154 3.00186 0.10566 0 0 -500 0
806 1
1 13 0 0 0 0 0.682693 0 2.92129 3.00186 0.10566 0 0 -500 0
807 1
1 13 0 0 0 0 0.666329 0 2.92507 3.00186 0.10566 0 0 -500 0
808 1
1 13 0 0 0 0 0.766049 0 2.90055 3.00186 0.10566 0 0 -500 0
809 1
1 13 0 0 0 0 0.753181 0 2.90391 3.00186 0.10566 0 0 -500 0
810 1
1 13 0 0 0 0 0.700565 0 2.91705 3.00186 0.10566 0 0 -500 0
811 1
1 13 0 0 0 0 0.617851 0 2.93569 3.00186 0.10566 0 0 -500 0
812 1
1 13 0 0 0 0 0.696211 0 2.9181 3.00186 0.10566 0 0 -500 0
813 1
1 13 0 0 0 0 0.571936 0 2.94498 3.00186 0.10566 0 0 -500 0
814 1
1 13 0 0 0 0 0.679291 0 2.92208 3.00186 0.10566 0 0 -500 0
815 1
1 13 0 0 0 0 0.62725 0 2.93369 3.00186 0.10566 0 0 -500 0
816 1
1 13 0 0 0 0 0.731756 0 2.90939 3.00186 0.10566 0 0 -500 0
817 1
1 13 0 0 0 0 0.714476 0 2.91368 3.00186 0.10566 0 0 -500 0
818 1
1 13 0 0 0 0 0.701125 0 2.91692 3.00186 0.10566 0 0 -500 0
819 1
1 13 0 0 0 0 0.614589 0 2.93637 3.00186 0.10566 0 0 -500 0
820 1
1 13 0 0 0 0 0.730791 0 2.90963 3.00186 0.10566 0 0 -500 0
821 1
1 13 0 0 0 0 0.71346 0 2.91393 3.00186 0.10566 0 0 -500 0
822 1
1 13 0 0 0 0 0.533514 0 2.95218 3.00186 0.10566 0 0 -500 0
823 1
1 13 0 0 0 0 0.656619 0 2.92726 3.00186 0.10566 0 0 -500 0
824 1
1 13 0 0 0 0 0.679125 0 2.92212 3.00186 0.10566 0 0 -500 0
825 1
1 13 0 0 0 0 0.590648 0 2.94128 3.00186 0.10566 0 0 -500 0
826 1
1 13 0 0 0 0 0.725979 0 2.91083 3.00186 0.10566 0 0 -500 0
827 1
1 13 0 0 0 0 0.581464 0 2.94311 3.00186 0.10566 0 0 -500 0
828 1
1 13 0 0 0 0 0.7521 0 2.90419 3.00186 0.10566 0 0 -500 0
829 1
1 13 0 0 0 0 0.587531 0 2.94191 3.00186 0.10566 0 0 -500 0
830 1
1 13 0 0 0 0 0.5702 0 2.94531 3.00186 0.10566 0 0 -500 0
831 1
1 13 0 0 0 0 0.524144 0 2.95386 3.00186 0.10566 0 0 -500 0
832 1
1 13 0 0 0 0 0.739326 0 2.90747 3.00186 0.10566 0 0 -500 0
833 1
1 13 0 0 0 0 0.680211 0 2.92187 3.00186 0.10566 0 0 -500 0
834 1
1 13 0 0 0 0 0.739947 0 2.90731 3.00186 0.10566 0 0 -500 0
835 1
1 13 0 0 0 0 0.557027 0 2.94783 3.00186 0.10566 0 0 -500 0
836 1
1 13 0 0 0 0 0.744215 0 2.90622 3.00186 0.10566 0 0 -500 0
837 1
1 13 0 0 0 0 0.702586 0 2.91657 3.00186 0.10566 0 0 -500 0
838 1
1 13 0 0 0 0 0.544812 0 2.95012 3.00186 0.10566 0 0 -500 0
839 1
1 13 0 0 0 0 0.526294 0 2.95347 3.00186 0.10566 0 0 -500 0
840 1
1 13 0 0 0 0 0.721354 0 2.91198 3.00186 0.10566 0 0 -500 0
841 1
1 13 0 0 0 0 0.528699 0 2.95305 3.00186 0.10566 0 0 -500 0
842 1
1 13 0 0 0 0 0.650497 0 2.92863 3.00186 0.10566 0 0 -500 0
843 1
1 13 0 0 0 0 0.541975 0 2.95064 3.00186 0.10566 0 0 -500 0
844 1
1 13 0 0 0 0 0.719031 0 2.91256 3.00186 0.10566 0 0 -500 0
845 1
1 13 0 0 0 0 0.744187 0 2.90623 3.00186 0.10566 0 0 -500 0
846 1
1 13 0 0 0 0 0.746078 0 2.90575 3.00186 0.10566 0 0 -500 0
847 1
1 13 0 0 0 0 0.746963 0 2.90552 3.00186 0.10566 0 0 -500 0
848 1
1 13 0 0 0 0 0.744149 0 2.90624 3.00186 0.10566 0 0 -500 0
849 1
1 13 0 0 0 0 0.638764 0 2.93121 3.00186 0.10566 0 0 -500 0
850 1
1 13 0 0 0 0 0.751723 0 2.90429 3.00186 0.10566 0 0 -500 0
851 1
1 13 0 0 0 0 0.661557 0 2.92615 3.00186 0.10566 0 0 -500 0
852 1
1 13 0 0 0 0 0.535373 0 2.95184 3.00186 0.10566 0 0 -500 0
853 1
1 13 0 0 0 0 0.672603 0 2.92363 3.00186 0.10566 0 0 -500 0
854 1
1 13 0 0 0 0 0.665652 0 2.92522 3.00186 0.10566 0 0 -500 0
855 1
1 13 0 0 0 0 0.719701 0 2.91239 3.00186 0.10566 0 0 -500 0
856 1
1 13 0 0 0 0 0.596967 0 2.94001 3.00186 0.10566 0 0 -500 0
857 1
1 13 0 0 0 0 0.531474 0 2.95255 3.00186 0.10566 0 0 -500 0
858 1
1 13 0 0 0 0 0.623368 0 2.93452 3.00186 0.10566 0 0 -500 0
859 1
1 13 0 0 0 0 0.593556 0 2.9407 3.00186 0.10566 0 0 -500 0
860 1
1 13 0 0 0 0 0.727472 0 2.91046 3.00186 0.10566 0 0 -500 0
861 1
1 13 0 0 0 0 0.651149 0 2.92848 3.00186 0.10566 0 0 -500 0
862 1
1 13 0 0 0 0 0.697319 0 2.91783 3.00186 0.10566 0 0 -500 0
863 1
1 13 0 0 0 0 0.647955 0 2.92919 3.00186 0.10566 0 0 -500 0
864 1
1 13 0 0 0 0 0.637696 0 2.93144 3.00186 0.10566 0 0 -500 0
865 1
1 13 0 0 0 0 0.629235 0 2.93327 3.00186 0.10566 0 0 -500 0
866 1
1 13 0 0 0 0 0.531061 0 2.95262 3.00186 0.10566 0 0 -500 0
867 1
1 13 0 0 0 0 0.54444 0 2.95018 3.00186 0.10566 0 0 -500 0
868 1
1 13 0 0 0 0 0.622151 0 2.93478 3.00186 0.10566 0 0 -500 0
869 1
1 13 0 0 0 0 0.55581 0 2.94806 3.00186 0.10566 0 0 -500 0
870 1
1 13 0 0 0 0 0.768527 0 2.89989 3.00186 0.10566 0 0 -500 0
871 1
1 13 0 0 0 0 0.728731 0 2.91015 3.00186 0.10566 0 0 -500 0
872 1
1 13 0 0 0 0 0.604764 0 2.93841 3.00186 0.10566 0 0 -500 0
873 1
1 13 0 0 0 0 0.766843 0 2.90034 3.00186 0.10566 0 0 -500 0
874 1
1 13 0 0 0 0 0.546779 0 2.94975 3.00186 0.10566 0 0 -500 0
875 1
1 13 0 0 0 0 0.547459 0 2.94963 3.00186 0.10566 0 0 -500 0
876 1
1 13 0 0 0 0 0.599966 0 2.93939 3.00186 0.10566 0 0 -500 0
877 1
1 13 0 0 0 0 0.606742 0 2.938 3.00186 0.10566 0 0 -500 0
878 1
1 13 0 0 0 0 0.740481 0 2.90718 3.00186 0.10566 0 0 -500 0
879 1
1 13 0 0 0 0 0.655176 0 2.92758 3.00186 0.10566 0 0 -500 0
880 1
1 13 0 0 0 0 0.678806 0 2.92219 3.00186 0.10566 0 0 -500 0
881 1
1 13 0 0 0 0 0.771793 0 2.89902 3.00186 0.10566 0 0 -500 0
882 1
1 13 0 0 0 0 0.725127 0 2.91105 3.00186 0.10566 0 0 -500 0
883 1
1 13 0 0 0 0 0.572121 0 2.94494 3.00186 0.10566 0 0 -500 0
884 1
1 13 0 0 0 0 0.638248 0 2.93132 3.00186 0.10566 0 0 -500 0
885 1
1 13 0 0 0 0 0.667446 0 2.92481 3.00186 0.10566 0 0 -500 0
886 1
1 13 0 0 0 0 0.576258 0 2.94413 3.00186 0.10566 0 0 -500 0
887 1
1 13 0 0 0 0 0.696882 0 2.91794 3.00186 0.10566 0 0 -500 0
888 1
1 13 0 0 0 0 0.592613 0 2.94089 3.00186 0.10566 0 0 -500 0
889 1
1 13 0 0 0 0 0.567219 0 2.94589 3.00186 0.10566 0 0 -500 0
890 1
1 13 0 0 0 0 0.623094 0 2.93458 3.00186 0.10566 0 0 -500 0
891 1
1 13 0 0 0 0 0.562879 0 2.94672 3.00186 0.10566 0 0 -500 0
892 1
1 13 0 0 0 0 0.726432 0 2.91072 3.00186 0.10566 0 0 -500 0
893 1
1 13 0 0 0 0 0.542496 0 2.95054 3.00186 0.10566 0 0 -500 0
894 1
1 13 0 0 0 0 0.684612 0 2.92084 3.00186 0.10566 0 0 -500 0
895 1
1 13 0 0 0 0 0.580355 0 2.94333 3.00186 0.10566 0 0 -500 0
896 1
1 13 0 0 0 0 0.669774 0 2.92428 3.00186 0.10566 0 0 -500 0
897 1
1 13 0 0 0 0 0.742086 0 2.90677 3.00186 0.10566 0 0 -500 0
898 1
1 13 0 0 0 0 0.759435 0 2.90229 3.00186 0.10566 0 0 -500 0
899 1
1 13 0 0 0 0 0.731199 0 2.90953 3.00186 0.10566 0 0 -500 0
900 1
1 13 0 0 0 0 0.644357 0 2.92998 3.00186 0.10566 0 0 -500 0
901 1
1 13 0 0 0 0 0.684128 0 2.92095 3.00186 0.10566 0 0 -500 0
902 1
1 13 0 0 0 0 0.567674 0 2.9458 3.00186 0.10566 0 0 -500 0
903 1
1 13 0 0 0 0 0.641444 0 2.93062 3.00186 0.10566 0 0 -500 0
904 1
1 13 0 0 0 0 0.600483 0 2.93929 3.00186 0.10566 0 0 -500 0
905 1
1 13 0 0 0 0 0.692394 0 2.91901 3.00186 0.10566 0 0 -500 0
906 1
1 13 0 0 0 0 0.706022 0 2.91574 3.00186 0.10566 0 0 -500 0
907 1
1 13 0 0 0 0 0.668438 0 2.92458 3.00186 0.10566 0 0 -500 0
908 1
1 13 0 0 0 0 0.656436 0 2.9273 3.00186 0.10566 0 0 -500 0
909 1
1 13 0 0 0 0 0.72811 0 2.9103 3.00186 0.10566 0 0 -500 0
910 1
1 13 0 0 0 0 0.773139 0 2.89866 3.00186 0.10566 0 0 -500 0
911 1
1 13 0 0 0 0 0.604224 0 2.93852 3.00186 0.10566 0 0 -500 0
912 1
1 13 0 0 0 0 0.676485 0 2.92273 3.00186 0.10566 0 0 -500 0
913 1
1 13 0 0 0 0 0.715488 0 2.91343 3.00186 0.10566 0 0 -500 0
914 1
1 13 0 0 0 0 0.723471 0 2.91146 3.00186 0.10566 0 0 -500 0
915 1
1 13 0 0 0 0 0.538964 0 2.95119 3.00186 0.10566 0 0 -500 0
916 1
1 13 0 0 0 0 0.662211 0 2.926 3.00186 0.10566 0 0 -500 0
917 1
1 13 0 0 0 0 0.523342 0 2.954 3.00186 0.10566 0 0 -500 0
918 1
1 13 0 0 0 0 0.721861 0 2.91186 3.00186 0.10566 0 0 -500 0
919 1
1 13 0 0 0 0 0.697547 0 2.91778 3.00186 0.10566 0 0 -500 0
920 1
1 13 0 0 0 0 0.767245 0 2.90023 3.00186 0.10566 0 0 -500 0
921 1
1 13 0 0 0 0 0.65352 0 2.92795 3.00186 0.10566 0 0 -500 0
922 1
1 13 0 0 0 0 0.612765 0 2.93675 3.00186 0.10566 0 0 -500 0
923 1
1 13 0 0 0 0 0.644803 0 2.92989 3.00186 0.10566 0 0 -500 0
924 1
1 13 0 0 0 0 0.631405 0 2.9328 3.00186 0.10566 0 0 -500 0
925 1
1 13 0 0 0 0 0.775523 0 2.89803 3.00186 0.10566 0 0 -500 0
926 1
1 13 0 0 0 0 0.675153 0 2.92304 3.00186 0.10566 0 0 -500 0
927 1
1 13 0 0 0 0 0.721956 0 2.91183 3.00186 0.10566 0 0 -500 0
928 1
1 13 0 0 0 0 0.769005 0 2.89976 3.00186 0.10566 0 0 -500 0
929 1
1 13 0 0 0 0 0.646214 0 2.92957 3.00186 0.10566 0 0 -500 0
930 1
1 13 0 0 0 0 0.545401 0 2.95001 3.00186 0.10566 0 0 -500 0
931 1
1 13 0 0 0 0 0.771229 0 2.89917 3.00186 0.10566 0 0 -500 0
932 1
1 13 0 0 0 0 0.55208 0 2.94876 3.00186 0.10566 0 0 -500 0
933 1
1 13 0 0 0 0 0.68257 0 2.92132 3.00186 0.10566 0 0 -500 0
934 1
1 13 0 0 0 0 0.570949 0 2.94517 3.00186 0.10566 0 0 -500 0
935 1
1 13 0 0 0 0 0.575788 0 2.94423 3.00186 0.10566 0 0 -500 0
936 1
1 13 0 0 0 0 0.524708 0 2.95376 3.00186 0.10566 0 0 -500 0
937 1
1 13 0 0 0 0 0.615198 0 2.93624 3.00186 0.10566 0 0 -500 0
938 1
1 13 0 0 0 0 0.608388 0 2.93766 3.00186 0.10566 0 0 -500 0
939 1
1 13 0 0 0 0 0.705881 0 2.91577 3.00186 0.10566 0 0 -500 0
940 1
1 13 0 0 0 0 0.615418 0 2.9362 3.00186 0.10566 0 0 -500 0
941 1
1 13 0 0 0 0 0.526367 0 2.95346 3.00186 0.10566 0 0 -500 0
942 1
1 13 0 0 0 0 0.554861 0 2.94824 3.00186 0.10566 0 0 -500 0
943 1
1 13 0 0 0 0 0.671475 0 2.92389 3.00186 0.10566 0 0 -500 0
944 1
1 13 0 0 0 0 0.708888 0 2.91504 3.00186 0.10566 0 0 -500 0
945 1
1 13 0 0 0 0 0.741919 0 2.90681 3.00186 0.10566 0 0 -500 0
946 1
1 13 0 0 0 0 0.556227 0 2.94798 3.00186 0.10566 0 0 -500 0
947 1
1 13 0 0 0 0 0.534456 0 2.95201 3.00186 0.10566 0 0 -500 0
948 1
1 13 0 0 0 0 0.625329 0 2.9341 3.00186 0.10566 0 0 -500 0
949 1
1 13 0 0 0 0 0.583129 0 2.94278 3.00186 0.10566 0 0 -500 0
950 1
1 13 0 0 0 0 0.642276 0 2.93044 3.00186 0.10566 0 0 -500 0
951 1
1 13 0 0 0 0 0.744096 0 2.90626 3.00186 0.10566 0 0 -500 0
952 1
1 13 0 0 0 0 0.63774 0 2.93143 3.00186 0.10566 0 0 -500 0
953 1
1 13 0 0 0 0 0.539389 0 2.95111 3.00186 0.10566 0 0 -500 0
954 1
1 13 0 0 0 0 0.601711 0 2.93904 3.00186 0.10566 0 0 -500 0
955 1
1 13 0 0 0 0 0.647484 0 2.92929 3.00186 0.10566 0 0 -500 0
956 1
1 13 0 0 0 0 0.710952 0 2.91454 3.00186 0.10566 0 0 -500 0
957 1
1 13 0 0 0 0 0.699008 0 2.91743 3.00186 0.10566 0 0 -500 0
958 1
1 13 0 0 0 0 0.772124 0 2.89894 3.00186 0.10566 0 0 -500 0
959 1
1 13 0 0 0 0 0.603169 0 2.93874 3.00186 0.10566 0 0 -500 0
960 1
1 13 0 0 0 0 0.726833 0 2.91062 3.00186 0.10566 0 0 -500 0
961 1
1 13 0 0 0 0 0.534724 0 2.95196 3.00186 0.10566 0 0 -500 0
962 1
1 13 0 0 0 0 0.71208 0 2.91427 3.00186 0.10566 0 0 -500 0
963 1
1 13 0 0 0 0 0.598995 0 2.93959 3.00186 0.10566 0 0 -500 0
964 1
1 13 0 0 0 0 0.544926 0 2.95009 3.00186 0.10566 0 0 -500 0
965 1
1 13 0 0 0 0 0.759889 0 2.90217 3.00186 0.10566 0 0 -500 0
966 1
1 13 0 0 0 0 0.712261 0 2.91422 3.00186 0.10566 0 0 -500 0
967 1
1 13 0 0 0 0 0.546719 0 2.94976 3.00186 0.10566 0 0 -500 0
968 1
1 13 0 0 0 0 0.705502 0 2.91586 3.00186 0.10566 0 0 -500 0
969 1
1 13 0 0 0 0 0.57519 0 2.94434 3.00186 0.10566 0 0 -500 0
970 1
1 13 0 0 0 0 0.767121 0 2.90026 3.00186 0.10566 0 0 -500 0
971 1
1 13 0 0 0 0 0.712852 0 2.91408 3.00186 0.10566 0 0 -500 0
972 1
1 13 0 0 0 0 0.710418 0 2.91467 3.00186 0.10566 0 0 -500 0
973 1
1 13 0 0 0 0 0.651893 0 2.92832 3.00186 0.10566 0 0 -500 0
974 1
1 13 0 0 0 0 0.543435 0 2.95037 3.00186 0.10566 0 0 -500 0
975 1
1 13 0 0 0 0 0.687606 0 2.92014 3.00186 0.10566 0 0 -500 0
976 1
1 13 0 0 0 0 0.542166 0 2.9506 3.00186 0.10566 0 0 -500 0
977 1
1 13 0 0 0 0 0.707187 0 2.91546 3.00186 0.10566 0 0 -500 0
978 1
1 13 0 0 0 0 0.657653 0 2.92703 3.00186 0.10566 0 0 -500 0
979 1
1 13 0 0 0 0 0.712881 0 2.91407 3.00186 0.10566 0 0 -500 0
980 1
1 13 0 0 0 0 0.741318 0 2.90697 3.00186 0.10566 0 0 -500 0
981 1
1 13 0 0 0 0 0.529888 0 2.95283 3.00186 0.10566 0 0 -500 0
982 1
1 13 0 0 0 0 0.544936 0 2.95009 3.00186 0.10566 0 0 -500 0
983 1
1 13 0 0 0 0 0.688941 0 2.91982 3.00186 0.10566 0 0 -500 0
984 1
1 13 0 0 0 0 0.766215 0 2.9005 3.00186 0.10566 0 0 -500 0
985 1
1 13 0 0 0 0 0.64601 0 2.92962 3.00186 0.10566 0 0 -500 0
986 1
1 13 0 0 0 0 0.740971 0 2.90705 3.00186 0.10566 0 0 -500 0
987 1
1 13 0 0 0 0 0.542792 0 2.95049 3.00186 0.10566 0 0 -500 0
988 1
1 13 0 0 0 0 0.705055 0 2.91597 3.00186 0.10566 0 0 -500 0
989 1
1 13 0 0 0 0 0.738693 0 2.90763 3.00186 0.10566 0 0 -500 0
990 1
1 13 0 0 0 0 0.730562 0 2.90969 3.00186 0.10566 0 0 -500 0
991 1
1 13 0 0 0 0 0.704478 0 2.91611 3.00186 0.10566 0 0 -500 0
992 1
1 13 0 0 0 0 0.625841 0 2.93399 3.00186 0.10566 0 0 -500 0
993 1
1 13 0 0 0 0 0.684182 0 2.92094 3.00186 0.10566 0 0 -500 0
994 1
1 13 0 0 0 0 0.65541 0 2.92753 3.00186 0.10566 0 0 -500 0
995 1
1 13 0 0 0 0 0.616573 0 2.93596 3.00186 0.10566 0 0 -500 0
996 1
1 13 0 0 0 0 0.611803 0 2.93695 3.00186 0.10566 0 0 -500 0
997 1
1 13 0 0 0 0 0.674355 0 2.92322 3.00186 0.10566 0 0 -500 0
998 1
1 13 0 0 0 0 0.54606 0 2.94988 3.00186 0.10566 0 0 -500 0
999 1
1 13 0 0 0 0 0.592036 0 2.941 3.00186 0.10566 0 0 -500 0