0 1
1 13 0 0 0 0 0.892748 0 2.86409 3.00186 0.10566 0 0 -500 0
1 1
1 13 0 0 0 0 0.93372 0 2.85099 3.00186 0.10566 0 0 -500 0
2 1
1 13 0 0 0 0 0.818693 0 2.88613 3.00186 0.10566 0 0 -500 0
3 1
1 13 0 0 0 0 0.849801 0 2.87712 3.00186 0.10566 0 0 -500 0
4 1
1 13 0 0 0 0 0.871863 0 2.87051 3.00186 0.10566 0 0 -500 0
5 1
1 13 0 0 0 0 1.00074 0 2.82816 3.00186 0.10566 0 0 -500 0
6 1
1 13 0 0 0 0 1.0064 0 2.82616 3.00186 0.10566 0 0 -500 0
7 1
1 13 0 0 0 0 0.998825 0 2.82884 3.00186 0.10566 0 0 -500 0
8 1
1 13 0 0 0 0 0.890846 0 2.86468 3.00186 0.10566 0 0 -500 0
9 1
1 13 0 0 0 0 0.887794 0 2.86563 3.00186 0.10566 0 0 -500 0
10 1
1 13 0 0 0 0 0.904511 0 2.86039 3.00186 0.10566 0 0 -500 0
11 1
1 13 0 0 0 0 0.870686 0 2.87087 3.00186 0.10566 0 0 -500 0
12 1
1 13 0 0 0 0 0.878856 0 2.86838 3.00186 0.10566 0 0 -500 0
13 1
1 13 0 0 0 0 1.02028 0 2.82118 3.00186 0.10566 0 0 -500 0
14 1
1 13 0 0 0 0 0.869101 0 2.87135 3.00186 0.10566 0 0 -500 0
15 1
1 13 0 0 0 0 0.804868 0 2.89002 3.00186 0.10566 0 0 -500 0
16 1
1 13 0 0 0 0 0.837492 0 2.88073 3.00186 0.10566 0 0 -500 0
17 1
1 13 0 0 0 0 0.950766 0 2.84535 3.00186 0.10566 0 0 -500 0
18 1
1 13 0 0 0 0 1.01729 0 2.82225 3.00186 0.10566 0 0 -500 0
19 1
1 13 0 0 0 0 1.0057 0 2.82641 3.00186 0.10566 0 0 -500 0
20 1
1 13 0 0 0 0 0.790836 0 2.89389 3.00186 0.10566 0 0 -500 0
21 1
1 13 0 0 0 0 0.939948 0 2.84895 3.00186 0.10566 0 0 -500 0
22 1
1 13 0 0 0 0 1.00598 0 2.8263 3.00186 0.10566 0 0 -500 0
23 1
1 13 0 0 0 0 0.792703 0 2.89338 3.00186 0.10566 0 0 -500 0
24 1
1 13 0 0 0 0 1.0153 0 2.82297 3.00186 0.10566 0 0 -500 0
25 1
1 13 0 0 0 0 0.892752 0 2.86409 3.00186 0.10566 0 0 -500 0
26 1
1 13 0 0 0 0 0.892194 0 2.86426 3.00186 0.10566 0 0 -500 0
27 1
1 13 0 0 0 0 0.8416 0 2.87953 3.00186 0.10566 0 0 -500 0
28 1
1 13 0 0 0 0 0.884749 0 2.86657 3.00186 0.10566 0 0 -500 0
29 1
1 13 0 0 0 0 0.850146 0 2.87702 3.00186 0.10566 0 0 -500 0
30 1
1 13 0 0 0 0 0.962971 0 2.84125 3.00186 0.10566 0 0 -500 0
31 1
1 13 0 0 0 0 0.794467 0 2.89289 3.00186 0.10566 0 0 -500 0
32 1
1 13 0 0 0 0 0.820765 0 2.88554 3.00186 0.10566 0 0 -500 0
33 1
1 13 0 0 0 0 0.885384 0 2.86637 3.00186 0.10566 0 0 -500 0
34 1
1 13 0 0 0 0 0.849463 0 2.87722 3.00186 0.10566 0 0 -500 0
35 1
1 13 0 0 0 0 0.912728 0 2.85778 3.00186 0.10566 0 0 -500 0
36 1
1 13 0 0 0 0 0.939832 0 2.84898 3.00186 0.10566 0 0 -500 0
37 1
1 13 0 0 0 0 1.01962 0 2.82141 3.00186 0.10566 0 0 -500 0
38 1
1 13 0 0 0 0 0.823577 0 2.88474 3.00186 0.10566 0 0 -500 0
39 1
1 13 0 0 0 0 0.882232 0 2.86734 3.00186 0.10566 0 0 -500 0
40 1
1 13 0 0 0 0 1.0108 0 2.82458 3.00186 0.10566 0 0 -500 0
41 1
1 13 0 0 0 0 0.957199 0 2.8432 3.00186 0.10566 0 0 -500 0
42 1
1 13 0 0 0 0 0.856432 0 2.87516 3.00186 0.10566 0 0 -500 0
43 1
1 13 0 0 0 0 0.959718 0 2.84235 3.00186 0.10566 0 0 -500 0
44 1
1 13 0 0 0 0 1.02049 0 2.8211 3.00186 0.10566 0 0 -500 0
45 1
1 13 0 0 0 0 0.782282 0 2.89621 3.00186 0.10566 0 0 -500 0
46 1
1 13 0 0 0 0 0.841375 0 2.8796 3.00186 0.10566 0 0 -500 0
47 1
1 13 0 0 0 0 0.968001 0 2.83954 3.00186 0.10566 0 0 -500 0
48 1
1 13 0 0 0 0 0.890241 0 2.86487 3.00186 0.10566 0 0 -500 0
49 1
1 13 0 0 0 0 0.97463 0 2.83727 3.00186 0.10566 0 0 -500 0
50 1
1 13 0 0 0 0 0.834616 0 2.88156 3.00186 0.10566 0 0 -500 0
51 1
1 13 0 0 0 0 0.860215 0 2.87403 3.00186 0.10566 0 0 -500 0
52 1
1 13 0 0 0 0 0.873267 0 2.87009 3.00186 0.10566 0 0 -500 0
53 1
1 13 0 0 0 0 0.951374 0 2.84515 3.00186 0.10566 0 0 -500 0
54 1
1 13 0 0 0 0 0.786349 0 2.89511 3.00186 0.10566 0 0 -500 0
55 1
1 13 0 0 0 0 0.879719 0 2.86812 3.00186 0.10566 0 0 -500 0
56 1
1 13 0 0 0 0 1.0103 0 2.82476 3.00186 0.10566 0 0 -500 0
57 1
1 13 0 0 0 0 0.887367 0 2.86576 3.00186 0.10566 0 0 -500 0
58 1
1 13 0 0 0 0 0.906137 0 2.85988 3.00186 0.10566 0 0 -500 0
59 1
1 13 0 0 0 0 0.804133 0 2.89022 3.00186 0.10566 0 0 -500 0
60 1
1 13 0 0 0 0 0.822753 0 2.88497 3.00186 0.10566 0 0 -500 0
61 1
1 13 0 0 0 0 0.898976 0 2.86214 3.00186 0.10566 0 0 -500 0
62 1
1 13 0 0 0 0 0.850135 0 2.87702 3.00186 0.10566 0 0 -500 0
63 1
1 13 0 0 0 0 0.929693 0 2.85231 3.00186 0.10566 0 0 -500 0
64 1
1 13 0 0 0 0 1.01266 0 2.82392 3.00186 0.10566 0 0 -500 0
65 1
1 13 0 0 0 0 0.84279 0 2.87918 3.00186 0.10566 0 0 -500 0
66 1
1 13 0 0 0 0 1.02375 0 2.81992 3.00186 0.10566 0 0 -500 0
67 1
1 13 0 0 0 0 0.830059 0 2.88288 3.00186 0.10566 0 0 -500 0
68 1
1 13 0 0 0 0 1.00073 0 2.82817 3.00186 0.10566 0 0 -500 0
69 1
1 13 0 0 0 0 0.830447 0 2.88277 3.00186 0.10566 0 0 -500 0
70 1
1 13 0 0 0 0 0.844384 0 2.87872 3.00186 0.10566 0 0 -500 0
71 1
1 13 0 0 0 0 0.891923 0 2.86435 3.00186 0.10566 0 0 -500 0
72 1
1 13 0 0 0 0 0.980378 0 2.83529 3.00186 0.10566 0 0 -500 0
73 1
1 13 0 0 0 0 0.798185 0 2.89187 3.00186 0.10566 0 0 -500 0
74 1
1 13 0 0 0 0 0.989724 0 2.83204 3.00186 0.10566 0 0 -500 0
75 1
1 13 0 0 0 0 0.973771 0 2.83756 3.00186 0.10566 0 0 -500 0
76 1
1 13 0 0 0 0 0.983704 0 2.83414 3.00186 0.10566 0 0 -500 0
77 1
1 13 0 0 0 0 0.828314 0 2.88338 3.00186 0.10566 0 0 -500 0
78 1
1 13 0 0 0 0 0.803531 0 2.89039 3.00186 0.10566 0 0 -500 0
79 1
1 13 0 0 0 0 0.98952 0 2.83211 3.00186 0.10566 0 0 -500 0
80 1
1 13 0 0 0 0 0.811966 0 2.88803 3.00186 0.10566 0 0 -500 0
81 1
1 13 0 0 0 0 0.948209 0 2.84621 3.00186 0.10566 0 0 -500 0
82 1
1 13 0 0 0 0 0.939398 0 2.84913 3.00186 0.10566 0 0 -500 0
83 1
1 13 0 0 0 0 0.9019 0 2.86122 3.00186 0.10566 0 0 -500 0
84 1
1 13 0 0 0 0 0.868584 0 2.87151 3.00186 0.10566 0 0 -500 0
85 1
1 13 0 0 0 0 1.00644 0 2.82614 3.00186 0.10566 0 0 -500 0
86 1
1 13 0 0 0 0 0.828799 0 2.88324 3.00186 0.10566 0 0 -500 0
87 1
1 13 0 0 0 0 0.933535 0 2.85105 3.00186 0.10566 0 0 -500 0
88 1
1 13 0 0 0 0 0.864824 0 2.87264 3.00186 0.10566 0 0 -500 0
89 1
1 13 0 0 0 0 0.980275 0 2.83532 3.00186 0.10566 0 0 -500 0
90 1
1 13 0 0 0 0 0.911654 0 2.85813 3.00186 0.10566 0 0 -500 0
91 1
1 13 0 0 0 0 1.01945 0 2.82147 3.00186 0.10566 0 0 -500 0
92 1
1 13 0 0 0 0 0.944302 0 2.84751 3.00186 0.10566 0 0 -500 0
93 1
1 13 0 0 0 0 1.01799 0 2.822 3.00186 0.10566 0 0 -500 0
94 1
1 13 0 0 0 0 0.805143 0 2.88994 3.00186 0.10566 0 0 -500 0
95 1
1 13 0 0 0 0 0.887522 0 2.86571 3.00186 0.10566 0 0 -500 0
96 1
1 13 0 0 0 0 0.782726 0 2.89609 3.00186 0.10566 0 0 -500 0
97 1
1 13 0 0 0 0 0.851269 0 2.87669 3.00186 0.10566 0 0 -500 0
98 1
1 13 0 0 0 0 0.857442 0 2.87486 3.00186 0.10566 0 0 -500 0
99 1
1 13 0 0 0 0 0.945326 0 2.84717 3.00186 0.10566 0 0 -500 0
100 1
1 13 0 0 0 0 0.892635 0 2.86412 3.00186 0.10566 0 0 -500 0
101 1
1 13 0 0 0 0 1.02355 0 2.81999 3.00186 0.10566 0 0 -500 0
102 1
1 13 0 0 0 0 0.898961 0 2.86214 3.00186 0.10566 0 0 -500 0
103 1
1 13 0 0 0 0 0.805001 0 2.88998 3.00186 0.10566 0 0 -500 0
104 1
1 13 0 0 0 0 0.782254 0 2.89622 3.00186 0.10566 0 0 -500 0
105 1
1 13 0 0 0 0 0.947756 0 2.84636 3.00186 0.10566 0 0 -500 0
106 1
1 13 0 0 0 0 0.871737 0 2.87055 3.00186 0.10566 0 0 -500 0
107 1
1 13 0 0 0 0 0.900026 0 2.86181 3.00186 0.10566 0 0 -500 0
108 1
1 13 0 0 0 0 0.961894 0 2.84161 3.00186 0.10566 0 0 -500 0
109 1
1 13 0 0 0 0 0.795581 0 2.89259 3.00186 0.10566 0 0 -500 0
110 1
1 13 0 0 0 0 0.977308 0 2.83635 3.00186 0.10566 0 0 -500 0
111 1
1 13 0 0 0 0 0.854054 0 2.87586 3.00186 0.10566 0 0 -500 0
112 1
1 13 0 0 0 0 0.777483 0 2.8975 3.00186 0.10566 0 0 -500 0
113 1
1 13 0 0 0 0 0.805816 0 2.88975 3.00186 0.10566 0 0 -500 0
114 1
1 13 0 0 0 0 0.950353 0 2.84549 3.00186 0.10566 0 0 -500 0
115 1
1 13 0 0 0 0 0.821697 0 2.88528 3.00186 0.10566 0 0 -500 0
116 1
1 13 0 0 0 0 0.799609 0 2.89147 3.00186 0.10566 0 0 -500 0
117 1
1 13 0 0 0 0 0.865056 0 2.87257 3.00186 0.10566 0 0 -500 0
118 1
1 13 0 0 0 0 0.961483 0 2.84175 3.00186 0.10566 0 0 -500 0
119 1
1 13 0 0 0 0 0.905309 0 2.86014 3.00186 0.10566 0 0 -500 0
120 1
1 13 0 0 0 0 0.956749 0 2.84335 3.00186 0.10566 0 0 -500 0
121 1
1 13 0 0 0 0 0.982755 0 2.83447 3.00186 0.10566 0 0 -500 0
122 1
1 13 0 0 0 0 0.776734 0 2.8977 3.00186 0.10566 0 0 -500 0
123 1
1 13 0 0 0 0 0.978921 0 2.83579 3.00186 0.10566 0 0 -500 0
124 1
1 13 0 0 0 0 0.862058 0 2.87347 3.00186 0.10566 0 0 -500 0
125 1
1 13 0 0 0 0 0.926955 0 2.8532 3.00186 0.10566 0 0 -500 0
126 1
1 13 0 0 0 0 0.887601 0 2.86569 3.00186 0.10566 0 0 -500 0
127 1
1 13 0 0 0 0 0.888946 0 2.86527 3.00186 0.10566 0 0 -500 0
128 1
1 13 0 0 0 0 0.842659 0 2.87922 3.00186 0.10566 0 0 -500 0
129 1
1 13 0 0 0 0 0.881541 0 2.86756 3.00186 0.10566 0 0 -500 0
130 1
1 13 0 0 0 0 0.845837 0 2.87829 3.00186 0.10566 0 0 -500 0
131 1
1 13 0 0 0 0 0.883039 0 2.8671 3.00186 0.10566 0 0 -500 0
132 1
1 13 0 0 0 0 1.0023 0 2.82761 3.00186 0.10566 0 0 -500 0
133 1
1 13 0 0 0 0 0.93433 0 2.85079 3.00186 0.10566 0 0 -500 0
134 1
1 13 0 0 0 0 0.917763 0 2.85617 3.00186 0.10566 0 0 -500 0
135 1
1 13 0 0 0 0 1.00266 0 2.82748 3.00186 0.10566 0 0 -500 0
136 1
1 13 0 0 0 0 0.970662 0 2.83863 3.00186 0.10566 0 0 -500 0
137 1
1 13 0 0 0 0 0.830546 0 2.88274 3.00186 0.10566 0 0 -500 0
138 1
1 13 0 0 0 0 0.913005 0 2.8577 3.00186 0.10566 0 0 -500 0
139 1
1 13 0 0 0 0 0.948504 0 2.84611 3.00186 0.10566 0 0 -500 0
140 1
1 13 0 0 0 0 0.77721 0 2.89758 3.00186 0.10566 0 0 -500 0
141 1
1 13 0 0 0 0 0.82384 0 2.88466 3.00186 0.10566 0 0 -500 0
142 1
1 13 0 0 0 0 0.943403 0 2.8478 3.00186 0.10566 0 0 -500 0
143 1
1 13 0 0 0 0 0.963769 0 2.84098 3.00186 0.10566 0 0 -500 0
144 1
1 13 0 0 0 0 0.91076 0 2.85841 3.00186 0.10566 0 0 -500 0
145 1
1 13 0 0 0 0 0.959344 0 2.84247 3.00186 0.10566 0 0 -500 0
146 1
1 13 0 0 0 0 0.925779 0 2.85358 3.00186 0.10566 0 0 -500 0
147 1
1 13 0 0 0 0 0.89264 0 2.86412 3.00186 0.10566 0 0 -500 0
148 1
1 13 0 0 0 0 0.988654 0 2.83241 3.00186 0.10566 0 0 -500 0
149 1
1 13 0 0 0 0 0.792269 0 2.89349 3.00186 0.10566 0 0 -500 0
150 1
1 13 0 0 0 0 0.961938 0 2.8416 3.00186 0.10566 0 0 -500 0
151 1
1 13 0 0 0 0 0.915957 0 2.85675 3.00186 0.10566 0 0 -500 0
152 1
1 13 0 0 0 0 0.804024 0 2.89025 3.00186 0.10566 0 0 -500 0
153 1
1 13 0 0 0 0 0.887873 0 2.8656 3.00186 0.10566 0 0 -500 0
154 1
1 13 0 0 0 0 0.971862 0 2.83822 3.00186 0.10566 0 0 -500 0
155 1
1 13 0 0 0 0 1.02548 0 2.81929 3.00186 0.10566 0 0 -500 0
156 1
1 13 0 0 0 0 0.841927 0 2.87944 3.00186 0.10566 0 0 -500 0
157 1
1 13 0 0 0 0 0.84499 0 2.87854 3.00186 0.10566 0 0 -500 0
158 1
1 13 0 0 0 0 0.885449 0 2.86635 3.00186 0.10566 0 0 -500 0
159 1
1 13 0 0 0 0 0.964318 0 2.84079 3.00186 0.10566 0 0 -500 0
160 1
1 13 0 0 0 0 1.01344 0 2.82364 3.00186 0.10566 0 0 -500 0
161 1
1 13 0 0 0 0 1.0074 0 2.8258 3.00186 0.10566 0 0 -500 0
162 1
1 13 0 0 0 0 0.868119 0 2.87165 3.00186 0.10566 0 0 -500 0
163 1
1 13 0 0 0 0 0.888772 0 2.86532 3.00186 0.10566 0 0 -500 0
164 1
1 13 0 0 0 0 0.89811 0 2.86241 3.00186 0.10566 0 0 -500 0
165 1
1 13 0 0 0 0 0.92746 0 2.85304 3.00186 0.10566 0 0 -500 0
166 1
1 13 0 0 0 0 0.86485 0 2.87264 3.00186 0.10566 0 0 -500 0
167 1
1 13 0 0 0 0 0.832437 0 2.88219 3.00186 0.10566 0 0 -500 0
168 1
1 13 0 0 0 0 0.999183 0 2.82872 3.00186 0.10566 0 0 -500 0
169 1
1 13 0 0 0 0 0.9896 0 2.83208 3.00186 0.10566 0 0 -500 0
170 1
1 13 0 0 0 0 0.783065 0 2.896 3.00186 0.10566 0 0 -500 0
171 1
1 13 0 0 0 0 0.821677 0 2.88528 3.00186 0.10566 0 0 -500 0
172 1
1 13 0 0 0 0 0.970901 0 2.83855 3.00186 0.10566 0 0 -500 0
173 1
1 13 0 0 0 0 0.970458 0 2.8387 3.00186 0.10566 0 0 -500 0
174 1
1 13 0 0 0 0 0.896844 0 2.86281 3.00186 0.10566 0 0 -500 0
175 1
1 13 0 0 0 0 0.804835 0 2.89002 3.00186 0.10566 0 0 -500 0
176 1
1 13 0 0 0 0 0.920924 0 2.85515 3.00186 0.10566 0 0 -500 0
177 1
1 13 0 0 0 0 0.861145 0 2.87375 3.00186 0.10566 0 0 -500 0
178 1
1 13 0 0 0 0 0.90675 0 2.85969 3.00186 0.10566 0 0 -500 0
179 1
1 13 0 0 0 0 0.791998 0 2.89357 3.00186 0.10566 0 0 -500 0
180 1
1 13 0 0 0 0 0.826775 0 2.88382 3.00186 0.10566 0 0 -500 0
181 1
1 13 0 0 0 0 0.824147 0 2.88458 3.00186 0.10566 0 0 -500 0
182 1
1 13 0 0 0 0 0.864819 0 2.87264 3.00186 0.10566 0 0 -500 0
183 1
1 13 0 0 0 0 0.830099 0 2.88287 3.00186 0.10566 0 0 -500 0
184 1
1 13 0 0 0 0 0.807005 0 2.88942 3.00186 0.10566 0 0 -500 0
185 1
1 13 0 0 0 0 0.81201 0 2.88802 3.00186 0.10566 0 0 -500 0
186 1
1 13 0 0 0 0 0.910848 0 2.85838 3.00186 0.10566 0 0 -500 0
187 1
1 13 0 0 0 0 0.919601 0 2.85558 3.00186 0.10566 0 0 -500 0
188 1
1 13 0 0 0 0 0.889189 0 2.8652 3.00186 0.10566 0 0 -500 0
189 1
1 13 0 0 0 0 0.795723 0 2.89255 3.00186 0.10566 0 0 -500 0
190 1
1 13 0 0 0 0 0.897968 0 2.86246 3.00186 0.10566 0 0 -500 0
191 1
1 13 0 0 0 0 0.996021 0 2.82983 3.00186 0.10566 0 0 -500 0
192 1
1 13 0 0 0 0 1.00828 0 2.82549 3.00186 0.10566 0 0 -500 0
193 1
1 13 0 0 0 0 0.818061 0 2.88631 3.00186 0.10566 0 0 -500 0
194 1
1 13 0 0 0 0 0.854149 0 2.87584 3.00186 0.10566 0 0 -500 0
195 1
1 13 0 0 0 0 0.911062 0 2.85832 3.00186 0.10566 0 0 -500 0
196 1
1 13 0 0 0 0 0.863507 0 2.87304 3.00186 0.10566 0 0 -500 0
197 1
1 13 0 0 0 0 0.974407 0 2.83735 3.00186 0.10566 0 0 -500 0
198 1
1 13 0 0 0 0 0.835152 0 2.88141 3.00186 0.10566 0 0 -500 0
199 1
1 13 0 0 0 0 0.971684 0 2.83828 3.00186 0.10566 0 0 -500 0
200 1
1 13 0 0 0 0 1.01702 0 2.82235 3.00186 0.10566 0 0 -500 0
201 1
1 13 0 0 0 0 0.94982 0 2.84567 3.00186 0.10566 0 0 -500 0
202 1
1 13 0 0 0 0 0.821711 0 2.88527 3.00186 0.10566 0 0 -500 0
203 1
1 13 0 0 0 0 0.855148 0 2.87554 3.00186 0.10566 0 0 -500 0
204 1
1 13 0 0 0 0 0.928431 0 2.85272 3.00186 0.10566 0 0 -500 0
205 1
1 13 0 0 0 0 0.861536 0 2.87363 3.00186 0.10566 0 0 -500 0
206 1
1 13 0 0 0 0 0.864608 0 2.87271 3.00186 0.10566 0 0 -500 0
207 1
1 13 0 0 0 0 0.819385 0 2.88593 3.00186 0.10566 0 0 -500 0
208 1
1 13 0 0 0 0 0.966582 0 2.84002 3.00186 0.10566 0 0 -500 0
209 1
1 13 0 0 0 0 0.968369 0 2.83941 3.00186 0.10566 0 0 -500 0
210 1
1 13 0 0 0 0 1.0203 0 2.82117 3.00186 0.10566 0 0 -500 0
211 1
1 13 0 0 0 0 0.809775 0 2.88864 3.00186 0.10566 0 0 -500 0
212 1
1 13 0 0 0 0 0.811047 0 2.88829 3.00186 0.10566 0 0 -500 0
213 1
1 13 0 0 0 0 0.997816 0 2.8292 3.00186 0.10566 0 0 -500 0
214 1
1 13 0 0 0 0 0.85922 0 2.87432 3.00186 0.10566 0 0 -500 0
215 1
1 13 0 0 0 0 0.857899 0 2.87472 3.00186 0.10566 0 0 -500 0
216 1
1 13 0 0 0 0 0.976151 0 2.83675 3.00186 0.10566 0 0 -500 0
217 1
1 13 0 0 0 0 0.970969 0 2.83852 3.00186 0.10566 0 0 -500 0
218 1
1 13 0 0 0 0 0.78949 0 2.89425 3.00186 0.10566 0 0 -500 0
219 1
1 13 0 0 0 0 0.982567 0 2.83453 3.00186 0.10566 0 0 -500 0
220 1
1 13 0 0 0 0 0.923263 0 2.8544 3.00186 0.10566 0 0 -500 0
221 1
1 13 0 0 0 0 0.781064 0 2.89654 3.00186 0.10566 0 0 -500 0
222 1
1 13 0 0 0 0 0.793561 0 2.89314 3.00186 0.10566 0 0 -500 0
223 1
1 13 0 0 0 0 0.918318 0 2.85599 3.00186 0.10566 0 0 -500 0
224 1
1 13 0 0 0 0 0.778225 0 2.8973 3.00186 0.10566 0 0 -500 0
225 1
1 13 0 0 0 0 0.942801 0 2.848 3.00186 0.10566 0 0 -500 0
226 1
1 13 0 0 0 0 0.897096 0 2.86273 3.00186 0.10566 0 0 -500 0
227 1
1 13 0 0 0 0 1.00075 0 2.82816 3.00186 0.10566 0 0 -500 0
228 1
1 13 0 0 0 0 0.816206 0 2.88683 3.00186 0.10566 0 0 -500 0
229 1
1 13 0 0 0 0 0.801737 0 2.89089 3.00186 0.10566 0 0 -500 0
230 1
1 13 0 0 0 0 0.780685 0 2.89664 3.00186 0.10566 0 0 -500 0
231 1
1 13 0 0 0 0 0.883026 0 2.8671 3.00186 0.10566 0 0 -500 0
232 1
1 13 0 0 0 0 0.97156 0 2.83832 3.00186 0.10566 0 0 -500 0
233 1
1 13 0 0 0 0 0.818011 0 2.88632 3.00186 0.10566 0 0 -500 0
234 1
1 13 0 0 0 0 0.906492 0 2.85977 3.00186 0.10566 0 0 -500 0
235 1
1 13 0 0 0 0 0.783383 0 2.89591 3.00186 0.10566 0 0 -500 0
236 1
1 13 0 0 0 0 0.791387 0 2.89374 3.00186 0.10566 0 0 -500 0
237 1
1 13 0 0 0 0 0.93972 0 2.84902 3.00186 0.10566 0 0 -500 0
238 1
1 13 0 0 0 0 0.831538 0 2.88245 3.00186 0.10566 0 0 -500 0
239 1
1 13 0 0 0 0 0.877362 0 2.86884 3.00186 0.10566 0 0 -500 0
240 1
1 13 0 0 0 0 0.815179 0 2.88712 3.00186 0.10566 0 0 -500 0
241 1
1 13 0 0 0 0 0.793389 0 2.89319 3.00186 0.10566 0 0 -500 0
242 1
1 13 0 0 0 0 1.00673 0 2.82604 3.00186 0.10566 0 0 -500 0
243 1
1 13 0 0 0 0 0.828129 0 2.88344 3.00186 0.10566 0 0 -500 0
244 1
1 13 0 0 0 0 0.881073 0 2.8677 3.00186 0.10566 0 0 -500 0
245 1
1 13 0 0 0 0 0.796993 0 2.8922 3.00186 0.10566 0 0 -500 0
246 1
1 13 0 0 0 0 0.921292 0 2.85503 3.00186 0.10566 0 0 -500 0
247 1
1 13 0 0 0 0 0.795361 0 2.89265 3.00186 0.10566 0 0 -500 0
248 1
1 13 0 0 0 0 0.928782 0 2.85261 3.00186 0.10566 0 0 -500 0
249 1
1 13 0 0 0 0 0.809111 0 2.88883 3.00186 0.10566 0 0 -500 0
250 1
1 13 0 0 0 0 0.886492 0 2.86603 3.00186 0.10566 0 0 -500 0
251 1
1 13 0 0 0 0 0.909218 0 2.8589 3.00186 0.10566 0 0 -500 0
252 1
1 13 0 0 0 0 1.0197 0 2.82139 3.00186 0.10566 0 0 -500 0
253 1
1 13 0 0 0 0 0.851242 0 2.8767 3.00186 0.10566 0 0 -500 0
254 1
1 13 0 0 0 0 0.935876 0 2.85029 3.00186 0.10566 0 0 -500 0
255 1
1 13 0 0 0 0 0.823414 0 2.88479 3.00186 0.10566 0 0 -500 0
256 1
1 13 0 0 0 0 1.01845 0 2.82184 3.00186 0.10566 0 0 -500 0
257 1
1 13 0 0 0 0 0.837879 0 2.88062 3.00186 0.10566 0 0 -500 0
258 1
1 13 0 0 0 0 0.982189 0 2.83466 3.00186 0.10566 0 0 -500 0
259 1
1 13 0 0 0 0 0.801323 0 2.891 3.00186 0.10566 0 0 -500 0
260 1
1 13 0 0 0 0 1.02561 0 2.81924 3.00186 0.10566 0 0 -500 0
261 1
1 13 0 0 0 0 0.876069 0 2.86923 3.00186 0.10566 0 0 -500 0
262 1
1 13 0 0 0 0 0.942966 0 2.84795 3.00186 0.10566 0 0 -500 0
263 1
1 13 0 0 0 0 0.913615 0 2.8575 3.00186 0.10566 0 0 -500 0
264 1
1 13 0 0 0 0 0.811414 0 2.88818 3.00186 0.10566 0 0 -500 0
265 1
1 13 0 0 0 0 0.976194 0 2.83673 3.00186 0.10566 0 0 -500 0
266 1
1 13 0 0 0 0 0.787817 0 2.89471 3.00186 0.10566 0 0 -500 0
267 1
1 13 0 0 0 0 0.981713 0 2.83483 3.00186 0.10566 0 0 -500 0
268 1
1 13 0 0 0 0 0.87012 0 2.87104 3.00186 0.10566 0 0 -500 0
269 1
1 13 0 0 0 0 0.926074 0 2.85349 3.00186 0.10566 0 0 -500 0
270 1
1 13 0 0 0 0 0.964403 0 2.84076 3.00186 0.10566 0 0 -500 0
271 1
1 13 0 0 0 0 0.906968 0 2.85962 3.00186 0.10566 0 0 -500 0
272 1
1 13 0 0 0 0 0.865693 0 2.87238 3.00186 0.10566 0 0 -500 0
273 1
1 13 0 0 0 0 0.919802 0 2.85551 3.00186 0.10566 0 0 -500 0
274 1
1 13 0 0 0 0 0.851045 0 2.87676 3.00186 0.10566 0 0 -500 0
275 1
1 13 0 0 0 0 1.00964 0 2.825 3.00186 0.10566 0 0 -500 0
276 1
1 13 0 0 0 0 0.800448 0 2.89124 3.00186 0.10566 0 0 -500 0
277 1
1 13 0 0 0 0 0.90008 0 2.86179 3.00186 0.10566 0 0 -500 0
278 1
1 13 0 0 0 0 0.856383 0 2.87517 3.00186 0.10566 0 0 -500 0
279 1
1 13 0 0 0 0 1.01845 0 2.82184 3.00186 0.10566 0 0 -500 0
280 1
1 13 0 0 0 0 0.806745 0 2.88949 3.00186 0.10566 0 0 -500 0
281 1
1 13 0 0 0 0 0.913711 0 2.85747 3.00186 0.10566 0 0 -500 0
282 1
1 13 0 0 0 0 0.982153 0 2.83467 3.00186 0.10566 0 0 -500 0
283 1
1 13 0 0 0 0 0.87588 0 2.86929 3.00186 0.10566 0 0 -500 0
284 1
1 13 0 0 0 0 0.836776 0 2.88094 3.00186 0.10566 0 0 -500 0
285 1
1 13 0 0 0 0 0.968684 0 2.8393 3.00186 0.10566 0 0 -500 0
286 1
1 13 0 0 0 0 0.9107 0 2.85843 3.00186 0.10566 0 0 -500 0
287 1
1 13 0 0 0 0 0.820297 0 2.88567 3.00186 0.10566 0 0 -500 0
288 1
1 13 0 0 0 0 0.803847 0 2.8903 3.00186 0.10566 0 0 -500 0
289 1
1 13 0 0 0 0 0.905715 0 2.86001 3.00186 0.10566 0 0 -500 0
290 1
1 13 0 0 0 0 0.896078 0 2.86305 3.00186 0.10566 0 0 -500 0
291 1
1 13 0 0 0 0 0.920562 0 2.85527 3.00186 0.10566 0 0 -500 0
292 1
1 13 0 0 0 0 1.01102 0 2.82451 3.00186 0.10566 0 0 -500 0
293 1
1 13 0 0 0 0 0.963096 0 2.84121 3.00186 0.10566 0 0 -500 0
294 1
1 13 0 0 0 0 0.987978 0 2.83265 3.00186 0.10566 0 0 -500 0
295 1
1 13 0 0 0 0 0.988087 0 2.83261 3.00186 0.10566 0 0 -500 0
296 1
1 13 0 0 0 0 0.862633 0 2.8733 3.00186 0.10566 0 0 -500 0
297 1
1 13 0 0 0 0 0.818606 0 2.88615 3.00186 0.10566 0 0 -500 0
298 1
1 13 0 0 0 0 0.98874 0 2.83238 3.00186 0.10566 0 0 -500 0
299 1
1 13 0 0 0 0 1.02183 0 2.82061 3.00186 0.10566 0 0 -500 0
300 1
1 13 0 0 0 0 0.787981 0 2.89467 3.00186 0.10566 0 0 -500 0
301 1
1 13 0 0 0 0 0.969344 0 2.83908 3.00186 0.10566 0 0 -500 0
302 1
1 13 0 0 0 0 0.835444 0 2.88133 3.00186 0.10566 0 0 -500 0
303 1
1 13 0 0 0 0 0.960507 0 2.84208 3.00186 0.10566 0 0 -500 0
304 1
1 13 0 0 0 0 0.947627 0 2.8464 3.00186 0.10566 0 0 -500 0
305 1
1 13 0 0 0 0 0.893427 0 2.86388 3.00186 0.10566 0 0 -500 0
306 1
1 13 0 0 0 0 0.828905 0 2.88321 3.00186 0.10566 0 0 -500 0
307 1
1 13 0 0 0 0 0.801182 0 2.89104 3.00186 0.10566 0 0 -500 0
308 1
1 13 0 0 0 0 1.01968 0 2.82139 3.00186 0.10566 0 0 -500 0
309 1
1 13 0 0 0 0 0.951543 0 2.8451 3.00186 0.10566 0 0 -500 0
310 1
1 13 0 0 0 0 0.877725 0 2.86873 3.00186 0.10566 0 0 -500 0
311 1
1 13 0 0 0 0 0.905508 0 2.86008 3.00186 0.10566 0 0 -500 0
312 1
1 13 0 0 0 0 0.956432 0 2.84346 3.00186 0.10566 0 0 -500 0
313 1
1 13 0 0 0 0 0.9247 0 2.85393 3.00186 0.10566 0 0 -500 0
314 1
1 13 0 0 0 0 0.906799 0 2.85967 3.00186 0.10566 0 0 -500 0
315 1
1 13 0 0 0 0 0.80061 0 2.8912 3.00186 0.10566 0 0 -500 0
316 1
1 13 0 0 0 0 0.805885 0 2.88973 3.00186 0.10566 0 0 -500 0
317 1
1 13 0 0 0 0 0.956512 0 2.84343 3.00186 0.10566 0 0 -500 0
318 1
1 13 0 0 0 0 0.9558 0 2.84367 3.00186 0.10566 0 0 -500 0
319 1
1 13 0 0 0 0 0.86702 0 2.87198 3.00186 0.10566 0 0 -500 0
320 1
1 13 0 0 0 0 0.792661 0 2.89339 3.00186 0.10566 0 0 -500 0
321 1
1 13 0 0 0 0 0.887722 0 2.86565 3.00186 0.10566 0 0 -500 0
322 1
1 13 0 0 0 0 0.906325 0 2.85982 3.00186 0.10566 0 0 -500 0
323 1
1 13 0 0 0 0 0.78181 0 2.89634 3.00186 0.10566 0 0 -500 0
324 1
1 13 0 0 0 0 0.945261 0 2.84719 3.00186 0.10566 0 0 -500 0
325 1
1 13 0 0 0 0 0.852893 0 2.87621 3.00186 0.10566 0 0 -500 0
326 1
1 13 0 0 0 0 0.984019 0 2.83403 3.00186 0.10566 0 0 -500 0
327 1
1 13 0 0 0 0 1.02198 0 2.82056 3.00186 0.10566 0 0 -500 0
328 1
1 13 0 0 0 0 0.895114 0 2.86335 3.00186 0.10566 0 0 -500 0
329 1
1 13 0 0 0 0 0.900523 0 2.86165 3.00186 0.10566 0 0 -500 0
330 1
1 13 0 0 0 0 0.898657 0 2.86224 3.00186 0.10566 0 0 -500 0
331 1
1 13 0 0 0 0 1.01241 0 2.82401 3.00186 0.10566 0 0 -500 0
332 1
1 13 0 0 0 0 0.9536 0 2.84441 3.00186 0.10566 0 0 -500 0
333 1
1 13 0 0 0 0 0.99095 0 2.83161 3.00186 0.10566 0 0 -500 0
334 1
1 13 0 0 0 0 0.809041 0 2.88885 3.00186 0.10566 0 0 -500 0
335 1
1 13 0 0 0 0 1.01157 0 2.82431 3.00186 0.10566 0 0 -500 0
336 1
1 13 0 0 0 0 0.838966 0 2.8803 3.00186 0.10566 0 0 -500 0
337 1
1 13 0 0 0 0 1.01307 0 2.82377 3.00186 0.10566 0 0 -500 0
338 1
1 13 0 0 0 0 0.905159 0 2.86019 3.00186 0.10566 0 0 -500 0
339 1
1 13 0 0 0 0 0.799335 0 2.89155 3.00186 0.10566 0 0 -500 0
340 1
1 13 0 0 0 0 0.894207 0 2.86363 3.00186 0.10566 0 0 -500 0
341 1
1 13 0 0 0 0 0.804187 0 2.8902 3.00186 0.10566 0 0 -500 0
342 1
1 13 0 0 0 0 0.795624 0 2.89257 3.00186 0.10566 0 0 -500 0
343 1
1 13 0 0 0 0 0.88475 0 2.86657 3.00186 0.10566 0 0 -500 0
344 1
1 13 0 0 0 0 0.97522 0 2.83707 3.00186 0.10566 0 0 -500 0
345 1
1 13 0 0 0 0 0.824881 0 2.88437 3.00186 0.10566 0 0 -500 0
346 1
1 13 0 0 0 0 0.837686 0 2.88067 3.00186 0.10566 0 0 -500 0
347 1
1 13 0 0 0 0 0.97582 0 2.83686 3.00186 0.10566 0 0 -500 0
348 1
1 13 0 0 0 0 0.902098 0 2.86116 3.00186 0.10566 0 0 -500 0
349 1
1 13 0 0 0 0 0.999171 0 2.82872 3.00186 0.10566 0 0 -500 0
350 1
1 13 0 0 0 0 0.994406 0 2.8304 3.00186 0.10566 0 0 -500 0
351 1
1 13 0 0 0 0 0.93242 0 2.85142 3.00186 0.10566 0 0 -500 0
352 1
1 13 0 0 0 0 0.941081 0 2.84857 3.00186 0.10566 0 0 -500 0
353 1
1 13 0 0 0 0 0.867513 0 2.87183 3.00186 0.10566 0 0 -500 0
354 1
1 13 0 0 0 0 0.887418 0 2.86574 3.00186 0.10566 0 0 -500 0
355 1
1 13 0 0 0 0 0.918133 0 2.85605 3.00186 0.10566 0 0 -500 0
356 1
1 13 0 0 0 0 0.902702 0 2.86097 3.00186 0.10566 0 0 -500 0
357 1
1 13 0 0 0 0 1.01766 0 2.82212 3.00186 0.10566 0 0 -500 0
358 1
1 13 0 0 0 0 0.860847 0 2.87384 3.00186 0.10566 0 0 -500 0
359 1
1 13 0 0 0 0 0.972312 0 2.83806 3.00186 0.10566 0 0 -500 0
360 1
1 13 0 0 0 0 0.941119 0 2.84856 3.00186 0.10566 0 0 -500 0
361 1
1 13 0 0 0 0 0.844473 0 2.87869 3.00186 0.10566 0 0 -500 0
362 1
1 13 0 0 0 0 0.790663 0 2.89393 3.00186 0.10566 0 0 -500 0
363 1
1 13 0 0 0 0 0.828095 0 2.88345 3.00186 0.10566 0 0 -500 0
364 1
1 13 0 0 0 0 0.971718 0 2.83827 3.00186 0.10566 0 0 -500 0
365 1
1 13 0 0 0 0 0.793997 0 2.89302 3.00186 0.10566 0 0 -500 0
366 1
1 13 0 0 0 0 0.848445 0 2.87752 3.00186 0.10566 0 0 -500 0
367 1
1 13 0 0 0 0 0.844448 0 2.8787 3.00186 0.10566 0 0 -500 0
368 1
1 13 0 0 0 0 0.819048 0 2.88603 3.00186 0.10566 0 0 -500 0
369 1
1 13 0 0 0 0 0.972476 0 2.83801 3.00186 0.10566 0 0 -500 0
370 1
1 13 0 0 0 0 1.01965 0 2.8214 3.00186 0.10566 0 0 -500 0
371 1
1 13 0 0 0 0 0.970954 0 2.83853 3.00186 0.10566 0 0 -500 0
372 1
1 13 0 0 0 0 0.812223 0 2.88796 3.00186 0.10566 0 0 -500 0
373 1
1 13 0 0 0 0 0.987497 0 2.83282 3.00186 0.10566 0 0 -500 0
374 1
1 13 0 0 0 0 0.949378 0 2.84582 3.00186 0.10566 0 0 -500 0
375 1
1 13 0 0 0 0 0.777187 0 2.89758 3.00186 0.10566 0 0 -500 0
376 1
1 13 0 0 0 0 0.861873 0 2.87353 3.00186 0.10566 0 0 -500 0
377 1
1 13 0 0 0 0 0.981401 0 2.83493 3.00186 0.10566 0 0 -500 0
378 1
1 13 0 0 0 0 0.781556 0 2.89641 3.00186 0.10566 0 0 -500 0
379 1
1 13 0 0 0 0 0.819802 0 2.88581 3.00186 0.10566 0 0 -500 0
380 1
1 13 0 0 0 0 0.899324 0 2.86203 3.00186 0.10566 0 0 -500 0
381 1
1 13 0 0 0 0 0.955858 0 2.84365 3.00186 0.10566 0 0 -500 0
382 1
1 13 0 0 0 0 1.00053 0 2.82824 3.00186 0.10566 0 0 -500 0
383 1
1 13 0 0 0 0 1.00561 0 2.82644 3.00186 0.10566 0 0 -500 0
384 1
1 13 0 0 0 0 0.94795 0 2.84629 3.00186 0.10566 0 0 -500 0
385 1
1 13 0 0 0 0 0.829627 0 2.88301 3.00186 0.10566 0 0 -500 0
386 1
1 13 0 0 0 0 0.871145 0 2.87073 3.00186 0.10566 0 0 -500 0
387 1
1 13 0 0 0 0 0.931305 0 2.85178 3.00186 0.10566 0 0 -500 0
388 1
1 13 0 0 0 0 0.809449 0 2.88874 3.00186 0.10566 0 0 -500 0
389 1
1 13 0 0 0 0 0.950866 0 2.84532 3.00186 0.10566 0 0 -500 0
390 1
1 13 0 0 0 0 0.8015 0 2.89095 3.00186 0.10566 0 0 -500 0
391 1
1 13 0 0 0 0 0.917982 0 2.8561 3.00186 0.10566 0 0 -500 0
392 1
1 13 0 0 0 0 0.845471 0 2.8784 3.00186 0.10566 0 0 -500 0
393 1
1 13 0 0 0 0 0.835166 0 2.88141 3.00186 0.10566 0 0 -500 0
394 1
1 13 0 0 0 0 0.876104 0 2.86922 3.00186 0.10566 0 0 -500 0
395 1
1 13 0 0 0 0 0.946435 0 2.8468 3.00186 0.10566 0 0 -500 0
396 1
1 13 0 0 0 0 0.91601 0 2.85673 3.00186 0.10566 0 0 -500 0
397 1
1 13 0 0 0 0 0.946136 0 2.8469 3.00186 0.10566 0 0 -500 0
398 1
1 13 0 0 0 0 0.922292 0 2.85471 3.00186 0.10566 0 0 -500 0
399 1
1 13 0 0 0 0 0.932646 0 2.85135 3.00186 0.10566 0 0 -500 0
400 1
1 13 0 0 0 0 0.786277 0 2.89513 3.00186 0.10566 0 0 -500 0
401 1
1 13 0 0 0 0 0.881902 0 2.86745 3.00186 0.10566 0 0 -500 0
402 1
1 13 0 0 0 0 0.974465 0 2.83733 3.00186 0.10566 0 0 -500 0
403 1
1 13 0 0 0 0 0.923169 0 2.85443 3.00186 0.10566 0 0 -500 0
404 1
1 13 0 0 0 0 0.997884 0 2.82917 3.00186 0.10566 0 0 -500 0
405 1
1 13 0 0 0 0 0.80436 0 2.89016 3.00186 0.10566 0 0 -500 0
406 1
1 13 0 0 0 0 0.819276 0 2.88596 3.00186 0.10566 0 0 -500 0
407 1
1 13 0 0 0 0 1.01292 0 2.82383 3.00186 0.10566 0 0 -500 0
408 1
1 13 0 0 0 0 1.00589 0 2.82634 3.00186 0.10566 0 0 -500 0
409 1
1 13 0 0 0 0 0.799197 0 2.89159 3.00186 0.10566 0 0 -500 0
410 1
1 13 0 0 0 0 0.844477 0 2.87869 3.00186 0.10566 0 0 -500 0
411 1
1 13 0 0 0 0 0.780277 0 2.89675 3.00186 0.10566 0 0 -500 0
412 1
1 13 0 0 0 0 1.01458 0 2.82323 3.00186 0.10566 0 0 -500 0
413 1
1 13 0 0 0 0 0.989285 0 2.83219 3.00186 0.10566 0 0 -500 0
414 1
1 13 0 0 0 0 0.856338 0 2.87518 3.00186 0.10566 0 0 -500 0
415 1
1 13 0 0 0 0 0.829201 0 2.88313 3.00186 0.10566 0 0 -500 0
416 1
1 13 0 0 0 0 1.0222 0 2.82048 3.00186 0.10566 0 0 -500 0
417 1
1 13 0 0 0 0 0.83189 0 2.88235 3.00186 0.10566 0 0 -500 0
418 1
1 13 0 0 0 0 0.916151 0 2.85669 3.00186 0.10566 0 0 -500 0
419 1
1 13 0 0 0 0 0.792879 0 2.89333 3.00186 0.10566 0 0 -500 0
420 1
1 13 0 0 0 0 1.00461 0 2.82679 3.00186 0.10566 0 0 -500 0
421 1
1 13 0 0 0 0 0.877584 0 2.86877 3.00186 0.10566 0 0 -500 0
422 1
1 13 0 0 0 0 0.891415 0 2.8645 3.00186 0.10566 0 0 -500 0
423 1
1 13 0 0 0 0 0.932066 0 2.85154 3.00186 0.10566 0 0 -500 0
424 1
1 13 0 0 0 0 0.836375 0 2.88105 3.00186 0.10566 0 0 -500 0
425 1
1 13 0 0 0 0 0.877108 0 2.86892 3.00186 0.10566 0 0 -500 0
426 1
1 13 0 0 0 0 0.913652 0 2.85749 3.00186 0.10566 0 0 -500 0
427 1
1 13 0 0 0 0 0.80391 0 2.89028 3.00186 0.10566 0 0 -500 0
428 1
1 13 0 0 0 0 0.934422 0 2.85076 3.00186 0.10566 0 0 -500 0
429 1
1 13 0 0 0 0 0.783768 0 2.89581 3.00186 0.10566 0 0 -500 0
430 1
1 13 0 0 0 0 0.855325 0 2.87549 3.00186 0.10566 0 0 -500 0
431 1
1 13 0 0 0 0 1.02487 0 2.81951 3.00186 0.10566 0 0 -500 0
432 1
1 13 0 0 0 0 0.821178 0 2.88542 3.00186 0.10566 0 0 -500 0
433 1
1 13 0 0 0 0 0.784512 0 2.89561 3.00186 0.10566 0 0 -500 0
434 1
1 13 0 0 0 0 0.868532 0 2.87152 3.00186 0.10566 0 0 -500 0
435 1
1 13 0 0 0 0 0.792564 0 2.89341 3.00186 0.10566 0 0 -500 0
436 1
1 13 0 0 0 0 0.913863 0 2.85742 3.00186 0.10566 0 0 -500 0
437 1
1 13 0 0 0 0 0.787704 0 2.89474 3.00186 0.10566 0 0 -500 0
438 1
1 13 0 0 0 0 1.01191 0 2.82419 3.00186 0.10566 0 0 -500 0
439 1
1 13 0 0 0 0 0.94206 0 2.84825 3.00186 0.10566 0 0 -500 0
440 1
1 13 0 0 0 0 0.941024 0 2.84859 3.00186 0.10566 0 0 -500 0
441 1
1 13 0 0 0 0 0.914738 0 2.85714 3.00186 0.10566 0 0 -500 0
442 1
1 13 0 0 0 0 0.928715 0 2.85263 3.00186 0.10566 0 0 -500 0
443 1
1 13 0 0 0 0 0.928408 0 2.85273 3.00186 0.10566 0 0 -500 0
444 1
1 13 0 0 0 0 0.907169 0 2.85955 3.00186 0.10566 0 0 -500 0
445 1
1 13 0 0 0 0 0.812143 0 2.88798 3.00186 0.10566 0 0 -500 0
446 1
1 13 0 0 0 0 0.857634 0 2.8748 3.00186 0.10566 0 0 -500 0
447 1
1 13 0 0 0 0 0.982639 0 2.83451 3.00186 0.10566 0 0 -500 0
448 1
1 13 0 0 0 0 0.795395 0 2.89264 3.00186 0.10566 0 0 -500 0
449 1
1 13 0 0 0 0 0.986595 0 2.83313 3.00186 0.10566 0 0 -500 0
450 1
1 13 0 0 0 0 1.00187 0 2.82777 3.00186 0.10566 0 0 -500 0
451 1
1 13 0 0 0 0 0.923295 0 2.85439 3.00186 0.10566 0 0 -500 0
452 1
1 13 0 0 0 0 0.865232 0 2.87252 3.00186 0.10566 0 0 -500 0
453 1
1 13 0 0 0 0 0.92711 0 2.85315 3.00186 0.10566 0 0 -500 0
454 1
1 13 0 0 0 0 1.01594 0 2.82274 3.00186 0.10566 0 0 -500 0
455 1
1 13 0 0 0 0 0.839131 0 2.88025 3.00186 0.10566 0 0 -500 0
456 1
1 13 0 0 0 0 0.911216 0 2.85827 3.00186 0.10566 0 0 -500 0
457 1
1 13 0 0 0 0 0.802174 0 2.89076 3.00186 0.10566 0 0 -500 0
458 1
1 13 0 0 0 0 1.00993 0 2.8249 3.00186 0.10566 0 0 -500 0
459 1
1 13 0 0 0 0 0.927157 0 2.85314 3.00186 0.10566 0 0 -500 0
460 1
1 13 0 0 0 0 0.986507 0 2.83316 3.00186 0.10566 0 0 -500 0
461 1
1 13 0 0 0 0 0.9928 0 2.83096 3.00186 0.10566 0 0 -500 0
462 1
1 13 0 0 0 0 0.79893 0 2.89166 3.00186 0.10566 0 0 -500 0
463 1
1 13 0 0 0 0 0.989118 0 2.83225 3.00186 0.10566 0 0 -500 0
464 1
1 13 0 0 0 0 0.863746 0 2.87297 3.00186 0.10566 0 0 -500 0
465 1
1 13 0 0 0 0 0.824068 0 2.8846 3.00186 0.10566 0 0 -500 0
466 1
1 13 0 0 0 0 0.826892 0 2.88379 3.00186 0.10566 0 0 -500 0
467 1
1 13 0 0 0 0 0.897459 0 2.86262 3.00186 0.10566 0 0 -500 0
468 1
1 13 0 0 0 0 0.8763 0 2.86916 3.00186 0.10566 0 0 -500 0
469 1
1 13 0 0 0 0 1.01447 0 2.82327 3.00186 0.10566 0 0 -500 0
470 1
1 13 0 0 0 0 0.818305 0 2.88624 3.00186 0.10566 0 0 -500 0
471 1
1 13 0 0 0 0 0.827299 0 2.88367 3.00186 0.10566 0 0 -500 0
472 1
1 13 0 0 0 0 0.957185 0 2.8432 3.00186 0.10566 0 0 -500 0
473 1
1 13 0 0 0 0 0.931135 0 2.85184 3.00186 0.10566 0 0 -500 0
474 1
1 13 0 0 0 0 0.778143 0 2.89733 3.00186 0.10566 0 0 -500 0
475 1
1 13 0 0 0 0 0.862675 0 2.87329 3.00186 0.10566 0 0 -500 0
476 1
1 13 0 0 0 0 0.991434 0 2.83144 3.00186 0.10566 0 0 -500 0
477 1
1 13 0 0 0 0 0.938058 0 2.84957 3.00186 0.10566 0 0 -500 0
478 1
1 13 0 0 0 0 0.778955 0 2.89711 3.00186 0.10566 0 0 -500 0
479 1
1 13 0 0 0 0 0.878474 0 2.8685 3.00186 0.10566 0 0 -500 0
480 1
1 13 0 0 0 0 0.960712 0 2.84201 3.00186 0.10566 0 0 -500 0
481 1
1 13 0 0 0 0 0.890873 0 2.86467 3.00186 0.10566 0 0 -500 0
482 1
1 13 0 0 0 0 0.876598 0 2.86907 3.00186 0.10566 0 0 -500 0
483 1
1 13 0 0 0 0 0.902044 0 2.86117 3.00186 0.10566 0 0 -500 0
484 1
1 13 0 0 0 0 0.998065 0 2.82911 3.00186 0.10566 0 0 -500 0
485 1
1 13 0 0 0 0 0.936691 0 2.85002 3.00186 0.10566 0 0 -500 0
486 1
1 13 0 0 0 0 0.86042 0 2.87397 3.00186 0.10566 0 0 -500 0
487 1
1 13 0 0 0 0 0.814062 0 2.88744 3.00186 0.10566 0 0 -500 0
488 1
1 13 0 0 0 0 0.977093 0 2.83642 3.00186 0.10566 0 0 -500 0
489 1
1 13 0 0 0 0 0.83426 0 2.88167 3.00186 0.10566 0 0 -500 0
490 1
1 13 0 0 0 0 1.00533 0 2.82654 3.00186 0.10566 0 0 -500 0
491 1
1 13 0 0 0 0 0.912817 0 2.85776 3.00186 0.10566 0 0 -500 0
492 1
1 13 0 0 0 0 0.972178 0 2.83811 3.00186 0.10566 0 0 -500 0
493 1
1 13 0 0 0 0 0.887348 0 2.86577 3.00186 0.10566 0 0 -500 0
494 1
1 13 0 0 0 0 0.967363 0 2.83976 3.00186 0.10566 0 0 -500 0
495 1
1 13 0 0 0 0 0.868603 0 2.8715 3.00186 0.10566 0 0 -500 0
496 1
1 13 0 0 0 0 0.849013 0 2.87736 3.00186 0.10566 0 0 -500 0
497 1
1 13 0 0 0 0 1.00564 0 2.82643 3.00186 0.10566 0 0 -500 0
498 1
1 13 0 0 0 0 0.793966 0 2.89303 3.00186 0.10566 0 0 -500 0
499 1
1 13 0 0 0 0 0.830845 0 2.88265 3.00186 0.10566 0 0 -500 0
500 1
1 13 0 0 0 0 0.910391 0 2.85853 3.00186 0.10566 0 0 -500 0
501 1
1 13 0 0 0 0 0.935225 0 2.8505 3.00186 0.10566 0 0 -500 0
502 1
1 13 0 0 0 0 0.916449 0 2.85659 3.00186 0.10566 0 0 -500 0
503 1
1 13 0 0 0 0 0.792112 0 2.89354 3.00186 0.10566 0 0 -500 0
504 1
1 13 0 0 0 0 0.814082 0 2.88743 3.00186 0.10566 0 0 -500 0
505 1
1 13 0 0 0 0 0.789755 0 2.89418 3.00186 0.10566 0 0 -500 0
506 1
1 13 0 0 0 0 1.01589 0 2.82276 3.00186 0.10566 0 0 -500 0
507 1
1 13 0 0 0 0 0.848333 0 2.87756 3.00186 0.10566 0 0 -500 0
508 1
1 13 0 0 0 0 1.00067 0 2.82819 3.00186 0.10566 0 0 -500 0
509 1
1 13 0 0 0 0 0.9451 0 2.84724 3.00186 0.10566 0 0 -500 0
510 1
1 13 0 0 0 0 0.895658 0 2.86318 3.00186 0.10566 0 0 -500 0
511 1
1 13 0 0 0 0 0.920706 0 2.85522 3.00186 0.10566 0 0 -500 0
512 1
1 13 0 0 0 0 0.911821 0 2.85807 3.00186 0.10566 0 0 -500 0
513 1
1 13 0 0 0 0 1.01866 0 2.82176 3.00186 0.10566 0 0 -500 0
514 1
1 13 0 0 0 0 1.02032 0 2.82116 3.00186 0.10566 0 0 -500 0
515 1
1 13 0 0 0 0 0.865411 0 2.87247 3.00186 0.10566 0 0 -500 0
516 1
1 13 0 0 0 0 0.920634 0 2.85525 3.00186 0.10566 0 0 -500 0
517 1
1 13 0 0 0 0 0.799881 0 2.8914 3.00186 0.10566 0 0 -500 0
518 1
1 13 0 0 0 0 0.844139 0 2.87879 3.00186 0.10566 0 0 -500 0
519 1
1 13 0 0 0 0 0.836264 0 2.88109 3.00186 0.10566 0 0 -500 0
520 1
1 13 0 0 0 0 0.890977 0 2.86464 3.00186 0.10566 0 0 -500 0
521 1
1 13 0 0 0 0 0.798638 0 2.89174 3.00186 0.10566 0 0 -500 0
522 1
1 13 0 0 0 0 0.94866 0 2.84606 3.00186 0.10566 0 0 -500 0
523 1
1 13 0 0 0 0 0.861363 0 2.87368 3.00186 0.10566 0 0 -500 0
524 1
1 13 0 0 0 0 1.00313 0 2.82732 3.00186 0.10566 0 0 -500 0
525 1
1 13 0 0 0 0 0.838973 0 2.8803 3.00186 0.10566 0 0 -500 0
526 1
1 13 0 0 0 0 0.844319 0 2.87874 3.00186 0.10566 0 0 -500 0
527 1
1 13 0 0 0 0 0.816143 0 2.88685 3.00186 0.10566 0 0 -500 0
528 1
1 13 0 0 0 0 0.984184 0 2.83397 3.00186 0.10566 0 0 -500 0
529 1
1 13 0 0 0 0 0.869372 0 2.87127 3.00186 0.10566 0 0 -500 0
530 1
1 13 0 0 0 0 0.878612 0 2.86846 3.00186 0.10566 0 0 -500 0
531 1
1 13 0 0 0 0 0.995446 0 2.83003 3.00186 0.10566 0 0 -500 0
532 1
1 13 0 0 0 0 0.935884 0 2.85028 3.00186 0.10566 0 0 -500 0
533 1
1 13 0 0 0 0 0.836329 0 2.88107 3.00186 0.10566 0 0 -500 0
534 1
1 13 0 0 0 0 0.998044 0 2.82912 3.00186 0.10566 0 0 -500 0
535 1
1 13 0 0 0 0 0.836347 0 2.88106 3.00186 0.10566 0 0 -500 0
536 1
1 13 0 0 0 0 0.869264 0 2.8713 3.00186 0.10566 0 0 -500 0
537 1
1 13 0 0 0 0 0.818551 0 2.88617 3.00186 0.10566 0 0 -500 0
538 1
1 13 0 0 0 0 0.780003 0 2.89683 3.00186 0.10566 0 0 -500 0
539 1
1 13 0 0 0 0 0.971765 0 2.83825 3.00186 0.10566 0 0 -500 0
540 1
1 13 0 0 0 0 0.944322 0 2.8475 3.00186 0.10566 0 0 -500 0
541 1
1 13 0 0 0 0 0.807229 0 2.88936 3.00186 0.10566 0 0 -500 0
542 1
1 13 0 0 0 0 0.796124 0 2.89244 3.00186 0.10566 0 0 -500 0
543 1
1 13 0 0 0 0 0.804534 0 2.89011 3.00186 0.10566 0 0 -500 0
544 1
1 13 0 0 0 0 0.939346 0 2.84915 3.00186 0.10566 0 0 -500 0
545 1
1 13 0 0 0 0 0.989464 0 2.83213 3.00186 0.10566 0 0 -500 0
546 1
1 13 0 0 0 0 0.955846 0 2.84365 3.00186 0.10566 0 0 -500 0
547 1
1 13 0 0 0 0 0.995171 0 2.83013 3.00186 0.10566 0 0 -500 0
548 1
1 13 0 0 0 0 0.791859 0 2.89361 3.00186 0.10566 0 0 -500 0
549 1
1 13 0 0 0 0 1.0072 0 2.82587 3.00186 0.10566 0 0 -500 0
550 1
1 13 0 0 0 0 0.814024 0 2.88745 3.00186 0.10566 0 0 -500 0
551 1
1 13 0 0 0 0 0.790352 0 2.89402 3.00186 0.10566 0 0 -500 0
552 1
1 13 0 0 0 0 0.930642 0 2.852 3.00186 0.10566 0 0 -500 0
553 1
1 13 0 0 0 0 0.92558 0 2.85365 3.00186 0.10566 0 0 -500 0
554 1
1 13 0 0 0 0 0.822052 0 2.88517 3.00186 0.10566 0 0 -500 0
555 1
1 13 0 0 0 0 0.836094 0 2.88114 3.00186 0.10566 0 0 -500 0
556 1
1 13 0 0 0 0 0.977523 0 2.83627 3.00186 0.10566 0 0 -500 0
557 1
1 13 0 0 0 0 1.02325 0 2.8201 3.00186 0.10566 0 0 -500 0
558 1
1 13 0 0 0 0 0.877442 0 2.86881 3.00186 0.10566 0 0 -500 0
559 1
1 13 0 0 0 0 0.831742 0 2.8824 3.00186 0.10566 0 0 -500 0
560 1
1 13 0 0 0 0 0.914721 0 2.85715 3.00186 0.10566 0 0 -500 0
561 1
1 13 0 0 0 0 0.878219 0 2.86858 3.00186 0.10566 0 0 -500 0
562 1
1 13 0 0 0 0 0.899913 0 2.86185 3.00186 0.10566 0 0 -500 0
563 1
1 13 0 0 0 0 0.865217 0 2.87252 3.00186 0.10566 0 0 -500 0
564 1
1 13 0 0 0 0 0.819346 0 2.88594 3.00186 0.10566 0 0 -500 0
565 1
1 13 0 0 0 0 0.853172 0 2.87613 3.00186 0.10566 0 0 -500 0
566 1
1 13 0 0 0 0 0.836355 0 2.88106 3.00186 0.10566 0 0 -500 0
567 1
1 13 0 0 0 0 0.93587 0 2.85029 3.00186 0.10566 0 0 -500 0
568 1
1 13 0 0 0 0 0.851854 0 2.87652 3.00186 0.10566 0 0 -500 0
569 1
1 13 0 0 0 0 0.781617 0 2.89639 3.00186 0.10566 0 0 -500 0
570 1
1 13 0 0 0 0 0.986631 0 2.83312 3.00186 0.10566 0 0 -500 0
571 1
1 13 0 0 0 0 0.844031 0 2.87882 3.00186 0.10566 0 0 -500 0
572 1
1 13 0 0 0 0 0.836753 0 2.88094 3.00186 0.10566 0 0 -500 0
573 1
1 13 0 0 0 0 0.962114 0 2.84154 3.00186 0.10566 0 0 -500 0
574 1
1 13 0 0 0 0 1.01972 0 2.82138 3.00186 0.10566 0 0 -500 0
575 1
1 13 0 0 0 0 0.850424 0 2.87694 3.00186 0.10566 0 0 -500 0
576 1
1 13 0 0 0 0 0.99518 0 2.83013 3.00186 0.10566 0 0 -500 0
577 1
1 13 0 0 0 0 1.00018 0 2.82836 3.00186 0.10566 0 0 -500 0
578 1
1 13 0 0 0 0 0.804771 0 2.89004 3.00186 0.10566 0 0 -500 0
579 1
1 13 0 0 0 0 0.883431 0 2.86698 3.00186 0.10566 0 0 -500 0
580 1
1 13 0 0 0 0 0.955642 0 2.84372 3.00186 0.10566 0 0 -500 0
581 1
1 13 0 0 0 0 0.961162 0 2.84186 3.00186 0.10566 0 0 -500 0
582 1
1 13 0 0 0 0 0.798611 0 2.89175 3.00186 0.10566 0 0 -500 0
583 1
1 13 0 0 0 0 1.0073 0 2.82584 3.00186 0.10566 0 0 -500 0
584 1
1 13 0 0 0 0 1.02498 0 2.81947 3.00186 0.10566 0 0 -500 0
585 1
1 13 0 0 0 0 0.858252 0 2.87461 3.00186 0.10566 0 0 -500 0
586 1
1 13 0 0 0 0 0.912733 0 2.85778 3.00186 0.10566 0 0 -500 0
587 1
1 13 0 0 0 0 0.795844 0 2.89251 3.00186 0.10566 0 0 -500 0
588 1
1 13 0 0 0 0 0.980776 0 2.83515 3.00186 0.10566 0 0 -500 0
589 1
1 13 0 0 0 0 0.919254 0 2.85569 3.00186 0.10566 0 0 -500 0
590 1
1 13 0 0 0 0 0.781841 0 2.89633 3.00186 0.10566 0 0 -500 0
591 1
1 13 0 0 0 0 1.00884 0 2.82529 3.00186 0.10566 0 0 -500 0
592 1
1 13 0 0 0 0 0.973554 0 2.83764 3.00186 0.10566 0 0 -500 0
593 1
1 13 0 0 0 0 0.955597 0 2.84374 3.00186 0.10566 0 0 -500 0
594 1
1 13 0 0 0 0 0.830754 0 2.88268 3.00186 0.10566 0 0 -500 0
595 1
1 13 0 0 0 0 0.791367 0 2.89374 3.00186 0.10566 0 0 -500 0
596 1
1 13 0 0 0 0 0.873002 0 2.87017 3.00186 0.10566 0 0 -500 0
597 1
1 13 0 0 0 0 0.942493 0 2.84811 3.00186 0.10566 0 0 -500 0
598 1
1 13 0 0 0 0 0.854299 0 2.87579 3.00186 0.10566 0 0 -500 0
599 1
1 13 0 0 0 0 0.787812 0 2.89471 3.00186 0.10566 0 0 -500 0
600 1
1 13 0 0 0 0 0.782689 0 2.8961 3.00186 0.10566 0 0 -500 0
601 1
1 13 0 0 0 0 0.924246 0 2.85408 3.00186 0.10566 0 0 -500 0
602 1
1 13 0 0 0 0 0.954228 0 2.8442 3.00186 0.10566 0 0 -500 0
603 1
1 13 0 0 0 0 1.01171 0 2.82426 3.00186 0.10566 0 0 -500 0
604 1
1 13 0 0 0 0 0.843466 0 2.87899 3.00186 0.10566 0 0 -500 0
605 1
1 13 0 0 0 0 0.905475 0 2.86009 3.00186 0.10566 0 0 -500 0
606 1
1 13 0 0 0 0 0.979879 0 2.83546 3.00186 0.10566 0 0 -500 0
607 1
1 13 0 0 0 0 0.906624 0 2.85973 3.00186 0.10566 0 0 -500 0
608 1
1 13 0 0 0 0 0.97802 0 2.8361 3.00186 0.10566 0 0 -500 0
609 1
1 13 0 0 0 0 0.902176 0 2.86113 3.00186 0.10566 0 0 -500 0
610 1
1 13 0 0 0 0 0.782757 0 2.89608 3.00186 0.10566 0 0 -500 0
611 1
1 13 0 0 0 0 0.829794 0 2.88296 3.00186 0.10566 0 0 -500 0
612 1
1 13 0 0 0 0 0.91119 0 2.85827 3.00186 0.10566 0 0 -500 0
613 1
1 13 0 0 0 0 0.850473 0 2.87692 3.00186 0.10566 0 0 -500 0
614 1
1 13 0 0 0 0 0.925515 0 2.85367 3.00186 0.10566 0 0 -500 0
615 1
1 13 0 0 0 0 0.876886 0 2.86898 3.00186 0.10566 0 0 -500 0
616 1
1 13 0 0 0 0 0.925109 0 2.8538 3.00186 0.10566 0 0 -500 0
617 1
1 13 0 0 0 0 0.987329 0 2.83288 3.00186 0.10566 0 0 -500 0
618 1
1 13 0 0 0 0 0.831072 0 2.88259 3.00186 0.10566 0 0 -500 0
619 1
1 13 0 0 0 0 0.926184 0 2.85345 3.00186 0.10566 0 0 -500 0
620 1
1 13 0 0 0 0 0.778068 0 2.89735 3.00186 0.10566 0 0 -500 0
621 1
1 13 0 0 0 0 1.00516 0 2.8266 3.00186 0.10566 0 0 -500 0
622 1
1 13 0 0 0 0 0.942102 0 2.84824 3.00186 0.10566 0 0 -500 0
623 1
1 13 0 0 0 0 0.968971 0 2.83921 3.00186 0.10566 0 0 -500 0
624 1
1 13 0 0 0 0 0.991998 0 2.83124 3.00186 0.10566 0 0 -500 0
625 1
1 13 0 0 0 0 0.907204 0 2.85954 3.00186 0.10566 0 0 -500 0
626 1
1 13 0 0 0 0 0.916693 0 2.85651 3.00186 0.10566 0 0 -500 0
627 1
1 13 0 0 0 0 0.839701 0 2.88009 3.00186 0.10566 0 0 -500 0
628 1
1 13 0 0 0 0 0.956941 0 2.84328 3.00186 0.10566 0 0 -500 0
629 1
1 13 0 0 0 0 0.836535 0 2.88101 3.00186 0.10566 0 0 -500 0
630 1
1 13 0 0 0 0 0.871318 0 2.87068 3.00186 0.10566 0 0 -500 0
631 1
1 13 0 0 0 0 0.950832 0 2.84533 3.00186 0.10566 0 0 -500 0
632 1
1 13 0 0 0 0 0.888127 0 2.86552 3.00186 0.10566 0 0 -500 0
633 1
1 13 0 0 0 0 0.981507 0 2.8349 3.00186 0.10566 0 0 -500 0
634 1
1 13 0 0 0 0 0.785777 0 2.89526 3.00186 0.10566 0 0 -500 0
635 1
1 13 0 0 0 0 0.880355 0 2.86792 3.00186 0.10566 0 0 -500 0
636 1
1 13 0 0 0 0 0.927391 0 2.85306 3.00186 0.10566 0 0 -500 0
637 1
1 13 0 0 0 0 0.916201 0 2.85667 3.00186 0.10566 0 0 -500 0
638 1
1 13 0 0 0 0 0.911532 0 2.85817 3.00186 0.10566 0 0 -500 0
639 1
1 13 0 0 0 0 0.847348 0 2.87785 3.00186 0.10566 0 0 -500 0
640 1
1 13 0 0 0 0 1.01405 0 2.82342 3.00186 0.10566 0 0 -500 0
641 1
1 13 0 0 0 0 0.882846 0 2.86716 3.00186 0.10566 0 0 -500 0
642 1
1 13 0 0 0 0 0.918774 0 2.85585 3.00186 0.10566 0 0 -500 0
643 1
1 13 0 0 0 0 0.88144 0 2.86759 3.00186 0.10566 0 0 -500 0
644 1
1 13 0 0 0 0 0.865204 0 2.87253 3.00186 0.10566 0 0 -500 0
645 1
1 13 0 0 0 0 1.01828 0 2.8219 3.00186 0.10566 0 0 -500 0
646 1
1 13 0 0 0 0 0.978774 0 2.83584 3.00186 0.10566 0 0 -500 0
647 1
1 13 0 0 0 0 1.02498 0 2.81947 3.00186 0.10566 0 0 -500 0
648 1
1 13 0 0 0 0 0.997786 0 2.82921 3.00186 0.10566 0 0 -500 0
649 1
1 13 0 0 0 0 0.883093 0 2.86708 3.00186 0.10566 0 0 -500 0
650 1
1 13 0 0 0 0 0.993579 0 2.83069 3.00186 0.10566 0 0 -500 0
651 1
1 13 0 0 0 0 0.816963 0 2.88662 3.00186 0.10566 0 0 -500 0
652 1
1 13 0 0 0 0 0.831511 0 2.88246 3.00186 0.10566 0 0 -500 0
653 1
1 13 0 0 0 0 0.962254 0 2.84149 3.00186 0.10566 0 0 -500 0
654 1
1 13 0 0 0 0 1.02334 0 2.82007 3.00186 0.10566 0 0 -500 0
655 1
1 13 0 0 0 0 0.945074 0 2.84725 3.00186 0.10566 0 0 -500 0
656 1
1 13 0 0 0 0 0.817417 0 2.88649 3.00186 0.10566 0 0 -500 0
657 1
1 13 0 0 0 0 0.970788 0 2.83859 3.00186 0.10566 0 0 -500 0
658 1
1 13 0 0 0 0 0.924026 0 2.85415 3.00186 0.10566 0 0 -500 0
659 1
1 13 0 0 0 0 1.00735 0 2.82582 3.00186 0.10566 0 0 -500 0
660 1
1 13 0 0 0 0 0.972005 0 2.83817 3.00186 0.10566 0 0 -500 0
661 1
1 13 0 0 0 0 0.906092 0 2.85989 3.00186 0.10566 0 0 -500 0
662 1
1 13 0 0 0 0 0.822062 0 2.88517 3.00186 0.10566 0 0 -500 0
663 1
1 13 0 0 0 0 0.84444 0 2.8787 3.00186 0.10566 0 0 -500 0
664 1
1 13 0 0 0 0 0.820729 0 2.88555 3.00186 0.10566 0 0 -500 0
665 1
1 13 0 0 0 0 1.01043 0 2.82472 3.00186 0.10566 0 0 -500 0
666 1
1 13 0 0 0 0 0.993885 0 2.83058 3.00186 0.10566 0 0 -500 0
667 1
1 13 0 0 0 0 0.971644 0 2.83829 3.00186 0.10566 0 0 -500 0
668 1
1 13 0 0 0 0 1.02265 0 2.82032 3.00186 0.10566 0 0 -500 0
669 1
1 13 0 0 0 0 0.906973 0 2.85962 3.00186 0.10566 0 0 -500 0
670 1
1 13 0 0 0 0 0.967075 0 2.83985 3.00186 0.10566 0 0 -500 0
671 1
1 13 0 0 0 0 0.946216 0 2.84687 3.00186 0.10566 0 0 -500 0
672 1
1 13 0 0 0 0 0.896955 0 2.86277 3.00186 0.10566 0 0 -500 0
673 1
1 13 0 0 0 0 1.02477 0 2.81955 3.00186 0.10566 0 0 -500 0
674 1
1 13 0 0 0 0 0.863407 0 2.87307 3.00186 0.10566 0 0 -500 0
675 1
1 13 0 0 0 0 0.873095 0 2.87014 3.00186 0.10566 0 0 -500 0
676 1
1 13 0 0 0 0 0.794208 0 2.89296 3.00186 0.10566 0 0 -500 0
677 1
1 13 0 0 0 0 0.777907 0 2.89739 3.00186 0.10566 0 0 -500 0
678 1
1 13 0 0 0 0 0.991654 0 2.83136 3.00186 0.10566 0 0 -500 0
679 1
1 13 0 0 0 0 0.806698 0 2.8895 3.00186 0.10566 0 0 -500 0
680 1
1 13 0 0 0 0 1.00846 0 2.82542 3.00186 0.10566 0 0 -500 0
681 1
1 13 0 0 0 0 0.984801 0 2.83375 3.00186 0.10566 0 0 -500 0
682 1
1 13 0 0 0 0 0.954507 0 2.8441 3.00186 0.10566 0 0 -500 0
683 1
1 13 0 0 0 0 0.929172 0 2.85248 3.00186 0.10566 0 0 -500 0
684 1
1 13 0 0 0 0 0.982548 0 2.83454 3.00186 0.10566 0 0 -500 0
685 1
1 13 0 0 0 0 0.947236 0 2.84653 3.00186 0.10566 0 0 -500 0
686 1
1 13 0 0 0 0 0.837835 0 2.88063 3.00186 0.10566 0 0 -500 0
687 1
1 13 0 0 0 0 0.951562 0 2.84509 3.00186 0.10566 0 0 -500 0
688 1
1 13 0 0 0 0 0.842779 0 2.87919 3.00186 0.10566 0 0 -500 0
689 1
1 13 0 0 0 0 0.884661 0 2.8666 3.00186 0.10566 0 0 -500 0
690 1
1 13 0 0 0 0 0.922776 0 2.85455 3.00186 0.10566 0 0 -500 0
691 1
1 13 0 0 0 0 0.953424 0 2.84447 3.00186 0.10566 0 0 -500 0
692 1
1 13 0 0 0 0 0.812518 0 2.88787 3.00186 0.10566 0 0 -500 0
693 1
1 13 0 0 0 0 0.893977 0 2.8637 3.00186 0.10566 0 0 -500 0
694 1
1 13 0 0 0 0 0.934231 0 2.85083 3.00186 0.10566 0 0 -500 0
695 1
1 13 0 0 0 0 0.826238 0 2.88398 3.00186 0.10566 0 0 -500 0
696 1
1 13 0 0 0 0 0.978946 0 2.83578 3.00186 0.10566 0 0 -500 0
697 1
1 13 0 0 0 0 0.819956 0 2.88577 3.00186 0.10566 0 0 -500 0
698 1
1 13 0 0 0 0 0.987957 0 2.83266 3.00186 0.10566 0 0 -500 0
699 1
1 13 0 0 0 0 0.808052 0 2.88913 3.00186 0.10566 0 0 -500 0
700 1
1 13 0 0 0 0 0.891612 0 2.86444 3.00186 0.10566 0 0 -500 0
701 1
1 13 0 0 0 0 0.88466 0 2.8666 3.00186 0.10566 0 0 -500 0
702 1
1 13 0 0 0 0 0.907308 0 2.85951 3.00186 0.10566 0 0 -500 0
703 1
1 13 0 0 0 0 0.884612 0 2.86661 3.00186 0.10566 0 0 -500 0
704 1
1 13 0 0 0 0 1.02284 0 2.82025 3.00186 0.10566 0 0 -500 0
705 1
1 13 0 0 0 0 1.00741 0 2.8258 3.00186 0.10566 0 0 -500 0
706 1
1 13 0 0 0 0 0.897387 0 2.86264 3.00186 0.10566 0 0 -500 0
707 1
1 13 0 0 0 0 0.953657 0 2.84439 3.00186 0.10566 0 0 -500 0
708 1
1 13 0 0 0 0 0.808707 0 2.88894 3.00186 0.10566 0 0 -500 0
709 1
1 13 0 0 0 0 0.889448 0 2.86511 3.00186 0.10566 0 0 -500 0
710 1
1 13 0 0 0 0 0.844383 0 2.87872 3.00186 0.10566 0 0 -500 0
711 1
1 13 0 0 0 0 0.953457 0 2.84445 3.00186 0.10566 0 0 -500 0
712 1
1 13 0 0 0 0 0.948303 0 2.84618 3.00186 0.10566 0 0 -500 0
713 1
1 13 0 0 0 0 0.815435 0 2.88705 3.00186 0.10566 0 0 -500 0
714 1
1 13 0 0 0 0 0.939732 0 2.84902 3.00186 0.10566 0 0 -500 0
715 1
1 13 0 0 0 0 0.819227 0 2.88598 3.00186 0.10566 0 0 -500 0
716 1
1 13 0 0 0 0 1.00965 0 2.825 3.00186 0.10566 0 0 -500 0
717 1
1 13 0 0 0 0 0.963152 0 2.84119 3.00186 0.10566 0 0 -500 0
718 1
1 13 0 0 0 0 0.804509 0 2.89012 3.00186 0.10566 0 0 -500 0
719 1
1 13 0 0 0 0 0.838985 0 2.8803 3.00186 0.10566 0 0 -500 0
720 1
1 13 0 0 0 0 0.809111 0 2.88883 3.00186 0.10566 0 0 -500 0
721 1
1 13 0 0 0 0 0.923545 0 2.85431 3.00186 0.10566 0 0 -500 0
722 1
1 13 0 0 0 0 0.780762 0 2.89662 3.00186 0.10566 0 0 -500 0
723 1
1 13 0 0 0 0 0.81787 0 2.88636 3.00186 0.10566 0 0 -500 0
724 1
1 13 0 0 0 0 0.930053 0 2.85219 3.00186 0.10566 0 0 -500 0
725 1
1 13 0 0 0 0 0.959132 0 2.84255 3.00186 0.10566 0 0 -500 0
726 1
1 13 0 0 0 0 0.934174 0 2.85085 3.00186 0.10566 0 0 -500 0
727 1
1 13 0 0 0 0 0.831139 0 2.88257 3.00186 0.10566 0 0 -500 0
728 1
1 13 0 0 0 0 0.870152 0 2.87103 3.00186 0.10566 0 0 -500 0
729 1
1 13 0 0 0 0 0.776819 0 2.89768 3.00186 0.10566 0 0 -500 0
730 1
1 13 0 0 0 0 0.869425 0 2.87125 3.00186 0.10566 0 0 -500 0
731 1
1 13 0 0 0 0 0.843312 0 2.87903 3.00186 0.10566 0 0 -500 0
732 1
1 13 0 0 0 0 0.901059 0 2.86148 3.00186 0.10566 0 0 -500 0
733 1
1 13 0 0 0 0 0.955994 0 2.8436 3.00186 0.10566 0 0 -500 0
734 1
1 13 0 0 0 0 0.992808 0 2.83096 3.00186 0.10566 0 0 -500 0
735 1
1 13 0 0 0 0 0.882913 0 2.86714 3.00186 0.10566 0 0 -500 0
736 1
1 13 0 0 0 0 0.937307 0 2.84982 3.00186 0.10566 0 0 -500 0
737 1
1 13 0 0 0 0 0.781963 0 2.8963 3.00186 0.10566 0 0 -500 0
738 1
1 13 0 0 0 0 0.938391 0 2.84946 3.00186 0.10566 0 0 -500 0
739 1
1 13 0 0 0 0 0.868576 0 2.87151 3.00186 0.10566 0 0 -500 0
740 1
1 13 0 0 0 0 0.850796 0 2.87683 3.00186 0.10566 0 0 -500 0
741 1
1 13 0 0 0 0 0.915345 0 2.85695 3.00186 0.10566 0 0 -500 0
742 1
1 13 0 0 0 0 0.982133 0 2.83468 3.00186 0.10566 0 0 -500 0
743 1
1 13 0 0 0 0 0.905238 0 2.86017 3.00186 0.10566 0 0 -500 0
744 1
1 13 0 0 0 0 0.918044 0 2.85608 3.00186 0.10566 0 0 -500 0
745 1
1 13 0 0 0 0 0.809377 0 2.88876 3.00186 0.10566 0 0 -500 0
746 1
1 13 0 0 0 0 0.84639 0 2.87813 3.00186 0.10566 0 0 -500 0
747 1
1 13 0 0 0 0 0.976472 0 2.83664 3.00186 0.10566 0 0 -500 0
748 1
1 13 0 0 0 0 0.887944 0 2.86558 3.00186 0.10566 0 0 -500 0
749 1
1 13 0 0 0 0 0.78549 0 2.89534 3.00186 0.10566 0 0 -500 0
750 1
1 13 0 0 0 0 0.843627 0 2.87894 3.00186 0.10566 0 0 -500 0
751 1
1 13 0 0 0 0 0.892143 0 2.86428 3.00186 0.10566 0 0 -500 0
752 1
1 13 0 0 0 0 0.92026 0 2.85537 3.00186 0.10566 0 0 -500 0
753 1
1 13 0 0 0 0 0.791506 0 2.8937 3.00186 0.10566 0 0 -500 0
754 1
1 13 0 0 0 0 0.78338 0 2.89591 3.00186 0.10566 0 0 -500 0
755 1
1 13 0 0 0 0 0.846411 0 2.87812 3.00186 0.10566 0 0 -500 0
756 1
1 13 0 0 0 0 0.872531 0 2.87031 3.00186 0.10566 0 0 -500 0
757 1
1 13 0 0 0 0 0.985533 0 2.8335 3.00186 0.10566 0 0 -500 0
758 1
1 13 0 0 0 0 0.921597 0 2.85494 3.00186 0.10566 0 0 -500 0
759 1
1 13 0 0 0 0 0.86506 0 2.87257 3.00186 0.10566 0 0 -500 0
760 1
1 13 0 0 0 0 0.964449 0 2.84075 3.00186 0.10566 0 0 -500 0
761 1
1 13 0 0 0 0 1.01075 0 2.8246 3.00186 0.10566 0 0 -500 0
762 1
1 13 0 0 0 0 0.793824 0 2.89307 3.00186 0.10566 0 0 -500 0
763 1
1 13 0 0 0 0 0.815707 0 2.88697 3.00186 0.10566 0 0 -500 0
764 1
1 13 0 0 0 0 0.966228 0 2.84014 3.00186 0.10566 0 0 -500 0
765 1
1 13 0 0 0 0 0.875611 0 2.86937 3.00186 0.10566 0 0 -500 0
766 1
1 13 0 0 0 0 0.968628 0 2.83932 3.00186 0.10566 0 0 -500 0
767 1
1 13 0 0 0 0 0.982294 0 2.83463 3.00186 0.10566 0 0 -500 0
768 1
1 13 0 0 0 0 0.913522 0 2.85753 3.00186 0.10566 0 0 -500 0
769 1
1 13 0 0 0 0 0.842276 0 2.87934 3.00186 0.10566 0 0 -500 0
770 1
1 13 0 0 0 0 0.880587 0 2.86785 3.00186 0.10566 0 0 -500 0
771 1
1 13 0 0 0 0 1.02357 0 2.81998 3.00186 0.10566 0 0 -500 0
772 1
1 13 0 0 0 0 0.961498 0 2.84175 3.00186 0.10566 0 0 -500 0
773 1
1 13 0 0 0 0 0.999952 0 2.82844 3.00186 0.10566 0 0 -500 0
774 1
1 13 0 0 0 0 0.893417 0 2.86388 3.00186 0.10566 0 0 -500 0
775 1
1 13 0 0 0 0 0.969008 0 2.83919 3.00186 0.10566 0 0 -500 0
776 1
1 13 0 0 0 0 0.936592 0 2.85005 3.00186 0.10566 0 0 -500 0
777 1
1 13 0 0 0 0 0.83369 0 2.88183 3.00186 0.10566 0 0 -500 0
778 1
1 13 0 0 0 0 0.820401 0 2.88564 3.00186 0.10566 0 0 -500 0
779 1
1 13 0 0 0 0 0.890596 0 2.86476 3.00186 0.10566 0 0 -500 0
780 1
1 13 0 0 0 0 0.811244 0 2.88823 3.00186 0.10566 0 0 -500 0
781 1
1 13 0 0 0 0 0.995789 0 2.82991 3.00186 0.10566 0 0 -500 0
782 1
1 13 0 0 0 0 0.825299 0 2.88425 3.00186 0.10566 0 0 -500 0
783 1
1 13 0 0 0 0 0.876288 0 2.86917 3.00186 0.10566 0 0 -500 0
784 1
1 13 0 0 0 0 0.950451 0 2.84546 3.00186 0.10566 0 0 -500 0
785 1
1 13 0 0 0 0 0.874467 0 2.86972 3.00186 0.10566 0 0 -500 0
786 1
1 13 0 0 0 0 0.963938 0 2.84092 3.00186 0.10566 0 0 -500 0
787 1
1 13 0 0 0 0 0.927466 0 2.85303 3.00186 0.10566 0 0 -500 0
788 1
1 13 0 0 0 0 0.801893 0 2.89084 3.00186 0.10566 0 0 -500 0
789 1
1 13 0 0 0 0 0.976246 0 2.83671 3.00186 0.10566 0 0 -500 0
790 1
1 13 0 0 0 0 0.873409 0 2.87004 3.00186 0.10566 0 0 -500 0
791 1
1 13 0 0 0 0 0.791906 0 2.89359 3.00186 0.10566 0 0 -500 0
792 1
1 13 0 0 0 0 0.936632 0 2.85004 3.00186 0.10566 0 0 -500 0
793 1
1 13 0 0 0 0 0.995114 0 2.83015 3.00186 0.10566 0 0 -500 0
794 1
1 13 0 0 0 0 0.847406 0 2.87783 3.00186 0.10566 0 0 -500 0
795 1
1 13 0 0 0 0 0.943586 0 2.84774 3.00186 0.10566 0 0 -500 0
796 1
1 13 0 0 0 0 0.949543 0 2.84576 3.00186 0.10566 0 0 -500 0
797 1
1 13 0 0 0 0 0.844579 0 2.87866 3.00186 0.10566 0 0 -500 0
798 1
1 13 0 0 0 0 0.872107 0 2.87044 3.00186 0.10566 0 0 -500 0
799 1
1 13 0 0 0 0 0.914058 0 2.85736 3.00186 0.10566 0 0 -500 0
800 1
1 13 0 0 0 0 0.830415 0 2.88278 3.00186 0.10566 0 0 -500 0
801 1
1 13 0 0 0 0 0.785982 0 2.89521 3.00186 0.10566 0 0 -500 0
802 1
1 13 0 0 0 0 1.02007 0 2.82125 3.00186 0.10566 0 0 -500 0
803 1
1 13 0 0 0 0 0.93225 0 2.85148 3.00186 0.10566 0 0 -500 0
804 1
1 13 0 0 0 0 0.884896 0 2.86652 3.00186 0.10566 0 0 -500 0
805 1
1 13 0 0 0 0 0.865915 0 2.87231 3.00186 0.10566 0 0 -500 0
806 1
1 13 0 0 0 0 0.940481 0 2.84877 3.00186 0.10566 0 0 -500 0
807 1
1 13 0 0 0 0 0.877526 0 2.86879 3.00186 0.10566 0 0 -500 0
808 1
1 13 0 0 0 0 0.948047 0 2.84626 3.00186 0.10566 0 0 -500 0
809 1
1 13 0 0 0 0 0.927097 0 2.85315 3.00186 0.10566 0 0 -500 0
810 1
1 13 0 0 0 0 0.984016 0 2.83403 3.00186 0.10566 0 0 -500 0
811 1
1 13 0 0 0 0 0.828393 0 2.88336 3.00186 0.10566 0 0 -500 0
812 1
1 13 0 0 0 0 0.843092 0 2.8791 3.00186 0.10566 0 0 -500 0
813 1
1 13 0 0 0 0 0.877935 0 2.86866 3.00186 0.10566 0 0 -500 0
814 1
1 13 0 0 0 0 0.945038 0 2.84726 3.00186 0.10566 0 0 -500 0
815 1
1 13 0 0 0 0 0.77646 0 2.89778 3.00186 0.10566 0 0 -500 0
816 1
1 13 0 0 0 0 0.808193 0 2.88909 3.00186 0.10566 0 0 -500 0
817 1
1 13 0 0 0 0 1.01174 0 2.82425 3.00186 0.10566 0 0 -500 0
818 1
1 13 0 0 0 0 0.988546 0 2.83245 3.00186 0.10566 0 0 -500 0
819 1
1 13 0 0 0 0 0.847624 0 2.87777 3.00186 0.10566 0 0 -500 0
820 1
1 13 0 0 0 0 0.965195 0 2.84049 3.00186 0.10566 0 0 -500 0
821 1
1 13 0 0 0 0 0.937622 0 2.84971 3.00186 0.10566 0 0 -500 0
822 1
1 13 0 0 0 0 0.877828 0 2.8687 3.00186 0.10566 0 0 -500 0
823 1
1 13 0 0 0 0 0.874046 0 2.86985 3.00186 0.10566 0 0 -500 0
824 1
1 13 0 0 0 0 0.800859 0 2.89113 3.00186 0.10566 0 0 -500 0
825 1
1 13 0 0 0 0 0.950005 0 2.84561 3.00186 0.10566 0 0 -500 0
826 1
1 13 0 0 0 0 0.885283 0 2.8664 3.00186 0.10566 0 0 -500 0
827 1
1 13 0 0 0 0 0.831305 0 2.88252 3.00186 0.10566 0 0 -500 0
828 1
1 13 0 0 0 0 0.936117 0 2.85021 3.00186 0.10566 0 0 -500 0
829 1
1 13 0 0 0 0 0.819452 0 2.88591 3.00186 0.10566 0 0 -500 0
830 1
1 13 0 0 0 0 0.880572 0 2.86786 3.00186 0.10566 0 0 -500 0
831 1
1 13 0 0 0 0 0.933125 0 2.85119 3.00186 0.10566 0 0 -500 0
832 1
1 13 0 0 0 0 0.780313 0 2.89674 3.00186 0.10566 0 0 -500 0
833 1
1 13 0 0 0 0 0.956035 0 2.84359 3.00186 0.10566 0 0 -500 0
834 1
1 13 0 0 0 0 0.864688 0 2.87268 3.00186 0.10566 0 0 -500 0
835 1
1 13 0 0 0 0 0.809003 0 2.88886 3.00186 0.10566 0 0 -500 0
836 1
1 13 0 0 0 0 1.01031 0 2.82476 3.00186 0.10566 0 0 -500 0
837 1
1 13 0 0 0 0 0.871428 0 2.87065 3.00186 0.10566 0 0 -500 0
838 1
1 13 0 0 0 0 0.912065 0 2.858 3.00186 0.10566 0 0 -500 0
839 1
1 13 0 0 0 0 0.824614 0 2.88444 3.00186 0.10566 0 0 -500 0
840 1
1 13 0 0 0 0 0.976578 0 2.8366 3.00186 0.10566 0 0 -500 0
841 1
1 13 0 0 0 0 0.830276 0 2.88282 3.00186 0.10566 0 0 -500 0
842 1
1 13 0 0 0 0 0.992779 0 2.83097 3.00186 0.10566 0 0 -500 0
843 1
1 13 0 0 0 0 0.780832 0 2.8966 3.00186 0.10566 0 0 -500 0
844 1
1 13 0 0 0 0 0.908855 0 2.85902 3.00186 0.10566 0 0 -500 0
845 1
1 13 0 0 0 0 1.00996 0 2.82489 3.00186 0.10566 0 0 -500 0
846 1
1 13 0 0 0 0 0.973456 0 2.83767 3.00186 0.10566 0 0 -500 0
847 1
1 13 0 0 0 0 0.899005 0 2.86213 3.00186 0.10566 0 0 -500 0
848 1
1 13 0 0 0 0 0.895299 0 2.86329 3.00186 0.10566 0 0 -500 0
849 1
1 13 0 0 0 0 0.818652 0 2.88614 3.00186 0.10566 0 0 -500 0
850 1
1 13 0 0 0 0 0.933483 0 2.85107 3.00186 0.10566 0 0 -500 0
851 1
1 13 0 0 0 0 0.796124 0 2.89244 3.00186 0.10566 0 0 -500 0
852 1
1 13 0 0 0 0 0.8417 0 2.8795 3.00186 0.10566 0 0 -500 0
853 1
1 13 0 0 0 0 0.856097 0 2.87526 3.00186 0.10566 0 0 -500 0
854 1
1 13 0 0 0 0 0.983436 0 2.83423 3.00186 0.10566 0 0 -500 0
855 1
1 13 0 0 0 0 0.786393 0 2.8951 3.00186 0.10566 0 0 -500 0
856 1
1 13 0 0 0 0 0.899212 0 2.86207 3.00186 0.10566 0 0 -500 0
857 1
1 13 0 0 0 0 0.965986 0 2.84022 3.00186 0.10566 0 0 -500 0
858 1
1 13 0 0 0 0 0.907067 0 2.85959 3.00186 0.10566 0 0 -500 0
859 1
1 13 0 0 0 0 0.908759 0 2.85905 3.00186 0.10566 0 0 -500 0
860 1
1 13 0 0 0 0 0.924548 0 2.85398 3.00186 0.10566 0 0 -500 0
861 1
1 13 0 0 0 0 0.842054 0 2.8794 3.00186 0.10566 0 0 -500 0
862 1
1 13 0 0 0 0 0.990903 0 2.83163 3.00186 0.10566 0 0 -500 0
863 1
1 13 0 0 0 0 0.777141 0 2.89759 3.00186 0.10566 0 0 -500 0
864 1
1 13 0 0 0 0 0.988958 0 2.83231 3.00186 0.10566 0 0 -500 0
865 1
1 13 0 0 0 0 0.913551 0 2.85752 3.00186 0.10566 0 0 -500 0
866 1
1 13 0 0 0 0 0.900232 0 2.86174 3.00186 0.10566 0 0 -500 0
867 1
1 13 0 0 0 0 0.979384 0 2.83563 3.00186 0.10566 0 0 -500 0
868 1
1 13 0 0 0 0 0.785686 0 2.89529 3.00186 0.10566 0 0 -500 0
869 1
1 13 0 0 0 0 0.952965 0 2.84462 3.00186 0.10566 0 0 -500 0
870 1
1 13 0 0 0 0 0.849204 0 2.8773 3.00186 0.10566 0 0 -500 0
871 1
1 13 0 0 0 0 0.867181 0 2.87193 3.00186 0.10566 0 0 -500 0
872 1
1 13 0 0 0 0 0.933697 0 2.851 3.00186 0.10566 0 0 -500 0
873 1
1 13 0 0 0 0 0.914976 0 2.85706 3.00186 0.10566 0 0 -500 0
874 1
1 13 0 0 0 0 0.952563 0 2.84475 3.00186 0.10566 0 0 -500 0
875 1
1 13 0 0 0 0 0.907961 0 2.8593 3.00186 0.10566 0 0 -500 0
876 1
1 13 0 0 0 0 1.0116 0 2.8243 3.00186 0.10566 0 0 -500 0
877 1
1 13 0 0 0 0 1.00828 0 2.82548 3.00186 0.10566 0 0 -500 0
878 1
1 13 0 0 0 0 0.986542 0 2.83315 3.00186 0.10566 0 0 -500 0
879 1
1 13 0 0 0 0 0.948068 0 2.84625 3.00186 0.10566 0 0 -500 0
880 1
1 13 0 0 0 0 0.890668 0 2.86474 3.00186 0.10566 0 0 -500 0
881 1
1 13 0 0 0 0 0.884169 0 2.86675 3.00186 0.10566 0 0 -500 0
882 1
1 13 0 0 0 0 1.00319 0 2.8273 3.00186 0.10566 0 0 -500 0
883 1
1 13 0 0 0 0 1.00677 0 2.82603 3.00186 0.10566 0 0 -500 0
884 1
1 13 0 0 0 0 0.985594 0 2.83348 3.00186 0.10566 0 0 -500 0
885 1
1 13 0 0 0 0 0.969829 0 2.83891 3.00186 0.10566 0 0 -500 0
886 1
1 13 0 0 0 0 0.82943 0 2.88306 3.00186 0.10566 0 0 -500 0
887 1
1 13 0 0 0 0 0.869212 0 2.87132 3.00186 0.10566 0 0 -500 0
888 1
1 13 0 0 0 0 0.882384 0 2.8673 3.00186 0.10566 0 0 -500 0
889 1
1 13 0 0 0 0 1.00945 0 2.82507 3.00186 0.10566 0 0 -500 0
890 1
1 13 0 0 0 0 0.914884 0 2.85709 3.00186 0.10566 0 0 -500 0
891 1
1 13 0 0 0 0 0.954428 0 2.84413 3.00186 0.10566 0 0 -500 0
892 1
1 13 0 0 0 0 0.938107 0 2.84955 3.00186 0.10566 0 0 -500 0
893 1
1 13 0 0 0 0 1.01383 0 2.8235 3.00186 0.10566 0 0 -500 0
894 1
1 13 0 0 0 0 0.912124 0 2.85798 3.00186 0.10566 0 0 -500 0
895 1
1 13 0 0 0 0 0.895695 0 2.86317 3.00186 0.10566 0 0 -500 0
896 1
1 13 0 0 0 0 0.830471 0 2.88276 3.00186 0.10566 0 0 -500 0
897 1
1 13 0 0 0 0 0.87803 0 2.86863 3.00186 0.10566 0 0 -500 0
898 1
1 13 0 0 0 0 1.01966 0 2.8214 3.00186 0.10566 0 0 -500 0
899 1
1 13 0 0 0 0 0.97879 0 2.83584 3.00186 0.10566 0 0 -500 0
900 1
1 13 0 0 0 0 0.861898 0 2.87352 3.00186 0.10566 0 0 -500 0
901 1
1 13 0 0 0 0 0.890798 0 2.8647 3.00186 0.10566 0 0 -500 0
902 1
1 13 0 0 0 0 0.978482 0 2.83594 3.00186 0.10566 0 0 -500 0
903 1
1 13 0 0 0 0 0.886955 0 2.86589 3.00186 0.10566 0 0 -500 0
904 1
1 13 0 0 0 0 0.860931 0 2.87381 3.00186 0.10566 0 0 -500 0
905 1
1 13 0 0 0 0 0.82149 0 2.88533 3.00186 0.10566 0 0 -500 0
906 1
1 13 0 0 0 0 0.980605 0 2.83521 3.00186 0.10566 0 0 -500 0
907 1
1 13 0 0 0 0 0.910258 0 2.85857 3.00186 0.10566 0 0 -500 0
908 1
1 13 0 0 0 0 0.996526 0 2.82965 3.00186 0.10566 0 0 -500 0
909 1
1 13 0 0 0 0 0.843516 0 2.87897 3.00186 0.10566 0 0 -500 0
910 1
1 13 0 0 0 0 0.969735 0 2.83895 3.00186 0.10566 0 0 -500 0
911 1
1 13 0 0 0 0 1.02544 0 2.8193 3.00186 0.10566 0 0 -500 0
912 1
1 13 0 0 0 0 0.932374 0 2.85143 3.00186 0.10566 0 0 -500 0
913 1
1 13 0 0 0 0 0.891056 0 2.86461 3.00186 0.10566 0 0 -500 0
914 1
1 13 0 0 0 0 1.02348 0 2.82001 3.00186 0.10566 0 0 -500 0
915 1
1 13 0 0 0 0 0.850663 0 2.87687 3.00186 0.10566 0 0 -500 0
916 1
1 13 0 0 0 0 0.809616 0 2.88869 3.00186 0.10566 0 0 -500 0
917 1
1 13 0 0 0 0 1.02436 0 2.8197 3.00186 0.10566 0 0 -500 0
918 1
1 13 0 0 0 0 1.00952 0 2.82504 3.00186 0.10566 0 0 -500 0
919 1
1 13 0 0 0 0 0.96459 0 2.8407 3.00186 0.10566 0 0 -500 0
920 1
1 13 0 0 0 0 0.939347 0 2.84914 3.00186 0.10566 0 0 -500 0
921 1
1 13 0 0 0 0 0.966919 0 2.83991 3.00186 0.10566 0 0 -500 0
922 1
1 13 0 0 0 0 0.919064 0 2.85575 3.00186 0.10566 0 0 -500 0
923 1
1 13 0 0 0 0 0.982419 0 2.83458 3.00186 0.10566 0 0 -500 0
924 1
1 13 0 0 0 0 1.02339 0 2.82005 3.00186 0.10566 0 0 -500 0
925 1
1 13 0 0 0 0 0.864138 0 2.87285 3.00186 0.10566 0 0 -500 0
926 1
1 13 0 0 0 0 1.01175 0 2.82424 3.00186 0.10566 0 0 -500 0
927 1
1 13 0 0 0 0 0.889204 0 2.86519 3.00186 0.10566 0 0 -500 0
928 1
1 13 0 0 0 0 0.811665 0 2.88811 3.00186 0.10566 0 0 -500 0
929 1
1 13 0 0 0 0 0.801959 0 2.89082 3.00186 0.10566 0 0 -500 0
930 1
1 13 0 0 0 0 0.804633 0 2.89008 3.00186 0.10566 0 0 -500 0
931 1
1 13 0 0 0 0 0.845907 0 2.87827 3.00186 0.10566 0 0 -500 0
932 1
1 13 0 0 0 0 0.863499 0 2.87304 3.00186 0.10566 0 0 -500 0
933 1
1 13 0 0 0 0 0.952792 0 2.84468 3.00186 0.10566 0 0 -500 0
934 1
1 13 0 0 0 0 0.85831 0 2.8746 3.00186 0.10566 0 0 -500 0
935 1
1 13 0 0 0 0 0.81101 0 2.8883 3.00186 0.10566 0 0 -500 0
936 1
1 13 0 0 0 0 0.969336 0 2.83908 3.00186 0.10566 0 0 -500 0
937 1
1 13 0 0 0 0 0.862218 0 2.87343 3.00186 0.10566 0 0 -500 0
938 1
1 13 0 0 0 0 0.780437 0 2.89671 3.00186 0.10566 0 0 -500 0
939 1
1 13 0 0 0 0 0.98547 0 2.83352 3.00186 0.10566 0 0 -500 0
940 1
1 13 0 0 0 0 0.998814 0 2.82885 3.00186 0.10566 0 0 -500 0
941 1
1 13 0 0 0 0 0.887916 0 2.86559 3.00186 0.10566 0 0 -500 0
942 1
1 13 0 0 0 0 0.953078 0 2.84458 3.00186 0.10566 0 0 -500 0
943 1
1 13 0 0 0 0 0.875118 0 2.86952 3.00186 0.10566 0 0 -500 0
944 1
1 13 0 0 0 0 0.965703 0 2.84032 3.00186 0.10566 0 0 -500 0
945 1
1 13 0 0 0 0 0.959123 0 2.84255 3.00186 0.10566 0 0 -500 0
946 1
1 13 0 0 0 0 0.777198 0 2.89758 3.00186 0.10566 0 0 -500 0
947 1
1 13 0 0 0 0 0.812887 0 2.88777 3.00186 0.10566 0 0 -500 0
948 1
1 13 0 0 0 0 0.820385 0 2.88565 3.00186 0.10566 0 0 -500 0
949 1
1 13 0 0 0 0 0.931324 0 2.85178 3.00186 0.10566 0 0 -500 0
950 1
1 13 0 0 0 0 1.01905 0 2.82162 3.00186 0.10566 0 0 -500 0
951 1
1 13 0 0 0 0 0.910263 0 2.85857 3.00186 0.10566 0 0 -500 0
952 1
1 13 0 0 0 0 0.91046 0 2.85851 3.00186 0.10566 0 0 -500 0
953 1
1 13 0 0 0 0 0.933867 0 2.85095 3.00186 0.10566 0 0 -500 0
954 1
1 13 0 0 0 0 0.954219 0 2.8442 3.00186 0.10566 0 0 -500 0
955 1
1 13 0 0 0 0 0.819966 0 2.88577 3.00186 0.10566 0 0 -500 0
956 1
1 13 0 0 0 0 0.995907 0 2.82987 3.00186 0.10566 0 0 -500 0
957 1
1 13 0 0 0 0 0.862995 0 2.87319 3.00186 0.10566 0 0 -500 0
958 1
1 13 0 0 0 0 1.00398 0 2.82702 3.00186 0.10566 0 0 -500 0
959 1
1 13 0 0 0 0 0.938562 0 2.8494 3.00186 0.10566 0 0 -500 0
960 1
1 13 0 0 0 0 0.897054 0 2.86274 3.00186 0.10566 0 0 -500 0
961 1
1 13 0 0 0 0 0.824451 0 2.88449 3.00186 0.10566 0 0 -500 0
962 1
1 13 0 0 0 0 1.00659 0 2.82609 3.00186 0.10566 0 0 -500 0
963 1
1 13 0 0 0 0 1.01278 0 2.82388 3.00186 0.10566 0 0 -500 0
964 1
1 13 0 0 0 0 0.801315 0 2.891 3.00186 0.10566 0 0 -500 0
965 1
1 13 0 0 0 0 0.790043 0 2.8941 3.00186 0.10566 0 0 -500 0
966 1
1 13 0 0 0 0 0.87153 0 2.87062 3.00186 0.10566 0 0 -500 0
967 1
1 13 0 0 0 0 1.02443 0 2.81967 3.00186 0.10566 0 0 -500 0
968 1
1 13 0 0 0 0 0.820396 0 2.88565 3.00186 0.10566 0 0 -500 0
969 1
1 13 0 0 0 0 0.812434 0 2.8879 3.00186 0.10566 0 0 -500 0
970 1
1 13 0 0 0 0 0.969792 0 2.83893 3.00186 0.10566 0 0 -500 0
971 1
1 13 0 0 0 0 0.920199 0 2.85539 3.00186 0.10566 0 0 -500 0
972 1
1 13 0 0 0 0 0.838959 0 2.8803 3.00186 0.10566 0 0 -500 0
973 1
1 13 0 0 0 0 0.882245 0 2.86734 3.00186 0.10566 0 0 -500 0
974 1
1 13 0 0 0 0 0.79138 0 2.89374 3.00186 0.10566 0 0 -500 0
975 1
1 13 0 0 0 0 0.844645 0 2.87864 3.00186 0.10566 0 0 -500 0
976 1
1 13 0 0 0 0 0.998007 0 2.82913 3.00186 0.10566 0 0 -500 0
977 1
1 13 0 0 0 0 0.790323 0 2.89403 3.00186 0.10566 0 0 -500 0
978 1
1 13 0 0 0 0 0.819919 0 2.88578 3.00186 0.10566 0 0 -500 0
979 1
1 13 0 0 0 0 0.864107 0 2.87286 3.00186 0.10566 0 0 -500 0
980 1
1 13 0 0 0 0 0.982105 0 2.83469 3.00186 0.10566 0 0 -500 0
981 1
1 13 0 0 0 0 0.953333 0 2.8445 3.00186 0.10566 0 0 -500 0
982 1
1 13 0 0 0 0 0.851415 0 2.87665 3.00186 0.10566 0 0 -500 0
983 1
1 13 0 0 0 0 0.930277 0 2.85212 3.00186 0.10566 0 0 -500 0
984 1
1 13 0 0 0 0 0.947374 0 2.84649 3.00186 0.10566 0 0 -500 0
985 1
1 13 0 0 0 0 0.996295 0 2.82973 3.00186 0.10566 0 0 -500 0
986 1
1 13 0 0 0 0 0.880084 0 2.868 3.00186 0.10566 0 0 -500 0
987 1
1 13 0 0 0 0 0.96909 0 2.83917 3.00186 0.10566 0 0 -500 0
988 1
1 13 0 0 0 0 0.805069 0 2.88996 3.00186 0.10566 0 0 -500 0
989 1
1 13 0 0 0 0 1.02097 0 2.82093 3.00186 0.10566 0 0 -500 0
990 1
1 13 0 0 0 0 0.877023 0 2.86894 3.00186 0.10566 0 0 -500 0
991 1
1 13 0 0 0 0 1.0224 0 2.82041 3.00186 0.10566 0 0 -500 0
992 1
1 13 0 0 0 0 0.817811 0 2.88638 3.00186 0.10566 0 0 -500 0
993 1
1 13 0 0 0 0 1.0214 0 2.82077 3.00186 0.10566 0 0 -500 0
994 1
1 13 0 0 0 0 0.973855 0 2.83754 3.00186 0.10566 0 0 -500 0
995 1
1 13 0 0 0 0 0.909841 0 2.8587 3.00186 0.10566 0 0 -500 0
996 1
1 13 0 0 0 0 0.83027 0 2.88282 3.00186 0.10566 0 0 -500 0
997 1
1 13 0 0 0 0 0.823874 0 2.88465 3.00186 0.10566 0 0 -500 0
998 1
1 13 0 0 0 0 0.865552 0 2.87242 3.00186 0.10566 0 0 -500 0
999 1
1 13 0 0 0 0 0.936136 0 2.8502 3.00186 0.10566 0 0 -500 0