0 1
1 13 0 0 0 0 1.23644 0 2.73335 3.00186 0.10566 0 0 -500 0
1 1
1 13 0 0 0 0 1.10802 0 2.78788 3.00186 0.10566 0 0 -500 0
2 1
1 13 0 0 0 0 1.10625 0 2.78858 3.00186 0.10566 0 0 -500 0
3 1
1 13 0 0 0 0 1.21665 0 2.74222 3.00186 0.10566 0 0 -500 0
4 1
1 13 0 0 0 0 1.1597 0 2.76678 3.00186 0.10566 0 0 -500 0
5 1
1 13 0 0 0 0 1.03814 0 2.81465 3.00186 0.10566 0 0 -500 0
6 1
1 13 0 0 0 0 1.12814 0 2.7798 3.00186 0.10566 0 0 -500 0
7 1
1 13 0 0 0 0 1.02672 0 2.81884 3.00186 0.10566 0 0 -500 0
8 1
1 13 0 0 0 0 1.06135 0 2.80598 3.00186 0.10566 0 0 -500 0
9 1
1 13 0 0 0 0 1.04881 0 2.81069 3.00186 0.10566 0 0 -500 0
10 1
1 13 0 0 0 0 1.02644 0 2.81894 3.00186 0.10566 0 0 -500 0
11 1
1 13 0 0 0 0 1.21363 0 2.74356 3.00186 0.10566 0 0 -500 0
12 1
1 13 0 0 0 0 1.11385 0 2.78556 3.00186 0.10566 0 0 -500 0
13 1
1 13 0 0 0 0 1.16333 0 2.76526 3.00186 0.10566 0 0 -500 0
14 1
1 13 0 0 0 0 1.2083 0 2.74591 3.00186 0.10566 0 0 -500 0
15 1
1 13 0 0 0 0 1.2336 0 2.73464 3.00186 0.10566 0 0 -500 0
16 1
1 13 0 0 0 0 1.07974 0 2.79896 3.00186 0.10566 0 0 -500 0
17 1
1 13 0 0 0 0 1.07331 0 2.80143 3.00186 0.10566 0 0 -500 0
18 1
1 13 0 0 0 0 1.26538 0 2.72007 3.00186 0.10566 0 0 -500 0
19 1
1 13 0 0 0 0 1.0895 0 2.79517 3.00186 0.10566 0 0 -500 0
20 1
1 13 0 0 0 0 1.23183 0 2.73543 3.00186 0.10566 0 0 -500 0
21 1
1 13 0 0 0 0 1.16405 0 2.76496 3.00186 0.10566 0 0 -500 0
22 1
1 13 0 0 0 0 1.25831 0 2.72336 3.00186 0.10566 0 0 -500 0
23 1
1 13 0 0 0 0 1.11309 0 2.78586 3.00186 0.10566 0 0 -500 0
24 1
1 13 0 0 0 0 1.24194 0 2.73086 3.00186 0.10566 0 0 -500 0
25 1
1 13 0 0 0 0 1.07659 0 2.80017 3.00186 0.10566 0 0 -500 0
26 1
1 13 0 0 0 0 1.14565 0 2.77263 3.00186 0.10566 0 0 -500 0
27 1
1 13 0 0 0 0 1.06174 0 2.80583 3.00186 0.10566 0 0 -500 0
28 1
1 13 0 0 0 0 1.14953 0 2.77103 3.00186 0.10566 0 0 -500 0
29 1
1 13 0 0 0 0 1.25786 0 2.72356 3.00186 0.10566 0 0 -500 0
30 1
1 13 0 0 0 0 1.04143 0 2.81344 3.00186 0.10566 0 0 -500 0
31 1
1 13 0 0 0 0 1.06909 0 2.80304 3.00186 0.10566 0 0 -500 0
32 1
1 13 0 0 0 0 1.13633 0 2.77646 3.00186 0.10566 0 0 -500 0
33 1
1 13 0 0 0 0 1.06134 0 2.80599 3.00186 0.10566 0 0 -500 0
34 1
1 13 0 0 0 0 1.12098 0 2.7827 3.00186 0.10566 0 0 -500 0
35 1
1 13 0 0 0 0 1.23615 0 2.73349 3.00186 0.10566 0 0 -500 0
36 1
1 13 0 0 0 0 1.16772 0 2.76341 3.00186 0.10566 0 0 -500 0
37 1
1 13 0 0 0 0 1.06012 0 2.80645 3.00186 0.10566 0 0 -500 0
38 1
1 13 0 0 0 0 1.05107 0 2.80985 3.00186 0.10566 0 0 -500 0
39 1
1 13 0 0 0 0 1.25664 0 2.72413 3.00186 0.10566 0 0 -500 0
40 1
1 13 0 0 0 0 1.18841 0 2.75458 3.00186 0.10566 0 0 -500 0
41 1
1 13 0 0 0 0 1.19233 0 2.75288 3.00186 0.10566 0 0 -500 0
42 1
1 13 0 0 0 0 1.10537 0 2.78893 3.00186 0.10566 0 0 -500 0
43 1
1 13 0 0 0 0 1.04644 0 2.81158 3.00186 0.10566 0 0 -500 0
44 1
1 13 0 0 0 0 1.03726 0 2.81498 3.00186 0.10566 0 0 -500 0
45 1
1 13 0 0 0 0 1.24928 0 2.72751 3.00186 0.10566 0 0 -500 0
46 1
1 13 0 0 0 0 1.24462 0 2.72964 3.00186 0.10566 0 0 -500 0
47 1
1 13 0 0 0 0 1.1793 0 2.75849 3.00186 0.10566 0 0 -500 0
48 1
1 13 0 0 0 0 1.13326 0 2.77772 3.00186 0.10566 0 0 -500 0
49 1
1 13 0 0 0 0 1.13269 0 2.77795 3.00186 0.10566 0 0 -500 0
50 1
1 13 0 0 0 0 1.11351 0 2.78569 3.00186 0.10566 0 0 -500 0
51 1
1 13 0 0 0 0 1.23834 0 2.73249 3.00186 0.10566 0 0 -500 0
52 1
1 13 0 0 0 0 1.18891 0 2.75436 3.00186 0.10566 0 0 -500 0
53 1
1 13 0 0 0 0 1.18833 0 2.75461 3.00186 0.10566 0 0 -500 0
54 1
1 13 0 0 0 0 1.25175 0 2.72637 3.00186 0.10566 0 0 -500 0
55 1
1 13 0 0 0 0 1.17012 0 2.76239 3.00186 0.10566 0 0 -500 0
56 1
1 13 0 0 0 0 1.0561 0 2.80796 3.00186 0.10566 0 0 -500 0
57 1
1 13 0 0 0 0 1.17013 0 2.76239 3.00186 0.10566 0 0 -500 0
58 1
1 13 0 0 0 0 1.21315 0 2.74377 3.00186 0.10566 0 0 -500 0
59 1
1 13 0 0 0 0 1.0392 0 2.81426 3.00186 0.10566 0 0 -500 0
60 1
1 13 0 0 0 0 1.07952 0 2.79904 3.00186 0.10566 0 0 -500 0
61 1
1 13 0 0 0 0 1.1461 0 2.77244 3.00186 0.10566 0 0 -500 0
62 1
1 13 0 0 0 0 1.04189 0 2.81327 3.00186 0.10566 0 0 -500 0
63 1
1 13 0 0 0 0 1.18678 0 2.75528 3.00186 0.10566 0 0 -500 0
64 1
1 13 0 0 0 0 1.12161 0 2.78244 3.00186 0.10566 0 0 -500 0
65 1
1 13 0 0 0 0 1.11899 0 2.7835 3.00186 0.10566 0 0 -500 0
66 1
1 13 0 0 0 0 1.21497 0 2.74296 3.00186 0.10566 0 0 -500 0
67 1
1 13 0 0 0 0 1.06171 0 2.80585 3.00186 0.10566 0 0 -500 0
68 1
1 13 0 0 0 0 1.10563 0 2.78883 3.00186 0.10566 0 0 -500 0
69 1
1 13 0 0 0 0 1.25183 0 2.72634 3.00186 0.10566 0 0 -500 0
70 1
1 13 0 0 0 0 1.12283 0 2.78195 3.00186 0.10566 0 0 -500 0
71 1
1 13 0 0 0 0 1.16614 0 2.76407 3.00186 0.10566 0 0 -500 0
72 1
1 13 0 0 0 0 1.22662 0 2.73777 3.00186 0.10566 0 0 -500 0
73 1
1 13 0 0 0 0 1.16914 0 2.76281 3.00186 0.10566 0 0 -500 0
74 1
1 13 0 0 0 0 1.26602 0 2.71978 3.00186 0.10566 0 0 -500 0
75 1
1 13 0 0 0 0 1.1057 0 2.7888 3.00186 0.10566 0 0 -500 0
76 1
1 13 0 0 0 0 1.11867 0 2.78363 3.00186 0.10566 0 0 -500 0
77 1
1 13 0 0 0 0 1.08729 0 2.79603 3.00186 0.10566 0 0 -500 0
78 1
1 13 0 0 0 0 1.23385 0 2.73452 3.00186 0.10566 0 0 -500 0
79 1
1 13 0 0 0 0 1.10785 0 2.78795 3.00186 0.10566 0 0 -500 0
80 1
1 13 0 0 0 0 1.0934 0 2.79365 3.00186 0.10566 0 0 -500 0
81 1
1 13 0 0 0 0 1.22661 0 2.73778 3.00186 0.10566 0 0 -500 0
82 1
1 13 0 0 0 0 1.18299 0 2.75691 3.00186 0.10566 0 0 -500 0
83 1
1 13 0 0 0 0 1.22159 0 2.74002 3.00186 0.10566 0 0 -500 0
84 1
1 13 0 0 0 0 1.22101 0 2.74028 3.00186 0.10566 0 0 -500 0
85 1
1 13 0 0 0 0 1.05789 0 2.80729 3.00186 0.10566 0 0 -500 0
86 1
1 13 0 0 0 0 1.14805 0 2.77164 3.00186 0.10566 0 0 -500 0
87 1
1 13 0 0 0 0 1.2002 0 2.74946 3.00186 0.10566 0 0 -500 0
88 1
1 13 0 0 0 0 1.07316 0 2.80149 3.00186 0.10566 0 0 -500 0
89 1
1 13 0 0 0 0 1.16589 0 2.76418 3.00186 0.10566 0 0 -500 0
90 1
1 13 0 0 0 0 1.26598 0 2.7198 3.00186 0.10566 0 0 -500 0
91 1
1 13 0 0 0 0 1.10683 0 2.78836 3.00186 0.10566 0 0 -500 0
92 1
1 13 0 0 0 0 1.10912 0 2.78744 3.00186 0.10566 0 0 -500 0
93 1
1 13 0 0 0 0 1.16097 0 2.76625 3.00186 0.10566 0 0 -500 0
94 1
1 13 0 0 0 0 1.24847 0 2.72788 3.00186 0.10566 0 0 -500 0
95 1
1 13 0 0 0 0 1.14387 0 2.77337 3.00186 0.10566 0 0 -500 0
96 1
1 13 0 0 0 0 1.06408 0 2.80495 3.00186 0.10566 0 0 -500 0
97 1
1 13 0 0 0 0 1.06556 0 2.80439 3.00186 0.10566 0 0 -500 0
98 1
1 13 0 0 0 0 1.04579 0 2.81182 3.00186 0.10566 0 0 -500 0
99 1
1 13 0 0 0 0 1.18515 0 2.75598 3.00186 0.10566 0 0 -500 0
100 1
1 13 0 0 0 0 1.15503 0 2.76874 3.00186 0.10566 0 0 -500 0
101 1
1 13 0 0 0 0 1.23122 0 2.73571 3.00186 0.10566 0 0 -500 0
102 1
1 13 0 0 0 0 1.24669 0 2.72869 3.00186 0.10566 0 0 -500 0
103 1
1 13 0 0 0 0 1.14381 0 2.77339 3.00186 0.10566 0 0 -500 0
104 1
1 13 0 0 0 0 1.17186 0 2.76166 3.00186 0.10566 0 0 -500 0
105 1
1 13 0 0 0 0 1.25056 0 2.72692 3.00186 0.10566 0 0 -500 0
106 1
1 13 0 0 0 0 1.05692 0 2.80765 3.00186 0.10566 0 0 -500 0
107 1
1 13 0 0 0 0 1.2649 0 2.7203 3.00186 0.10566 0 0 -500 0
108 1
1 13 0 0 0 0 1.25238 0 2.72608 3.00186 0.10566 0 0 -500 0
109 1
1 13 0 0 0 0 1.04663 0 2.81151 3.00186 0.10566 0 0 -500 0
110 1
1 13 0 0 0 0 1.11735 0 2.78415 3.00186 0.10566 0 0 -500 0
111 1
1 13 0 0 0 0 1.20928 0 2.74548 3.00186 0.10566 0 0 -500 0
112 1
1 13 0 0 0 0 1.16189 0 2.76587 3.00186 0.10566 0 0 -500 0
113 1
1 13 0 0 0 0 1.13144 0 2.77846 3.00186 0.10566 0 0 -500 0
114 1
1 13 0 0 0 0 1.18094 0 2.75779 3.00186 0.10566 0 0 -500 0
115 1
1 13 0 0 0 0 1.25145 0 2.72651 3.00186 0.10566 0 0 -500 0
116 1
1 13 0 0 0 0 1.07708 0 2.79998 3.00186 0.10566 0 0 -500 0
117 1
1 13 0 0 0 0 1.04915 0 2.81057 3.00186 0.10566 0 0 -500 0
118 1
1 13 0 0 0 0 1.06163 0 2.80588 3.00186 0.10566 0 0 -500 0
119 1
1 13 0 0 0 0 1.13088 0 2.77869 3.00186 0.10566 0 0 -500 0
120 1
1 13 0 0 0 0 1.11048 0 2.7869 3.00186 0.10566 0 0 -500 0
121 1
1 13 0 0 0 0 1.24111 0 2.73124 3.00186 0.10566 0 0 -500 0
122 1
1 13 0 0 0 0 1.24567 0 2.72916 3.00186 0.10566 0 0 -500 0
123 1
1 13 0 0 0 0 1.25311 0 2.72575 3.00186 0.10566 0 0 -500 0
124 1
1 13 0 0 0 0 1.12656 0 2.78044 3.00186 0.10566 0 0 -500 0
125 1
1 13 0 0 0 0 1.19797 0 2.75043 3.00186 0.10566 0 0 -500 0
126 1
1 13 0 0 0 0 1.19295 0 2.75261 3.00186 0.10566 0 0 -500 0
127 1
1 13 0 0 0 0 1.14685 0 2.77213 3.00186 0.10566 0 0 -500 0
128 1
1 13 0 0 0 0 1.06597 0 2.80423 3.00186 0.10566 0 0 -500 0
129 1
1 13 0 0 0 0 1.09522 0 2.79293 3.00186 0.10566 0 0 -500 0
130 1
1 13 0 0 0 0 1.26479 0 2.72035 3.00186 0.10566 0 0 -500 0
131 1
1 13 0 0 0 0 1.16525 0 2.76445 3.00186 0.10566 0 0 -500 0
132 1
1 13 0 0 0 0 1.19857 0 2.75017 3.00186 0.10566 0 0 -500 0
133 1
1 13 0 0 0 0 1.24398 0 2.72993 3.00186 0.10566 0 0 -500 0
134 1
1 13 0 0 0 0 1.16563 0 2.76429 3.00186 0.10566 0 0 -500 0
135 1
1 13 0 0 0 0 1.08496 0 2.79694 3.00186 0.10566 0 0 -500 0
136 1
1 13 0 0 0 0 1.25569 0 2.72456 3.00186 0.10566 0 0 -500 0
137 1
1 13 0 0 0 0 1.14853 0 2.77144 3.00186 0.10566 0 0 -500 0
138 1
1 13 0 0 0 0 1.09017 0 2.79491 3.00186 0.10566 0 0 -500 0
139 1
1 13 0 0 0 0 1.18279 0 2.75699 3.00186 0.10566 0 0 -500 0
140 1
1 13 0 0 0 0 1.23071 0 2.73594 3.00186 0.10566 0 0 -500 0
141 1
1 13 0 0 0 0 1.16265 0 2.76555 3.00186 0.10566 0 0 -500 0
142 1
1 13 0 0 0 0 1.19209 0 2.75298 3.00186 0.10566 0 0 -500 0
143 1
1 13 0 0 0 0 1.08702 0 2.79614 3.00186 0.10566 0 0 -500 0
144 1
1 13 0 0 0 0 1.24487 0 2.72952 3.00186 0.10566 0 0 -500 0
145 1
1 13 0 0 0 0 1.17049 0 2.76224 3.00186 0.10566 0 0 -500 0
146 1
1 13 0 0 0 0 1.20624 0 2.74682 3.00186 0.10566 0 0 -500 0
147 1
1 13 0 0 0 0 1.18707 0 2.75515 3.00186 0.10566 0 0 -500 0
148 1
1 13 0 0 0 0 1.20401 0 2.74779 3.00186 0.10566 0 0 -500 0
149 1
1 13 0 0 0 0 1.12248 0 2.78209 3.00186 0.10566 0 0 -500 0
150 1
1 13 0 0 0 0 1.24635 0 2.72885 3.00186 0.10566 0 0 -500 0
151 1
1 13 0 0 0 0 1.23497 0 2.73402 3.00186 0.10566 0 0 -500 0
152 1
1 13 0 0 0 0 1.1088 0 2.78757 3.00186 0.10566 0 0 -500 0
153 1
1 13 0 0 0 0 1.22221 0 2.73974 3.00186 0.10566 0 0 -500 0
154 1
1 13 0 0 0 0 1.0893 0 2.79525 3.00186 0.10566 0 0 -500 0
155 1
1 13 0 0 0 0 1.12489 0 2.78112 3.00186 0.10566 0 0 -500 0
156 1
1 13 0 0 0 0 1.26123 0 2.722 3.00186 0.10566 0 0 -500 0
157 1
1 13 0 0 0 0 1.16241 0 2.76565 3.00186 0.10566 0 0 -500 0
158 1
1 13 0 0 0 0 1.17959 0 2.75836 3.00186 0.10566 0 0 -500 0
159 1
1 13 0 0 0 0 1.04791 0 2.81103 3.00186 0.10566 0 0 -500 0
160 1
1 13 0 0 0 0 1.26374 0 2.72084 3.00186 0.10566 0 0 -500 0
161 1
1 13 0 0 0 0 1.11881 0 2.78357 3.00186 0.10566 0 0 -500 0
162 1
1 13 0 0 0 0 1.08328 0 2.79759 3.00186 0.10566 0 0 -500 0
163 1
1 13 0 0 0 0 1.14057 0 2.77473 3.00186 0.10566 0 0 -500 0
164 1
1 13 0 0 0 0 1.06874 0 2.80317 3.00186 0.10566 0 0 -500 0
165 1
1 13 0 0 0 0 1.03919 0 2.81426 3.00186 0.10566 0 0 -500 0
166 1
1 13 0 0 0 0 1.04824 0 2.8109 3.00186 0.10566 0 0 -500 0
167 1
1 13 0 0 0 0 1.26319 0 2.72109 3.00186 0.10566 0 0 -500 0
168 1
1 13 0 0 0 0 1.16493 0 2.76459 3.00186 0.10566 0 0 -500 0
169 1
1 13 0 0 0 0 1.0349 0 2.81585 3.00186 0.10566 0 0 -500 0
170 1
1 13 0 0 0 0 1.25455 0 2.72509 3.00186 0.10566 0 0 -500 0
171 1
1 13 0 0 0 0 1.1807 0 2.75789 3.00186 0.10566 0 0 -500 0
172 1
1 13 0 0 0 0 1.12855 0 2.77964 3.00186 0.10566 0 0 -500 0
173 1
1 13 0 0 0 0 1.05989 0 2.80653 3.00186 0.10566 0 0 -500 0
174 1
1 13 0 0 0 0 1.03248 0 2.81673 3.00186 0.10566 0 0 -500 0
175 1
1 13 0 0 0 0 1.2497 0 2.72731 3.00186 0.10566 0 0 -500 0
176 1
1 13 0 0 0 0 1.17247 0 2.7614 3.00186 0.10566 0 0 -500 0
177 1
1 13 0 0 0 0 1.11039 0 2.78694 3.00186 0.10566 0 0 -500 0
178 1
1 13 0 0 0 0 1.04714 0 2.81131 3.00186 0.10566 0 0 -500 0
179 1
1 13 0 0 0 0 1.22304 0 2.73937 3.00186 0.10566 0 0 -500 0
180 1
1 13 0 0 0 0 1.25564 0 2.72459 3.00186 0.10566 0 0 -500 0
181 1
1 13 0 0 0 0 1.08173 0 2.79819 3.00186 0.10566 0 0 -500 0
182 1
1 13 0 0 0 0 1.05043 0 2.81009 3.00186 0.10566 0 0 -500 0
183 1
1 13 0 0 0 0 1.06379 0 2.80506 3.00186 0.10566 0 0 -500 0
184 1
1 13 0 0 0 0 1.11821 0 2.78381 3.00186 0.10566 0 0 -500 0
185 1
1 13 0 0 0 0 1.19706 0 2.75083 3.00186 0.10566 0 0 -500 0
186 1
1 13 0 0 0 0 1.20509 0 2.74732 3.00186 0.10566 0 0 -500 0
187 1
1 13 0 0 0 0 1.16473 0 2.76467 3.00186 0.10566 0 0 -500 0
188 1
1 13 0 0 0 0 1.2424 0 2.73065 3.00186 0.10566 0 0 -500 0
189 1
1 13 0 0 0 0 1.08716 0 2.79608 3.00186 0.10566 0 0 -500 0
190 1
1 13 0 0 0 0 1.19535 0 2.75157 3.00186 0.10566 0 0 -500 0
191 1
1 13 0 0 0 0 1.1675 0 2.7635 3.00186 0.10566 0 0 -500 0
192 1
1 13 0 0 0 0 1.09832 0 2.79172 3.00186 0.10566 0 0 -500 0
193 1
1 13 0 0 0 0 1.23831 0 2.73251 3.00186 0.10566 0 0 -500 0
194 1
1 13 0 0 0 0 1.1271 0 2.78023 3.00186 0.10566 0 0 -500 0
195 1
1 13 0 0 0 0 1.05734 0 2.8075 3.00186 0.10566 0 0 -500 0
196 1
1 13 0 0 0 0 1.10466 0 2.78921 3.00186 0.10566 0 0 -500 0
197 1
1 13 0 0 0 0 1.15726 0 2.7678 3.00186 0.10566 0 0 -500 0
198 1
1 13 0 0 0 0 1.1848 0 2.75613 3.00186 0.10566 0 0 -500 0
199 1
1 13 0 0 0 0 1.113 0 2.7859 3.00186 0.10566 0 0 -500 0
200 1
1 13 0 0 0 0 1.15781 0 2.76757 3.00186 0.10566 0 0 -500 0
201 1
1 13 0 0 0 0 1.02898 0 2.81801 3.00186 0.10566 0 0 -500 0
202 1
1 13 0 0 0 0 1.04711 0 2.81133 3.00186 0.10566 0 0 -500 0
203 1
1 13 0 0 0 0 1.05395 0 2.80877 3.00186 0.10566 0 0 -500 0
204 1
1 13 0 0 0 0 1.25905 0 2.72301 3.00186 0.10566 0 0 -500 0
205 1
1 13 0 0 0 0 1.11132 0 2.78657 3.00186 0.10566 0 0 -500 0
206 1
1 13 0 0 0 0 1.09014 0 2.79492 3.00186 0.10566 0 0 -500 0
207 1
1 13 0 0 0 0 1.08716 0 2.79609 3.00186 0.10566 0 0 -500 0
208 1
1 13 0 0 0 0 1.18371 0 2.7566 3.00186 0.10566 0 0 -500 0
209 1
1 13 0 0 0 0 1.21551 0 2.74272 3.00186 0.10566 0 0 -500 0
210 1
1 13 0 0 0 0 1.03725 0 2.81498 3.00186 0.10566 0 0 -500 0
211 1
1 13 0 0 0 0 1.22595 0 2.73807 3.00186 0.10566 0 0 -500 0
212 1
1 13 0 0 0 0 1.20776 0 2.74615 3.00186 0.10566 0 0 -500 0
213 1
1 13 0 0 0 0 1.04409 0 2.81245 3.00186 0.10566 0 0 -500 0
214 1
1 13 0 0 0 0 1.1253 0 2.78095 3.00186 0.10566 0 0 -500 0
215 1
1 13 0 0 0 0 1.06448 0 2.8048 3.00186 0.10566 0 0 -500 0
216 1
1 13 0 0 0 0 1.25375 0 2.72546 3.00186 0.10566 0 0 -500 0
217 1
1 13 0 0 0 0 1.22701 0 2.7376 3.00186 0.10566 0 0 -500 0
218 1
1 13 0 0 0 0 1.20044 0 2.74935 3.00186 0.10566 0 0 -500 0
219 1
1 13 0 0 0 0 1.12142 0 2.78252 3.00186 0.10566 0 0 -500 0
220 1
1 13 0 0 0 0 1.12973 0 2.77916 3.00186 0.10566 0 0 -500 0
221 1
1 13 0 0 0 0 1.15177 0 2.7701 3.00186 0.10566 0 0 -500 0
222 1
1 13 0 0 0 0 1.14423 0 2.77322 3.00186 0.10566 0 0 -500 0
223 1
1 13 0 0 0 0 1.11128 0 2.78658 3.00186 0.10566 0 0 -500 0
224 1
1 13 0 0 0 0 1.24599 0 2.72901 3.00186 0.10566 0 0 -500 0
225 1
1 13 0 0 0 0 1.06098 0 2.80612 3.00186 0.10566 0 0 -500 0
226 1
1 13 0 0 0 0 1.10295 0 2.78989 3.00186 0.10566 0 0 -500 0
227 1
1 13 0 0 0 0 1.11923 0 2.7834 3.00186 0.10566 0 0 -500 0
228 1
1 13 0 0 0 0 1.03274 0 2.81664 3.00186 0.10566 0 0 -500 0
229 1
1 13 0 0 0 0 1.10423 0 2.78938 3.00186 0.10566 0 0 -500 0
230 1
1 13 0 0 0 0 1.1893 0 2.75419 3.00186 0.10566 0 0 -500 0
231 1
1 13 0 0 0 0 1.22255 0 2.73959 3.00186 0.10566 0 0 -500 0
232 1
1 13 0 0 0 0 1.11047 0 2.78691 3.00186 0.10566 0 0 -500 0
233 1
1 13 0 0 0 0 1.22934 0 2.73656 3.00186 0.10566 0 0 -500 0
234 1
1 13 0 0 0 0 1.25485 0 2.72495 3.00186 0.10566 0 0 -500 0
235 1
1 13 0 0 0 0 1.10332 0 2.78975 3.00186 0.10566 0 0 -500 0
236 1
1 13 0 0 0 0 1.21048 0 2.74495 3.00186 0.10566 0 0 -500 0
237 1
1 13 0 0 0 0 1.05769 0 2.80736 3.00186 0.10566 0 0 -500 0
238 1
1 13 0 0 0 0 1.07756 0 2.7998 3.00186 0.10566 0 0 -500 0
239 1
1 13 0 0 0 0 1.12924 0 2.77936 3.00186 0.10566 0 0 -500 0
240 1
1 13 0 0 0 0 1.16415 0 2.76492 3.00186 0.10566 0 0 -500 0
241 1
1 13 0 0 0 0 1.09748 0 2.79205 3.00186 0.10566 0 0 -500 0
242 1
1 13 0 0 0 0 1.24849 0 2.72787 3.00186 0.10566 0 0 -500 0
243 1
1 13 0 0 0 0 1.23167 0 2.7355 3.00186 0.10566 0 0 -500 0
244 1
1 13 0 0 0 0 1.19369 0 2.75229 3.00186 0.10566 0 0 -500 0
245 1
1 13 0 0 0 0 1.1455 0 2.77269 3.00186 0.10566 0 0 -500 0
246 1
1 13 0 0 0 0 1.12123 0 2.78259 3.00186 0.10566 0 0 -500 0
247 1
1 13 0 0 0 0 1.24608 0 2.72897 3.00186 0.10566 0 0 -500 0
248 1
1 13 0 0 0 0 1.03762 0 2.81484 3.00186 0.10566 0 0 -500 0
249 1
1 13 0 0 0 0 1.18724 0 2.75508 3.00186 0.10566 0 0 -500 0
250 1
1 13 0 0 0 0 1.10161 0 2.79042 3.00186 0.10566 0 0 -500 0
251 1
1 13 0 0 0 0 1.15956 0 2.76684 3.00186 0.10566 0 0 -500 0
252 1
1 13 0 0 0 0 1.07124 0 2.80222 3.00186 0.10566 0 0 -500 0
253 1
1 13 0 0 0 0 1.13722 0 2.7761 3.00186 0.10566 0 0 -500 0
254 1
1 13 0 0 0 0 1.21835 0 2.74147 3.00186 0.10566 0 0 -500 0
255 1
1 13 0 0 0 0 1.22439 0 2.73877 3.00186 0.10566 0 0 -500 0
256 1
1 13 0 0 0 0 1.22991 0 2.7363 3.00186 0.10566 0 0 -500 0
257 1
1 13 0 0 0 0 1.13757 0 2.77596 3.00186 0.10566 0 0 -500 0
258 1
1 13 0 0 0 0 1.07822 0 2.79954 3.00186 0.10566 0 0 -500 0
259 1
1 13 0 0 0 0 1.07323 0 2.80146 3.00186 0.10566 0 0 -500 0
260 1
1 13 0 0 0 0 1.10433 0 2.78935 3.00186 0.10566 0 0 -500 0
261 1
1 13 0 0 0 0 1.21334 0 2.74369 3.00186 0.10566 0 0 -500 0
262 1
1 13 0 0 0 0 1.05829 0 2.80714 3.00186 0.10566 0 0 -500 0
263 1
1 13 0 0 0 0 1.08716 0 2.79608 3.00186 0.10566 0 0 -500 0
264 1
1 13 0 0 0 0 1.14305 0 2.77371 3.00186 0.10566 0 0 -500 0
265 1
1 13 0 0 0 0 1.11084 0 2.78676 3.00186 0.10566 0 0 -500 0
266 1
1 13 0 0 0 0 1.0907 0 2.7947 3.00186 0.10566 0 0 -500 0
267 1
1 13 0 0 0 0 1.06965 0 2.80283 3.00186 0.10566 0 0 -500 0
268 1
1 13 0 0 0 0 1.08141 0 2.79831 3.00186 0.10566 0 0 -500 0
269 1
1 13 0 0 0 0 1.15456 0 2.76893 3.00186 0.10566 0 0 -500 0
270 1
1 13 0 0 0 0 1.22266 0 2.73954 3.00186 0.10566 0 0 -500 0
271 1
1 13 0 0 0 0 1.07444 0 2.801 3.00186 0.10566 0 0 -500 0
272 1
1 13 0 0 0 0 1.14245 0 2.77395 3.00186 0.10566 0 0 -500 0
273 1
1 13 0 0 0 0 1.24674 0 2.72867 3.00186 0.10566 0 0 -500 0
274 1
1 13 0 0 0 0 1.24161 0 2.73101 3.00186 0.10566 0 0 -500 0
275 1
1 13 0 0 0 0 1.0841 0 2.79727 3.00186 0.10566 0 0 -500 0
276 1
1 13 0 0 0 0 1.17192 0 2.76163 3.00186 0.10566 0 0 -500 0
277 1
1 13 0 0 0 0 1.15042 0 2.77065 3.00186 0.10566 0 0 -500 0
278 1
1 13 0 0 0 0 1.10976 0 2.78719 3.00186 0.10566 0 0 -500 0
279 1
1 13 0 0 0 0 1.24575 0 2.72912 3.00186 0.10566 0 0 -500 0
280 1
1 13 0 0 0 0 1.1381 0 2.77574 3.00186 0.10566 0 0 -500 0
281 1
1 13 0 0 0 0 1.21236 0 2.74412 3.00186 0.10566 0 0 -500 0
282 1
1 13 0 0 0 0 1.09831 0 2.79172 3.00186 0.10566 0 0 -500 0
283 1
1 13 0 0 0 0 1.18844 0 2.75456 3.00186 0.10566 0 0 -500 0
284 1
1 13 0 0 0 0 1.03502 0 2.8158 3.00186 0.10566 0 0 -500 0
285 1
1 13 0 0 0 0 1.07682 0 2.80008 3.00186 0.10566 0 0 -500 0
286 1
1 13 0 0 0 0 1.24068 0 2.73143 3.00186 0.10566 0 0 -500 0
287 1
1 13 0 0 0 0 1.14258 0 2.7739 3.00186 0.10566 0 0 -500 0
288 1
1 13 0 0 0 0 1.21697 0 2.74208 3.00186 0.10566 0 0 -500 0
289 1
1 13 0 0 0 0 1.2099 0 2.7452 3.00186 0.10566 0 0 -500 0
290 1
1 13 0 0 0 0 1.13463 0 2.77716 3.00186 0.10566 0 0 -500 0
291 1
1 13 0 0 0 0 1.25818 0 2.72341 3.00186 0.10566 0 0 -500 0
292 1
1 13 0 0 0 0 1.24946 0 2.72742 3.00186 0.10566 0 0 -500 0
293 1
1 13 0 0 0 0 1.17842 0 2.75886 3.00186 0.10566 0 0 -500 0
294 1
1 13 0 0 0 0 1.09068 0 2.79471 3.00186 0.10566 0 0 -500 0
295 1
1 13 0 0 0 0 1.14442 0 2.77314 3.00186 0.10566 0 0 -500 0
296 1
1 13 0 0 0 0 1.04582 0 2.81181 3.00186 0.10566 0 0 -500 0
297 1
1 13 0 0 0 0 1.04143 0 2.81344 3.00186 0.10566 0 0 -500 0
298 1
1 13 0 0 0 0 1.08187 0 2.79813 3.00186 0.10566 0 0 -500 0
299 1
1 13 0 0 0 0 1.12625 0 2.78057 3.00186 0.10566 0 0 -500 0
300 1
1 13 0 0 0 0 1.08671 0 2.79626 3.00186 0.10566 0 0 -500 0
301 1
1 13 0 0 0 0 1.14517 0 2.77283 3.00186 0.10566 0 0 -500 0
302 1
1 13 0 0 0 0 1.12886 0 2.77951 3.00186 0.10566 0 0 -500 0
303 1
1 13 0 0 0 0 1.10375 0 2.78958 3.00186 0.10566 0 0 -500 0
304 1
1 13 0 0 0 0 1.03325 0 2.81645 3.00186 0.10566 0 0 -500 0
305 1
1 13 0 0 0 0 1.09186 0 2.79425 3.00186 0.10566 0 0 -500 0
306 1
1 13 0 0 0 0 1.12811 0 2.77981 3.00186 0.10566 0 0 -500 0
307 1
1 13 0 0 0 0 1.09614 0 2.79258 3.00186 0.10566 0 0 -500 0
308 1
1 13 0 0 0 0 1.17323 0 2.76108 3.00186 0.10566 0 0 -500 0
309 1
1 13 0 0 0 0 1.11402 0 2.78549 3.00186 0.10566 0 0 -500 0
310 1
1 13 0 0 0 0 1.05326 0 2.80903 3.00186 0.10566 0 0 -500 0
311 1
1 13 0 0 0 0 1.2432 0 2.73028 3.00186 0.10566 0 0 -500 0
312 1
1 13 0 0 0 0 1.10769 0 2.78801 3.00186 0.10566 0 0 -500 0
313 1
1 13 0 0 0 0 1.06546 0 2.80442 3.00186 0.10566 0 0 -500 0
314 1
1 13 0 0 0 0 1.25382 0 2.72543 3.00186 0.10566 0 0 -500 0
315 1
1 13 0 0 0 0 1.23612 0 2.7335 3.00186 0.10566 0 0 -500 0
316 1
1 13 0 0 0 0 1.03209 0 2.81687 3.00186 0.10566 0 0 -500 0
317 1
1 13 0 0 0 0 1.11739 0 2.78414 3.00186 0.10566 0 0 -500 0
318 1
1 13 0 0 0 0 1.22906 0 2.73668 3.00186 0.10566 0 0 -500 0
319 1
1 13 0 0 0 0 1.05255 0 2.8093 3.00186 0.10566 0 0 -500 0
320 1
1 13 0 0 0 0 1.22521 0 2.7384 3.00186 0.10566 0 0 -500 0
321 1
1 13 0 0 0 0 1.23299 0 2.73491 3.00186 0.10566 0 0 -500 0
322 1
1 13 0 0 0 0 1.11181 0 2.78637 3.00186 0.10566 0 0 -500 0
323 1
1 13 0 0 0 0 1.11751 0 2.78409 3.00186 0.10566 0 0 -500 0
324 1
1 13 0 0 0 0 1.07366 0 2.80129 3.00186 0.10566 0 0 -500 0
325 1
1 13 0 0 0 0 1.02778 0 2.81845 3.00186 0.10566 0 0 -500 0
326 1
1 13 0 0 0 0 1.1784 0 2.75887 3.00186 0.10566 0 0 -500 0
327 1
1 13 0 0 0 0 1.1387 0 2.77549 3.00186 0.10566 0 0 -500 0
328 1
1 13 0 0 0 0 1.2172 0 2.74197 3.00186 0.10566 0 0 -500 0
329 1
1 13 0 0 0 0 1.0565 0 2.80781 3.00186 0.10566 0 0 -500 0
330 1
1 13 0 0 0 0 1.26682 0 2.71941 3.00186 0.10566 0 0 -500 0
331 1
1 13 0 0 0 0 1.06522 0 2.80451 3.00186 0.10566 0 0 -500 0
332 1
1 13 0 0 0 0 1.09778 0 2.79193 3.00186 0.10566 0 0 -500 0
333 1
1 13 0 0 0 0 1.09829 0 2.79173 3.00186 0.10566 0 0 -500 0
334 1
1 13 0 0 0 0 1.06867 0 2.8032 3.00186 0.10566 0 0 -500 0
335 1
1 13 0 0 0 0 1.20235 0 2.74852 3.00186 0.10566 0 0 -500 0
336 1
1 13 0 0 0 0 1.06629 0 2.80411 3.00186 0.10566 0 0 -500 0
337 1
1 13 0 0 0 0 1.17097 0 2.76204 3.00186 0.10566 0 0 -500 0
338 1
1 13 0 0 0 0 1.24777 0 2.7282 3.00186 0.10566 0 0 -500 0
339 1
1 13 0 0 0 0 1.04706 0 2.81135 3.00186 0.10566 0 0 -500 0
340 1
1 13 0 0 0 0 1.03188 0 2.81695 3.00186 0.10566 0 0 -500 0
341 1
1 13 0 0 0 0 1.22029 0 2.7406 3.00186 0.10566 0 0 -500 0
342 1
1 13 0 0 0 0 1.16466 0 2.7647 3.00186 0.10566 0 0 -500 0
343 1
1 13 0 0 0 0 1.18236 0 2.75718 3.00186 0.10566 0 0 -500 0
344 1
1 13 0 0 0 0 1.17265 0 2.76132 3.00186 0.10566 0 0 -500 0
345 1
1 13 0 0 0 0 1.23747 0 2.73289 3.00186 0.10566 0 0 -500 0
346 1
1 13 0 0 0 0 1.23411 0 2.7344 3.00186 0.10566 0 0 -500 0
347 1
1 13 0 0 0 0 1.08919 0 2.79529 3.00186 0.10566 0 0 -500 0
348 1
1 13 0 0 0 0 1.1611 0 2.7662 3.00186 0.10566 0 0 -500 0
349 1
1 13 0 0 0 0 1.03992 0 2.81399 3.00186 0.10566 0 0 -500 0
350 1
1 13 0 0 0 0 1.13246 0 2.77804 3.00186 0.10566 0 0 -500 0
351 1
1 13 0 0 0 0 1.24925 0 2.72752 3.00186 0.10566 0 0 -500 0
352 1
1 13 0 0 0 0 1.12869 0 2.77958 3.00186 0.10566 0 0 -500 0
353 1
1 13 0 0 0 0 1.09946 0 2.79127 3.00186 0.10566 0 0 -500 0
354 1
1 13 0 0 0 0 1.08285 0 2.79776 3.00186 0.10566 0 0 -500 0
355 1
1 13 0 0 0 0 1.07975 0 2.79895 3.00186 0.10566 0 0 -500 0
356 1
1 13 0 0 0 0 1.21372 0 2.74352 3.00186 0.10566 0 0 -500 0
357 1
1 13 0 0 0 0 1.0703 0 2.80258 3.00186 0.10566 0 0 -500 0
358 1
1 13 0 0 0 0 1.04741 0 2.81122 3.00186 0.10566 0 0 -500 0
359 1
1 13 0 0 0 0 1.02676 0 2.81882 3.00186 0.10566 0 0 -500 0
360 1
1 13 0 0 0 0 1.21397 0 2.7434 3.00186 0.10566 0 0 -500 0
361 1
1 13 0 0 0 0 1.22621 0 2.73796 3.00186 0.10566 0 0 -500 0
362 1
1 13 0 0 0 0 1.20262 0 2.7484 3.00186 0.10566 0 0 -500 0
363 1
1 13 0 0 0 0 1.22009 0 2.74069 3.00186 0.10566 0 0 -500 0
364 1
1 13 0 0 0 0 1.07699 0 2.80002 3.00186 0.10566 0 0 -500 0
365 1
1 13 0 0 0 0 1.05636 0 2.80787 3.00186 0.10566 0 0 -500 0
366 1
1 13 0 0 0 0 1.04212 0 2.81318 3.00186 0.10566 0 0 -500 0
367 1
1 13 0 0 0 0 1.09893 0 2.79148 3.00186 0.10566 0 0 -500 0
368 1
1 13 0 0 0 0 1.16136 0 2.76609 3.00186 0.10566 0 0 -500 0
369 1
1 13 0 0 0 0 1.21368 0 2.74353 3.00186 0.10566 0 0 -500 0
370 1
1 13 0 0 0 0 1.05558 0 2.80816 3.00186 0.10566 0 0 -500 0
371 1
1 13 0 0 0 0 1.19039 0 2.75372 3.00186 0.10566 0 0 -500 0
372 1
1 13 0 0 0 0 1.23217 0 2.73528 3.00186 0.10566 0 0 -500 0
373 1
1 13 0 0 0 0 1.09745 0 2.79206 3.00186 0.10566 0 0 -500 0
374 1
1 13 0 0 0 0 1.26541 0 2.72006 3.00186 0.10566 0 0 -500 0
375 1
1 13 0 0 0 0 1.22785 0 2.73722 3.00186 0.10566 0 0 -500 0
376 1
1 13 0 0 0 0 1.12464 0 2.78122 3.00186 0.10566 0 0 -500 0
377 1
1 13 0 0 0 0 1.09596 0 2.79264 3.00186 0.10566 0 0 -500 0
378 1
1 13 0 0 0 0 1.22301 0 2.73939 3.00186 0.10566 0 0 -500 0
379 1
1 13 0 0 0 0 1.1611 0 2.7662 3.00186 0.10566 0 0 -500 0
380 1
1 13 0 0 0 0 1.13321 0 2.77774 3.00186 0.10566 0 0 -500 0
381 1
1 13 0 0 0 0 1.21125 0 2.74461 3.00186 0.10566 0 0 -500 0
382 1
1 13 0 0 0 0 1.20253 0 2.74844 3.00186 0.10566 0 0 -500 0
383 1
1 13 0 0 0 0 1.04039 0 2.81382 3.00186 0.10566 0 0 -500 0
384 1
1 13 0 0 0 0 1.05595 0 2.80802 3.00186 0.10566 0 0 -500 0
385 1
1 13 0 0 0 0 1.22056 0 2.74048 3.00186 0.10566 0 0 -500 0
386 1
1 13 0 0 0 0 1.22442 0 2.73876 3.00186 0.10566 0 0 -500 0
387 1
1 13 0 0 0 0 1.20875 0 2.74571 3.00186 0.10566 0 0 -500 0
388 1
1 13 0 0 0 0 1.18851 0 2.75453 3.00186 0.10566 0 0 -500 0
389 1
1 13 0 0 0 0 1.26394 0 2.72074 3.00186 0.10566 0 0 -500 0
390 1
1 13 0 0 0 0 1.08668 0 2.79627 3.00186 0.10566 0 0 -500 0
391 1
1 13 0 0 0 0 1.26264 0 2.72135 3.00186 0.10566 0 0 -500 0
392 1
1 13 0 0 0 0 1.2447 0 2.7296 3.00186 0.10566 0 0 -500 0
393 1
1 13 0 0 0 0 1.21212 0 2.74422 3.00186 0.10566 0 0 -500 0
394 1
1 13 0 0 0 0 1.10642 0 2.78852 3.00186 0.10566 0 0 -500 0
395 1
1 13 0 0 0 0 1.124 0 2.78148 3.00186 0.10566 0 0 -500 0
396 1
1 13 0 0 0 0 1.13174 0 2.77834 3.00186 0.10566 0 0 -500 0
397 1
1 13 0 0 0 0 1.20148 0 2.7489 3.00186 0.10566 0 0 -500 0
398 1
1 13 0 0 0 0 1.23551 0 2.73377 3.00186 0.10566 0 0 -500 0
399 1
1 13 0 0 0 0 1.23448 0 2.73424 3.00186 0.10566 0 0 -500 0
400 1
1 13 0 0 0 0 1.0423 0 2.81311 3.00186 0.10566 0 0 -500 0
401 1
1 13 0 0 0 0 1.08064 0 2.79861 3.00186 0.10566 0 0 -500 0
402 1
1 13 0 0 0 0 1.03496 0 2.81582 3.00186 0.10566 0 0 -500 0
403 1
1 13 0 0 0 0 1.20981 0 2.74524 3.00186 0.10566 0 0 -500 0
404 1
1 13 0 0 0 0 1.04308 0 2.81283 3.00186 0.10566 0 0 -500 0
405 1
1 13 0 0 0 0 1.21755 0 2.74182 3.00186 0.10566 0 0 -500 0
406 1
1 13 0 0 0 0 1.06496 0 2.80462 3.00186 0.10566 0 0 -500 0
407 1
1 13 0 0 0 0 1.1896 0 2.75406 3.00186 0.10566 0 0 -500 0
408 1
1 13 0 0 0 0 1.04996 0 2.81026 3.00186 0.10566 0 0 -500 0
409 1
1 13 0 0 0 0 1.02768 0 2.81849 3.00186 0.10566 0 0 -500 0
410 1
1 13 0 0 0 0 1.18987 0 2.75395 3.00186 0.10566 0 0 -500 0
411 1
1 13 0 0 0 0 1.08294 0 2.79772 3.00186 0.10566 0 0 -500 0
412 1
1 13 0 0 0 0 1.14171 0 2.77425 3.00186 0.10566 0 0 -500 0
413 1
1 13 0 0 0 0 1.08321 0 2.79762 3.00186 0.10566 0 0 -500 0
414 1
1 13 0 0 0 0 1.18584 0 2.75568 3.00186 0.10566 0 0 -500 0
415 1
1 13 0 0 0 0 1.16225 0 2.76571 3.00186 0.10566 0 0 -500 0
416 1
1 13 0 0 0 0 1.03952 0 2.81414 3.00186 0.10566 0 0 -500 0
417 1
1 13 0 0 0 0 1.06774 0 2.80356 3.00186 0.10566 0 0 -500 0
418 1
1 13 0 0 0 0 1.17664 0 2.75962 3.00186 0.10566 0 0 -500 0
419 1
1 13 0 0 0 0 1.18799 0 2.75476 3.00186 0.10566 0 0 -500 0
420 1
1 13 0 0 0 0 1.10743 0 2.78812 3.00186 0.10566 0 0 -500 0
421 1
1 13 0 0 0 0 1.21233 0 2.74413 3.00186 0.10566 0 0 -500 0
422 1
1 13 0 0 0 0 1.26611 0 2.71974 3.00186 0.10566 0 0 -500 0
423 1
1 13 0 0 0 0 1.21889 0 2.74122 3.00186 0.10566 0 0 -500 0
424 1
1 13 0 0 0 0 1.04705 0 2.81135 3.00186 0.10566 0 0 -500 0
425 1
1 13 0 0 0 0 1.03553 0 2.81561 3.00186 0.10566 0 0 -500 0
426 1
1 13 0 0 0 0 1.22115 0 2.74022 3.00186 0.10566 0 0 -500 0
427 1
1 13 0 0 0 0 1.15947 0 2.76688 3.00186 0.10566 0 0 -500 0
428 1
1 13 0 0 0 0 1.07456 0 2.80095 3.00186 0.10566 0 0 -500 0
429 1
1 13 0 0 0 0 1.03533 0 2.81569 3.00186 0.10566 0 0 -500 0
430 1
1 13 0 0 0 0 1.11987 0 2.78315 3.00186 0.10566 0 0 -500 0
431 1
1 13 0 0 0 0 1.1955 0 2.7515 3.00186 0.10566 0 0 -500 0
432 1
1 13 0 0 0 0 1.04113 0 2.81355 3.00186 0.10566 0 0 -500 0
433 1
1 13 0 0 0 0 1.11909 0 2.78346 3.00186 0.10566 0 0 -500 0
434 1
1 13 0 0 0 0 1.17451 0 2.76053 3.00186 0.10566 0 0 -500 0
435 1
1 13 0 0 0 0 1.20378 0 2.74789 3.00186 0.10566 0 0 -500 0
436 1
1 13 0 0 0 0 1.21871 0 2.7413 3.00186 0.10566 0 0 -500 0
437 1
1 13 0 0 0 0 1.04515 0 2.81206 3.00186 0.10566 0 0 -500 0
438 1
1 13 0 0 0 0 1.19113 0 2.7534 3.00186 0.10566 0 0 -500 0
439 1
1 13 0 0 0 0 1.15902 0 2.76707 3.00186 0.10566 0 0 -500 0
440 1
1 13 0 0 0 0 1.12079 0 2.78278 3.00186 0.10566 0 0 -500 0
441 1
1 13 0 0 0 0 1.09137 0 2.79444 3.00186 0.10566 0 0 -500 0
442 1
1 13 0 0 0 0 1.21263 0 2.744 3.00186 0.10566 0 0 -500 0
443 1
1 13 0 0 0 0 1.0407 0 2.81371 3.00186 0.10566 0 0 -500 0
444 1
1 13 0 0 0 0 1.23631 0 2.73341 3.00186 0.10566 0 0 -500 0
445 1
1 13 0 0 0 0 1.07978 0 2.79894 3.00186 0.10566 0 0 -500 0
446 1
1 13 0 0 0 0 1.17951 0 2.7584 3.00186 0.10566 0 0 -500 0
447 1
1 13 0 0 0 0 1.07374 0 2.80127 3.00186 0.10566 0 0 -500 0
448 1
1 13 0 0 0 0 1.20985 0 2.74523 3.00186 0.10566 0 0 -500 0
449 1
1 13 0 0 0 0 1.08193 0 2.79811 3.00186 0.10566 0 0 -500 0
450 1
1 13 0 0 0 0 1.22313 0 2.73933 3.00186 0.10566 0 0 -500 0
451 1
1 13 0 0 0 0 1.16186 0 2.76588 3.00186 0.10566 0 0 -500 0
452 1
1 13 0 0 0 0 1.10544 0 2.78891 3.00186 0.10566 0 0 -500 0
453 1
1 13 0 0 0 0 1.18564 0 2.75577 3.00186 0.10566 0 0 -500 0
454 1
1 13 0 0 0 0 1.11571 0 2.78481 3.00186 0.10566 0 0 -500 0
455 1
1 13 0 0 0 0 1.16207 0 2.76579 3.00186 0.10566 0 0 -500 0
456 1
1 13 0 0 0 0 1.02828 0 2.81827 3.00186 0.10566 0 0 -500 0
457 1
1 13 0 0 0 0 1.16561 0 2.7643 3.00186 0.10566 0 0 -500 0
458 1
1 13 0 0 0 0 1.26382 0 2.7208 3.00186 0.10566 0 0 -500 0
459 1
1 13 0 0 0 0 1.08423 0 2.79722 3.00186 0.10566 0 0 -500 0
460 1
1 13 0 0 0 0 1.22804 0 2.73714 3.00186 0.10566 0 0 -500 0
461 1
1 13 0 0 0 0 1.05618 0 2.80793 3.00186 0.10566 0 0 -500 0
462 1
1 13 0 0 0 0 1.10097 0 2.79067 3.00186 0.10566 0 0 -500 0
463 1
1 13 0 0 0 0 1.06053 0 2.80629 3.00186 0.10566 0 0 -500 0
464 1
1 13 0 0 0 0 1.21122 0 2.74462 3.00186 0.10566 0 0 -500 0
465 1
1 13 0 0 0 0 1.17337 0 2.76101 3.00186 0.10566 0 0 -500 0
466 1
1 13 0 0 0 0 1.11114 0 2.78664 3.00186 0.10566 0 0 -500 0
467 1
1 13 0 0 0 0 1.21442 0 2.74321 3.00186 0.10566 0 0 -500 0
468 1
1 13 0 0 0 0 1.09291 0 2.79384 3.00186 0.10566 0 0 -500 0
469 1
1 13 0 0 0 0 1.17683 0 2.75954 3.00186 0.10566 0 0 -500 0
470 1
1 13 0 0 0 0 1.16198 0 2.76583 3.00186 0.10566 0 0 -500 0
471 1
1 13 0 0 0 0 1.04264 0 2.81299 3.00186 0.10566 0 0 -500 0
472 1
1 13 0 0 0 0 1.17329 0 2.76105 3.00186 0.10566 0 0 -500 0
473 1
1 13 0 0 0 0 1.07332 0 2.80143 3.00186 0.10566 0 0 -500 0
474 1
1 13 0 0 0 0 1.22146 0 2.74008 3.00186 0.10566 0 0 -500 0
475 1
1 13 0 0 0 0 1.10464 0 2.78922 3.00186 0.10566 0 0 -500 0
476 1
1 13 0 0 0 0 1.14429 0 2.77319 3.00186 0.10566 0 0 -500 0
477 1
1 13 0 0 0 0 1.11893 0 2.78352 3.00186 0.10566 0 0 -500 0
478 1
1 13 0 0 0 0 1.06102 0 2.80611 3.00186 0.10566 0 0 -500 0
479 1
1 13 0 0 0 0 1.18954 0 2.75409 3.00186 0.10566 0 0 -500 0
480 1
1 13 0 0 0 0 1.14532 0 2.77277 3.00186 0.10566 0 0 -500 0
481 1
1 13 0 0 0 0 1.22828 0 2.73703 3.00186 0.10566 0 0 -500 0
482 1
1 13 0 0 0 0 1.18368 0 2.75661 3.00186 0.10566 0 0 -500 0
483 1
1 13 0 0 0 0 1.15755 0 2.76768 3.00186 0.10566 0 0 -500 0
484 1
1 13 0 0 0 0 1.23975 0 2.73185 3.00186 0.10566 0 0 -500 0
485 1
1 13 0 0 0 0 1.05218 0 2.80944 3.00186 0.10566 0 0 -500 0
486 1
1 13 0 0 0 0 1.10533 0 2.78895 3.00186 0.10566 0 0 -500 0
487 1
1 13 0 0 0 0 1.0593 0 2.80675 3.00186 0.10566 0 0 -500 0
488 1
1 13 0 0 0 0 1.10704 0 2.78827 3.00186 0.10566 0 0 -500 0
489 1
1 13 0 0 0 0 1.04965 0 2.81038 3.00186 0.10566 0 0 -500 0
490 1
1 13 0 0 0 0 1.05748 0 2.80744 3.00186 0.10566 0 0 -500 0
491 1
1 13 0 0 0 0 1.1364 0 2.77643 3.00186 0.10566 0 0 -500 0
492 1
1 13 0 0 0 0 1.24232 0 2.73069 3.00186 0.10566 0 0 -500 0
493 1
1 13 0 0 0 0 1.25754 0 2.72371 3.00186 0.10566 0 0 -500 0
494 1
1 13 0 0 0 0 1.112 0 2.7863 3.00186 0.10566 0 0 -500 0
495 1
1 13 0 0 0 0 1.03493 0 2.81583 3.00186 0.10566 0 0 -500 0
496 1
1 13 0 0 0 0 1.23297 0 2.73492 3.00186 0.10566 0 0 -500 0
497 1
1 13 0 0 0 0 1.09037 0 2.79483 3.00186 0.10566 0 0 -500 0
498 1
1 13 0 0 0 0 1.21388 0 2.74344 3.00186 0.10566 0 0 -500 0
499 1
1 13 0 0 0 0 1.16826 0 2.76318 3.00186 0.10566 0 0 -500 0
500 1
1 13 0 0 0 0 1.11499 0 2.7851 3.00186 0.10566 0 0 -500 0
501 1
1 13 0 0 0 0 1.1117 0 2.78642 3.00186 0.10566 0 0 -500 0
502 1
1 13 0 0 0 0 1.25629 0 2.72429 3.00186 0.10566 0 0 -500 0
503 1
1 13 0 0 0 0 1.10378 0 2.78956 3.00186 0.10566 0 0 -500 0
504 1
1 13 0 0 0 0 1.12284 0 2.78195 3.00186 0.10566 0 0 -500 0
505 1
1 13 0 0 0 0 1.14099 0 2.77455 3.00186 0.10566 0 0 -500 0
506 1
1 13 0 0 0 0 1.04634 0 2.81161 3.00186 0.10566 0 0 -500 0
507 1
1 13 0 0 0 0 1.06964 0 2.80283 3.00186 0.10566 0 0 -500 0
508 1
1 13 0 0 0 0 1.14507 0 2.77287 3.00186 0.10566 0 0 -500 0
509 1
1 13 0 0 0 0 1.11132 0 2.78657 3.00186 0.10566 0 0 -500 0
510 1
1 13 0 0 0 0 1.1566 0 2.76808 3.00186 0.10566 0 0 -500 0
511 1
1 13 0 0 0 0 1.25859 0 2.72323 3.00186 0.10566 0 0 -500 0
512 1
1 13 0 0 0 0 1.12412 0 2.78143 3.00186 0.10566 0 0 -500 0
513 1
1 13 0 0 0 0 1.24259 0 2.73056 3.00186 0.10566 0 0 -500 0
514 1
1 13 0 0 0 0 1.24544 0 2.72926 3.00186 0.10566 0 0 -500 0
515 1
1 13 0 0 0 0 1.11259 0 2.78606 3.00186 0.10566 0 0 -500 0
516 1
1 13 0 0 0 0 1.17462 0 2.76048 3.00186 0.10566 0 0 -500 0
517 1
1 13 0 0 0 0 1.18605 0 2.75559 3.00186 0.10566 0 0 -500 0
518 1
1 13 0 0 0 0 1.08281 0 2.79777 3.00186 0.10566 0 0 -500 0
519 1
1 13 0 0 0 0 1.157 0 2.76792 3.00186 0.10566 0 0 -500 0
520 1
1 13 0 0 0 0 1.06649 0 2.80403 3.00186 0.10566 0 0 -500 0
521 1
1 13 0 0 0 0 1.16002 0 2.76665 3.00186 0.10566 0 0 -500 0
522 1
1 13 0 0 0 0 1.03287 0 2.81659 3.00186 0.10566 0 0 -500 0
523 1
1 13 0 0 0 0 1.23102 0 2.7358 3.00186 0.10566 0 0 -500 0
524 1
1 13 0 0 0 0 1.0632 0 2.80528 3.00186 0.10566 0 0 -500 0
525 1
1 13 0 0 0 0 1.25483 0 2.72496 3.00186 0.10566 0 0 -500 0
526 1
1 13 0 0 0 0 1.23346 0 2.7347 3.00186 0.10566 0 0 -500 0
527 1
1 13 0 0 0 0 1.09928 0 2.79134 3.00186 0.10566 0 0 -500 0
528 1
1 13 0 0 0 0 1.08874 0 2.79547 3.00186 0.10566 0 0 -500 0
529 1
1 13 0 0 0 0 1.24731 0 2.72841 3.00186 0.10566 0 0 -500 0
530 1
1 13 0 0 0 0 1.13403 0 2.7774 3.00186 0.10566 0 0 -500 0
531 1
1 13 0 0 0 0 1.23612 0 2.7335 3.00186 0.10566 0 0 -500 0
532 1
1 13 0 0 0 0 1.0711 0 2.80227 3.00186 0.10566 0 0 -500 0
533 1
1 13 0 0 0 0 1.11057 0 2.78687 3.00186 0.10566 0 0 -500 0
534 1
1 13 0 0 0 0 1.09763 0 2.79199 3.00186 0.10566 0 0 -500 0
535 1
1 13 0 0 0 0 1.10414 0 2.78942 3.00186 0.10566 0 0 -500 0
536 1
1 13 0 0 0 0 1.11418 0 2.78543 3.00186 0.10566 0 0 -500 0
537 1
1 13 0 0 0 0 1.11598 0 2.78471 3.00186 0.10566 0 0 -500 0
538 1
1 13 0 0 0 0 1.12581 0 2.78075 3.00186 0.10566 0 0 -500 0
539 1
1 13 0 0 0 0 1.19844 0 2.75023 3.00186 0.10566 0 0 -500 0
540 1
1 13 0 0 0 0 1.02741 0 2.81859 3.00186 0.10566 0 0 -500 0
541 1
1 13 0 0 0 0 1.03027 0 2.81754 3.00186 0.10566 0 0 -500 0
542 1
1 13 0 0 0 0 1.26077 0 2.72222 3.00186 0.10566 0 0 -500 0
543 1
1 13 0 0 0 0 1.07102 0 2.8023 3.00186 0.10566 0 0 -500 0
544 1
1 13 0 0 0 0 1.24488 0 2.72952 3.00186 0.10566 0 0 -500 0
545 1
1 13 0 0 0 0 1.16514 0 2.7645 3.00186 0.10566 0 0 -500 0
546 1
1 13 0 0 0 0 1.12637 0 2.78052 3.00186 0.10566 0 0 -500 0
547 1
1 13 0 0 0 0 1.0321 0 2.81687 3.00186 0.10566 0 0 -500 0
548 1
1 13 0 0 0 0 1.21186 0 2.74434 3.00186 0.10566 0 0 -500 0
549 1
1 13 0 0 0 0 1.1448 0 2.77298 3.00186 0.10566 0 0 -500 0
550 1
1 13 0 0 0 0 1.22947 0 2.73649 3.00186 0.10566 0 0 -500 0
551 1
1 13 0 0 0 0 1.19332 0 2.75245 3.00186 0.10566 0 0 -500 0
552 1
1 13 0 0 0 0 1.19755 0 2.75061 3.00186 0.10566 0 0 -500 0
553 1
1 13 0 0 0 0 1.20378 0 2.74789 3.00186 0.10566 0 0 -500 0
554 1
1 13 0 0 0 0 1.0336 0 2.81632 3.00186 0.10566 0 0 -500 0
555 1
1 13 0 0 0 0 1.03628 0 2.81534 3.00186 0.10566 0 0 -500 0
556 1
1 13 0 0 0 0 1.03932 0 2.81422 3.00186 0.10566 0 0 -500 0
557 1
1 13 0 0 0 0 1.07358 0 2.80133 3.00186 0.10566 0 0 -500 0
558 1
1 13 0 0 0 0 1.2223 0 2.7397 3.00186 0.10566 0 0 -500 0
559 1
1 13 0 0 0 0 1.19619 0 2.75121 3.00186 0.10566 0 0 -500 0
560 1
1 13 0 0 0 0 1.20684 0 2.74655 3.00186 0.10566 0 0 -500 0
561 1
1 13 0 0 0 0 1.06652 0 2.80402 3.00186 0.10566 0 0 -500 0
562 1
1 13 0 0 0 0 1.12073 0 2.7828 3.00186 0.10566 0 0 -500 0
563 1
1 13 0 0 0 0 1.21585 0 2.74257 3.00186 0.10566 0 0 -500 0
564 1
1 13 0 0 0 0 1.07774 0 2.79973 3.00186 0.10566 0 0 -500 0
565 1
1 13 0 0 0 0 1.24335 0 2.73022 3.00186 0.10566 0 0 -500 0
566 1
1 13 0 0 0 0 1.03251 0 2.81672 3.00186 0.10566 0 0 -500 0
567 1
1 13 0 0 0 0 1.09032 0 2.79485 3.00186 0.10566 0 0 -500 0
568 1
1 13 0 0 0 0 1.02799 0 2.81837 3.00186 0.10566 0 0 -500 0
569 1
1 13 0 0 0 0 1.23424 0 2.73435 3.00186 0.10566 0 0 -500 0
570 1
1 13 0 0 0 0 1.21987 0 2.74079 3.00186 0.10566 0 0 -500 0
571 1
1 13 0 0 0 0 1.1051 0 2.78904 3.00186 0.10566 0 0 -500 0
572 1
1 13 0 0 0 0 1.16361 0 2.76514 3.00186 0.10566 0 0 -500 0
573 1
1 13 0 0 0 0 1.05307 0 2.8091 3.00186 0.10566 0 0 -500 0
574 1
1 13 0 0 0 0 1.1287 0 2.77958 3.00186 0.10566 0 0 -500 0
575 1
1 13 0 0 0 0 1.04502 0 2.8121 3.00186 0.10566 0 0 -500 0
576 1
1 13 0 0 0 0 1.25669 0 2.7241 3.00186 0.10566 0 0 -500 0
577 1
1 13 0 0 0 0 1.16848 0 2.76309 3.00186 0.10566 0 0 -500 0
578 1
1 13 0 0 0 0 1.22164 0 2.74 3.00186 0.10566 0 0 -500 0
579 1
1 13 0 0 0 0 1.1557 0 2.76846 3.00186 0.10566 0 0 -500 0
580 1
1 13 0 0 0 0 1.20836 0 2.74588 3.00186 0.10566 0 0 -500 0
581 1
1 13 0 0 0 0 1.10671 0 2.7884 3.00186 0.10566 0 0 -500 0
582 1
1 13 0 0 0 0 1.18351 0 2.75669 3.00186 0.10566 0 0 -500 0
583 1
1 13 0 0 0 0 1.03573 0 2.81554 3.00186 0.10566 0 0 -500 0
584 1
1 13 0 0 0 0 1.11759 0 2.78406 3.00186 0.10566 0 0 -500 0
585 1
1 13 0 0 0 0 1.20618 0 2.74684 3.00186 0.10566 0 0 -500 0
586 1
1 13 0 0 0 0 1.05793 0 2.80727 3.00186 0.10566 0 0 -500 0
587 1
1 13 0 0 0 0 1.09536 0 2.79288 3.00186 0.10566 0 0 -500 0
588 1
1 13 0 0 0 0 1.24763 0 2.72826 3.00186 0.10566 0 0 -500 0
589 1
1 13 0 0 0 0 1.11512 0 2.78505 3.00186 0.10566 0 0 -500 0
590 1
1 13 0 0 0 0 1.25512 0 2.72483 3.00186 0.10566 0 0 -500 0
591 1
1 13 0 0 0 0 1.18476 0 2.75615 3.00186 0.10566 0 0 -500 0
592 1
1 13 0 0 0 0 1.10447 0 2.78929 3.00186 0.10566 0 0 -500 0
593 1
1 13 0 0 0 0 1.14908 0 2.77121 3.00186 0.10566 0 0 -500 0
594 1
1 13 0 0 0 0 1.25607 0 2.72439 3.00186 0.10566 0 0 -500 0
595 1
1 13 0 0 0 0 1.08916 0 2.7953 3.00186 0.10566 0 0 -500 0
596 1
1 13 0 0 0 0 1.22401 0 2.73894 3.00186 0.10566 0 0 -500 0
597 1
1 13 0 0 0 0 1.22233 0 2.73969 3.00186 0.10566 0 0 -500 0
598 1
1 13 0 0 0 0 1.07406 0 2.80114 3.00186 0.10566 0 0 -500 0
599 1
1 13 0 0 0 0 1.09154 0 2.79438 3.00186 0.10566 0 0 -500 0
600 1
1 13 0 0 0 0 1.1256 0 2.78083 3.00186 0.10566 0 0 -500 0
601 1
1 13 0 0 0 0 1.19139 0 2.75329 3.00186 0.10566 0 0 -500 0
602 1
1 13 0 0 0 0 1.26203 0 2.72163 3.00186 0.10566 0 0 -500 0
603 1
1 13 0 0 0 0 1.21614 0 2.74245 3.00186 0.10566 0 0 -500 0
604 1
1 13 0 0 0 0 1.1611 0 2.7662 3.00186 0.10566 0 0 -500 0
605 1
1 13 0 0 0 0 1.20631 0 2.74678 3.00186 0.10566 0 0 -500 0
606 1
1 13 0 0 0 0 1.23218 0 2.73528 3.00186 0.10566 0 0 -500 0
607 1
1 13 0 0 0 0 1.11703 0 2.78429 3.00186 0.10566 0 0 -500 0
608 1
1 13 0 0 0 0 1.23984 0 2.73181 3.00186 0.10566 0 0 -500 0
609 1
1 13 0 0 0 0 1.03266 0 2.81667 3.00186 0.10566 0 0 -500 0
610 1
1 13 0 0 0 0 1.22721 0 2.73751 3.00186 0.10566 0 0 -500 0
611 1
1 13 0 0 0 0 1.17664 0 2.75962 3.00186 0.10566 0 0 -500 0
612 1
1 13 0 0 0 0 1.25105 0 2.7267 3.00186 0.10566 0 0 -500 0
613 1
1 13 0 0 0 0 1.24754 0 2.72831 3.00186 0.10566 0 0 -500 0
614 1
1 13 0 0 0 0 1.02908 0 2.81798 3.00186 0.10566 0 0 -500 0
615 1
1 13 0 0 0 0 1.25588 0 2.72448 3.00186 0.10566 0 0 -500 0
616 1
1 13 0 0 0 0 1.22741 0 2.73742 3.00186 0.10566 0 0 -500 0
617 1
1 13 0 0 0 0 1.20624 0 2.74681 3.00186 0.10566 0 0 -500 0
618 1
1 13 0 0 0 0 1.08996 0 2.79499 3.00186 0.10566 0 0 -500 0
619 1
1 13 0 0 0 0 1.20756 0 2.74623 3.00186 0.10566 0 0 -500 0
620 1
1 13 0 0 0 0 1.03405 0 2.81616 3.00186 0.10566 0 0 -500 0
621 1
1 13 0 0 0 0 1.02634 0 2.81897 3.00186 0.10566 0 0 -500 0
622 1
1 13 0 0 0 0 1.07001 0 2.80269 3.00186 0.10566 0 0 -500 0
623 1
1 13 0 0 0 0 1.13297 0 2.77784 3.00186 0.10566 0 0 -500 0
624 1
1 13 0 0 0 0 1.12406 0 2.78146 3.00186 0.10566 0 0 -500 0
625 1
1 13 0 0 0 0 1.12354 0 2.78166 3.00186 0.10566 0 0 -500 0
626 1
1 13 0 0 0 0 1.12072 0 2.7828 3.00186 0.10566 0 0 -500 0
627 1
1 13 0 0 0 0 1.2476 0 2.72828 3.00186 0.10566 0 0 -500 0
628 1
1 13 0 0 0 0 1.0399 0 2.814 3.00186 0.10566 0 0 -500 0
629 1
1 13 0 0 0 0 1.22643 0 2.73786 3.00186 0.10566 0 0 -500 0
630 1
1 13 0 0 0 0 1.2214 0 2.7401 3.00186 0.10566 0 0 -500 0
631 1
1 13 0 0 0 0 1.24495 0 2.72949 3.00186 0.10566 0 0 -500 0
632 1
1 13 0 0 0 0 1.26692 0 2.71936 3.00186 0.10566 0 0 -500 0
633 1
1 13 0 0 0 0 1.12337 0 2.78173 3.00186 0.10566 0 0 -500 0
634 1
1 13 0 0 0 0 1.11026 0 2.78699 3.00186 0.10566 0 0 -500 0
635 1
1 13 0 0 0 0 1.0659 0 2.80426 3.00186 0.10566 0 0 -500 0
636 1
1 13 0 0 0 0 1.0872 0 2.79607 3.00186 0.10566 0 0 -500 0
637 1
1 13 0 0 0 0 1.10127 0 2.79056 3.00186 0.10566 0 0 -500 0
638 1
1 13 0 0 0 0 1.21393 0 2.74343 3.00186 0.10566 0 0 -500 0
639 1
1 13 0 0 0 0 1.04757 0 2.81116 3.00186 0.10566 0 0 -500 0
640 1
1 13 0 0 0 0 1.07721 0 2.79993 3.00186 0.10566 0 0 -500 0
641 1
1 13 0 0 0 0 1.22609 0 2.73801 3.00186 0.10566 0 0 -500 0
642 1
1 13 0 0 0 0 1.08765 0 2.79589 3.00186 0.10566 0 0 -500 0
643 1
1 13 0 0 0 0 1.19119 0 2.75337 3.00186 0.10566 0 0 -500 0
644 1
1 13 0 0 0 0 1.12059 0 2.78285 3.00186 0.10566 0 0 -500 0
645 1
1 13 0 0 0 0 1.14813 0 2.77161 3.00186 0.10566 0 0 -500 0
646 1
1 13 0 0 0 0 1.24711 0 2.7285 3.00186 0.10566 0 0 -500 0
647 1
1 13 0 0 0 0 1.09856 0 2.79162 3.00186 0.10566 0 0 -500 0
648 1
1 13 0 0 0 0 1.23576 0 2.73366 3.00186 0.10566 0 0 -500 0
649 1
1 13 0 0 0 0 1.10031 0 2.79094 3.00186 0.10566 0 0 -500 0
650 1
1 13 0 0 0 0 1.11379 0 2.78558 3.00186 0.10566 0 0 -500 0
651 1
1 13 0 0 0 0 1.12329 0 2.78177 3.00186 0.10566 0 0 -500 0
652 1
1 13 0 0 0 0 1.16191 0 2.76586 3.00186 0.10566 0 0 -500 0
653 1
1 13 0 0 0 0 1.07029 0 2.80259 3.00186 0.10566 0 0 -500 0
654 1
1 13 0 0 0 0 1.13189 0 2.77828 3.00186 0.10566 0 0 -500 0
655 1
1 13 0 0 0 0 1.17291 0 2.76121 3.00186 0.10566 0 0 -500 0
656 1
1 13 0 0 0 0 1.09175 0 2.79429 3.00186 0.10566 0 0 -500 0
657 1
1 13 0 0 0 0 1.03489 0 2.81585 3.00186 0.10566 0 0 -500 0
658 1
1 13 0 0 0 0 1.13999 0 2.77497 3.00186 0.10566 0 0 -500 0
659 1
1 13 0 0 0 0 1.25491 0 2.72492 3.00186 0.10566 0 0 -500 0
660 1
1 13 0 0 0 0 1.13986 0 2.77502 3.00186 0.10566 0 0 -500 0
661 1
1 13 0 0 0 0 1.04058 0 2.81375 3.00186 0.10566 0 0 -500 0
662 1
1 13 0 0 0 0 1.21352 0 2.74361 3.00186 0.10566 0 0 -500 0
663 1
1 13 0 0 0 0 1.23081 0 2.73589 3.00186 0.10566 0 0 -500 0
664 1
1 13 0 0 0 0 1.1409 0 2.77459 3.00186 0.10566 0 0 -500 0
665 1
1 13 0 0 0 0 1.03651 0 2.81525 3.00186 0.10566 0 0 -500 0
666 1
1 13 0 0 0 0 1.26394 0 2.72075 3.00186 0.10566 0 0 -500 0
667 1
1 13 0 0 0 0 1.11401 0 2.78549 3.00186 0.10566 0 0 -500 0
668 1
1 13 0 0 0 0 1.07387 0 2.80121 3.00186 0.10566 0 0 -500 0
669 1
1 13 0 0 0 0 1.25452 0 2.7251 3.00186 0.10566 0 0 -500 0
670 1
1 13 0 0 0 0 1.07159 0 2.80209 3.00186 0.10566 0 0 -500 0
671 1
1 13 0 0 0 0 1.03538 0 2.81567 3.00186 0.10566 0 0 -500 0
672 1
1 13 0 0 0 0 1.25479 0 2.72498 3.00186 0.10566 0 0 -500 0
673 1
1 13 0 0 0 0 1.13213 0 2.77818 3.00186 0.10566 0 0 -500 0
674 1
1 13 0 0 0 0 1.14434 0 2.77317 3.00186 0.10566 0 0 -500 0
675 1
1 13 0 0 0 0 1.14509 0 2.77286 3.00186 0.10566 0 0 -500 0
676 1
1 13 0 0 0 0 1.20623 0 2.74682 3.00186 0.10566 0 0 -500 0
677 1
1 13 0 0 0 0 1.10393 0 2.7895 3.00186 0.10566 0 0 -500 0
678 1
1 13 0 0 0 0 1.06117 0 2.80605 3.00186 0.10566 0 0 -500 0
679 1
1 13 0 0 0 0 1.23124 0 2.7357 3.00186 0.10566 0 0 -500 0
680 1
1 13 0 0 0 0 1.1064 0 2.78853 3.00186 0.10566 0 0 -500 0
681 1
1 13 0 0 0 0 1.05739 0 2.80748 3.00186 0.10566 0 0 -500 0
682 1
1 13 0 0 0 0 1.20184 0 2.74874 3.00186 0.10566 0 0 -500 0
683 1
1 13 0 0 0 0 1.1439 0 2.77336 3.00186 0.10566 0 0 -500 0
684 1
1 13 0 0 0 0 1.07282 0 2.80162 3.00186 0.10566 0 0 -500 0
685 1
1 13 0 0 0 0 1.24282 0 2.73046 3.00186 0.10566 0 0 -500 0
686 1
1 13 0 0 0 0 1.14699 0 2.77208 3.00186 0.10566 0 0 -500 0
687 1
1 13 0 0 0 0 1.23661 0 2.73327 3.00186 0.10566 0 0 -500 0
688 1
1 13 0 0 0 0 1.09534 0 2.79289 3.00186 0.10566 0 0 -500 0
689 1
1 13 0 0 0 0 1.11801 0 2.78389 3.00186 0.10566 0 0 -500 0
690 1
1 13 0 0 0 0 1.11524 0 2.785 3.00186 0.10566 0 0 -500 0
691 1
1 13 0 0 0 0 1.12628 0 2.78056 3.00186 0.10566 0 0 -500 0
692 1
1 13 0 0 0 0 1.12311 0 2.78184 3.00186 0.10566 0 0 -500 0
693 1
1 13 0 0 0 0 1.05052 0 2.81005 3.00186 0.10566 0 0 -500 0
694 1
1 13 0 0 0 0 1.07468 0 2.8009 3.00186 0.10566 0 0 -500 0
695 1
1 13 0 0 0 0 1.15764 0 2.76765 3.00186 0.10566 0 0 -500 0
696 1
1 13 0 0 0 0 1.09089 0 2.79463 3.00186 0.10566 0 0 -500 0
697 1
1 13 0 0 0 0 1.25446 0 2.72513 3.00186 0.10566 0 0 -500 0
698 1
1 13 0 0 0 0 1.08618 0 2.79646 3.00186 0.10566 0 0 -500 0
699 1
1 13 0 0 0 0 1.12937 0 2.7793 3.00186 0.10566 0 0 -500 0
700 1
1 13 0 0 0 0 1.06637 0 2.80408 3.00186 0.10566 0 0 -500 0
701 1
1 13 0 0 0 0 1.24443 0 2.72972 3.00186 0.10566 0 0 -500 0
702 1
1 13 0 0 0 0 1.25599 0 2.72443 3.00186 0.10566 0 0 -500 0
703 1
1 13 0 0 0 0 1.0611 0 2.80608 3.00186 0.10566 0 0 -500 0
704 1
1 13 0 0 0 0 1.07301 0 2.80154 3.00186 0.10566 0 0 -500 0
705 1
1 13 0 0 0 0 1.09428 0 2.7933 3.00186 0.10566 0 0 -500 0
706 1
1 13 0 0 0 0 1.0358 0 2.81551 3.00186 0.10566 0 0 -500 0
707 1
1 13 0 0 0 0 1.25477 0 2.72499 3.00186 0.10566 0 0 -500 0
708 1
1 13 0 0 0 0 1.07884 0 2.7993 3.00186 0.10566 0 0 -500 0
709 1
1 13 0 0 0 0 1.1231 0 2.78184 3.00186 0.10566 0 0 -500 0
710 1
1 13 0 0 0 0 1.17437 0 2.76059 3.00186 0.10566 0 0 -500 0
711 1
1 13 0 0 0 0 1.2102 0 2.74507 3.00186 0.10566 0 0 -500 0
712 1
1 13 0 0 0 0 1.03733 0 2.81495 3.00186 0.10566 0 0 -500 0
713 1
1 13 0 0 0 0 1.08575 0 2.79663 3.00186 0.10566 0 0 -500 0
714 1
1 13 0 0 0 0 1.17097 0 2.76203 3.00186 0.10566 0 0 -500 0
715 1
1 13 0 0 0 0 1.24527 0 2.72934 3.00186 0.10566 0 0 -500 0
716 1
1 13 0 0 0 0 1.24691 0 2.72859 3.00186 0.10566 0 0 -500 0
717 1
1 13 0 0 0 0 1.14085 0 2.77461 3.00186 0.10566 0 0 -500 0
718 1
1 13 0 0 0 0 1.1582 0 2.76741 3.00186 0.10566 0 0 -500 0
719 1
1 13 0 0 0 0 1.0302 0 2.81757 3.00186 0.10566 0 0 -500 0
720 1
1 13 0 0 0 0 1.17217 0 2.76152 3.00186 0.10566 0 0 -500 0
721 1
1 13 0 0 0 0 1.04145 0 2.81343 3.00186 0.10566 0 0 -500 0
722 1
1 13 0 0 0 0 1.05188 0 2.80954 3.00186 0.10566 0 0 -500 0
723 1
1 13 0 0 0 0 1.15169 0 2.77013 3.00186 0.10566 0 0 -500 0
724 1
1 13 0 0 0 0 1.23281 0 2.73499 3.00186 0.10566 0 0 -500 0
725 1
1 13 0 0 0 0 1.13409 0 2.77738 3.00186 0.10566 0 0 -500 0
726 1
1 13 0 0 0 0 1.13372 0 2.77753 3.00186 0.10566 0 0 -500 0
727 1
1 13 0 0 0 0 1.20989 0 2.74521 3.00186 0.10566 0 0 -500 0
728 1
1 13 0 0 0 0 1.13123 0 2.77855 3.00186 0.10566 0 0 -500 0
729 1
1 13 0 0 0 0 1.07289 0 2.80159 3.00186 0.10566 0 0 -500 0
730 1
1 13 0 0 0 0 1.05787 0 2.8073 3.00186 0.10566 0 0 -500 0
731 1
1 13 0 0 0 0 1.11646 0 2.78451 3.00186 0.10566 0 0 -500 0
732 1
1 13 0 0 0 0 1.22489 0 2.73855 3.00186 0.10566 0 0 -500 0
733 1
1 13 0 0 0 0 1.0726 0 2.8017 3.00186 0.10566 0 0 -500 0
734 1
1 13 0 0 0 0 1.16809 0 2.76325 3.00186 0.10566 0 0 -500 0
735 1
1 13 0 0 0 0 1.1831 0 2.75686 3.00186 0.10566 0 0 -500 0
736 1
1 13 0 0 0 0 1.15615 0 2.76827 3.00186 0.10566 0 0 -500 0
737 1
1 13 0 0 0 0 1.21034 0 2.74501 3.00186 0.10566 0 0 -500 0
738 1
1 13 0 0 0 0 1.1983 0 2.75029 3.00186 0.10566 0 0 -500 0
739 1
1 13 0 0 0 0 1.05193 0 2.80953 3.00186 0.10566 0 0 -500 0
740 1
1 13 0 0 0 0 1.25725 0 2.72384 3.00186 0.10566 0 0 -500 0
741 1
1 13 0 0 0 0 1.08852 0 2.79555 3.00186 0.10566 0 0 -500 0
742 1
1 13 0 0 0 0 1.09399 0 2.79342 3.00186 0.10566 0 0 -500 0
743 1
1 13 0 0 0 0 1.22288 0 2.73945 3.00186 0.10566 0 0 -500 0
744 1
1 13 0 0 0 0 1.15792 0 2.76753 3.00186 0.10566 0 0 -500 0
745 1
1 13 0 0 0 0 1.22153 0 2.74005 3.00186 0.10566 0 0 -500 0
746 1
1 13 0 0 0 0 1.05812 0 2.8072 3.00186 0.10566 0 0 -500 0
747 1
1 13 0 0 0 0 1.14163 0 2.77429 3.00186 0.10566 0 0 -500 0
748 1
1 13 0 0 0 0 1.07719 0 2.79994 3.00186 0.10566 0 0 -500 0
749 1
1 13 0 0 0 0 1.0583 0 2.80713 3.00186 0.10566 0 0 -500 0
750 1
1 13 0 0 0 0 1.05786 0 2.8073 3.00186 0.10566 0 0 -500 0
751 1
1 13 0 0 0 0 1.16343 0 2.76522 3.00186 0.10566 0 0 -500 0
752 1
1 13 0 0 0 0 1.09221 0 2.79411 3.00186 0.10566 0 0 -500 0
753 1
1 13 0 0 0 0 1.17606 0 2.75987 3.00186 0.10566 0 0 -500 0
754 1
1 13 0 0 0 0 1.21463 0 2.74311 3.00186 0.10566 0 0 -500 0
755 1
1 13 0 0 0 0 1.1895 0 2.7541 3.00186 0.10566 0 0 -500 0
756 1
1 13 0 0 0 0 1.25706 0 2.72393 3.00186 0.10566 0 0 -500 0
757 1
1 13 0 0 0 0 1.20386 0 2.74786 3.00186 0.10566 0 0 -500 0
758 1
1 13 0 0 0 0 1.22041 0 2.74055 3.00186 0.10566 0 0 -500 0
759 1
1 13 0 0 0 0 1.19661 0 2.75102 3.00186 0.10566 0 0 -500 0
760 1
1 13 0 0 0 0 1.22155 0 2.74004 3.00186 0.10566 0 0 -500 0
761 1
1 13 0 0 0 0 1.14262 0 2.77388 3.00186 0.10566 0 0 -500 0
762 1
1 13 0 0 0 0 1.10254 0 2.79006 3.00186 0.10566 0 0 -500 0
763 1
1 13 0 0 0 0 1.06966 0 2.80283 3.00186 0.10566 0 0 -500 0
764 1
1 13 0 0 0 0 1.22882 0 2.73679 3.00186 0.10566 0 0 -500 0
765 1
1 13 0 0 0 0 1.03356 0 2.81634 3.00186 0.10566 0 0 -500 0
766 1
1 13 0 0 0 0 1.05248 0 2.80932 3.00186 0.10566 0 0 -500 0
767 1
1 13 0 0 0 0 1.13601 0 2.7766 3.00186 0.10566 0 0 -500 0
768 1
1 13 0 0 0 0 1.25582 0 2.7245 3.00186 0.10566 0 0 -500 0
769 1
1 13 0 0 0 0 1.03791 0 2.81474 3.00186 0.10566 0 0 -500 0
770 1
1 13 0 0 0 0 1.05501 0 2.80837 3.00186 0.10566 0 0 -500 0
771 1
1 13 0 0 0 0 1.1464 0 2.77232 3.00186 0.10566 0 0 -500 0
772 1
1 13 0 0 0 0 1.02909 0 2.81797 3.00186 0.10566 0 0 -500 0
773 1
1 13 0 0 0 0 1.07511 0 2.80074 3.00186 0.10566 0 0 -500 0
774 1
1 13 0 0 0 0 1.04517 0 2.81205 3.00186 0.10566 0 0 -500 0
775 1
1 13 0 0 0 0 1.09403 0 2.7934 3.00186 0.10566 0 0 -500 0
776 1
1 13 0 0 0 0 1.08305 0 2.79768 3.00186 0.10566 0 0 -500 0
777 1
1 13 0 0 0 0 1.2193 0 2.74104 3.00186 0.10566 0 0 -500 0
778 1
1 13 0 0 0 0 1.16612 0 2.76408 3.00186 0.10566 0 0 -500 0
779 1
1 13 0 0 0 0 1.26027 0 2.72245 3.00186 0.10566 0 0 -500 0
780 1
1 13 0 0 0 0 1.26124 0 2.722 3.00186 0.10566 0 0 -500 0
781 1
1 13 0 0 0 0 1.20444 0 2.7476 3.00186 0.10566 0 0 -500 0
782 1
1 13 0 0 0 0 1.03803 0 2.81469 3.00186 0.10566 0 0 -500 0
783 1
1 13 0 0 0 0 1.0857 0 2.79665 3.00186 0.10566 0 0 -500 0
784 1
1 13 0 0 0 0 1.15891 0 2.76711 3.00186 0.10566 0 0 -500 0
785 1
1 13 0 0 0 0 1.08226 0 2.79798 3.00186 0.10566 0 0 -500 0
786 1
1 13 0 0 0 0 1.16936 0 2.76272 3.00186 0.10566 0 0 -500 0
787 1
1 13 0 0 0 0 1.24157 0 2.73103 3.00186 0.10566 0 0 -500 0
788 1
1 13 0 0 0 0 1.15697 0 2.76793 3.00186 0.10566 0 0 -500 0
789 1
1 13 0 0 0 0 1.1508 0 2.7705 3.00186 0.10566 0 0 -500 0
790 1
1 13 0 0 0 0 1.2388 0 2.73228 3.00186 0.10566 0 0 -500 0
791 1
1 13 0 0 0 0 1.02846 0 2.8182 3.00186 0.10566 0 0 -500 0
792 1
1 13 0 0 0 0 1.12044 0 2.78292 3.00186 0.10566 0 0 -500 0
793 1
1 13 0 0 0 0 1.149 0 2.77125 3.00186 0.10566 0 0 -500 0
794 1
1 13 0 0 0 0 1.13933 0 2.77523 3.00186 0.10566 0 0 -500 0
795 1
1 13 0 0 0 0 1.07361 0 2.80131 3.00186 0.10566 0 0 -500 0
796 1
1 13 0 0 0 0 1.17336 0 2.76102 3.00186 0.10566 0 0 -500 0
797 1
1 13 0 0 0 0 1.14635 0 2.77234 3.00186 0.10566 0 0 -500 0
798 1
1 13 0 0 0 0 1.12489 0 2.78112 3.00186 0.10566 0 0 -500 0
799 1
1 13 0 0 0 0 1.19683 0 2.75093 3.00186 0.10566 0 0 -500 0
800 1
1 13 0 0 0 0 1.18964 0 2.75404 3.00186 0.10566 0 0 -500 0
801 1
1 13 0 0 0 0 1.10015 0 2.791 3.00186 0.10566 0 0 -500 0
802 1
1 13 0 0 0 0 1.25205 0 2.72624 3.00186 0.10566 0 0 -500 0
803 1
1 13 0 0 0 0 1.21118 0 2.74464 3.00186 0.10566 0 0 -500 0
804 1
1 13 0 0 0 0 1.02694 0 2.81876 3.00186 0.10566 0 0 -500 0
805 1
1 13 0 0 0 0 1.22052 0 2.7405 3.00186 0.10566 0 0 -500 0
806 1
1 13 0 0 0 0 1.15976 0 2.76676 3.00186 0.10566 0 0 -500 0
807 1
1 13 0 0 0 0 1.25442 0 2.72515 3.00186 0.10566 0 0 -500 0
808 1
1 13 0 0 0 0 1.09577 0 2.79272 3.00186 0.10566 0 0 -500 0
809 1
1 13 0 0 0 0 1.16435 0 2.76483 3.00186 0.10566 0 0 -500 0
810 1
1 13 0 0 0 0 1.10744 0 2.78811 3.00186 0.10566 0 0 -500 0
811 1
1 13 0 0 0 0 1.24922 0 2.72753 3.00186 0.10566 0 0 -500 0
812 1
1 13 0 0 0 0 1.14235 0 2.77399 3.00186 0.10566 0 0 -500 0
813 1
1 13 0 0 0 0 1.15817 0 2.76742 3.00186 0.10566 0 0 -500 0
814 1
1 13 0 0 0 0 1.20214 0 2.74861 3.00186 0.10566 0 0 -500 0
815 1
1 13 0 0 0 0 1.14075 0 2.77465 3.00186 0.10566 0 0 -500 0
816 1
1 13 0 0 0 0 1.04812 0 2.81095 3.00186 0.10566 0 0 -500 0
817 1
1 13 0 0 0 0 1.18999 0 2.75389 3.00186 0.10566 0 0 -500 0
818 1
1 13 0 0 0 0 1.20594 0 2.74695 3.00186 0.10566 0 0 -500 0
819 1
1 13 0 0 0 0 1.1815 0 2.75754 3.00186 0.10566 0 0 -500 0
820 1
1 13 0 0 0 0 1.23077 0 2.73591 3.00186 0.10566 0 0 -500 0
821 1
1 13 0 0 0 0 1.12323 0 2.78179 3.00186 0.10566 0 0 -500 0
822 1
1 13 0 0 0 0 1.12754 0 2.78005 3.00186 0.10566 0 0 -500 0
823 1
1 13 0 0 0 0 1.21918 0 2.74109 3.00186 0.10566 0 0 -500 0
824 1
1 13 0 0 0 0 1.2071 0 2.74644 3.00186 0.10566 0 0 -500 0
825 1
1 13 0 0 0 0 1.07584 0 2.80046 3.00186 0.10566 0 0 -500 0
826 1
1 13 0 0 0 0 1.10476 0 2.78918 3.00186 0.10566 0 0 -500 0
827 1
1 13 0 0 0 0 1.24773 0 2.72822 3.00186 0.10566 0 0 -500 0
828 1
1 13 0 0 0 0 1.24684 0 2.72863 3.00186 0.10566 0 0 -500 0
829 1
1 13 0 0 0 0 1.21943 0 2.74098 3.00186 0.10566 0 0 -500 0
830 1
1 13 0 0 0 0 1.12376 0 2.78157 3.00186 0.10566 0 0 -500 0
831 1
1 13 0 0 0 0 1.19588 0 2.75134 3.00186 0.10566 0 0 -500 0
832 1
1 13 0 0 0 0 1.17321 0 2.76108 3.00186 0.10566 0 0 -500 0
833 1
1 13 0 0 0 0 1.18828 0 2.75463 3.00186 0.10566 0 0 -500 0
834 1
1 13 0 0 0 0 1.13099 0 2.77864 3.00186 0.10566 0 0 -500 0
835 1
1 13 0 0 0 0 1.02829 0 2.81826 3.00186 0.10566 0 0 -500 0
836 1
1 13 0 0 0 0 1.25293 0 2.72583 3.00186 0.10566 0 0 -500 0
837 1
1 13 0 0 0 0 1.1618 0 2.7659 3.00186 0.10566 0 0 -500 0
838 1
1 13 0 0 0 0 1.24194 0 2.73086 3.00186 0.10566 0 0 -500 0
839 1
1 13 0 0 0 0 1.25916 0 2.72296 3.00186 0.10566 0 0 -500 0
840 1
1 13 0 0 0 0 1.03448 0 2.816 3.00186 0.10566 0 0 -500 0
841 1
1 13 0 0 0 0 1.20055 0 2.74931 3.00186 0.10566 0 0 -500 0
842 1
1 13 0 0 0 0 1.2522 0 2.72617 3.00186 0.10566 0 0 -500 0
843 1
1 13 0 0 0 0 1.13219 0 2.77815 3.00186 0.10566 0 0 -500 0
844 1
1 13 0 0 0 0 1.12368 0 2.78161 3.00186 0.10566 0 0 -500 0
845 1
1 13 0 0 0 0 1.1998 0 2.74963 3.00186 0.10566 0 0 -500 0
846 1
1 13 0 0 0 0 1.24069 0 2.73142 3.00186 0.10566 0 0 -500 0
847 1
1 13 0 0 0 0 1.19276 0 2.75269 3.00186 0.10566 0 0 -500 0
848 1
1 13 0 0 0 0 1.26449 0 2.72049 3.00186 0.10566 0 0 -500 0
849 1
1 13 0 0 0 0 1.18389 0 2.75652 3.00186 0.10566 0 0 -500 0
850 1
1 13 0 0 0 0 1.23925 0 2.73208 3.00186 0.10566 0 0 -500 0
851 1
1 13 0 0 0 0 1.21289 0 2.74388 3.00186 0.10566 0 0 -500 0
852 1
1 13 0 0 0 0 1.1291 0 2.77941 3.00186 0.10566 0 0 -500 0
853 1
1 13 0 0 0 0 1.17134 0 2.76188 3.00186 0.10566 0 0 -500 0
854 1
1 13 0 0 0 0 1.19998 0 2.74955 3.00186 0.10566 0 0 -500 0
855 1
1 13 0 0 0 0 1.18107 0 2.75773 3.00186 0.10566 0 0 -500 0
856 1
1 13 0 0 0 0 1.09758 0 2.79201 3.00186 0.10566 0 0 -500 0
857 1
1 13 0 0 0 0 1.12269 0 2.78201 3.00186 0.10566 0 0 -500 0
858 1
1 13 0 0 0 0 1.23845 0 2.73244 3.00186 0.10566 0 0 -500 0
859 1
1 13 0 0 0 0 1.0587 0 2.80698 3.00186 0.10566 0 0 -500 0
860 1
1 13 0 0 0 0 1.07208 0 2.8019 3.00186 0.10566 0 0 -500 0
861 1
1 13 0 0 0 0 1.24334 0 2.73022 3.00186 0.10566 0 0 -500 0
862 1
1 13 0 0 0 0 1.17552 0 2.7601 3.00186 0.10566 0 0 -500 0
863 1
1 13 0 0 0 0 1.17336 0 2.76102 3.00186 0.10566 0 0 -500 0
864 1
1 13 0 0 0 0 1.06123 0 2.80603 3.00186 0.10566 0 0 -500 0
865 1
1 13 0 0 0 0 1.03193 0 2.81693 3.00186 0.10566 0 0 -500 0
866 1
1 13 0 0 0 0 1.13619 0 2.77652 3.00186 0.10566 0 0 -500 0
867 1
1 13 0 0 0 0 1.1886 0 2.75449 3.00186 0.10566 0 0 -500 0
868 1
1 13 0 0 0 0 1.11421 0 2.78541 3.00186 0.10566 0 0 -500 0
869 1
1 13 0 0 0 0 1.2016 0 2.74885 3.00186 0.10566 0 0 -500 0
870 1
1 13 0 0 0 0 1.17054 0 2.76222 3.00186 0.10566 0 0 -500 0
871 1
1 13 0 0 0 0 1.23047 0 2.73605 3.00186 0.10566 0 0 -500 0
872 1
1 13 0 0 0 0 1.05502 0 2.80837 3.00186 0.10566 0 0 -500 0
873 1
1 13 0 0 0 0 1.14657 0 2.77225 3.00186 0.10566 0 0 -500 0
874 1
1 13 0 0 0 0 1.13771 0 2.7759 3.00186 0.10566 0 0 -500 0
875 1
1 13 0 0 0 0 1.07388 0 2.80121 3.00186 0.10566 0 0 -500 0
876 1
1 13 0 0 0 0 1.07834 0 2.7995 3.00186 0.10566 0 0 -500 0
877 1
1 13 0 0 0 0 1.16355 0 2.76517 3.00186 0.10566 0 0 -500 0
878 1
1 13 0 0 0 0 1.18288 0 2.75695 3.00186 0.10566 0 0 -500 0
879 1
1 13 0 0 0 0 1.14422 0 2.77322 3.00186 0.10566 0 0 -500 0
880 1
1 13 0 0 0 0 1.07322 0 2.80147 3.00186 0.10566 0 0 -500 0
881 1
1 13 0 0 0 0 1.17093 0 2.76205 3.00186 0.10566 0 0 -500 0
882 1
1 13 0 0 0 0 1.17746 0 2.75927 3.00186 0.10566 0 0 -500 0
883 1
1 13 0 0 0 0 1.17529 0 2.7602 3.00186 0.10566 0 0 -500 0
884 1
1 13 0 0 0 0 1.07079 0 2.80239 3.00186 0.10566 0 0 -500 0
885 1
1 13 0 0 0 0 1.18424 0 2.75637 3.00186 0.10566 0 0 -500 0
886 1
1 13 0 0 0 0 1.08165 0 2.79822 3.00186 0.10566 0 0 -500 0
887 1
1 13 0 0 0 0 1.1919 0 2.75307 3.00186 0.10566 0 0 -500 0
888 1
1 13 0 0 0 0 1.20843 0 2.74585 3.00186 0.10566 0 0 -500 0
889 1
1 13 0 0 0 0 1.13916 0 2.77531 3.00186 0.10566 0 0 -500 0
890 1
1 13 0 0 0 0 1.17195 0 2.76162 3.00186 0.10566 0 0 -500 0
891 1
1 13 0 0 0 0 1.14001 0 2.77496 3.00186 0.10566 0 0 -500 0
892 1
1 13 0 0 0 0 1.26388 0 2.72077 3.00186 0.10566 0 0 -500 0
893 1
1 13 0 0 0 0 1.17415 0 2.76068 3.00186 0.10566 0 0 -500 0
894 1
1 13 0 0 0 0 1.02957 0 2.8178 3.00186 0.10566 0 0 -500 0
895 1
1 13 0 0 0 0 1.10151 0 2.79046 3.00186 0.10566 0 0 -500 0
896 1
1 13 0 0 0 0 1.08919 0 2.79529 3.00186 0.10566 0 0 -500 0
897 1
1 13 0 0 0 0 1.21346 0 2.74363 3.00186 0.10566 0 0 -500 0
898 1
1 13 0 0 0 0 1.19286 0 2.75265 3.00186 0.10566 0 0 -500 0
899 1
1 13 0 0 0 0 1.11881 0 2.78357 3.00186 0.10566 0 0 -500 0
900 1
1 13 0 0 0 0 1.12839 0 2.7797 3.00186 0.10566 0 0 -500 0
901 1
1 13 0 0 0 0 1.23107 0 2.73578 3.00186 0.10566 0 0 -500 0
902 1
1 13 0 0 0 0 1.24456 0 2.72966 3.00186 0.10566 0 0 -500 0
903 1
1 13 0 0 0 0 1.06058 0 2.80627 3.00186 0.10566 0 0 -500 0
904 1
1 13 0 0 0 0 1.22503 0 2.73849 3.00186 0.10566 0 0 -500 0
905 1
1 13 0 0 0 0 1.16438 0 2.76482 3.00186 0.10566 0 0 -500 0
906 1
1 13 0 0 0 0 1.26644 0 2.71958 3.00186 0.10566 0 0 -500 0
907 1
1 13 0 0 0 0 1.20479 0 2.74745 3.00186 0.10566 0 0 -500 0
908 1
1 13 0 0 0 0 1.06885 0 2.80313 3.00186 0.10566 0 0 -500 0
909 1
1 13 0 0 0 0 1.23574 0 2.73367 3.00186 0.10566 0 0 -500 0
910 1
1 13 0 0 0 0 1.11335 0 2.78576 3.00186 0.10566 0 0 -500 0
911 1
1 13 0 0 0 0 1.25383 0 2.72542 3.00186 0.10566 0 0 -500 0
912 1
1 13 0 0 0 0 1.14607 0 2.77246 3.00186 0.10566 0 0 -500 0
913 1
1 13 0 0 0 0 1.04012 0 2.81392 3.00186 0.10566 0 0 -500 0
914 1
1 13 0 0 0 0 1.11455 0 2.78528 3.00186 0.10566 0 0 -500 0
915 1
1 13 0 0 0 0 1.19571 0 2.75142 3.00186 0.10566 0 0 -500 0
916 1
1 13 0 0 0 0 1.22271 0 2.73952 3.00186 0.10566 0 0 -500 0
917 1
1 13 0 0 0 0 1.06095 0 2.80613 3.00186 0.10566 0 0 -500 0
918 1
1 13 0 0 0 0 1.10152 0 2.79046 3.00186 0.10566 0 0 -500 0
919 1
1 13 0 0 0 0 1.03299 0 2.81655 3.00186 0.10566 0 0 -500 0
920 1
1 13 0 0 0 0 1.19043 0 2.7537 3.00186 0.10566 0 0 -500 0
921 1
1 13 0 0 0 0 1.12397 0 2.78149 3.00186 0.10566 0 0 -500 0
922 1
1 13 0 0 0 0 1.07932 0 2.79912 3.00186 0.10566 0 0 -500 0
923 1
1 13 0 0 0 0 1.13417 0 2.77735 3.00186 0.10566 0 0 -500 0
924 1
1 13 0 0 0 0 1.2329 0 2.73495 3.00186 0.10566 0 0 -500 0
925 1
1 13 0 0 0 0 1.04033 0 2.81384 3.00186 0.10566 0 0 -500 0
926 1
1 13 0 0 0 0 1.05132 0 2.80976 3.00186 0.10566 0 0 -500 0
927 1
1 13 0 0 0 0 1.17085 0 2.76209 3.00186 0.10566 0 0 -500 0
928 1
1 13 0 0 0 0 1.18898 0 2.75433 3.00186 0.10566 0 0 -500 0
929 1
1 13 0 0 0 0 1.2064 0 2.74674 3.00186 0.10566 0 0 -500 0
930 1
1 13 0 0 0 0 1.06043 0 2.80633 3.00186 0.10566 0 0 -500 0
931 1
1 13 0 0 0 0 1.09966 0 2.79119 3.00186 0.10566 0 0 -500 0
932 1
1 13 0 0 0 0 1.15056 0 2.7706 3.00186 0.10566 0 0 -500 0
933 1
1 13 0 0 0 0 1.09486 0 2.79308 3.00186 0.10566 0 0 -500 0
934 1
1 13 0 0 0 0 1.23725 0 2.73299 3.00186 0.10566 0 0 -500 0
935 1
1 13 0 0 0 0 1.11513 0 2.78504 3.00186 0.10566 0 0 -500 0
936 1
1 13 0 0 0 0 1.14962 0 2.77099 3.00186 0.10566 0 0 -500 0
937 1
1 13 0 0 0 0 1.03812 0 2.81466 3.00186 0.10566 0 0 -500 0
938 1
1 13 0 0 0 0 1.18653 0 2.75539 3.00186 0.10566 0 0 -500 0
939 1
1 13 0 0 0 0 1.12859 0 2.77962 3.00186 0.10566 0 0 -500 0
940 1
1 13 0 0 0 0 1.22362 0 2.73912 3.00186 0.10566 0 0 -500 0
941 1
1 13 0 0 0 0 1.02869 0 2.81812 3.00186 0.10566 0 0 -500 0
942 1
1 13 0 0 0 0 1.11567 0 2.78483 3.00186 0.10566 0 0 -500 0
943 1
1 13 0 0 0 0 1.05972 0 2.8066 3.00186 0.10566 0 0 -500 0
944 1
1 13 0 0 0 0 1.23644 0 2.73335 3.00186 0.10566 0 0 -500 0
945 1
1 13 0 0 0 0 1.1114 0 2.78654 3.00186 0.10566 0 0 -500 0
946 1
1 13 0 0 0 0 1.08956 0 2.79515 3.00186 0.10566 0 0 -500 0
947 1
1 13 0 0 0 0 1.1816 0 2.7575 3.00186 0.10566 0 0 -500 0
948 1
1 13 0 0 0 0 1.08466 0 2.79705 3.00186 0.10566 0 0 -500 0
949 1
1 13 0 0 0 0 1.07986 0 2.79891 3.00186 0.10566 0 0 -500 0
950 1
1 13 0 0 0 0 1.05569 0 2.80812 3.00186 0.10566 0 0 -500 0
951 1
1 13 0 0 0 0 1.17463 0 2.76048 3.00186 0.10566 0 0 -500 0
952 1
1 13 0 0 0 0 1.04676 0 2.81146 3.00186 0.10566 0 0 -500 0
953 1
1 13 0 0 0 0 1.22644 0 2.73785 3.00186 0.10566 0 0 -500 0
954 1
1 13 0 0 0 0 1.14835 0 2.77151 3.00186 0.10566 0 0 -500 0
955 1
1 13 0 0 0 0 1.21917 0 2.7411 3.00186 0.10566 0 0 -500 0
956 1
1 13 0 0 0 0 1.04707 0 2.81134 3.00186 0.10566 0 0 -500 0
957 1
1 13 0 0 0 0 1.26475 0 2.72037 3.00186 0.10566 0 0 -500 0
958 1
1 13 0 0 0 0 1.19239 0 2.75285 3.00186 0.10566 0 0 -500 0
959 1
1 13 0 0 0 0 1.16275 0 2.7655 3.00186 0.10566 0 0 -500 0
960 1
1 13 0 0 0 0 1.03108 0 2.81725 3.00186 0.10566 0 0 -500 0
961 1
1 13 0 0 0 0 1.12776 0 2.77996 3.00186 0.10566 0 0 -500 0
962 1
1 13 0 0 0 0 1.22174 0 2.73996 3.00186 0.10566 0 0 -500 0
963 1
1 13 0 0 0 0 1.19115 0 2.75339 3.00186 0.10566 0 0 -500 0
964 1
1 13 0 0 0 0 1.10117 0 2.7906 3.00186 0.10566 0 0 -500 0
965 1
1 13 0 0 0 0 1.22865 0 2.73687 3.00186 0.10566 0 0 -500 0
966 1
1 13 0 0 0 0 1.06321 0 2.80528 3.00186 0.10566 0 0 -500 0
967 1
1 13 0 0 0 0 1.04633 0 2.81162 3.00186 0.10566 0 0 -500 0
968 1
1 13 0 0 0 0 1.18421 0 2.75638 3.00186 0.10566 0 0 -500 0
969 1
1 13 0 0 0 0 1.13916 0 2.7753 3.00186 0.10566 0 0 -500 0
970 1
1 13 0 0 0 0 1.11718 0 2.78423 3.00186 0.10566 0 0 -500 0
971 1
1 13 0 0 0 0 1.15252 0 2.76978 3.00186 0.10566 0 0 -500 0
972 1
1 13 0 0 0 0 1.11722 0 2.78421 3.00186 0.10566 0 0 -500 0
973 1
1 13 0 0 0 0 1.22278 0 2.73949 3.00186 0.10566 0 0 -500 0
974 1
1 13 0 0 0 0 1.14526 0 2.77279 3.00186 0.10566 0 0 -500 0
975 1
1 13 0 0 0 0 1.23166 0 2.73551 3.00186 0.10566 0 0 -500 0
976 1
1 13 0 0 0 0 1.2115 0 2.7445 3.00186 0.10566 0 0 -500 0
977 1
1 13 0 0 0 0 1.11683 0 2.78437 3.00186 0.10566 0 0 -500 0
978 1
1 13 0 0 0 0 1.25274 0 2.72592 3.00186 0.10566 0 0 -500 0
979 1
1 13 0 0 0 0 1.02695 0 2.81875 3.00186 0.10566 0 0 -500 0
980 1
1 13 0 0 0 0 1.175 0 2.76032 3.00186 0.10566 0 0 -500 0
981 1
1 13 0 0 0 0 1.21052 0 2.74493 3.00186 0.10566 0 0 -500 0
982 1
1 13 0 0 0 0 1.07139 0 2.80216 3.00186 0.10566 0 0 -500 0
983 1
1 13 0 0 0 0 1.1716 0 2.76177 3.00186 0.10566 0 0 -500 0
984 1
1 13 0 0 0 0 1.1843 0 2.75635 3.00186 0.10566 0 0 -500 0
985 1
1 13 0 0 0 0 1.10422 0 2.78939 3.00186 0.10566 0 0 -500 0
986 1
1 13 0 0 0 0 1.06646 0 2.80404 3.00186 0.10566 0 0 -500 0
987 1
1 13 0 0 0 0 1.12048 0 2.7829 3.00186 0.10566 0 0 -500 0
988 1
1 13 0 0 0 0 1.25593 0 2.72445 3.00186 0.10566 0 0 -500 0
989 1
1 13 0 0 0 0 1.07269 0 2.80167 3.00186 0.10566 0 0 -500 0
990 1
1 13 0 0 0 0 1.2465 0 2.72878 3.00186 0.10566 0 0 -500 0
991 1
1 13 0 0 0 0 1.24997 0 2.72719 3.00186 0.10566 0 0 -500 0
992 1
1 13 0 0 0 0 1.12838 0 2.77971 3.00186 0.10566 0 0 -500 0
993 1
1 13 0 0 0 0 1.16694 0 2.76374 3.00186 0.10566 0 0 -500 0
994 1
1 13 0 0 0 0 1.22817 0 2.73708 3.00186 0.10566 0 0 -500 0
995 1
1 13 0 0 0 0 1.2655 0 2.72002 3.00186 0.10566 0 0 -500 0
996 1
1 13 0 0 0 0 1.16446 0 2.76478 3.00186 0.10566 0 0 -500 0
997 1
1 13 0 0 0 0 1.23401 0 2.73445 3.00186 0.10566 0 0 -500 0
998 1
1 13 0 0 0 0 1.08405 0 2.79729 3.00186 0.10566 0 0 -500 0
999 1
1 13 0 0 0 0 1.25094 0 2.72675 3.00186 0.10566 0 0 -500 0