0 1
1 13 0 0 0 0 1.36978 0 2.66903 3.00186 0.10566 0 0 -500 0
1 1
1 13 0 0 0 0 1.39868 0 2.654 3.00186 0.10566 0 0 -500 0
2 1
1 13 0 0 0 0 1.30162 0 2.70292 3.00186 0.10566 0 0 -500 0
3 1
1 13 0 0 0 0 1.30097 0 2.70323 3.00186 0.10566 0 0 -500 0
4 1
1 13 0 0 0 0 1.45466 0 2.62373 3.00186 0.10566 0 0 -500 0
5 1
1 13 0 0 0 0 1.43838 0 2.63269 3.00186 0.10566 0 0 -500 0
6 1
1 13 0 0 0 0 1.3281 0 2.69001 3.00186 0.10566 0 0 -500 0
7 1
1 13 0 0 0 0 1.29444 0 2.70637 3.00186 0.10566 0 0 -500 0
8 1
1 13 0 0 0 0 1.4257 0 2.63958 3.00186 0.10566 0 0 -500 0
9 1
1 13 0 0 0 0 1.49855 0 2.59891 3.00186 0.10566 0 0 -500 0
10 1
1 13 0 0 0 0 1.35909 0 2.67448 3.00186 0.10566 0 0 -500 0
11 1
1 13 0 0 0 0 1.39597 0 2.65542 3.00186 0.10566 0 0 -500 0
12 1
1 13 0 0 0 0 1.29799 0 2.70467 3.00186 0.10566 0 0 -500 0
13 1
1 13 0 0 0 0 1.47145 0 2.61435 3.00186 0.10566 0 0 -500 0
14 1
1 13 0 0 0 0 1.37333 0 2.6672 3.00186 0.10566 0 0 -500 0
15 1
1 13 0 0 0 0 1.49865 0 2.59885 3.00186 0.10566 0 0 -500 0
16 1
1 13 0 0 0 0 1.3487 0 2.67974 3.00186 0.10566 0 0 -500 0
17 1
1 13 0 0 0 0 1.30185 0 2.70281 3.00186 0.10566 0 0 -500 0
18 1
1 13 0 0 0 0 1.44971 0 2.62647 3.00186 0.10566 0 0 -500 0
19 1
1 13 0 0 0 0 1.34782 0 2.68018 3.00186 0.10566 0 0 -500 0
20 1
1 13 0 0 0 0 1.37405 0 2.66683 3.00186 0.10566 0 0 -500 0
21 1
1 13 0 0 0 0 1.28159 0 2.71247 3.00186 0.10566 0 0 -500 0
22 1
1 13 0 0 0 0 1.45992 0 2.62081 3.00186 0.10566 0 0 -500 0
23 1
1 13 0 0 0 0 1.41227 0 2.64679 3.00186 0.10566 0 0 -500 0
24 1
1 13 0 0 0 0 1.44758 0 2.62764 3.00186 0.10566 0 0 -500 0
25 1
1 13 0 0 0 0 1.49691 0 2.59986 3.00186 0.10566 0 0 -500 0
26 1
1 13 0 0 0 0 1.33298 0 2.6876 3.00186 0.10566 0 0 -500 0
27 1
1 13 0 0 0 0 1.33125 0 2.68845 3.00186 0.10566 0 0 -500 0
28 1
1 13 0 0 0 0 1.40522 0 2.65054 3.00186 0.10566 0 0 -500 0
29 1
1 13 0 0 0 0 1.28875 0 2.70908 3.00186 0.10566 0 0 -500 0
30 1
1 13 0 0 0 0 1.3972 0 2.65478 3.00186 0.10566 0 0 -500 0
31 1
1 13 0 0 0 0 1.41798 0 2.64373 3.00186 0.10566 0 0 -500 0
32 1
1 13 0 0 0 0 1.35479 0 2.67667 3.00186 0.10566 0 0 -500 0
33 1
1 13 0 0 0 0 1.30833 0 2.69968 3.00186 0.10566 0 0 -500 0
34 1
1 13 0 0 0 0 1.34228 0 2.68296 3.00186 0.10566 0 0 -500 0
35 1
1 13 0 0 0 0 1.39238 0 2.65731 3.00186 0.10566 0 0 -500 0
36 1
1 13 0 0 0 0 1.32891 0 2.68961 3.00186 0.10566 0 0 -500 0
37 1
1 13 0 0 0 0 1.39417 0 2.65637 3.00186 0.10566 0 0 -500 0
38 1
1 13 0 0 0 0 1.33301 0 2.68758 3.00186 0.10566 0 0 -500 0
39 1
1 13 0 0 0 0 1.40804 0 2.64904 3.00186 0.10566 0 0 -500 0
40 1
1 13 0 0 0 0 1.46615 0 2.61733 3.00186 0.10566 0 0 -500 0
41 1
1 13 0 0 0 0 1.47355 0 2.61317 3.00186 0.10566 0 0 -500 0
42 1
1 13 0 0 0 0 1.41239 0 2.64673 3.00186 0.10566 0 0 -500 0
43 1
1 13 0 0 0 0 1.46733 0 2.61667 3.00186 0.10566 0 0 -500 0
44 1
1 13 0 0 0 0 1.46547 0 2.61771 3.00186 0.10566 0 0 -500 0
45 1
1 13 0 0 0 0 1.28425 0 2.71122 3.00186 0.10566 0 0 -500 0
46 1
1 13 0 0 0 0 1.42061 0 2.64232 3.00186 0.10566 0 0 -500 0
47 1
1 13 0 0 0 0 1.49279 0 2.60223 3.00186 0.10566 0 0 -500 0
48 1
1 13 0 0 0 0 1.28152 0 2.71251 3.00186 0.10566 0 0 -500 0
49 1
1 13 0 0 0 0 1.36389 0 2.67204 3.00186 0.10566 0 0 -500 0
50 1
1 13 0 0 0 0 1.42823 0 2.63821 3.00186 0.10566 0 0 -500 0
51 1
1 13 0 0 0 0 1.4639 0 2.61859 3.00186 0.10566 0 0 -500 0
52 1
1 13 0 0 0 0 1.38387 0 2.66175 3.00186 0.10566 0 0 -500 0
53 1
1 13 0 0 0 0 1.43543 0 2.6343 3.00186 0.10566 0 0 -500 0
54 1
1 13 0 0 0 0 1.44148 0 2.631 3.00186 0.10566 0 0 -500 0
55 1
1 13 0 0 0 0 1.35479 0 2.67667 3.00186 0.10566 0 0 -500 0
56 1
1 13 0 0 0 0 1.2716 0 2.71717 3.00186 0.10566 0 0 -500 0
57 1
1 13 0 0 0 0 1.42806 0 2.63831 3.00186 0.10566 0 0 -500 0
58 1
1 13 0 0 0 0 1.34291 0 2.68264 3.00186 0.10566 0 0 -500 0
59 1
1 13 0 0 0 0 1.38381 0 2.66178 3.00186 0.10566 0 0 -500 0
60 1
1 13 0 0 0 0 1.49145 0 2.60299 3.00186 0.10566 0 0 -500 0
61 1
1 13 0 0 0 0 1.45957 0 2.621 3.00186 0.10566 0 0 -500 0
62 1
1 13 0 0 0 0 1.44938 0 2.62665 3.00186 0.10566 0 0 -500 0
63 1
1 13 0 0 0 0 1.48166 0 2.60858 3.00186 0.10566 0 0 -500 0
64 1
1 13 0 0 0 0 1.49479 0 2.60108 3.00186 0.10566 0 0 -500 0
65 1
1 13 0 0 0 0 1.46967 0 2.61535 3.00186 0.10566 0 0 -500 0
66 1
1 13 0 0 0 0 1.46616 0 2.61732 3.00186 0.10566 0 0 -500 0
67 1
1 13 0 0 0 0 1.30408 0 2.70173 3.00186 0.10566 0 0 -500 0
68 1
1 13 0 0 0 0 1.35956 0 2.67425 3.00186 0.10566 0 0 -500 0
69 1
1 13 0 0 0 0 1.48165 0 2.60859 3.00186 0.10566 0 0 -500 0
70 1
1 13 0 0 0 0 1.46875 0 2.61587 3.00186 0.10566 0 0 -500 0
71 1
1 13 0 0 0 0 1.33596 0 2.68611 3.00186 0.10566 0 0 -500 0
72 1
1 13 0 0 0 0 1.46991 0 2.61522 3.00186 0.10566 0 0 -500 0
73 1
1 13 0 0 0 0 1.34023 0 2.68399 3.00186 0.10566 0 0 -500 0
74 1
1 13 0 0 0 0 1.31649 0 2.69571 3.00186 0.10566 0 0 -500 0
75 1
1 13 0 0 0 0 1.28187 0 2.71234 3.00186 0.10566 0 0 -500 0
76 1
1 13 0 0 0 0 1.37764 0 2.66498 3.00186 0.10566 0 0 -500 0
77 1
1 13 0 0 0 0 1.49741 0 2.59957 3.00186 0.10566 0 0 -500 0
78 1
1 13 0 0 0 0 1.32591 0 2.69109 3.00186 0.10566 0 0 -500 0
79 1
1 13 0 0 0 0 1.30009 0 2.70366 3.00186 0.10566 0 0 -500 0
80 1
1 13 0 0 0 0 1.26891 0 2.71843 3.00186 0.10566 0 0 -500 0
81 1
1 13 0 0 0 0 1.28431 0 2.71119 3.00186 0.10566 0 0 -500 0
82 1
1 13 0 0 0 0 1.41466 0 2.64551 3.00186 0.10566 0 0 -500 0
83 1
1 13 0 0 0 0 1.29602 0 2.70561 3.00186 0.10566 0 0 -500 0
84 1
1 13 0 0 0 0 1.45259 0 2.62488 3.00186 0.10566 0 0 -500 0
85 1
1 13 0 0 0 0 1.4849 0 2.60674 3.00186 0.10566 0 0 -500 0
86 1
1 13 0 0 0 0 1.27404 0 2.71603 3.00186 0.10566 0 0 -500 0
87 1
1 13 0 0 0 0 1.36688 0 2.67051 3.00186 0.10566 0 0 -500 0
88 1
1 13 0 0 0 0 1.32166 0 2.69318 3.00186 0.10566 0 0 -500 0
89 1
1 13 0 0 0 0 1.37289 0 2.66743 3.00186 0.10566 0 0 -500 0
90 1
1 13 0 0 0 0 1.3275 0 2.69031 3.00186 0.10566 0 0 -500 0
91 1
1 13 0 0 0 0 1.46335 0 2.6189 3.00186 0.10566 0 0 -500 0
92 1
1 13 0 0 0 0 1.36091 0 2.67356 3.00186 0.10566 0 0 -500 0
93 1
1 13 0 0 0 0 1.43183 0 2.63626 3.00186 0.10566 0 0 -500 0
94 1
1 13 0 0 0 0 1.38211 0 2.66266 3.00186 0.10566 0 0 -500 0
95 1
1 13 0 0 0 0 1.28709 0 2.70987 3.00186 0.10566 0 0 -500 0
96 1
1 13 0 0 0 0 1.29967 0 2.70386 3.00186 0.10566 0 0 -500 0
97 1
1 13 0 0 0 0 1.27524 0 2.71547 3.00186 0.10566 0 0 -500 0
98 1
1 13 0 0 0 0 1.37548 0 2.66609 3.00186 0.10566 0 0 -500 0
99 1
1 13 0 0 0 0 1.4219 0 2.64163 3.00186 0.10566 0 0 -500 0
100 1
1 13 0 0 0 0 1.38241 0 2.66251 3.00186 0.10566 0 0 -500 0
101 1
1 13 0 0 0 0 1.41454 0 2.64558 3.00186 0.10566 0 0 -500 0
102 1
1 13 0 0 0 0 1.3424 0 2.6829 3.00186 0.10566 0 0 -500 0
103 1
1 13 0 0 0 0 1.33393 0 2.68712 3.00186 0.10566 0 0 -500 0
104 1
1 13 0 0 0 0 1.41348 0 2.64614 3.00186 0.10566 0 0 -500 0
105 1
1 13 0 0 0 0 1.49168 0 2.60286 3.00186 0.10566 0 0 -500 0
106 1
1 13 0 0 0 0 1.4445 0 2.62934 3.00186 0.10566 0 0 -500 0
107 1
1 13 0 0 0 0 1.44886 0 2.62694 3.00186 0.10566 0 0 -500 0
108 1
1 13 0 0 0 0 1.35114 0 2.67851 3.00186 0.10566 0 0 -500 0
109 1
1 13 0 0 0 0 1.34736 0 2.68042 3.00186 0.10566 0 0 -500 0
110 1
1 13 0 0 0 0 1.34295 0 2.68263 3.00186 0.10566 0 0 -500 0
111 1
1 13 0 0 0 0 1.39847 0 2.6541 3.00186 0.10566 0 0 -500 0
112 1
1 13 0 0 0 0 1.45335 0 2.62446 3.00186 0.10566 0 0 -500 0
113 1
1 13 0 0 0 0 1.469 0 2.61573 3.00186 0.10566 0 0 -500 0
114 1
1 13 0 0 0 0 1.43782 0 2.633 3.00186 0.10566 0 0 -500 0
115 1
1 13 0 0 0 0 1.44929 0 2.6267 3.00186 0.10566 0 0 -500 0
116 1
1 13 0 0 0 0 1.45746 0 2.62218 3.00186 0.10566 0 0 -500 0
117 1
1 13 0 0 0 0 1.39409 0 2.65641 3.00186 0.10566 0 0 -500 0
118 1
1 13 0 0 0 0 1.36589 0 2.67102 3.00186 0.10566 0 0 -500 0
119 1
1 13 0 0 0 0 1.33631 0 2.68594 3.00186 0.10566 0 0 -500 0
120 1
1 13 0 0 0 0 1.43776 0 2.63303 3.00186 0.10566 0 0 -500 0
121 1
1 13 0 0 0 0 1.31033 0 2.69871 3.00186 0.10566 0 0 -500 0
122 1
1 13 0 0 0 0 1.38144 0 2.66301 3.00186 0.10566 0 0 -500 0
123 1
1 13 0 0 0 0 1.27258 0 2.71672 3.00186 0.10566 0 0 -500 0
124 1
1 13 0 0 0 0 1.38042 0 2.66354 3.00186 0.10566 0 0 -500 0
125 1
1 13 0 0 0 0 1.4368 0 2.63355 3.00186 0.10566 0 0 -500 0
126 1
1 13 0 0 0 0 1.32229 0 2.69287 3.00186 0.10566 0 0 -500 0
127 1
1 13 0 0 0 0 1.35834 0 2.67487 3.00186 0.10566 0 0 -500 0
128 1
1 13 0 0 0 0 1.37813 0 2.66472 3.00186 0.10566 0 0 -500 0
129 1
1 13 0 0 0 0 1.45781 0 2.62198 3.00186 0.10566 0 0 -500 0
130 1
1 13 0 0 0 0 1.48221 0 2.60826 3.00186 0.10566 0 0 -500 0
131 1
1 13 0 0 0 0 1.44744 0 2.62772 3.00186 0.10566 0 0 -500 0
132 1
1 13 0 0 0 0 1.35709 0 2.6755 3.00186 0.10566 0 0 -500 0
133 1
1 13 0 0 0 0 1.44678 0 2.62808 3.00186 0.10566 0 0 -500 0
134 1
1 13 0 0 0 0 1.29714 0 2.70507 3.00186 0.10566 0 0 -500 0
135 1
1 13 0 0 0 0 1.40387 0 2.65125 3.00186 0.10566 0 0 -500 0
136 1
1 13 0 0 0 0 1.33083 0 2.68866 3.00186 0.10566 0 0 -500 0
137 1
1 13 0 0 0 0 1.41774 0 2.64386 3.00186 0.10566 0 0 -500 0
138 1
1 13 0 0 0 0 1.38462 0 2.66136 3.00186 0.10566 0 0 -500 0
139 1
1 13 0 0 0 0 1.49032 0 2.60364 3.00186 0.10566 0 0 -500 0
140 1
1 13 0 0 0 0 1.45387 0 2.62417 3.00186 0.10566 0 0 -500 0
141 1
1 13 0 0 0 0 1.41111 0 2.64741 3.00186 0.10566 0 0 -500 0
142 1
1 13 0 0 0 0 1.39722 0 2.65477 3.00186 0.10566 0 0 -500 0
143 1
1 13 0 0 0 0 1.3876 0 2.6598 3.00186 0.10566 0 0 -500 0
144 1
1 13 0 0 0 0 1.44074 0 2.6314 3.00186 0.10566 0 0 -500 0
145 1
1 13 0 0 0 0 1.3513 0 2.67843 3.00186 0.10566 0 0 -500 0
146 1
1 13 0 0 0 0 1.37999 0 2.66376 3.00186 0.10566 0 0 -500 0
147 1
1 13 0 0 0 0 1.28232 0 2.71213 3.00186 0.10566 0 0 -500 0
148 1
1 13 0 0 0 0 1.31623 0 2.69584 3.00186 0.10566 0 0 -500 0
149 1
1 13 0 0 0 0 1.27042 0 2.71773 3.00186 0.10566 0 0 -500 0
150 1
1 13 0 0 0 0 1.41046 0 2.64775 3.00186 0.10566 0 0 -500 0
151 1
1 13 0 0 0 0 1.48239 0 2.60817 3.00186 0.10566 0 0 -500 0
152 1
1 13 0 0 0 0 1.47354 0 2.61317 3.00186 0.10566 0 0 -500 0
153 1
1 13 0 0 0 0 1.31432 0 2.69677 3.00186 0.10566 0 0 -500 0
154 1
1 13 0 0 0 0 1.47496 0 2.61237 3.00186 0.10566 0 0 -500 0
155 1
1 13 0 0 0 0 1.36489 0 2.67153 3.00186 0.10566 0 0 -500 0
156 1
1 13 0 0 0 0 1.45597 0 2.623 3.00186 0.10566 0 0 -500 0
157 1
1 13 0 0 0 0 1.35389 0 2.67712 3.00186 0.10566 0 0 -500 0
158 1
1 13 0 0 0 0 1.27894 0 2.71373 3.00186 0.10566 0 0 -500 0
159 1
1 13 0 0 0 0 1.34885 0 2.67967 3.00186 0.10566 0 0 -500 0
160 1
1 13 0 0 0 0 1.40988 0 2.64806 3.00186 0.10566 0 0 -500 0
161 1
1 13 0 0 0 0 1.48681 0 2.60564 3.00186 0.10566 0 0 -500 0
162 1
1 13 0 0 0 0 1.31985 0 2.69407 3.00186 0.10566 0 0 -500 0
163 1
1 13 0 0 0 0 1.4403 0 2.63164 3.00186 0.10566 0 0 -500 0
164 1
1 13 0 0 0 0 1.30125 0 2.7031 3.00186 0.10566 0 0 -500 0
165 1
1 13 0 0 0 0 1.33619 0 2.686 3.00186 0.10566 0 0 -500 0
166 1
1 13 0 0 0 0 1.31036 0 2.69869 3.00186 0.10566 0 0 -500 0
167 1
1 13 0 0 0 0 1.292 0 2.70753 3.00186 0.10566 0 0 -500 0
168 1
1 13 0 0 0 0 1.47981 0 2.60963 3.00186 0.10566 0 0 -500 0
169 1
1 13 0 0 0 0 1.38489 0 2.66122 3.00186 0.10566 0 0 -500 0
170 1
1 13 0 0 0 0 1.29655 0 2.70536 3.00186 0.10566 0 0 -500 0
171 1
1 13 0 0 0 0 1.29785 0 2.70473 3.00186 0.10566 0 0 -500 0
172 1
1 13 0 0 0 0 1.31064 0 2.69856 3.00186 0.10566 0 0 -500 0
173 1
1 13 0 0 0 0 1.39296 0 2.657 3.00186 0.10566 0 0 -500 0
174 1
1 13 0 0 0 0 1.29726 0 2.70501 3.00186 0.10566 0 0 -500 0
175 1
1 13 0 0 0 0 1.41326 0 2.64626 3.00186 0.10566 0 0 -500 0
176 1
1 13 0 0 0 0 1.44242 0 2.63048 3.00186 0.10566 0 0 -500 0
177 1
1 13 0 0 0 0 1.32607 0 2.69101 3.00186 0.10566 0 0 -500 0
178 1
1 13 0 0 0 0 1.45361 0 2.62432 3.00186 0.10566 0 0 -500 0
179 1
1 13 0 0 0 0 1.35743 0 2.67533 3.00186 0.10566 0 0 -500 0
180 1
1 13 0 0 0 0 1.36767 0 2.67011 3.00186 0.10566 0 0 -500 0
181 1
1 13 0 0 0 0 1.2705 0 2.71769 3.00186 0.10566 0 0 -500 0
182 1
1 13 0 0 0 0 1.36863 0 2.66962 3.00186 0.10566 0 0 -500 0
183 1
1 13 0 0 0 0 1.34518 0 2.68151 3.00186 0.10566 0 0 -500 0
184 1
1 13 0 0 0 0 1.49162 0 2.60289 3.00186 0.10566 0 0 -500 0
185 1
1 13 0 0 0 0 1.47062 0 2.61482 3.00186 0.10566 0 0 -500 0
186 1
1 13 0 0 0 0 1.45832 0 2.6217 3.00186 0.10566 0 0 -500 0
187 1
1 13 0 0 0 0 1.28032 0 2.71307 3.00186 0.10566 0 0 -500 0
188 1
1 13 0 0 0 0 1.47374 0 2.61306 3.00186 0.10566 0 0 -500 0
189 1
1 13 0 0 0 0 1.46507 0 2.61793 3.00186 0.10566 0 0 -500 0
190 1
1 13 0 0 0 0 1.33862 0 2.68479 3.00186 0.10566 0 0 -500 0
191 1
1 13 0 0 0 0 1.39261 0 2.65719 3.00186 0.10566 0 0 -500 0
192 1
1 13 0 0 0 0 1.49499 0 2.60096 3.00186 0.10566 0 0 -500 0
193 1
1 13 0 0 0 0 1.42367 0 2.64067 3.00186 0.10566 0 0 -500 0
194 1
1 13 0 0 0 0 1.44364 0 2.62981 3.00186 0.10566 0 0 -500 0
195 1
1 13 0 0 0 0 1.35766 0 2.67521 3.00186 0.10566 0 0 -500 0
196 1
1 13 0 0 0 0 1.37364 0 2.66704 3.00186 0.10566 0 0 -500 0
197 1
1 13 0 0 0 0 1.29331 0 2.70691 3.00186 0.10566 0 0 -500 0
198 1
1 13 0 0 0 0 1.48606 0 2.60608 3.00186 0.10566 0 0 -500 0
199 1
1 13 0 0 0 0 1.39922 0 2.65371 3.00186 0.10566 0 0 -500 0
200 1
1 13 0 0 0 0 1.35159 0 2.67829 3.00186 0.10566 0 0 -500 0
201 1
1 13 0 0 0 0 1.49167 0 2.60287 3.00186 0.10566 0 0 -500 0
202 1
1 13 0 0 0 0 1.29242 0 2.70733 3.00186 0.10566 0 0 -500 0
203 1
1 13 0 0 0 0 1.28863 0 2.70914 3.00186 0.10566 0 0 -500 0
204 1
1 13 0 0 0 0 1.33351 0 2.68733 3.00186 0.10566 0 0 -500 0
205 1
1 13 0 0 0 0 1.45472 0 2.6237 3.00186 0.10566 0 0 -500 0
206 1
1 13 0 0 0 0 1.47586 0 2.61186 3.00186 0.10566 0 0 -500 0
207 1
1 13 0 0 0 0 1.38932 0 2.65891 3.00186 0.10566 0 0 -500 0
208 1
1 13 0 0 0 0 1.39336 0 2.65679 3.00186 0.10566 0 0 -500 0
209 1
1 13 0 0 0 0 1.44534 0 2.62887 3.00186 0.10566 0 0 -500 0
210 1
1 13 0 0 0 0 1.43999 0 2.63181 3.00186 0.10566 0 0 -500 0
211 1
1 13 0 0 0 0 1.38229 0 2.66257 3.00186 0.10566 0 0 -500 0
212 1
1 13 0 0 0 0 1.45549 0 2.62327 3.00186 0.10566 0 0 -500 0
213 1
1 13 0 0 0 0 1.31895 0 2.69451 3.00186 0.10566 0 0 -500 0
214 1
1 13 0 0 0 0 1.28759 0 2.70963 3.00186 0.10566 0 0 -500 0
215 1
1 13 0 0 0 0 1.31485 0 2.69651 3.00186 0.10566 0 0 -500 0
216 1
1 13 0 0 0 0 1.46675 0 2.61699 3.00186 0.10566 0 0 -500 0
217 1
1 13 0 0 0 0 1.4312 0 2.6366 3.00186 0.10566 0 0 -500 0
218 1
1 13 0 0 0 0 1.43714 0 2.63337 3.00186 0.10566 0 0 -500 0
219 1
1 13 0 0 0 0 1.43308 0 2.63558 3.00186 0.10566 0 0 -500 0
220 1
1 13 0 0 0 0 1.45735 0 2.62224 3.00186 0.10566 0 0 -500 0
221 1
1 13 0 0 0 0 1.36074 0 2.67365 3.00186 0.10566 0 0 -500 0
222 1
1 13 0 0 0 0 1.40411 0 2.65113 3.00186 0.10566 0 0 -500 0
223 1
1 13 0 0 0 0 1.48717 0 2.60544 3.00186 0.10566 0 0 -500 0
224 1
1 13 0 0 0 0 1.47661 0 2.61144 3.00186 0.10566 0 0 -500 0
225 1
1 13 0 0 0 0 1.30658 0 2.70053 3.00186 0.10566 0 0 -500 0
226 1
1 13 0 0 0 0 1.3072 0 2.70023 3.00186 0.10566 0 0 -500 0
227 1
1 13 0 0 0 0 1.32337 0 2.69234 3.00186 0.10566 0 0 -500 0
228 1
1 13 0 0 0 0 1.2849 0 2.71091 3.00186 0.10566 0 0 -500 0
229 1
1 13 0 0 0 0 1.44914 0 2.62678 3.00186 0.10566 0 0 -500 0
230 1
1 13 0 0 0 0 1.29415 0 2.7065 3.00186 0.10566 0 0 -500 0
231 1
1 13 0 0 0 0 1.44807 0 2.62738 3.00186 0.10566 0 0 -500 0
232 1
1 13 0 0 0 0 1.29939 0 2.70399 3.00186 0.10566 0 0 -500 0
233 1
1 13 0 0 0 0 1.43705 0 2.63342 3.00186 0.10566 0 0 -500 0
234 1
1 13 0 0 0 0 1.47141 0 2.61437 3.00186 0.10566 0 0 -500 0
235 1
1 13 0 0 0 0 1.39739 0 2.65468 3.00186 0.10566 0 0 -500 0
236 1
1 13 0 0 0 0 1.40936 0 2.64834 3.00186 0.10566 0 0 -500 0
237 1
1 13 0 0 0 0 1.39734 0 2.6547 3.00186 0.10566 0 0 -500 0
238 1
1 13 0 0 0 0 1.28394 0 2.71136 3.00186 0.10566 0 0 -500 0
239 1
1 13 0 0 0 0 1.38578 0 2.66075 3.00186 0.10566 0 0 -500 0
240 1
1 13 0 0 0 0 1.45329 0 2.62449 3.00186 0.10566 0 0 -500 0
241 1
1 13 0 0 0 0 1.45815 0 2.62179 3.00186 0.10566 0 0 -500 0
242 1
1 13 0 0 0 0 1.36628 0 2.67082 3.00186 0.10566 0 0 -500 0
243 1
1 13 0 0 0 0 1.30202 0 2.70273 3.00186 0.10566 0 0 -500 0
244 1
1 13 0 0 0 0 1.37446 0 2.66662 3.00186 0.10566 0 0 -500 0
245 1
1 13 0 0 0 0 1.33427 0 2.68695 3.00186 0.10566 0 0 -500 0
246 1
1 13 0 0 0 0 1.40027 0 2.65315 3.00186 0.10566 0 0 -500 0
247 1
1 13 0 0 0 0 1.39186 0 2.65758 3.00186 0.10566 0 0 -500 0
248 1
1 13 0 0 0 0 1.39668 0 2.65505 3.00186 0.10566 0 0 -500 0
249 1
1 13 0 0 0 0 1.28798 0 2.70945 3.00186 0.10566 0 0 -500 0
250 1
1 13 0 0 0 0 1.41548 0 2.64507 3.00186 0.10566 0 0 -500 0
251 1
1 13 0 0 0 0 1.49152 0 2.60295 3.00186 0.10566 0 0 -500 0
252 1
1 13 0 0 0 0 1.41344 0 2.64617 3.00186 0.10566 0 0 -500 0
253 1
1 13 0 0 0 0 1.40755 0 2.6493 3.00186 0.10566 0 0 -500 0
254 1
1 13 0 0 0 0 1.48872 0 2.60456 3.00186 0.10566 0 0 -500 0
255 1
1 13 0 0 0 0 1.35529 0 2.67641 3.00186 0.10566 0 0 -500 0
256 1
1 13 0 0 0 0 1.38881 0 2.65918 3.00186 0.10566 0 0 -500 0
257 1
1 13 0 0 0 0 1.41455 0 2.64557 3.00186 0.10566 0 0 -500 0
258 1
1 13 0 0 0 0 1.42587 0 2.63949 3.00186 0.10566 0 0 -500 0
259 1
1 13 0 0 0 0 1.39458 0 2.65615 3.00186 0.10566 0 0 -500 0
260 1
1 13 0 0 0 0 1.39729 0 2.65473 3.00186 0.10566 0 0 -500 0
261 1
1 13 0 0 0 0 1.34634 0 2.68093 3.00186 0.10566 0 0 -500 0
262 1
1 13 0 0 0 0 1.30034 0 2.70354 3.00186 0.10566 0 0 -500 0
263 1
1 13 0 0 0 0 1.39929 0 2.65367 3.00186 0.10566 0 0 -500 0
264 1
1 13 0 0 0 0 1.47812 0 2.61059 3.00186 0.10566 0 0 -500 0
265 1
1 13 0 0 0 0 1.38083 0 2.66333 3.00186 0.10566 0 0 -500 0
266 1
1 13 0 0 0 0 1.38575 0 2.66077 3.00186 0.10566 0 0 -500 0
267 1
1 13 0 0 0 0 1.4 0 2.6533 3.00186 0.10566 0 0 -500 0
268 1
1 13 0 0 0 0 1.34287 0 2.68266 3.00186 0.10566 0 0 -500 0
269 1
1 13 0 0 0 0 1.38132 0 2.66307 3.00186 0.10566 0 0 -500 0
270 1
1 13 0 0 0 0 1.46809 0 2.61624 3.00186 0.10566 0 0 -500 0
271 1
1 13 0 0 0 0 1.46065 0 2.6204 3.00186 0.10566 0 0 -500 0
272 1
1 13 0 0 0 0 1.31234 0 2.69773 3.00186 0.10566 0 0 -500 0
273 1
1 13 0 0 0 0 1.33136 0 2.6884 3.00186 0.10566 0 0 -500 0
274 1
1 13 0 0 0 0 1.42206 0 2.64154 3.00186 0.10566 0 0 -500 0
275 1
1 13 0 0 0 0 1.35583 0 2.67614 3.00186 0.10566 0 0 -500 0
276 1
1 13 0 0 0 0 1.27604 0 2.71509 3.00186 0.10566 0 0 -500 0
277 1
1 13 0 0 0 0 1.31262 0 2.69759 3.00186 0.10566 0 0 -500 0
278 1
1 13 0 0 0 0 1.37154 0 2.66812 3.00186 0.10566 0 0 -500 0
279 1
1 13 0 0 0 0 1.36242 0 2.67279 3.00186 0.10566 0 0 -500 0
280 1
1 13 0 0 0 0 1.27614 0 2.71505 3.00186 0.10566 0 0 -500 0
281 1
1 13 0 0 0 0 1.48841 0 2.60473 3.00186 0.10566 0 0 -500 0
282 1
1 13 0 0 0 0 1.34221 0 2.683 3.00186 0.10566 0 0 -500 0
283 1
1 13 0 0 0 0 1.48833 0 2.60478 3.00186 0.10566 0 0 -500 0
284 1
1 13 0 0 0 0 1.44932 0 2.62668 3.00186 0.10566 0 0 -500 0
285 1
1 13 0 0 0 0 1.44044 0 2.63157 3.00186 0.10566 0 0 -500 0
286 1
1 13 0 0 0 0 1.44748 0 2.6277 3.00186 0.10566 0 0 -500 0
287 1
1 13 0 0 0 0 1.31628 0 2.69582 3.00186 0.10566 0 0 -500 0
288 1
1 13 0 0 0 0 1.42977 0 2.63737 3.00186 0.10566 0 0 -500 0
289 1
1 13 0 0 0 0 1.44188 0 2.63077 3.00186 0.10566 0 0 -500 0
290 1
1 13 0 0 0 0 1.48186 0 2.60847 3.00186 0.10566 0 0 -500 0
291 1
1 13 0 0 0 0 1.4277 0 2.6385 3.00186 0.10566 0 0 -500 0
292 1
1 13 0 0 0 0 1.46841 0 2.61606 3.00186 0.10566 0 0 -500 0
293 1
1 13 0 0 0 0 1.27944 0 2.71349 3.00186 0.10566 0 0 -500 0
294 1
1 13 0 0 0 0 1.40611 0 2.65007 3.00186 0.10566 0 0 -500 0
295 1
1 13 0 0 0 0 1.40199 0 2.65225 3.00186 0.10566 0 0 -500 0
296 1
1 13 0 0 0 0 1.41542 0 2.64511 3.00186 0.10566 0 0 -500 0
297 1
1 13 0 0 0 0 1.34849 0 2.67985 3.00186 0.10566 0 0 -500 0
298 1
1 13 0 0 0 0 1.27476 0 2.71569 3.00186 0.10566 0 0 -500 0
299 1
1 13 0 0 0 0 1.43121 0 2.6366 3.00186 0.10566 0 0 -500 0
300 1
1 13 0 0 0 0 1.27142 0 2.71726 3.00186 0.10566 0 0 -500 0
301 1
1 13 0 0 0 0 1.49951 0 2.59836 3.00186 0.10566 0 0 -500 0
302 1
1 13 0 0 0 0 1.49874 0 2.5988 3.00186 0.10566 0 0 -500 0
303 1
1 13 0 0 0 0 1.46673 0 2.617 3.00186 0.10566 0 0 -500 0
304 1
1 13 0 0 0 0 1.30089 0 2.70327 3.00186 0.10566 0 0 -500 0
305 1
1 13 0 0 0 0 1.45474 0 2.62369 3.00186 0.10566 0 0 -500 0
306 1
1 13 0 0 0 0 1.3363 0 2.68594 3.00186 0.10566 0 0 -500 0
307 1
1 13 0 0 0 0 1.27141 0 2.71726 3.00186 0.10566 0 0 -500 0
308 1
1 13 0 0 0 0 1.41249 0 2.64667 3.00186 0.10566 0 0 -500 0
309 1
1 13 0 0 0 0 1.44699 0 2.62797 3.00186 0.10566 0 0 -500 0
310 1
1 13 0 0 0 0 1.40911 0 2.64847 3.00186 0.10566 0 0 -500 0
311 1
1 13 0 0 0 0 1.40347 0 2.65146 3.00186 0.10566 0 0 -500 0
312 1
1 13 0 0 0 0 1.35205 0 2.67805 3.00186 0.10566 0 0 -500 0
313 1
1 13 0 0 0 0 1.29836 0 2.70449 3.00186 0.10566 0 0 -500 0
314 1
1 13 0 0 0 0 1.41395 0 2.64589 3.00186 0.10566 0 0 -500 0
315 1
1 13 0 0 0 0 1.40042 0 2.65308 3.00186 0.10566 0 0 -500 0
316 1
1 13 0 0 0 0 1.49512 0 2.60089 3.00186 0.10566 0 0 -500 0
317 1
1 13 0 0 0 0 1.38513 0 2.66109 3.00186 0.10566 0 0 -500 0
318 1
1 13 0 0 0 0 1.32374 0 2.69216 3.00186 0.10566 0 0 -500 0
319 1
1 13 0 0 0 0 1.37399 0 2.66686 3.00186 0.10566 0 0 -500 0
320 1
1 13 0 0 0 0 1.38698 0 2.66013 3.00186 0.10566 0 0 -500 0
321 1
1 13 0 0 0 0 1.46724 0 2.61671 3.00186 0.10566 0 0 -500 0
322 1
1 13 0 0 0 0 1.39894 0 2.65386 3.00186 0.10566 0 0 -500 0
323 1
1 13 0 0 0 0 1.48054 0 2.60922 3.00186 0.10566 0 0 -500 0
324 1
1 13 0 0 0 0 1.2882 0 2.70934 3.00186 0.10566 0 0 -500 0
325 1
1 13 0 0 0 0 1.32955 0 2.6893 3.00186 0.10566 0 0 -500 0
326 1
1 13 0 0 0 0 1.30114 0 2.70315 3.00186 0.10566 0 0 -500 0
327 1
1 13 0 0 0 0 1.49133 0 2.60306 3.00186 0.10566 0 0 -500 0
328 1
1 13 0 0 0 0 1.30502 0 2.70128 3.00186 0.10566 0 0 -500 0
329 1
1 13 0 0 0 0 1.49181 0 2.60279 3.00186 0.10566 0 0 -500 0
330 1
1 13 0 0 0 0 1.28087 0 2.71282 3.00186 0.10566 0 0 -500 0
331 1
1 13 0 0 0 0 1.39885 0 2.65391 3.00186 0.10566 0 0 -500 0
332 1
1 13 0 0 0 0 1.34698 0 2.6806 3.00186 0.10566 0 0 -500 0
333 1
1 13 0 0 0 0 1.43876 0 2.63248 3.00186 0.10566 0 0 -500 0
334 1
1 13 0 0 0 0 1.33769 0 2.68525 3.00186 0.10566 0 0 -500 0
335 1
1 13 0 0 0 0 1.31639 0 2.69576 3.00186 0.10566 0 0 -500 0
336 1
1 13 0 0 0 0 1.32221 0 2.69291 3.00186 0.10566 0 0 -500 0
337 1
1 13 0 0 0 0 1.34884 0 2.67967 3.00186 0.10566 0 0 -500 0
338 1
1 13 0 0 0 0 1.49407 0 2.60149 3.00186 0.10566 0 0 -500 0
339 1
1 13 0 0 0 0 1.27756 0 2.71438 3.00186 0.10566 0 0 -500 0
340 1
1 13 0 0 0 0 1.38352 0 2.66193 3.00186 0.10566 0 0 -500 0
341 1
1 13 0 0 0 0 1.42489 0 2.64002 3.00186 0.10566 0 0 -500 0
342 1
1 13 0 0 0 0 1.47329 0 2.61332 3.00186 0.10566 0 0 -500 0
343 1
1 13 0 0 0 0 1.44533 0 2.62888 3.00186 0.10566 0 0 -500 0
344 1
1 13 0 0 0 0 1.36186 0 2.67308 3.00186 0.10566 0 0 -500 0
345 1
1 13 0 0 0 0 1.32327 0 2.69239 3.00186 0.10566 0 0 -500 0
346 1
1 13 0 0 0 0 1.33796 0 2.68512 3.00186 0.10566 0 0 -500 0
347 1
1 13 0 0 0 0 1.3296 0 2.68927 3.00186 0.10566 0 0 -500 0
348 1
1 13 0 0 0 0 1.42707 0 2.63884 3.00186 0.10566 0 0 -500 0
349 1
1 13 0 0 0 0 1.46506 0 2.61794 3.00186 0.10566 0 0 -500 0
350 1
1 13 0 0 0 0 1.43372 0 2.63523 3.00186 0.10566 0 0 -500 0
351 1
1 13 0 0 0 0 1.44403 0 2.6296 3.00186 0.10566 0 0 -500 0
352 1
1 13 0 0 0 0 1.3478 0 2.68019 3.00186 0.10566 0 0 -500 0
353 1
1 13 0 0 0 0 1.32691 0 2.6906 3.00186 0.10566 0 0 -500 0
354 1
1 13 0 0 0 0 1.47178 0 2.61417 3.00186 0.10566 0 0 -500 0
355 1
1 13 0 0 0 0 1.43418 0 2.63498 3.00186 0.10566 0 0 -500 0
356 1
1 13 0 0 0 0 1.46279 0 2.6192 3.00186 0.10566 0 0 -500 0
357 1
1 13 0 0 0 0 1.4348 0 2.63465 3.00186 0.10566 0 0 -500 0
358 1
1 13 0 0 0 0 1.29448 0 2.70635 3.00186 0.10566 0 0 -500 0
359 1
1 13 0 0 0 0 1.36645 0 2.67074 3.00186 0.10566 0 0 -500 0
360 1
1 13 0 0 0 0 1.28678 0 2.71002 3.00186 0.10566 0 0 -500 0
361 1
1 13 0 0 0 0 1.40868 0 2.6487 3.00186 0.10566 0 0 -500 0
362 1
1 13 0 0 0 0 1.49309 0 2.60205 3.00186 0.10566 0 0 -500 0
363 1
1 13 0 0 0 0 1.49601 0 2.60038 3.00186 0.10566 0 0 -500 0
364 1
1 13 0 0 0 0 1.35309 0 2.67753 3.00186 0.10566 0 0 -500 0
365 1
1 13 0 0 0 0 1.31294 0 2.69744 3.00186 0.10566 0 0 -500 0
366 1
1 13 0 0 0 0 1.46048 0 2.62049 3.00186 0.10566 0 0 -500 0
367 1
1 13 0 0 0 0 1.30627 0 2.70068 3.00186 0.10566 0 0 -500 0
368 1
1 13 0 0 0 0 1.44974 0 2.62645 3.00186 0.10566 0 0 -500 0
369 1
1 13 0 0 0 0 1.4418 0 2.63082 3.00186 0.10566 0 0 -500 0
370 1
1 13 0 0 0 0 1.3165 0 2.69571 3.00186 0.10566 0 0 -500 0
371 1
1 13 0 0 0 0 1.48362 0 2.60746 3.00186 0.10566 0 0 -500 0
372 1
1 13 0 0 0 0 1.26963 0 2.7181 3.00186 0.10566 0 0 -500 0
373 1
1 13 0 0 0 0 1.37057 0 2.66862 3.00186 0.10566 0 0 -500 0
374 1
1 13 0 0 0 0 1.47991 0 2.60957 3.00186 0.10566 0 0 -500 0
375 1
1 13 0 0 0 0 1.33047 0 2.68884 3.00186 0.10566 0 0 -500 0
376 1
1 13 0 0 0 0 1.43123 0 2.63659 3.00186 0.10566 0 0 -500 0
377 1
1 13 0 0 0 0 1.38414 0 2.66161 3.00186 0.10566 0 0 -500 0
378 1
1 13 0 0 0 0 1.32615 0 2.69097 3.00186 0.10566 0 0 -500 0
379 1
1 13 0 0 0 0 1.33292 0 2.68762 3.00186 0.10566 0 0 -500 0
380 1
1 13 0 0 0 0 1.27311 0 2.71647 3.00186 0.10566 0 0 -500 0
381 1
1 13 0 0 0 0 1.47394 0 2.61295 3.00186 0.10566 0 0 -500 0
382 1
1 13 0 0 0 0 1.45197 0 2.62522 3.00186 0.10566 0 0 -500 0
383 1
1 13 0 0 0 0 1.47049 0 2.61489 3.00186 0.10566 0 0 -500 0
384 1
1 13 0 0 0 0 1.47786 0 2.61073 3.00186 0.10566 0 0 -500 0
385 1
1 13 0 0 0 0 1.28678 0 2.71002 3.00186 0.10566 0 0 -500 0
386 1
1 13 0 0 0 0 1.2858 0 2.71048 3.00186 0.10566 0 0 -500 0
387 1
1 13 0 0 0 0 1.38785 0 2.65967 3.00186 0.10566 0 0 -500 0
388 1
1 13 0 0 0 0 1.48825 0 2.60483 3.00186 0.10566 0 0 -500 0
389 1
1 13 0 0 0 0 1.4705 0 2.61488 3.00186 0.10566 0 0 -500 0
390 1
1 13 0 0 0 0 1.47081 0 2.61471 3.00186 0.10566 0 0 -500 0
391 1
1 13 0 0 0 0 1.45653 0 2.62269 3.00186 0.10566 0 0 -500 0
392 1
1 13 0 0 0 0 1.27085 0 2.71753 3.00186 0.10566 0 0 -500 0
393 1
1 13 0 0 0 0 1.48638 0 2.60589 3.00186 0.10566 0 0 -500 0
394 1
1 13 0 0 0 0 1.39005 0 2.65853 3.00186 0.10566 0 0 -500 0
395 1
1 13 0 0 0 0 1.49365 0 2.60173 3.00186 0.10566 0 0 -500 0
396 1
1 13 0 0 0 0 1.46897 0 2.61575 3.00186 0.10566 0 0 -500 0
397 1
1 13 0 0 0 0 1.48908 0 2.60435 3.00186 0.10566 0 0 -500 0
398 1
1 13 0 0 0 0 1.32341 0 2.69232 3.00186 0.10566 0 0 -500 0
399 1
1 13 0 0 0 0 1.46196 0 2.61967 3.00186 0.10566 0 0 -500 0
400 1
1 13 0 0 0 0 1.31969 0 2.69414 3.00186 0.10566 0 0 -500 0
401 1
1 13 0 0 0 0 1.46585 0 2.61749 3.00186 0.10566 0 0 -500 0
402 1
1 13 0 0 0 0 1.34318 0 2.68251 3.00186 0.10566 0 0 -500 0
403 1
1 13 0 0 0 0 1.47801 0 2.61065 3.00186 0.10566 0 0 -500 0
404 1
1 13 0 0 0 0 1.44182 0 2.63081 3.00186 0.10566 0 0 -500 0
405 1
1 13 0 0 0 0 1.35927 0 2.6744 3.00186 0.10566 0 0 -500 0
406 1
1 13 0 0 0 0 1.33477 0 2.68671 3.00186 0.10566 0 0 -500 0
407 1
1 13 0 0 0 0 1.48814 0 2.60489 3.00186 0.10566 0 0 -500 0
408 1
1 13 0 0 0 0 1.32247 0 2.69278 3.00186 0.10566 0 0 -500 0
409 1
1 13 0 0 0 0 1.47241 0 2.61381 3.00186 0.10566 0 0 -500 0
410 1
1 13 0 0 0 0 1.2869 0 2.70996 3.00186 0.10566 0 0 -500 0
411 1
1 13 0 0 0 0 1.40516 0 2.65057 3.00186 0.10566 0 0 -500 0
412 1
1 13 0 0 0 0 1.27206 0 2.71696 3.00186 0.10566 0 0 -500 0
413 1
1 13 0 0 0 0 1.43093 0 2.63675 3.00186 0.10566 0 0 -500 0
414 1
1 13 0 0 0 0 1.46208 0 2.6196 3.00186 0.10566 0 0 -500 0
415 1
1 13 0 0 0 0 1.42763 0 2.63854 3.00186 0.10566 0 0 -500 0
416 1
1 13 0 0 0 0 1.40749 0 2.64934 3.00186 0.10566 0 0 -500 0
417 1
1 13 0 0 0 0 1.41976 0 2.64278 3.00186 0.10566 0 0 -500 0
418 1
1 13 0 0 0 0 1.31099 0 2.69839 3.00186 0.10566 0 0 -500 0
419 1
1 13 0 0 0 0 1.4982 0 2.59911 3.00186 0.10566 0 0 -500 0
420 1
1 13 0 0 0 0 1.36832 0 2.66978 3.00186 0.10566 0 0 -500 0
421 1
1 13 0 0 0 0 1.4299 0 2.63731 3.00186 0.10566 0 0 -500 0
422 1
1 13 0 0 0 0 1.34825 0 2.67997 3.00186 0.10566 0 0 -500 0
423 1
1 13 0 0 0 0 1.34118 0 2.68351 3.00186 0.10566 0 0 -500 0
424 1
1 13 0 0 0 0 1.28748 0 2.70969 3.00186 0.10566 0 0 -500 0
425 1
1 13 0 0 0 0 1.4964 0 2.60015 3.00186 0.10566 0 0 -500 0
426 1
1 13 0 0 0 0 1.46804 0 2.61627 3.00186 0.10566 0 0 -500 0
427 1
1 13 0 0 0 0 1.4961 0 2.60032 3.00186 0.10566 0 0 -500 0
428 1
1 13 0 0 0 0 1.29087 0 2.70807 3.00186 0.10566 0 0 -500 0
429 1
1 13 0 0 0 0 1.37839 0 2.66459 3.00186 0.10566 0 0 -500 0
430 1
1 13 0 0 0 0 1.29381 0 2.70667 3.00186 0.10566 0 0 -500 0
431 1
1 13 0 0 0 0 1.37219 0 2.66779 3.00186 0.10566 0 0 -500 0
432 1
1 13 0 0 0 0 1.33592 0 2.68613 3.00186 0.10566 0 0 -500 0
433 1
1 13 0 0 0 0 1.36429 0 2.67183 3.00186 0.10566 0 0 -500 0
434 1
1 13 0 0 0 0 1.472 0 2.61404 3.00186 0.10566 0 0 -500 0
435 1
1 13 0 0 0 0 1.37995 0 2.66378 3.00186 0.10566 0 0 -500 0
436 1
1 13 0 0 0 0 1.31224 0 2.69778 3.00186 0.10566 0 0 -500 0
437 1
1 13 0 0 0 0 1.46574 0 2.61755 3.00186 0.10566 0 0 -500 0
438 1
1 13 0 0 0 0 1.35277 0 2.67769 3.00186 0.10566 0 0 -500 0
439 1
1 13 0 0 0 0 1.45274 0 2.6248 3.00186 0.10566 0 0 -500 0
440 1
1 13 0 0 0 0 1.44128 0 2.63111 3.00186 0.10566 0 0 -500 0
441 1
1 13 0 0 0 0 1.42696 0 2.6389 3.00186 0.10566 0 0 -500 0
442 1
1 13 0 0 0 0 1.36967 0 2.66908 3.00186 0.10566 0 0 -500 0
443 1
1 13 0 0 0 0 1.4661 0 2.61736 3.00186 0.10566 0 0 -500 0
444 1
1 13 0 0 0 0 1.46659 0 2.61708 3.00186 0.10566 0 0 -500 0
445 1
1 13 0 0 0 0 1.30022 0 2.70359 3.00186 0.10566 0 0 -500 0
446 1
1 13 0 0 0 0 1.27905 0 2.71368 3.00186 0.10566 0 0 -500 0
447 1
1 13 0 0 0 0 1.34694 0 2.68063 3.00186 0.10566 0 0 -500 0
448 1
1 13 0 0 0 0 1.38985 0 2.65863 3.00186 0.10566 0 0 -500 0
449 1
1 13 0 0 0 0 1.49017 0 2.60373 3.00186 0.10566 0 0 -500 0
450 1
1 13 0 0 0 0 1.48439 0 2.60703 3.00186 0.10566 0 0 -500 0
451 1
1 13 0 0 0 0 1.29419 0 2.70649 3.00186 0.10566 0 0 -500 0
452 1
1 13 0 0 0 0 1.45269 0 2.62482 3.00186 0.10566 0 0 -500 0
453 1
1 13 0 0 0 0 1.30222 0 2.70263 3.00186 0.10566 0 0 -500 0
454 1
1 13 0 0 0 0 1.32322 0 2.69241 3.00186 0.10566 0 0 -500 0
455 1
1 13 0 0 0 0 1.30298 0 2.70227 3.00186 0.10566 0 0 -500 0
456 1
1 13 0 0 0 0 1.27722 0 2.71453 3.00186 0.10566 0 0 -500 0
457 1
1 13 0 0 0 0 1.35037 0 2.6789 3.00186 0.10566 0 0 -500 0
458 1
1 13 0 0 0 0 1.32373 0 2.69216 3.00186 0.10566 0 0 -500 0
459 1
1 13 0 0 0 0 1.3981 0 2.6543 3.00186 0.10566 0 0 -500 0
460 1
1 13 0 0 0 0 1.40111 0 2.65271 3.00186 0.10566 0 0 -500 0
461 1
1 13 0 0 0 0 1.40587 0 2.65019 3.00186 0.10566 0 0 -500 0
462 1
1 13 0 0 0 0 1.37108 0 2.66836 3.00186 0.10566 0 0 -500 0
463 1
1 13 0 0 0 0 1.40352 0 2.65144 3.00186 0.10566 0 0 -500 0
464 1
1 13 0 0 0 0 1.41177 0 2.64706 3.00186 0.10566 0 0 -500 0
465 1
1 13 0 0 0 0 1.27266 0 2.71668 3.00186 0.10566 0 0 -500 0
466 1
1 13 0 0 0 0 1.29658 0 2.70535 3.00186 0.10566 0 0 -500 0
467 1
1 13 0 0 0 0 1.41714 0 2.64418 3.00186 0.10566 0 0 -500 0
468 1
1 13 0 0 0 0 1.35147 0 2.67835 3.00186 0.10566 0 0 -500 0
469 1
1 13 0 0 0 0 1.46788 0 2.61636 3.00186 0.10566 0 0 -500 0
470 1
1 13 0 0 0 0 1.40828 0 2.64891 3.00186 0.10566 0 0 -500 0
471 1
1 13 0 0 0 0 1.48161 0 2.60861 3.00186 0.10566 0 0 -500 0
472 1
1 13 0 0 0 0 1.2711 0 2.71741 3.00186 0.10566 0 0 -500 0
473 1
1 13 0 0 0 0 1.30271 0 2.7024 3.00186 0.10566 0 0 -500 0
474 1
1 13 0 0 0 0 1.41019 0 2.6479 3.00186 0.10566 0 0 -500 0
475 1
1 13 0 0 0 0 1.44885 0 2.62695 3.00186 0.10566 0 0 -500 0
476 1
1 13 0 0 0 0 1.27266 0 2.71668 3.00186 0.10566 0 0 -500 0
477 1
1 13 0 0 0 0 1.40626 0 2.64999 3.00186 0.10566 0 0 -500 0
478 1
1 13 0 0 0 0 1.47828 0 2.6105 3.00186 0.10566 0 0 -500 0
479 1
1 13 0 0 0 0 1.29388 0 2.70663 3.00186 0.10566 0 0 -500 0
480 1
1 13 0 0 0 0 1.4214 0 2.6419 3.00186 0.10566 0 0 -500 0
481 1
1 13 0 0 0 0 1.35517 0 2.67647 3.00186 0.10566 0 0 -500 0
482 1
1 13 0 0 0 0 1.32468 0 2.6917 3.00186 0.10566 0 0 -500 0
483 1
1 13 0 0 0 0 1.316 0 2.69595 3.00186 0.10566 0 0 -500 0
484 1
1 13 0 0 0 0 1.44373 0 2.62976 3.00186 0.10566 0 0 -500 0
485 1
1 13 0 0 0 0 1.41269 0 2.64657 3.00186 0.10566 0 0 -500 0
486 1
1 13 0 0 0 0 1.2923 0 2.70739 3.00186 0.10566 0 0 -500 0
487 1
1 13 0 0 0 0 1.4406 0 2.63148 3.00186 0.10566 0 0 -500 0
488 1
1 13 0 0 0 0 1.4169 0 2.64431 3.00186 0.10566 0 0 -500 0
489 1
1 13 0 0 0 0 1.35988 0 2.67409 3.00186 0.10566 0 0 -500 0
490 1
1 13 0 0 0 0 1.32931 0 2.68941 3.00186 0.10566 0 0 -500 0
491 1
1 13 0 0 0 0 1.47917 0 2.60999 3.00186 0.10566 0 0 -500 0
492 1
1 13 0 0 0 0 1.44969 0 2.62648 3.00186 0.10566 0 0 -500 0
493 1
1 13 0 0 0 0 1.3414 0 2.6834 3.00186 0.10566 0 0 -500 0
494 1
1 13 0 0 0 0 1.44362 0 2.62982 3.00186 0.10566 0 0 -500 0
495 1
1 13 0 0 0 0 1.35108 0 2.67854 3.00186 0.10566 0 0 -500 0
496 1
1 13 0 0 0 0 1.37252 0 2.66762 3.00186 0.10566 0 0 -500 0
497 1
1 13 0 0 0 0 1.36921 0 2.66932 3.00186 0.10566 0 0 -500 0
498 1
1 13 0 0 0 0 1.42317 0 2.64094 3.00186 0.10566 0 0 -500 0
499 1
1 13 0 0 0 0 1.37953 0 2.664 3.00186 0.10566 0 0 -500 0
500 1
1 13 0 0 0 0 1.38209 0 2.66267 3.00186 0.10566 0 0 -500 0
501 1
1 13 0 0 0 0 1.41891 0 2.64324 3.00186 0.10566 0 0 -500 0
502 1
1 13 0 0 0 0 1.49134 0 2.60306 3.00186 0.10566 0 0 -500 0
503 1
1 13 0 0 0 0 1.43366 0 2.63527 3.00186 0.10566 0 0 -500 0
504 1
1 13 0 0 0 0 1.44498 0 2.62907 3.00186 0.10566 0 0 -500 0
505 1
1 13 0 0 0 0 1.37892 0 2.66431 3.00186 0.10566 0 0 -500 0
506 1
1 13 0 0 0 0 1.2919 0 2.70758 3.00186 0.10566 0 0 -500 0
507 1
1 13 0 0 0 0 1.33699 0 2.6856 3.00186 0.10566 0 0 -500 0
508 1
1 13 0 0 0 0 1.40859 0 2.64875 3.00186 0.10566 0 0 -500 0
509 1
1 13 0 0 0 0 1.40088 0 2.65283 3.00186 0.10566 0 0 -500 0
510 1
1 13 0 0 0 0 1.3052 0 2.7012 3.00186 0.10566 0 0 -500 0
511 1
1 13 0 0 0 0 1.41607 0 2.64476 3.00186 0.10566 0 0 -500 0
512 1
1 13 0 0 0 0 1.38293 0 2.66224 3.00186 0.10566 0 0 -500 0
513 1
1 13 0 0 0 0 1.33954 0 2.68433 3.00186 0.10566 0 0 -500 0
514 1
1 13 0 0 0 0 1.28581 0 2.71048 3.00186 0.10566 0 0 -500 0
515 1
1 13 0 0 0 0 1.36209 0 2.67296 3.00186 0.10566 0 0 -500 0
516 1
1 13 0 0 0 0 1.33889 0 2.68466 3.00186 0.10566 0 0 -500 0
517 1
1 13 0 0 0 0 1.4834 0 2.60759 3.00186 0.10566 0 0 -500 0
518 1
1 13 0 0 0 0 1.29665 0 2.70531 3.00186 0.10566 0 0 -500 0
519 1
1 13 0 0 0 0 1.40916 0 2.64844 3.00186 0.10566 0 0 -500 0
520 1
1 13 0 0 0 0 1.4851 0 2.60662 3.00186 0.10566 0 0 -500 0
521 1
1 13 0 0 0 0 1.4949 0 2.60101 3.00186 0.10566 0 0 -500 0
522 1
1 13 0 0 0 0 1.37927 0 2.66413 3.00186 0.10566 0 0 -500 0
523 1
1 13 0 0 0 0 1.48545 0 2.60642 3.00186 0.10566 0 0 -500 0
524 1
1 13 0 0 0 0 1.46102 0 2.6202 3.00186 0.10566 0 0 -500 0
525 1
1 13 0 0 0 0 1.29998 0 2.70371 3.00186 0.10566 0 0 -500 0
526 1
1 13 0 0 0 0 1.4129 0 2.64645 3.00186 0.10566 0 0 -500 0
527 1
1 13 0 0 0 0 1.31142 0 2.69818 3.00186 0.10566 0 0 -500 0
528 1
1 13 0 0 0 0 1.44415 0 2.62953 3.00186 0.10566 0 0 -500 0
529 1
1 13 0 0 0 0 1.27238 0 2.71681 3.00186 0.10566 0 0 -500 0
530 1
1 13 0 0 0 0 1.35272 0 2.67771 3.00186 0.10566 0 0 -500 0
531 1
1 13 0 0 0 0 1.318 0 2.69497 3.00186 0.10566 0 0 -500 0
532 1
1 13 0 0 0 0 1.39244 0 2.65727 3.00186 0.10566 0 0 -500 0
533 1
1 13 0 0 0 0 1.38094 0 2.66327 3.00186 0.10566 0 0 -500 0
534 1
1 13 0 0 0 0 1.3598 0 2.67413 3.00186 0.10566 0 0 -500 0
535 1
1 13 0 0 0 0 1.27276 0 2.71663 3.00186 0.10566 0 0 -500 0
536 1
1 13 0 0 0 0 1.27946 0 2.71348 3.00186 0.10566 0 0 -500 0
537 1
1 13 0 0 0 0 1.49403 0 2.60151 3.00186 0.10566 0 0 -500 0
538 1
1 13 0 0 0 0 1.28424 0 2.71122 3.00186 0.10566 0 0 -500 0
539 1
1 13 0 0 0 0 1.44122 0 2.63114 3.00186 0.10566 0 0 -500 0
540 1
1 13 0 0 0 0 1.36843 0 2.66972 3.00186 0.10566 0 0 -500 0
541 1
1 13 0 0 0 0 1.40066 0 2.65295 3.00186 0.10566 0 0 -500 0
542 1
1 13 0 0 0 0 1.38842 0 2.65938 3.00186 0.10566 0 0 -500 0
543 1
1 13 0 0 0 0 1.38651 0 2.66038 3.00186 0.10566 0 0 -500 0
544 1
1 13 0 0 0 0 1.42008 0 2.64261 3.00186 0.10566 0 0 -500 0
545 1
1 13 0 0 0 0 1.40116 0 2.65269 3.00186 0.10566 0 0 -500 0
546 1
1 13 0 0 0 0 1.37713 0 2.66524 3.00186 0.10566 0 0 -500 0
547 1
1 13 0 0 0 0 1.45766 0 2.62206 3.00186 0.10566 0 0 -500 0
548 1
1 13 0 0 0 0 1.42863 0 2.638 3.00186 0.10566 0 0 -500 0
549 1
1 13 0 0 0 0 1.49877 0 2.59879 3.00186 0.10566 0 0 -500 0
550 1
1 13 0 0 0 0 1.40429 0 2.65103 3.00186 0.10566 0 0 -500 0
551 1
1 13 0 0 0 0 1.49189 0 2.60274 3.00186 0.10566 0 0 -500 0
552 1
1 13 0 0 0 0 1.38847 0 2.65935 3.00186 0.10566 0 0 -500 0
553 1
1 13 0 0 0 0 1.27832 0 2.71402 3.00186 0.10566 0 0 -500 0
554 1
1 13 0 0 0 0 1.33746 0 2.68537 3.00186 0.10566 0 0 -500 0
555 1
1 13 0 0 0 0 1.45681 0 2.62254 3.00186 0.10566 0 0 -500 0
556 1
1 13 0 0 0 0 1.39557 0 2.65563 3.00186 0.10566 0 0 -500 0
557 1
1 13 0 0 0 0 1.40112 0 2.65271 3.00186 0.10566 0 0 -500 0
558 1
1 13 0 0 0 0 1.28988 0 2.70854 3.00186 0.10566 0 0 -500 0
559 1
1 13 0 0 0 0 1.30217 0 2.70266 3.00186 0.10566 0 0 -500 0
560 1
1 13 0 0 0 0 1.39209 0 2.65746 3.00186 0.10566 0 0 -500 0
561 1
1 13 0 0 0 0 1.39192 0 2.65755 3.00186 0.10566 0 0 -500 0
562 1
1 13 0 0 0 0 1.4881 0 2.60491 3.00186 0.10566 0 0 -500 0
563 1
1 13 0 0 0 0 1.38361 0 2.66189 3.00186 0.10566 0 0 -500 0
564 1
1 13 0 0 0 0 1.48379 0 2.60737 3.00186 0.10566 0 0 -500 0
565 1
1 13 0 0 0 0 1.34612 0 2.68104 3.00186 0.10566 0 0 -500 0
566 1
1 13 0 0 0 0 1.26869 0 2.71853 3.00186 0.10566 0 0 -500 0
567 1
1 13 0 0 0 0 1.29814 0 2.70459 3.00186 0.10566 0 0 -500 0
568 1
1 13 0 0 0 0 1.3313 0 2.68843 3.00186 0.10566 0 0 -500 0
569 1
1 13 0 0 0 0 1.3607 0 2.67367 3.00186 0.10566 0 0 -500 0
570 1
1 13 0 0 0 0 1.48096 0 2.60898 3.00186 0.10566 0 0 -500 0
571 1
1 13 0 0 0 0 1.31835 0 2.6948 3.00186 0.10566 0 0 -500 0
572 1
1 13 0 0 0 0 1.28793 0 2.70947 3.00186 0.10566 0 0 -500 0
573 1
1 13 0 0 0 0 1.35214 0 2.67801 3.00186 0.10566 0 0 -500 0
574 1
1 13 0 0 0 0 1.40307 0 2.65168 3.00186 0.10566 0 0 -500 0
575 1
1 13 0 0 0 0 1.29492 0 2.70614 3.00186 0.10566 0 0 -500 0
576 1
1 13 0 0 0 0 1.45401 0 2.62409 3.00186 0.10566 0 0 -500 0
577 1
1 13 0 0 0 0 1.46449 0 2.61826 3.00186 0.10566 0 0 -500 0
578 1
1 13 0 0 0 0 1.37352 0 2.6671 3.00186 0.10566 0 0 -500 0
579 1
1 13 0 0 0 0 1.44363 0 2.62981 3.00186 0.10566 0 0 -500 0
580 1
1 13 0 0 0 0 1.31864 0 2.69466 3.00186 0.10566 0 0 -500 0
581 1
1 13 0 0 0 0 1.3165 0 2.69571 3.00186 0.10566 0 0 -500 0
582 1
1 13 0 0 0 0 1.33682 0 2.68569 3.00186 0.10566 0 0 -500 0
583 1
1 13 0 0 0 0 1.37286 0 2.66744 3.00186 0.10566 0 0 -500 0
584 1
1 13 0 0 0 0 1.38599 0 2.66065 3.00186 0.10566 0 0 -500 0
585 1
1 13 0 0 0 0 1.49199 0 2.60268 3.00186 0.10566 0 0 -500 0
586 1
1 13 0 0 0 0 1.35289 0 2.67763 3.00186 0.10566 0 0 -500 0
587 1
1 13 0 0 0 0 1.49931 0 2.59848 3.00186 0.10566 0 0 -500 0
588 1
1 13 0 0 0 0 1.46549 0 2.61769 3.00186 0.10566 0 0 -500 0
589 1
1 13 0 0 0 0 1.26857 0 2.71859 3.00186 0.10566 0 0 -500 0
590 1
1 13 0 0 0 0 1.33616 0 2.68601 3.00186 0.10566 0 0 -500 0
591 1
1 13 0 0 0 0 1.2704 0 2.71773 3.00186 0.10566 0 0 -500 0
592 1
1 13 0 0 0 0 1.45666 0 2.62262 3.00186 0.10566 0 0 -500 0
593 1
1 13 0 0 0 0 1.46127 0 2.62006 3.00186 0.10566 0 0 -500 0
594 1
1 13 0 0 0 0 1.36329 0 2.67235 3.00186 0.10566 0 0 -500 0
595 1
1 13 0 0 0 0 1.33532 0 2.68643 3.00186 0.10566 0 0 -500 0
596 1
1 13 0 0 0 0 1.47931 0 2.60992 3.00186 0.10566 0 0 -500 0
597 1
1 13 0 0 0 0 1.33008 0 2.68903 3.00186 0.10566 0 0 -500 0
598 1
1 13 0 0 0 0 1.38522 0 2.66105 3.00186 0.10566 0 0 -500 0
599 1
1 13 0 0 0 0 1.30194 0 2.70277 3.00186 0.10566 0 0 -500 0
600 1
1 13 0 0 0 0 1.49759 0 2.59946 3.00186 0.10566 0 0 -500 0
601 1
1 13 0 0 0 0 1.36467 0 2.67164 3.00186 0.10566 0 0 -500 0
602 1
1 13 0 0 0 0 1.48971 0 2.60399 3.00186 0.10566 0 0 -500 0
603 1
1 13 0 0 0 0 1.31856 0 2.6947 3.00186 0.10566 0 0 -500 0
604 1
1 13 0 0 0 0 1.34853 0 2.67983 3.00186 0.10566 0 0 -500 0
605 1
1 13 0 0 0 0 1.43521 0 2.63442 3.00186 0.10566 0 0 -500 0
606 1
1 13 0 0 0 0 1.33524 0 2.68647 3.00186 0.10566 0 0 -500 0
607 1
1 13 0 0 0 0 1.34097 0 2.68362 3.00186 0.10566 0 0 -500 0
608 1
1 13 0 0 0 0 1.42058 0 2.64234 3.00186 0.10566 0 0 -500 0
609 1
1 13 0 0 0 0 1.49589 0 2.60044 3.00186 0.10566 0 0 -500 0
610 1
1 13 0 0 0 0 1.46166 0 2.61984 3.00186 0.10566 0 0 -500 0
611 1
1 13 0 0 0 0 1.43931 0 2.63218 3.00186 0.10566 0 0 -500 0
612 1
1 13 0 0 0 0 1.41236 0 2.64674 3.00186 0.10566 0 0 -500 0
613 1
1 13 0 0 0 0 1.40117 0 2.65268 3.00186 0.10566 0 0 -500 0
614 1
1 13 0 0 0 0 1.29486 0 2.70617 3.00186 0.10566 0 0 -500 0
615 1
1 13 0 0 0 0 1.44869 0 2.62703 3.00186 0.10566 0 0 -500 0
616 1
1 13 0 0 0 0 1.31589 0 2.696 3.00186 0.10566 0 0 -500 0
617 1
1 13 0 0 0 0 1.34397 0 2.68211 3.00186 0.10566 0 0 -500 0
618 1
1 13 0 0 0 0 1.4746 0 2.61257 3.00186 0.10566 0 0 -500 0
619 1
1 13 0 0 0 0 1.33313 0 2.68752 3.00186 0.10566 0 0 -500 0
620 1
1 13 0 0 0 0 1.45976 0 2.6209 3.00186 0.10566 0 0 -500 0
621 1
1 13 0 0 0 0 1.2788 0 2.71379 3.00186 0.10566 0 0 -500 0
622 1
1 13 0 0 0 0 1.44557 0 2.62875 3.00186 0.10566 0 0 -500 0
623 1
1 13 0 0 0 0 1.49311 0 2.60204 3.00186 0.10566 0 0 -500 0
624 1
1 13 0 0 0 0 1.36849 0 2.66969 3.00186 0.10566 0 0 -500 0
625 1
1 13 0 0 0 0 1.37065 0 2.66858 3.00186 0.10566 0 0 -500 0
626 1
1 13 0 0 0 0 1.3749 0 2.66639 3.00186 0.10566 0 0 -500 0
627 1
1 13 0 0 0 0 1.29283 0 2.70714 3.00186 0.10566 0 0 -500 0
628 1
1 13 0 0 0 0 1.35143 0 2.67836 3.00186 0.10566 0 0 -500 0
629 1
1 13 0 0 0 0 1.4241 0 2.64044 3.00186 0.10566 0 0 -500 0
630 1
1 13 0 0 0 0 1.42022 0 2.64253 3.00186 0.10566 0 0 -500 0
631 1
1 13 0 0 0 0 1.29751 0 2.7049 3.00186 0.10566 0 0 -500 0
632 1
1 13 0 0 0 0 1.3567 0 2.6757 3.00186 0.10566 0 0 -500 0
633 1
1 13 0 0 0 0 1.48232 0 2.60821 3.00186 0.10566 0 0 -500 0
634 1
1 13 0 0 0 0 1.39769 0 2.65452 3.00186 0.10566 0 0 -500 0
635 1
1 13 0 0 0 0 1.40646 0 2.64988 3.00186 0.10566 0 0 -500 0
636 1
1 13 0 0 0 0 1.45037 0 2.62611 3.00186 0.10566 0 0 -500 0
637 1
1 13 0 0 0 0 1.46644 0 2.61716 3.00186 0.10566 0 0 -500 0
638 1
1 13 0 0 0 0 1.3438 0 2.6822 3.00186 0.10566 0 0 -500 0
639 1
1 13 0 0 0 0 1.37793 0 2.66483 3.00186 0.10566 0 0 -500 0
640 1
1 13 0 0 0 0 1.49687 0 2.59988 3.00186 0.10566 0 0 -500 0
641 1
1 13 0 0 0 0 1.36009 0 2.67398 3.00186 0.10566 0 0 -500 0
642 1
1 13 0 0 0 0 1.46051 0 2.62048 3.00186 0.10566 0 0 -500 0
643 1
1 13 0 0 0 0 1.28567 0 2.71055 3.00186 0.10566 0 0 -500 0
644 1
1 13 0 0 0 0 1.47074 0 2.61475 3.00186 0.10566 0 0 -500 0
645 1
1 13 0 0 0 0 1.27896 0 2.71372 3.00186 0.10566 0 0 -500 0
646 1
1 13 0 0 0 0 1.33611 0 2.68604 3.00186 0.10566 0 0 -500 0
647 1
1 13 0 0 0 0 1.39676 0 2.65501 3.00186 0.10566 0 0 -500 0
648 1
1 13 0 0 0 0 1.39893 0 2.65387 3.00186 0.10566 0 0 -500 0
649 1
1 13 0 0 0 0 1.39072 0 2.65818 3.00186 0.10566 0 0 -500 0
650 1
1 13 0 0 0 0 1.48241 0 2.60815 3.00186 0.10566 0 0 -500 0
651 1
1 13 0 0 0 0 1.47014 0 2.61509 3.00186 0.10566 0 0 -500 0
652 1
1 13 0 0 0 0 1.38887 0 2.65914 3.00186 0.10566 0 0 -500 0
653 1
1 13 0 0 0 0 1.40664 0 2.64979 3.00186 0.10566 0 0 -500 0
654 1
1 13 0 0 0 0 1.48194 0 2.60842 3.00186 0.10566 0 0 -500 0
655 1
1 13 0 0 0 0 1.32165 0 2.69319 3.00186 0.10566 0 0 -500 0
656 1
1 13 0 0 0 0 1.27942 0 2.7135 3.00186 0.10566 0 0 -500 0
657 1
1 13 0 0 0 0 1.2965 0 2.70538 3.00186 0.10566 0 0 -500 0
658 1
1 13 0 0 0 0 1.27122 0 2.71735 3.00186 0.10566 0 0 -500 0
659 1
1 13 0 0 0 0 1.47741 0 2.61099 3.00186 0.10566 0 0 -500 0
660 1
1 13 0 0 0 0 1.33872 0 2.68474 3.00186 0.10566 0 0 -500 0
661 1
1 13 0 0 0 0 1.31954 0 2.69422 3.00186 0.10566 0 0 -500 0
662 1
1 13 0 0 0 0 1.46302 0 2.61908 3.00186 0.10566 0 0 -500 0
663 1
1 13 0 0 0 0 1.4033 0 2.65156 3.00186 0.10566 0 0 -500 0
664 1
1 13 0 0 0 0 1.30783 0 2.69992 3.00186 0.10566 0 0 -500 0
665 1
1 13 0 0 0 0 1.36341 0 2.67229 3.00186 0.10566 0 0 -500 0
666 1
1 13 0 0 0 0 1.40941 0 2.64832 3.00186 0.10566 0 0 -500 0
667 1
1 13 0 0 0 0 1.39598 0 2.65542 3.00186 0.10566 0 0 -500 0
668 1
1 13 0 0 0 0 1.47805 0 2.61063 3.00186 0.10566 0 0 -500 0
669 1
1 13 0 0 0 0 1.41838 0 2.64352 3.00186 0.10566 0 0 -500 0
670 1
1 13 0 0 0 0 1.40979 0 2.64811 3.00186 0.10566 0 0 -500 0
671 1
1 13 0 0 0 0 1.43654 0 2.6337 3.00186 0.10566 0 0 -500 0
672 1
1 13 0 0 0 0 1.42786 0 2.63841 3.00186 0.10566 0 0 -500 0
673 1
1 13 0 0 0 0 1.43543 0 2.6343 3.00186 0.10566 0 0 -500 0
674 1
1 13 0 0 0 0 1.29187 0 2.70759 3.00186 0.10566 0 0 -500 0
675 1
1 13 0 0 0 0 1.31962 0 2.69418 3.00186 0.10566 0 0 -500 0
676 1
1 13 0 0 0 0 1.34781 0 2.68019 3.00186 0.10566 0 0 -500 0
677 1
1 13 0 0 0 0 1.27656 0 2.71485 3.00186 0.10566 0 0 -500 0
678 1
1 13 0 0 0 0 1.48628 0 2.60595 3.00186 0.10566 0 0 -500 0
679 1
1 13 0 0 0 0 1.40533 0 2.65048 3.00186 0.10566 0 0 -500 0
680 1
1 13 0 0 0 0 1.48423 0 2.60712 3.00186 0.10566 0 0 -500 0
681 1
1 13 0 0 0 0 1.35952 0 2.67427 3.00186 0.10566 0 0 -500 0
682 1
1 13 0 0 0 0 1.46076 0 2.62034 3.00186 0.10566 0 0 -500 0
683 1
1 13 0 0 0 0 1.42833 0 2.63816 3.00186 0.10566 0 0 -500 0
684 1
1 13 0 0 0 0 1.44672 0 2.62811 3.00186 0.10566 0 0 -500 0
685 1
1 13 0 0 0 0 1.477 0 2.61122 3.00186 0.10566 0 0 -500 0
686 1
1 13 0 0 0 0 1.48009 0 2.60947 3.00186 0.10566 0 0 -500 0
687 1
1 13 0 0 0 0 1.47332 0 2.6133 3.00186 0.10566 0 0 -500 0
688 1
1 13 0 0 0 0 1.48522 0 2.60655 3.00186 0.10566 0 0 -500 0
689 1
1 13 0 0 0 0 1.46701 0 2.61685 3.00186 0.10566 0 0 -500 0
690 1
1 13 0 0 0 0 1.28413 0 2.71128 3.00186 0.10566 0 0 -500 0
691 1
1 13 0 0 0 0 1.34318 0 2.68251 3.00186 0.10566 0 0 -500 0
692 1
1 13 0 0 0 0 1.48988 0 2.60389 3.00186 0.10566 0 0 -500 0
693 1
1 13 0 0 0 0 1.44904 0 2.62684 3.00186 0.10566 0 0 -500 0
694 1
1 13 0 0 0 0 1.47645 0 2.61153 3.00186 0.10566 0 0 -500 0
695 1
1 13 0 0 0 0 1.4841 0 2.60719 3.00186 0.10566 0 0 -500 0
696 1
1 13 0 0 0 0 1.49168 0 2.60286 3.00186 0.10566 0 0 -500 0
697 1
1 13 0 0 0 0 1.33948 0 2.68436 3.00186 0.10566 0 0 -500 0
698 1
1 13 0 0 0 0 1.27751 0 2.7144 3.00186 0.10566 0 0 -500 0
699 1
1 13 0 0 0 0 1.37512 0 2.66628 3.00186 0.10566 0 0 -500 0
700 1
1 13 0 0 0 0 1.49286 0 2.60218 3.00186 0.10566 0 0 -500 0
701 1
1 13 0 0 0 0 1.31324 0 2.6973 3.00186 0.10566 0 0 -500 0
702 1
1 13 0 0 0 0 1.48411 0 2.60719 3.00186 0.10566 0 0 -500 0
703 1
1 13 0 0 0 0 1.40223 0 2.65212 3.00186 0.10566 0 0 -500 0
704 1
1 13 0 0 0 0 1.34803 0 2.68008 3.00186 0.10566 0 0 -500 0
705 1
1 13 0 0 0 0 1.43417 0 2.63499 3.00186 0.10566 0 0 -500 0
706 1
1 13 0 0 0 0 1.34919 0 2.6795 3.00186 0.10566 0 0 -500 0
707 1
1 13 0 0 0 0 1.47254 0 2.61374 3.00186 0.10566 0 0 -500 0
708 1
1 13 0 0 0 0 1.49721 0 2.59969 3.00186 0.10566 0 0 -500 0
709 1
1 13 0 0 0 0 1.36735 0 2.67027 3.00186 0.10566 0 0 -500 0
710 1
1 13 0 0 0 0 1.43268 0 2.6358 3.00186 0.10566 0 0 -500 0
711 1
1 13 0 0 0 0 1.36221 0 2.6729 3.00186 0.10566 0 0 -500 0
712 1
1 13 0 0 0 0 1.40718 0 2.6495 3.00186 0.10566 0 0 -500 0
713 1
1 13 0 0 0 0 1.44967 0 2.62649 3.00186 0.10566 0 0 -500 0
714 1
1 13 0 0 0 0 1.49801 0 2.59923 3.00186 0.10566 0 0 -500 0
715 1
1 13 0 0 0 0 1.43244 0 2.63593 3.00186 0.10566 0 0 -500 0
716 1
1 13 0 0 0 0 1.3922 0 2.6574 3.00186 0.10566 0 0 -500 0
717 1
1 13 0 0 0 0 1.2926 0 2.70725 3.00186 0.10566 0 0 -500 0
718 1
1 13 0 0 0 0 1.30315 0 2.70218 3.00186 0.10566 0 0 -500 0
719 1
1 13 0 0 0 0 1.3151 0 2.69639 3.00186 0.10566 0 0 -500 0
720 1
1 13 0 0 0 0 1.38956 0 2.65878 3.00186 0.10566 0 0 -500 0
721 1
1 13 0 0 0 0 1.33195 0 2.6881 3.00186 0.10566 0 0 -500 0
722 1
1 13 0 0 0 0 1.28775 0 2.70956 3.00186 0.10566 0 0 -500 0
723 1
1 13 0 0 0 0 1.32651 0 2.69079 3.00186 0.10566 0 0 -500 0
724 1
1 13 0 0 0 0 1.33723 0 2.68548 3.00186 0.10566 0 0 -500 0
725 1
1 13 0 0 0 0 1.4306 0 2.63693 3.00186 0.10566 0 0 -500 0
726 1
1 13 0 0 0 0 1.40222 0 2.65213 3.00186 0.10566 0 0 -500 0
727 1
1 13 0 0 0 0 1.48916 0 2.60431 3.00186 0.10566 0 0 -500 0
728 1
1 13 0 0 0 0 1.44153 0 2.63096 3.00186 0.10566 0 0 -500 0
729 1
1 13 0 0 0 0 1.28108 0 2.71272 3.00186 0.10566 0 0 -500 0
730 1
1 13 0 0 0 0 1.47366 0 2.61311 3.00186 0.10566 0 0 -500 0
731 1
1 13 0 0 0 0 1.40582 0 2.65022 3.00186 0.10566 0 0 -500 0
732 1
1 13 0 0 0 0 1.4084 0 2.64885 3.00186 0.10566 0 0 -500 0
733 1
1 13 0 0 0 0 1.44065 0 2.63145 3.00186 0.10566 0 0 -500 0
734 1
1 13 0 0 0 0 1.29716 0 2.70506 3.00186 0.10566 0 0 -500 0
735 1
1 13 0 0 0 0 1.35722 0 2.67544 3.00186 0.10566 0 0 -500 0
736 1
1 13 0 0 0 0 1.2684 0 2.71867 3.00186 0.10566 0 0 -500 0
737 1
1 13 0 0 0 0 1.41716 0 2.64418 3.00186 0.10566 0 0 -500 0
738 1
1 13 0 0 0 0 1.33782 0 2.68519 3.00186 0.10566 0 0 -500 0
739 1
1 13 0 0 0 0 1.31231 0 2.69775 3.00186 0.10566 0 0 -500 0
740 1
1 13 0 0 0 0 1.35983 0 2.67411 3.00186 0.10566 0 0 -500 0
741 1
1 13 0 0 0 0 1.27486 0 2.71564 3.00186 0.10566 0 0 -500 0
742 1
1 13 0 0 0 0 1.4092 0 2.64842 3.00186 0.10566 0 0 -500 0
743 1
1 13 0 0 0 0 1.49244 0 2.60242 3.00186 0.10566 0 0 -500 0
744 1
1 13 0 0 0 0 1.27051 0 2.71768 3.00186 0.10566 0 0 -500 0
745 1
1 13 0 0 0 0 1.49277 0 2.60224 3.00186 0.10566 0 0 -500 0
746 1
1 13 0 0 0 0 1.34937 0 2.6794 3.00186 0.10566 0 0 -500 0
747 1
1 13 0 0 0 0 1.40614 0 2.65005 3.00186 0.10566 0 0 -500 0
748 1
1 13 0 0 0 0 1.44762 0 2.62762 3.00186 0.10566 0 0 -500 0
749 1
1 13 0 0 0 0 1.30888 0 2.69941 3.00186 0.10566 0 0 -500 0
750 1
1 13 0 0 0 0 1.37944 0 2.66405 3.00186 0.10566 0 0 -500 0
751 1
1 13 0 0 0 0 1.49421 0 2.60141 3.00186 0.10566 0 0 -500 0
752 1
1 13 0 0 0 0 1.33515 0 2.68652 3.00186 0.10566 0 0 -500 0
753 1
1 13 0 0 0 0 1.41354 0 2.64611 3.00186 0.10566 0 0 -500 0
754 1
1 13 0 0 0 0 1.40575 0 2.65026 3.00186 0.10566 0 0 -500 0
755 1
1 13 0 0 0 0 1.36323 0 2.67238 3.00186 0.10566 0 0 -500 0
756 1
1 13 0 0 0 0 1.48324 0 2.60768 3.00186 0.10566 0 0 -500 0
757 1
1 13 0 0 0 0 1.28133 0 2.7126 3.00186 0.10566 0 0 -500 0
758 1
1 13 0 0 0 0 1.46254 0 2.61935 3.00186 0.10566 0 0 -500 0
759 1
1 13 0 0 0 0 1.34271 0 2.68275 3.00186 0.10566 0 0 -500 0
760 1
1 13 0 0 0 0 1.31312 0 2.69735 3.00186 0.10566 0 0 -500 0
761 1
1 13 0 0 0 0 1.3966 0 2.65509 3.00186 0.10566 0 0 -500 0
762 1
1 13 0 0 0 0 1.3495 0 2.67934 3.00186 0.10566 0 0 -500 0
763 1
1 13 0 0 0 0 1.3369 0 2.68564 3.00186 0.10566 0 0 -500 0
764 1
1 13 0 0 0 0 1.33348 0 2.68734 3.00186 0.10566 0 0 -500 0
765 1
1 13 0 0 0 0 1.40465 0 2.65084 3.00186 0.10566 0 0 -500 0
766 1
1 13 0 0 0 0 1.35464 0 2.67674 3.00186 0.10566 0 0 -500 0
767 1
1 13 0 0 0 0 1.46991 0 2.61522 3.00186 0.10566 0 0 -500 0
768 1
1 13 0 0 0 0 1.40045 0 2.65306 3.00186 0.10566 0 0 -500 0
769 1
1 13 0 0 0 0 1.44903 0 2.62684 3.00186 0.10566 0 0 -500 0
770 1
1 13 0 0 0 0 1.33302 0 2.68757 3.00186 0.10566 0 0 -500 0
771 1
1 13 0 0 0 0 1.46857 0 2.61597 3.00186 0.10566 0 0 -500 0
772 1
1 13 0 0 0 0 1.48579 0 2.60623 3.00186 0.10566 0 0 -500 0
773 1
1 13 0 0 0 0 1.4343 0 2.63492 3.00186 0.10566 0 0 -500 0
774 1
1 13 0 0 0 0 1.44124 0 2.63113 3.00186 0.10566 0 0 -500 0
775 1
1 13 0 0 0 0 1.48258 0 2.60805 3.00186 0.10566 0 0 -500 0
776 1
1 13 0 0 0 0 1.44441 0 2.62939 3.00186 0.10566 0 0 -500 0
777 1
1 13 0 0 0 0 1.41057 0 2.6477 3.00186 0.10566 0 0 -500 0
778 1
1 13 0 0 0 0 1.35201 0 2.67807 3.00186 0.10566 0 0 -500 0
779 1
1 13 0 0 0 0 1.40854 0 2.64877 3.00186 0.10566 0 0 -500 0
780 1
1 13 0 0 0 0 1.47156 0 2.61429 3.00186 0.10566 0 0 -500 0
781 1
1 13 0 0 0 0 1.28715 0 2.70984 3.00186 0.10566 0 0 -500 0
782 1
1 13 0 0 0 0 1.3753 0 2.66619 3.00186 0.10566 0 0 -500 0
783 1
1 13 0 0 0 0 1.30812 0 2.69978 3.00186 0.10566 0 0 -500 0
784 1
1 13 0 0 0 0 1.47976 0 2.60966 3.00186 0.10566 0 0 -500 0
785 1
1 13 0 0 0 0 1.39083 0 2.65812 3.00186 0.10566 0 0 -500 0
786 1
1 13 0 0 0 0 1.46827 0 2.61614 3.00186 0.10566 0 0 -500 0
787 1
1 13 0 0 0 0 1.48736 0 2.60533 3.00186 0.10566 0 0 -500 0
788 1
1 13 0 0 0 0 1.44496 0 2.62908 3.00186 0.10566 0 0 -500 0
789 1
1 13 0 0 0 0 1.49745 0 2.59955 3.00186 0.10566 0 0 -500 0
790 1
1 13 0 0 0 0 1.334 0 2.68709 3.00186 0.10566 0 0 -500 0
791 1
1 13 0 0 0 0 1.27783 0 2.71425 3.00186 0.10566 0 0 -500 0
792 1
1 13 0 0 0 0 1.41667 0 2.64444 3.00186 0.10566 0 0 -500 0
793 1
1 13 0 0 0 0 1.45605 0 2.62296 3.00186 0.10566 0 0 -500 0
794 1
1 13 0 0 0 0 1.2986 0 2.70437 3.00186 0.10566 0 0 -500 0
795 1
1 13 0 0 0 0 1.33563 0 2.68628 3.00186 0.10566 0 0 -500 0
796 1
1 13 0 0 0 0 1.36301 0 2.67249 3.00186 0.10566 0 0 -500 0
797 1
1 13 0 0 0 0 1.34858 0 2.6798 3.00186 0.10566 0 0 -500 0
798 1
1 13 0 0 0 0 1.31094 0 2.69841 3.00186 0.10566 0 0 -500 0
799 1
1 13 0 0 0 0 1.33166 0 2.68825 3.00186 0.10566 0 0 -500 0
800 1
1 13 0 0 0 0 1.35933 0 2.67436 3.00186 0.10566 0 0 -500 0
801 1
1 13 0 0 0 0 1.29776 0 2.70478 3.00186 0.10566 0 0 -500 0
802 1
1 13 0 0 0 0 1.28515 0 2.71079 3.00186 0.10566 0 0 -500 0
803 1
1 13 0 0 0 0 1.45895 0 2.62135 3.00186 0.10566 0 0 -500 0
804 1
1 13 0 0 0 0 1.30257 0 2.70246 3.00186 0.10566 0 0 -500 0
805 1
1 13 0 0 0 0 1.41665 0 2.64445 3.00186 0.10566 0 0 -500 0
806 1
1 13 0 0 0 0 1.34667 0 2.68076 3.00186 0.10566 0 0 -500 0
807 1
1 13 0 0 0 0 1.28129 0 2.71262 3.00186 0.10566 0 0 -500 0
808 1
1 13 0 0 0 0 1.48445 0 2.60699 3.00186 0.10566 0 0 -500 0
809 1
1 13 0 0 0 0 1.38579 0 2.66075 3.00186 0.10566 0 0 -500 0
810 1
1 13 0 0 0 0 1.43793 0 2.63294 3.00186 0.10566 0 0 -500 0
811 1
1 13 0 0 0 0 1.39853 0 2.65408 3.00186 0.10566 0 0 -500 0
812 1
1 13 0 0 0 0 1.39786 0 2.65443 3.00186 0.10566 0 0 -500 0
813 1
1 13 0 0 0 0 1.36869 0 2.66959 3.00186 0.10566 0 0 -500 0
814 1
1 13 0 0 0 0 1.28109 0 2.71271 3.00186 0.10566 0 0 -500 0
815 1
1 13 0 0 0 0 1.46713 0 2.61678 3.00186 0.10566 0 0 -500 0
816 1
1 13 0 0 0 0 1.34798 0 2.6801 3.00186 0.10566 0 0 -500 0
817 1
1 13 0 0 0 0 1.38778 0 2.65971 3.00186 0.10566 0 0 -500 0
818 1
1 13 0 0 0 0 1.32774 0 2.69019 3.00186 0.10566 0 0 -500 0
819 1
1 13 0 0 0 0 1.48642 0 2.60587 3.00186 0.10566 0 0 -500 0
820 1
1 13 0 0 0 0 1.46147 0 2.61994 3.00186 0.10566 0 0 -500 0
821 1
1 13 0 0 0 0 1.29108 0 2.70797 3.00186 0.10566 0 0 -500 0
822 1
1 13 0 0 0 0 1.31999 0 2.694 3.00186 0.10566 0 0 -500 0
823 1
1 13 0 0 0 0 1.48557 0 2.60635 3.00186 0.10566 0 0 -500 0
824 1
1 13 0 0 0 0 1.38435 0 2.6615 3.00186 0.10566 0 0 -500 0
825 1
1 13 0 0 0 0 1.47399 0 2.61292 3.00186 0.10566 0 0 -500 0
826 1
1 13 0 0 0 0 1.4822 0 2.60827 3.00186 0.10566 0 0 -500 0
827 1
1 13 0 0 0 0 1.3393 0 2.68445 3.00186 0.10566 0 0 -500 0
828 1
1 13 0 0 0 0 1.36148 0 2.67327 3.00186 0.10566 0 0 -500 0
829 1
1 13 0 0 0 0 1.35155 0 2.6783 3.00186 0.10566 0 0 -500 0
830 1
1 13 0 0 0 0 1.45527 0 2.62339 3.00186 0.10566 0 0 -500 0
831 1
1 13 0 0 0 0 1.44228 0 2.63056 3.00186 0.10566 0 0 -500 0
832 1
1 13 0 0 0 0 1.49628 0 2.60022 3.00186 0.10566 0 0 -500 0
833 1
1 13 0 0 0 0 1.4145 0 2.6456 3.00186 0.10566 0 0 -500 0
834 1
1 13 0 0 0 0 1.46537 0 2.61776 3.00186 0.10566 0 0 -500 0
835 1
1 13 0 0 0 0 1.36593 0 2.671 3.00186 0.10566 0 0 -500 0
836 1
1 13 0 0 0 0 1.38666 0 2.6603 3.00186 0.10566 0 0 -500 0
837 1
1 13 0 0 0 0 1.34555 0 2.68132 3.00186 0.10566 0 0 -500 0
838 1
1 13 0 0 0 0 1.34541 0 2.6814 3.00186 0.10566 0 0 -500 0
839 1
1 13 0 0 0 0 1.30167 0 2.7029 3.00186 0.10566 0 0 -500 0
840 1
1 13 0 0 0 0 1.38682 0 2.66021 3.00186 0.10566 0 0 -500 0
841 1
1 13 0 0 0 0 1.4044 0 2.65097 3.00186 0.10566 0 0 -500 0
842 1
1 13 0 0 0 0 1.30109 0 2.70318 3.00186 0.10566 0 0 -500 0
843 1
1 13 0 0 0 0 1.36746 0 2.67022 3.00186 0.10566 0 0 -500 0
844 1
1 13 0 0 0 0 1.27848 0 2.71394 3.00186 0.10566 0 0 -500 0
845 1
1 13 0 0 0 0 1.31386 0 2.69699 3.00186 0.10566 0 0 -500 0
846 1
1 13 0 0 0 0 1.34192 0 2.68314 3.00186 0.10566 0 0 -500 0
847 1
1 13 0 0 0 0 1.3181 0 2.69492 3.00186 0.10566 0 0 -500 0
848 1
1 13 0 0 0 0 1.38155 0 2.66296 3.00186 0.10566 0 0 -500 0
849 1
1 13 0 0 0 0 1.41222 0 2.64681 3.00186 0.10566 0 0 -500 0
850 1
1 13 0 0 0 0 1.35085 0 2.67866 3.00186 0.10566 0 0 -500 0
851 1
1 13 0 0 0 0 1.44723 0 2.62784 3.00186 0.10566 0 0 -500 0
852 1
1 13 0 0 0 0 1.36864 0 2.66961 3.00186 0.10566 0 0 -500 0
853 1
1 13 0 0 0 0 1.33256 0 2.6878 3.00186 0.10566 0 0 -500 0
854 1
1 13 0 0 0 0 1.30021 0 2.7036 3.00186 0.10566 0 0 -500 0
855 1
1 13 0 0 0 0 1.26814 0 2.71879 3.00186 0.10566 0 0 -500 0
856 1
1 13 0 0 0 0 1.42793 0 2.63837 3.00186 0.10566 0 0 -500 0
857 1
1 13 0 0 0 0 1.48417 0 2.60715 3.00186 0.10566 0 0 -500 0
858 1
1 13 0 0 0 0 1.38118 0 2.66315 3.00186 0.10566 0 0 -500 0
859 1
1 13 0 0 0 0 1.30564 0 2.70098 3.00186 0.10566 0 0 -500 0
860 1
1 13 0 0 0 0 1.45886 0 2.6214 3.00186 0.10566 0 0 -500 0
861 1
1 13 0 0 0 0 1.49967 0 2.59826 3.00186 0.10566 0 0 -500 0
862 1
1 13 0 0 0 0 1.43926 0 2.63221 3.00186 0.10566 0 0 -500 0
863 1
1 13 0 0 0 0 1.27557 0 2.71531 3.00186 0.10566 0 0 -500 0
864 1
1 13 0 0 0 0 1.41542 0 2.64511 3.00186 0.10566 0 0 -500 0
865 1
1 13 0 0 0 0 1.43843 0 2.63267 3.00186 0.10566 0 0 -500 0
866 1
1 13 0 0 0 0 1.40753 0 2.64931 3.00186 0.10566 0 0 -500 0
867 1
1 13 0 0 0 0 1.28472 0 2.711 3.00186 0.10566 0 0 -500 0
868 1
1 13 0 0 0 0 1.31347 0 2.69718 3.00186 0.10566 0 0 -500 0
869 1
1 13 0 0 0 0 1.36525 0 2.67135 3.00186 0.10566 0 0 -500 0
870 1
1 13 0 0 0 0 1.47334 0 2.61328 3.00186 0.10566 0 0 -500 0
871 1
1 13 0 0 0 0 1.29753 0 2.70489 3.00186 0.10566 0 0 -500 0
872 1
1 13 0 0 0 0 1.44123 0 2.63113 3.00186 0.10566 0 0 -500 0
873 1
1 13 0 0 0 0 1.29102 0 2.708 3.00186 0.10566 0 0 -500 0
874 1
1 13 0 0 0 0 1.31921 0 2.69438 3.00186 0.10566 0 0 -500 0
875 1
1 13 0 0 0 0 1.4771 0 2.61116 3.00186 0.10566 0 0 -500 0
876 1
1 13 0 0 0 0 1.41832 0 2.64355 3.00186 0.10566 0 0 -500 0
877 1
1 13 0 0 0 0 1.46023 0 2.62063 3.00186 0.10566 0 0 -500 0
878 1
1 13 0 0 0 0 1.28115 0 2.71269 3.00186 0.10566 0 0 -500 0
879 1
1 13 0 0 0 0 1.49454 0 2.60122 3.00186 0.10566 0 0 -500 0
880 1
1 13 0 0 0 0 1.28273 0 2.71194 3.00186 0.10566 0 0 -500 0
881 1
1 13 0 0 0 0 1.49439 0 2.60131 3.00186 0.10566 0 0 -500 0
882 1
1 13 0 0 0 0 1.37013 0 2.66885 3.00186 0.10566 0 0 -500 0
883 1
1 13 0 0 0 0 1.48054 0 2.60921 3.00186 0.10566 0 0 -500 0
884 1
1 13 0 0 0 0 1.35936 0 2.67435 3.00186 0.10566 0 0 -500 0
885 1
1 13 0 0 0 0 1.40248 0 2.65199 3.00186 0.10566 0 0 -500 0
886 1
1 13 0 0 0 0 1.42475 0 2.64009 3.00186 0.10566 0 0 -500 0
887 1
1 13 0 0 0 0 1.46963 0 2.61537 3.00186 0.10566 0 0 -500 0
888 1
1 13 0 0 0 0 1.34933 0 2.67942 3.00186 0.10566 0 0 -500 0
889 1
1 13 0 0 0 0 1.38022 0 2.66364 3.00186 0.10566 0 0 -500 0
890 1
1 13 0 0 0 0 1.32476 0 2.69165 3.00186 0.10566 0 0 -500 0
891 1
1 13 0 0 0 0 1.39846 0 2.65411 3.00186 0.10566 0 0 -500 0
892 1
1 13 0 0 0 0 1.28729 0 2.70978 3.00186 0.10566 0 0 -500 0
893 1
1 13 0 0 0 0 1.29548 0 2.70587 3.00186 0.10566 0 0 -500 0
894 1
1 13 0 0 0 0 1.29718 0 2.70505 3.00186 0.10566 0 0 -500 0
895 1
1 13 0 0 0 0 1.39265 0 2.65717 3.00186 0.10566 0 0 -500 0
896 1
1 13 0 0 0 0 1.49888 0 2.59872 3.00186 0.10566 0 0 -500 0
897 1
1 13 0 0 0 0 1.31446 0 2.6967 3.00186 0.10566 0 0 -500 0
898 1
1 13 0 0 0 0 1.46172 0 2.6198 3.00186 0.10566 0 0 -500 0
899 1
1 13 0 0 0 0 1.28806 0 2.70941 3.00186 0.10566 0 0 -500 0
900 1
1 13 0 0 0 0 1.44151 0 2.63098 3.00186 0.10566 0 0 -500 0
901 1
1 13 0 0 0 0 1.48191 0 2.60844 3.00186 0.10566 0 0 -500 0
902 1
1 13 0 0 0 0 1.47014 0 2.61509 3.00186 0.10566 0 0 -500 0
903 1
1 13 0 0 0 0 1.41987 0 2.64272 3.00186 0.10566 0 0 -500 0
904 1
1 13 0 0 0 0 1.27951 0 2.71346 3.00186 0.10566 0 0 -500 0
905 1
1 13 0 0 0 0 1.30566 0 2.70097 3.00186 0.10566 0 0 -500 0
906 1
1 13 0 0 0 0 1.45064 0 2.62596 3.00186 0.10566 0 0 -500 0
907 1
1 13 0 0 0 0 1.3771 0 2.66526 3.00186 0.10566 0 0 -500 0
908 1
1 13 0 0 0 0 1.33335 0 2.68741 3.00186 0.10566 0 0 -500 0
909 1
1 13 0 0 0 0 1.37896 0 2.6643 3.00186 0.10566 0 0 -500 0
910 1
1 13 0 0 0 0 1.49514 0 2.60088 3.00186 0.10566 0 0 -500 0
911 1
1 13 0 0 0 0 1.39742 0 2.65466 3.00186 0.10566 0 0 -500 0
912 1
1 13 0 0 0 0 1.4859 0 2.60617 3.00186 0.10566 0 0 -500 0
913 1
1 13 0 0 0 0 1.45585 0 2.62307 3.00186 0.10566 0 0 -500 0
914 1
1 13 0 0 0 0 1.3592 0 2.67443 3.00186 0.10566 0 0 -500 0
915 1
1 13 0 0 0 0 1.32323 0 2.69241 3.00186 0.10566 0 0 -500 0
916 1
1 13 0 0 0 0 1.45397 0 2.62412 3.00186 0.10566 0 0 -500 0
917 1
1 13 0 0 0 0 1.45617 0 2.62289 3.00186 0.10566 0 0 -500 0
918 1
1 13 0 0 0 0 1.42013 0 2.64258 3.00186 0.10566 0 0 -500 0
919 1
1 13 0 0 0 0 1.39743 0 2.65465 3.00186 0.10566 0 0 -500 0
920 1
1 13 0 0 0 0 1.47376 0 2.61305 3.00186 0.10566 0 0 -500 0
921 1
1 13 0 0 0 0 1.34789 0 2.68015 3.00186 0.10566 0 0 -500 0
922 1
1 13 0 0 0 0 1.30452 0 2.70152 3.00186 0.10566 0 0 -500 0
923 1
1 13 0 0 0 0 1.28859 0 2.70916 3.00186 0.10566 0 0 -500 0
924 1
1 13 0 0 0 0 1.32082 0 2.69359 3.00186 0.10566 0 0 -500 0
925 1
1 13 0 0 0 0 1.45871 0 2.62148 3.00186 0.10566 0 0 -500 0
926 1
1 13 0 0 0 0 1.36536 0 2.67129 3.00186 0.10566 0 0 -500 0
927 1
1 13 0 0 0 0 1.4589 0 2.62138 3.00186 0.10566 0 0 -500 0
928 1
1 13 0 0 0 0 1.31014 0 2.6988 3.00186 0.10566 0 0 -500 0
929 1
1 13 0 0 0 0 1.47893 0 2.61013 3.00186 0.10566 0 0 -500 0
930 1
1 13 0 0 0 0 1.43553 0 2.63425 3.00186 0.10566 0 0 -500 0
931 1
1 13 0 0 0 0 1.47826 0 2.61051 3.00186 0.10566 0 0 -500 0
932 1
1 13 0 0 0 0 1.36754 0 2.67018 3.00186 0.10566 0 0 -500 0
933 1
1 13 0 0 0 0 1.48148 0 2.60868 3.00186 0.10566 0 0 -500 0
934 1
1 13 0 0 0 0 1.34933 0 2.67942 3.00186 0.10566 0 0 -500 0
935 1
1 13 0 0 0 0 1.42437 0 2.6403 3.00186 0.10566 0 0 -500 0
936 1
1 13 0 0 0 0 1.37059 0 2.66861 3.00186 0.10566 0 0 -500 0
937 1
1 13 0 0 0 0 1.38446 0 2.66144 3.00186 0.10566 0 0 -500 0
938 1
1 13 0 0 0 0 1.29851 0 2.70442 3.00186 0.10566 0 0 -500 0
939 1
1 13 0 0 0 0 1.49563 0 2.60059 3.00186 0.10566 0 0 -500 0
940 1
1 13 0 0 0 0 1.43166 0 2.63635 3.00186 0.10566 0 0 -500 0
941 1
1 13 0 0 0 0 1.31555 0 2.69617 3.00186 0.10566 0 0 -500 0
942 1
1 13 0 0 0 0 1.46519 0 2.61787 3.00186 0.10566 0 0 -500 0
943 1
1 13 0 0 0 0 1.40797 0 2.64908 3.00186 0.10566 0 0 -500 0
944 1
1 13 0 0 0 0 1.4122 0 2.64683 3.00186 0.10566 0 0 -500 0
945 1
1 13 0 0 0 0 1.45449 0 2.62382 3.00186 0.10566 0 0 -500 0
946 1
1 13 0 0 0 0 1.42708 0 2.63883 3.00186 0.10566 0 0 -500 0
947 1
1 13 0 0 0 0 1.47231 0 2.61387 3.00186 0.10566 0 0 -500 0
948 1
1 13 0 0 0 0 1.49455 0 2.60121 3.00186 0.10566 0 0 -500 0
949 1
1 13 0 0 0 0 1.3275 0 2.6903 3.00186 0.10566 0 0 -500 0
950 1
1 13 0 0 0 0 1.33694 0 2.68563 3.00186 0.10566 0 0 -500 0
951 1
1 13 0 0 0 0 1.3676 0 2.67014 3.00186 0.10566 0 0 -500 0
952 1
1 13 0 0 0 0 1.46157 0 2.61989 3.00186 0.10566 0 0 -500 0
953 1
1 13 0 0 0 0 1.30784 0 2.69992 3.00186 0.10566 0 0 -500 0
954 1
1 13 0 0 0 0 1.34862 0 2.67978 3.00186 0.10566 0 0 -500 0
955 1
1 13 0 0 0 0 1.35431 0 2.67691 3.00186 0.10566 0 0 -500 0
956 1
1 13 0 0 0 0 1.49957 0 2.59832 3.00186 0.10566 0 0 -500 0
957 1
1 13 0 0 0 0 1.33577 0 2.68621 3.00186 0.10566 0 0 -500 0
958 1
1 13 0 0 0 0 1.27441 0 2.71586 3.00186 0.10566 0 0 -500 0
959 1
1 13 0 0 0 0 1.3551 0 2.67651 3.00186 0.10566 0 0 -500 0
960 1
1 13 0 0 0 0 1.30594 0 2.70084 3.00186 0.10566 0 0 -500 0
961 1
1 13 0 0 0 0 1.49129 0 2.60309 3.00186 0.10566 0 0 -500 0
962 1
1 13 0 0 0 0 1.27391 0 2.71609 3.00186 0.10566 0 0 -500 0
963 1
1 13 0 0 0 0 1.39831 0 2.65419 3.00186 0.10566 0 0 -500 0
964 1
1 13 0 0 0 0 1.45555 0 2.62323 3.00186 0.10566 0 0 -500 0
965 1
1 13 0 0 0 0 1.4131 0 2.64635 3.00186 0.10566 0 0 -500 0
966 1
1 13 0 0 0 0 1.2681 0 2.71881 3.00186 0.10566 0 0 -500 0
967 1
1 13 0 0 0 0 1.44183 0 2.63081 3.00186 0.10566 0 0 -500 0
968 1
1 13 0 0 0 0 1.28513 0 2.7108 3.00186 0.10566 0 0 -500 0
969 1
1 13 0 0 0 0 1.4521 0 2.62515 3.00186 0.10566 0 0 -500 0
970 1
1 13 0 0 0 0 1.41423 0 2.64574 3.00186 0.10566 0 0 -500 0
971 1
1 13 0 0 0 0 1.43368 0 2.63525 3.00186 0.10566 0 0 -500 0
972 1
1 13 0 0 0 0 1.47462 0 2.61256 3.00186 0.10566 0 0 -500 0
973 1
1 13 0 0 0 0 1.3624 0 2.6728 3.00186 0.10566 0 0 -500 0
974 1
1 13 0 0 0 0 1.44265 0 2.63035 3.00186 0.10566 0 0 -500 0
975 1
1 13 0 0 0 0 1.30087 0 2.70328 3.00186 0.10566 0 0 -500 0
976 1
1 13 0 0 0 0 1.44024 0 2.63168 3.00186 0.10566 0 0 -500 0
977 1
1 13 0 0 0 0 1.29814 0 2.70459 3.00186 0.10566 0 0 -500 0
978 1
1 13 0 0 0 0 1.45833 0 2.6217 3.00186 0.10566 0 0 -500 0
979 1
1 13 0 0 0 0 1.47335 0 2.61328 3.00186 0.10566 0 0 -500 0
980 1
1 13 0 0 0 0 1.45965 0 2.62096 3.00186 0.10566 0 0 -500 0
981 1
1 13 0 0 0 0 1.28036 0 2.71306 3.00186 0.10566 0 0 -500 0
982 1
1 13 0 0 0 0 1.38027 0 2.66362 3.00186 0.10566 0 0 -500 0
983 1
1 13 0 0 0 0 1.40146 0 2.65253 3.00186 0.10566 0 0 -500 0
984 1
1 13 0 0 0 0 1.39532 0 2.65576 3.00186 0.10566 0 0 -500 0
985 1
1 13 0 0 0 0 1.27781 0 2.71426 3.00186 0.10566 0 0 -500 0
986 1
1 13 0 0 0 0 1.42133 0 2.64194 3.00186 0.10566 0 0 -500 0
987 1
1 13 0 0 0 0 1.34492 0 2.68164 3.00186 0.10566 0 0 -500 0
988 1
1 13 0 0 0 0 1.42485 0 2.64004 3.00186 0.10566 0 0 -500 0
989 1
1 13 0 0 0 0 1.38206 0 2.66269 3.00186 0.10566 0 0 -500 0
990 1
1 13 0 0 0 0 1.34709 0 2.68055 3.00186 0.10566 0 0 -500 0
991 1
1 13 0 0 0 0 1.37263 0 2.66756 3.00186 0.10566 0 0 -500 0
992 1
1 13 0 0 0 0 1.32315 0 2.69245 3.00186 0.10566 0 0 -500 0
993 1
1 13 0 0 0 0 1.31865 0 2.69466 3.00186 0.10566 0 0 -500 0
994 1
1 13 0 0 0 0 1.29169 0 2.70768 3.00186 0.10566 0 0 -500 0
995 1
1 13 0 0 0 0 1.3688 0 2.66953 3.00186 0.10566 0 0 -500 0
996 1
1 13 0 0 0 0 1.27109 0 2.71741 3.00186 0.10566 0 0 -500 0
997 1
1 13 0 0 0 0 1.39731 0 2.65472 3.00186 0.10566 0 0 -500 0
998 1
1 13 0 0 0 0 1.39283 0 2.65707 3.00186 0.10566 0 0 -500 0
999 1
1 13 0 0 0 0 1.27983 0 2.71331 3.00186 0.10566 0 0 -500 0