0 1
1 13 0 0 0 0 1.70837 0 2.46607 3.00186 0.10566 0 0 -500 0
1 1
1 13 0 0 0 0 1.65958 0 2.49916 3.00186 0.10566 0 0 -500 0
2 1
1 13 0 0 0 0 1.60433 0 2.53498 3.00186 0.10566 0 0 -500 0
3 1
1 13 0 0 0 0 1.71325 0 2.46268 3.00186 0.10566 0 0 -500 0
4 1
1 13 0 0 0 0 1.52414 0 2.58399 3.00186 0.10566 0 0 -500 0
5 1
1 13 0 0 0 0 1.54508 0 2.57152 3.00186 0.10566 0 0 -500 0
6 1
1 13 0 0 0 0 1.57598 0 2.5527 3.00186 0.10566 0 0 -500 0
7 1
1 13 0 0 0 0 1.56256 0 2.56094 3.00186 0.10566 0 0 -500 0
8 1
1 13 0 0 0 0 1.57915 0 2.55074 3.00186 0.10566 0 0 -500 0
9 1
1 13 0 0 0 0 1.67524 0 2.48869 3.00186 0.10566 0 0 -500 0
10 1
1 13 0 0 0 0 1.61879 0 2.52577 3.00186 0.10566 0 0 -500 0
11 1
1 13 0 0 0 0 1.59012 0 2.54392 3.00186 0.10566 0 0 -500 0
12 1
1 13 0 0 0 0 1.68636 0 2.48117 3.00186 0.10566 0 0 -500 0
13 1
1 13 0 0 0 0 1.68693 0 2.48078 3.00186 0.10566 0 0 -500 0
14 1
1 13 0 0 0 0 1.67243 0 2.49058 3.00186 0.10566 0 0 -500 0
15 1
1 13 0 0 0 0 1.6321 0 2.51719 3.00186 0.10566 0 0 -500 0
16 1
1 13 0 0 0 0 1.52843 0 2.58145 3.00186 0.10566 0 0 -500 0
17 1
1 13 0 0 0 0 1.65473 0 2.50237 3.00186 0.10566 0 0 -500 0
18 1
1 13 0 0 0 0 1.68891 0 2.47943 3.00186 0.10566 0 0 -500 0
19 1
1 13 0 0 0 0 1.60182 0 2.53657 3.00186 0.10566 0 0 -500 0
20 1
1 13 0 0 0 0 1.61484 0 2.5283 3.00186 0.10566 0 0 -500 0
21 1
1 13 0 0 0 0 1.56073 0 2.56206 3.00186 0.10566 0 0 -500 0
22 1
1 13 0 0 0 0 1.5166 0 2.58842 3.00186 0.10566 0 0 -500 0
23 1
1 13 0 0 0 0 1.71987 0 2.45806 3.00186 0.10566 0 0 -500 0
24 1
1 13 0 0 0 0 1.57605 0 2.55266 3.00186 0.10566 0 0 -500 0
25 1
1 13 0 0 0 0 1.535 0 2.57755 3.00186 0.10566 0 0 -500 0
26 1
1 13 0 0 0 0 1.53831 0 2.57558 3.00186 0.10566 0 0 -500 0
27 1
1 13 0 0 0 0 1.66687 0 2.4943 3.00186 0.10566 0 0 -500 0
28 1
1 13 0 0 0 0 1.66158 0 2.49783 3.00186 0.10566 0 0 -500 0
29 1
1 13 0 0 0 0 1.65554 0 2.50183 3.00186 0.10566 0 0 -500 0
30 1
1 13 0 0 0 0 1.56404 0 2.56003 3.00186 0.10566 0 0 -500 0
31 1
1 13 0 0 0 0 1.65975 0 2.49905 3.00186 0.10566 0 0 -500 0
32 1
1 13 0 0 0 0 1.54225 0 2.57322 3.00186 0.10566 0 0 -500 0
33 1
1 13 0 0 0 0 1.68679 0 2.48087 3.00186 0.10566 0 0 -500 0
34 1
1 13 0 0 0 0 1.56832 0 2.55742 3.00186 0.10566 0 0 -500 0
35 1
1 13 0 0 0 0 1.56913 0 2.55692 3.00186 0.10566 0 0 -500 0
36 1
1 13 0 0 0 0 1.68109 0 2.48474 3.00186 0.10566 0 0 -500 0
37 1
1 13 0 0 0 0 1.62129 0 2.52417 3.00186 0.10566 0 0 -500 0
38 1
1 13 0 0 0 0 1.51727 0 2.58803 3.00186 0.10566 0 0 -500 0
39 1
1 13 0 0 0 0 1.57528 0 2.55313 3.00186 0.10566 0 0 -500 0
40 1
1 13 0 0 0 0 1.56001 0 2.56249 3.00186 0.10566 0 0 -500 0
41 1
1 13 0 0 0 0 1.62952 0 2.51886 3.00186 0.10566 0 0 -500 0
42 1
1 13 0 0 0 0 1.61207 0 2.53007 3.00186 0.10566 0 0 -500 0
43 1
1 13 0 0 0 0 1.59605 0 2.5402 3.00186 0.10566 0 0 -500 0
44 1
1 13 0 0 0 0 1.62294 0 2.52311 3.00186 0.10566 0 0 -500 0
45 1
1 13 0 0 0 0 1.61366 0 2.52905 3.00186 0.10566 0 0 -500 0
46 1
1 13 0 0 0 0 1.58529 0 2.54693 3.00186 0.10566 0 0 -500 0
47 1
1 13 0 0 0 0 1.52029 0 2.58626 3.00186 0.10566 0 0 -500 0
48 1
1 13 0 0 0 0 1.60721 0 2.53315 3.00186 0.10566 0 0 -500 0
49 1
1 13 0 0 0 0 1.60907 0 2.53197 3.00186 0.10566 0 0 -500 0
50 1
1 13 0 0 0 0 1.53492 0 2.5776 3.00186 0.10566 0 0 -500 0
51 1
1 13 0 0 0 0 1.64157 0 2.51103 3.00186 0.10566 0 0 -500 0
52 1
1 13 0 0 0 0 1.53123 0 2.57979 3.00186 0.10566 0 0 -500 0
53 1
1 13 0 0 0 0 1.56108 0 2.56184 3.00186 0.10566 0 0 -500 0
54 1
1 13 0 0 0 0 1.51668 0 2.58837 3.00186 0.10566 0 0 -500 0
55 1
1 13 0 0 0 0 1.54572 0 2.57114 3.00186 0.10566 0 0 -500 0
56 1
1 13 0 0 0 0 1.69179 0 2.47746 3.00186 0.10566 0 0 -500 0
57 1
1 13 0 0 0 0 1.60275 0 2.53598 3.00186 0.10566 0 0 -500 0
58 1
1 13 0 0 0 0 1.66525 0 2.49538 3.00186 0.10566 0 0 -500 0
59 1
1 13 0 0 0 0 1.60322 0 2.53569 3.00186 0.10566 0 0 -500 0
60 1
1 13 0 0 0 0 1.70442 0 2.4688 3.00186 0.10566 0 0 -500 0
61 1
1 13 0 0 0 0 1.56644 0 2.55857 3.00186 0.10566 0 0 -500 0
62 1
1 13 0 0 0 0 1.62333 0 2.52286 3.00186 0.10566 0 0 -500 0
63 1
1 13 0 0 0 0 1.70239 0 2.4702 3.00186 0.10566 0 0 -500 0
64 1
1 13 0 0 0 0 1.60343 0 2.53555 3.00186 0.10566 0 0 -500 0
65 1
1 13 0 0 0 0 1.69073 0 2.47819 3.00186 0.10566 0 0 -500 0
66 1
1 13 0 0 0 0 1.67203 0 2.49084 3.00186 0.10566 0 0 -500 0
67 1
1 13 0 0 0 0 1.60057 0 2.53736 3.00186 0.10566 0 0 -500 0
68 1
1 13 0 0 0 0 1.60402 0 2.53518 3.00186 0.10566 0 0 -500 0
69 1
1 13 0 0 0 0 1.6878 0 2.48019 3.00186 0.10566 0 0 -500 0
70 1
1 13 0 0 0 0 1.65065 0 2.50507 3.00186 0.10566 0 0 -500 0
71 1
1 13 0 0 0 0 1.63177 0 2.5174 3.00186 0.10566 0 0 -500 0
72 1
1 13 0 0 0 0 1.5267 0 2.58248 3.00186 0.10566 0 0 -500 0
73 1
1 13 0 0 0 0 1.51735 0 2.58798 3.00186 0.10566 0 0 -500 0
74 1
1 13 0 0 0 0 1.5471 0 2.57031 3.00186 0.10566 0 0 -500 0
75 1
1 13 0 0 0 0 1.62307 0 2.52302 3.00186 0.10566 0 0 -500 0
76 1
1 13 0 0 0 0 1.64024 0 2.51189 3.00186 0.10566 0 0 -500 0
77 1
1 13 0 0 0 0 1.64464 0 2.50901 3.00186 0.10566 0 0 -500 0
78 1
1 13 0 0 0 0 1.61044 0 2.5311 3.00186 0.10566 0 0 -500 0
79 1
1 13 0 0 0 0 1.64497 0 2.5088 3.00186 0.10566 0 0 -500 0
80 1
1 13 0 0 0 0 1.57808 0 2.5514 3.00186 0.10566 0 0 -500 0
81 1
1 13 0 0 0 0 1.70113 0 2.47106 3.00186 0.10566 0 0 -500 0
82 1
1 13 0 0 0 0 1.66536 0 2.49531 3.00186 0.10566 0 0 -500 0
83 1
1 13 0 0 0 0 1.54033 0 2.57437 3.00186 0.10566 0 0 -500 0
84 1
1 13 0 0 0 0 1.57077 0 2.55591 3.00186 0.10566 0 0 -500 0
85 1
1 13 0 0 0 0 1.5073 0 2.59385 3.00186 0.10566 0 0 -500 0
86 1
1 13 0 0 0 0 1.51776 0 2.58774 3.00186 0.10566 0 0 -500 0
87 1
1 13 0 0 0 0 1.50252 0 2.59662 3.00186 0.10566 0 0 -500 0
88 1
1 13 0 0 0 0 1.54668 0 2.57056 3.00186 0.10566 0 0 -500 0
89 1
1 13 0 0 0 0 1.55816 0 2.56362 3.00186 0.10566 0 0 -500 0
90 1
1 13 0 0 0 0 1.55754 0 2.564 3.00186 0.10566 0 0 -500 0
91 1
1 13 0 0 0 0 1.5381 0 2.57571 3.00186 0.10566 0 0 -500 0
92 1
1 13 0 0 0 0 1.67389 0 2.4896 3.00186 0.10566 0 0 -500 0
93 1
1 13 0 0 0 0 1.56302 0 2.56066 3.00186 0.10566 0 0 -500 0
94 1
1 13 0 0 0 0 1.50043 0 2.59783 3.00186 0.10566 0 0 -500 0
95 1
1 13 0 0 0 0 1.60093 0 2.53713 3.00186 0.10566 0 0 -500 0
96 1
1 13 0 0 0 0 1.7018 0 2.4706 3.00186 0.10566 0 0 -500 0
97 1
1 13 0 0 0 0 1.65925 0 2.49938 3.00186 0.10566 0 0 -500 0
98 1
1 13 0 0 0 0 1.51621 0 2.58865 3.00186 0.10566 0 0 -500 0
99 1
1 13 0 0 0 0 1.53004 0 2.5805 3.00186 0.10566 0 0 -500 0
100 1
1 13 0 0 0 0 1.62809 0 2.51979 3.00186 0.10566 0 0 -500 0
101 1
1 13 0 0 0 0 1.56736 0 2.55801 3.00186 0.10566 0 0 -500 0
102 1
1 13 0 0 0 0 1.50336 0 2.59613 3.00186 0.10566 0 0 -500 0
103 1
1 13 0 0 0 0 1.52387 0 2.58415 3.00186 0.10566 0 0 -500 0
104 1
1 13 0 0 0 0 1.51136 0 2.59149 3.00186 0.10566 0 0 -500 0
105 1
1 13 0 0 0 0 1.62244 0 2.52343 3.00186 0.10566 0 0 -500 0
106 1
1 13 0 0 0 0 1.65239 0 2.50392 3.00186 0.10566 0 0 -500 0
107 1
1 13 0 0 0 0 1.54635 0 2.57076 3.00186 0.10566 0 0 -500 0
108 1
1 13 0 0 0 0 1.58306 0 2.54832 3.00186 0.10566 0 0 -500 0
109 1
1 13 0 0 0 0 1.70638 0 2.46744 3.00186 0.10566 0 0 -500 0
110 1
1 13 0 0 0 0 1.70323 0 2.46962 3.00186 0.10566 0 0 -500 0
111 1
1 13 0 0 0 0 1.51124 0 2.59155 3.00186 0.10566 0 0 -500 0
112 1
1 13 0 0 0 0 1.62748 0 2.52018 3.00186 0.10566 0 0 -500 0
113 1
1 13 0 0 0 0 1.70479 0 2.46854 3.00186 0.10566 0 0 -500 0
114 1
1 13 0 0 0 0 1.64232 0 2.51054 3.00186 0.10566 0 0 -500 0
115 1
1 13 0 0 0 0 1.62655 0 2.52078 3.00186 0.10566 0 0 -500 0
116 1
1 13 0 0 0 0 1.71278 0 2.463 3.00186 0.10566 0 0 -500 0
117 1
1 13 0 0 0 0 1.6374 0 2.51375 3.00186 0.10566 0 0 -500 0
118 1
1 13 0 0 0 0 1.51933 0 2.58682 3.00186 0.10566 0 0 -500 0
119 1
1 13 0 0 0 0 1.50144 0 2.59724 3.00186 0.10566 0 0 -500 0
120 1
1 13 0 0 0 0 1.7065 0 2.46736 3.00186 0.10566 0 0 -500 0
121 1
1 13 0 0 0 0 1.50844 0 2.59319 3.00186 0.10566 0 0 -500 0
122 1
1 13 0 0 0 0 1.58992 0 2.54405 3.00186 0.10566 0 0 -500 0
123 1
1 13 0 0 0 0 1.61323 0 2.52932 3.00186 0.10566 0 0 -500 0
124 1
1 13 0 0 0 0 1.67457 0 2.48914 3.00186 0.10566 0 0 -500 0
125 1
1 13 0 0 0 0 1.70738 0 2.46675 3.00186 0.10566 0 0 -500 0
126 1
1 13 0 0 0 0 1.57717 0 2.55197 3.00186 0.10566 0 0 -500 0
127 1
1 13 0 0 0 0 1.67628 0 2.48799 3.00186 0.10566 0 0 -500 0
128 1
1 13 0 0 0 0 1.53214 0 2.57925 3.00186 0.10566 0 0 -500 0
129 1
1 13 0 0 0 0 1.53071 0 2.5801 3.00186 0.10566 0 0 -500 0
130 1
1 13 0 0 0 0 1.60622 0 2.53379 3.00186 0.10566 0 0 -500 0
131 1
1 13 0 0 0 0 1.55996 0 2.56253 3.00186 0.10566 0 0 -500 0
132 1
1 13 0 0 0 0 1.51766 0 2.5878 3.00186 0.10566 0 0 -500 0
133 1
1 13 0 0 0 0 1.67347 0 2.48988 3.00186 0.10566 0 0 -500 0
134 1
1 13 0 0 0 0 1.62869 0 2.5194 3.00186 0.10566 0 0 -500 0
135 1
1 13 0 0 0 0 1.71217 0 2.46343 3.00186 0.10566 0 0 -500 0
136 1
1 13 0 0 0 0 1.5862 0 2.54636 3.00186 0.10566 0 0 -500 0
137 1
1 13 0 0 0 0 1.59236 0 2.54252 3.00186 0.10566 0 0 -500 0
138 1
1 13 0 0 0 0 1.51982 0 2.58653 3.00186 0.10566 0 0 -500 0
139 1
1 13 0 0 0 0 1.68417 0 2.48266 3.00186 0.10566 0 0 -500 0
140 1
1 13 0 0 0 0 1.62102 0 2.52434 3.00186 0.10566 0 0 -500 0
141 1
1 13 0 0 0 0 1.50704 0 2.594 3.00186 0.10566 0 0 -500 0
142 1
1 13 0 0 0 0 1.5297 0 2.5807 3.00186 0.10566 0 0 -500 0
143 1
1 13 0 0 0 0 1.53361 0 2.57838 3.00186 0.10566 0 0 -500 0
144 1
1 13 0 0 0 0 1.5919 0 2.54281 3.00186 0.10566 0 0 -500 0
145 1
1 13 0 0 0 0 1.55629 0 2.56475 3.00186 0.10566 0 0 -500 0
146 1
1 13 0 0 0 0 1.58417 0 2.54763 3.00186 0.10566 0 0 -500 0
147 1
1 13 0 0 0 0 1.54033 0 2.57437 3.00186 0.10566 0 0 -500 0
148 1
1 13 0 0 0 0 1.52469 0 2.58367 3.00186 0.10566 0 0 -500 0
149 1
1 13 0 0 0 0 1.53381 0 2.57826 3.00186 0.10566 0 0 -500 0
150 1
1 13 0 0 0 0 1.68215 0 2.48402 3.00186 0.10566 0 0 -500 0
151 1
1 13 0 0 0 0 1.52477 0 2.58361 3.00186 0.10566 0 0 -500 0
152 1
1 13 0 0 0 0 1.53812 0 2.57569 3.00186 0.10566 0 0 -500 0
153 1
1 13 0 0 0 0 1.65948 0 2.49923 3.00186 0.10566 0 0 -500 0
154 1
1 13 0 0 0 0 1.58025 0 2.55006 3.00186 0.10566 0 0 -500 0
155 1
1 13 0 0 0 0 1.63224 0 2.5171 3.00186 0.10566 0 0 -500 0
156 1
1 13 0 0 0 0 1.67367 0 2.48974 3.00186 0.10566 0 0 -500 0
157 1
1 13 0 0 0 0 1.69862 0 2.47279 3.00186 0.10566 0 0 -500 0
158 1
1 13 0 0 0 0 1.62858 0 2.51947 3.00186 0.10566 0 0 -500 0
159 1
1 13 0 0 0 0 1.69938 0 2.47227 3.00186 0.10566 0 0 -500 0
160 1
1 13 0 0 0 0 1.58449 0 2.54743 3.00186 0.10566 0 0 -500 0
161 1
1 13 0 0 0 0 1.58254 0 2.54864 3.00186 0.10566 0 0 -500 0
162 1
1 13 0 0 0 0 1.64156 0 2.51103 3.00186 0.10566 0 0 -500 0
163 1
1 13 0 0 0 0 1.64892 0 2.50621 3.00186 0.10566 0 0 -500 0
164 1
1 13 0 0 0 0 1.71997 0 2.45799 3.00186 0.10566 0 0 -500 0
165 1
1 13 0 0 0 0 1.64585 0 2.50822 3.00186 0.10566 0 0 -500 0
166 1
1 13 0 0 0 0 1.63115 0 2.51781 3.00186 0.10566 0 0 -500 0
167 1
1 13 0 0 0 0 1.65512 0 2.50211 3.00186 0.10566 0 0 -500 0
168 1
1 13 0 0 0 0 1.67303 0 2.49018 3.00186 0.10566 0 0 -500 0
169 1
1 13 0 0 0 0 1.64949 0 2.50583 3.00186 0.10566 0 0 -500 0
170 1
1 13 0 0 0 0 1.60437 0 2.53495 3.00186 0.10566 0 0 -500 0
171 1
1 13 0 0 0 0 1.61906 0 2.5256 3.00186 0.10566 0 0 -500 0
172 1
1 13 0 0 0 0 1.6323 0 2.51706 3.00186 0.10566 0 0 -500 0
173 1
1 13 0 0 0 0 1.62849 0 2.51953 3.00186 0.10566 0 0 -500 0
174 1
1 13 0 0 0 0 1.64258 0 2.51036 3.00186 0.10566 0 0 -500 0
175 1
1 13 0 0 0 0 1.71791 0 2.45943 3.00186 0.10566 0 0 -500 0
176 1
1 13 0 0 0 0 1.58547 0 2.54682 3.00186 0.10566 0 0 -500 0
177 1
1 13 0 0 0 0 1.70106 0 2.47111 3.00186 0.10566 0 0 -500 0
178 1
1 13 0 0 0 0 1.71645 0 2.46045 3.00186 0.10566 0 0 -500 0
179 1
1 13 0 0 0 0 1.60443 0 2.53491 3.00186 0.10566 0 0 -500 0
180 1
1 13 0 0 0 0 1.60052 0 2.53739 3.00186 0.10566 0 0 -500 0
181 1
1 13 0 0 0 0 1.52384 0 2.58416 3.00186 0.10566 0 0 -500 0
182 1
1 13 0 0 0 0 1.70363 0 2.46934 3.00186 0.10566 0 0 -500 0
183 1
1 13 0 0 0 0 1.59299 0 2.54212 3.00186 0.10566 0 0 -500 0
184 1
1 13 0 0 0 0 1.52636 0 2.58268 3.00186 0.10566 0 0 -500 0
185 1
1 13 0 0 0 0 1.50476 0 2.59532 3.00186 0.10566 0 0 -500 0
186 1
1 13 0 0 0 0 1.69055 0 2.47832 3.00186 0.10566 0 0 -500 0
187 1
1 13 0 0 0 0 1.63309 0 2.51655 3.00186 0.10566 0 0 -500 0
188 1
1 13 0 0 0 0 1.66792 0 2.4936 3.00186 0.10566 0 0 -500 0
189 1
1 13 0 0 0 0 1.60795 0 2.53268 3.00186 0.10566 0 0 -500 0
190 1
1 13 0 0 0 0 1.50194 0 2.59695 3.00186 0.10566 0 0 -500 0
191 1
1 13 0 0 0 0 1.68593 0 2.48146 3.00186 0.10566 0 0 -500 0
192 1
1 13 0 0 0 0 1.67309 0 2.49013 3.00186 0.10566 0 0 -500 0
193 1
1 13 0 0 0 0 1.55175 0 2.5675 3.00186 0.10566 0 0 -500 0
194 1
1 13 0 0 0 0 1.60356 0 2.53547 3.00186 0.10566 0 0 -500 0
195 1
1 13 0 0 0 0 1.62036 0 2.52477 3.00186 0.10566 0 0 -500 0
196 1
1 13 0 0 0 0 1.64123 0 2.51125 3.00186 0.10566 0 0 -500 0
197 1
1 13 0 0 0 0 1.54678 0 2.5705 3.00186 0.10566 0 0 -500 0
198 1
1 13 0 0 0 0 1.67317 0 2.49008 3.00186 0.10566 0 0 -500 0
199 1
1 13 0 0 0 0 1.64548 0 2.50847 3.00186 0.10566 0 0 -500 0
200 1
1 13 0 0 0 0 1.65661 0 2.50113 3.00186 0.10566 0 0 -500 0
201 1
1 13 0 0 0 0 1.57176 0 2.5553 3.00186 0.10566 0 0 -500 0
202 1
1 13 0 0 0 0 1.62757 0 2.52012 3.00186 0.10566 0 0 -500 0
203 1
1 13 0 0 0 0 1.58376 0 2.54788 3.00186 0.10566 0 0 -500 0
204 1
1 13 0 0 0 0 1.58886 0 2.54471 3.00186 0.10566 0 0 -500 0
205 1
1 13 0 0 0 0 1.65179 0 2.50432 3.00186 0.10566 0 0 -500 0
206 1
1 13 0 0 0 0 1.52299 0 2.58467 3.00186 0.10566 0 0 -500 0
207 1
1 13 0 0 0 0 1.58879 0 2.54475 3.00186 0.10566 0 0 -500 0
208 1
1 13 0 0 0 0 1.68979 0 2.47884 3.00186 0.10566 0 0 -500 0
209 1
1 13 0 0 0 0 1.651 0 2.50484 3.00186 0.10566 0 0 -500 0
210 1
1 13 0 0 0 0 1.63138 0 2.51766 3.00186 0.10566 0 0 -500 0
211 1
1 13 0 0 0 0 1.63569 0 2.51486 3.00186 0.10566 0 0 -500 0
212 1
1 13 0 0 0 0 1.64139 0 2.51114 3.00186 0.10566 0 0 -500 0
213 1
1 13 0 0 0 0 1.67584 0 2.48829 3.00186 0.10566 0 0 -500 0
214 1
1 13 0 0 0 0 1.65328 0 2.50333 3.00186 0.10566 0 0 -500 0
215 1
1 13 0 0 0 0 1.56808 0 2.55756 3.00186 0.10566 0 0 -500 0
216 1
1 13 0 0 0 0 1.55898 0 2.56312 3.00186 0.10566 0 0 -500 0
217 1
1 13 0 0 0 0 1.65154 0 2.50448 3.00186 0.10566 0 0 -500 0
218 1
1 13 0 0 0 0 1.70323 0 2.46962 3.00186 0.10566 0 0 -500 0
219 1
1 13 0 0 0 0 1.61766 0 2.52649 3.00186 0.10566 0 0 -500 0
220 1
1 13 0 0 0 0 1.68323 0 2.48329 3.00186 0.10566 0 0 -500 0
221 1
1 13 0 0 0 0 1.52073 0 2.586 3.00186 0.10566 0 0 -500 0
222 1
1 13 0 0 0 0 1.69379 0 2.4761 3.00186 0.10566 0 0 -500 0
223 1
1 13 0 0 0 0 1.68307 0 2.4834 3.00186 0.10566 0 0 -500 0
224 1
1 13 0 0 0 0 1.55939 0 2.56287 3.00186 0.10566 0 0 -500 0
225 1
1 13 0 0 0 0 1.56531 0 2.55926 3.00186 0.10566 0 0 -500 0
226 1
1 13 0 0 0 0 1.69415 0 2.47586 3.00186 0.10566 0 0 -500 0
227 1
1 13 0 0 0 0 1.63387 0 2.51604 3.00186 0.10566 0 0 -500 0
228 1
1 13 0 0 0 0 1.62185 0 2.52381 3.00186 0.10566 0 0 -500 0
229 1
1 13 0 0 0 0 1.65824 0 2.50005 3.00186 0.10566 0 0 -500 0
230 1
1 13 0 0 0 0 1.55136 0 2.56774 3.00186 0.10566 0 0 -500 0
231 1
1 13 0 0 0 0 1.64834 0 2.50659 3.00186 0.10566 0 0 -500 0
232 1
1 13 0 0 0 0 1.65119 0 2.50471 3.00186 0.10566 0 0 -500 0
233 1
1 13 0 0 0 0 1.65121 0 2.5047 3.00186 0.10566 0 0 -500 0
234 1
1 13 0 0 0 0 1.58698 0 2.54588 3.00186 0.10566 0 0 -500 0
235 1
1 13 0 0 0 0 1.70857 0 2.46592 3.00186 0.10566 0 0 -500 0
236 1
1 13 0 0 0 0 1.52705 0 2.58227 3.00186 0.10566 0 0 -500 0
237 1
1 13 0 0 0 0 1.67339 0 2.48994 3.00186 0.10566 0 0 -500 0
238 1
1 13 0 0 0 0 1.67967 0 2.4857 3.00186 0.10566 0 0 -500 0
239 1
1 13 0 0 0 0 1.52504 0 2.58346 3.00186 0.10566 0 0 -500 0
240 1
1 13 0 0 0 0 1.70668 0 2.46723 3.00186 0.10566 0 0 -500 0
241 1
1 13 0 0 0 0 1.61216 0 2.53001 3.00186 0.10566 0 0 -500 0
242 1
1 13 0 0 0 0 1.51408 0 2.5899 3.00186 0.10566 0 0 -500 0
243 1
1 13 0 0 0 0 1.51859 0 2.58725 3.00186 0.10566 0 0 -500 0
244 1
1 13 0 0 0 0 1.67555 0 2.48848 3.00186 0.10566 0 0 -500 0
245 1
1 13 0 0 0 0 1.54042 0 2.57431 3.00186 0.10566 0 0 -500 0
246 1
1 13 0 0 0 0 1.65948 0 2.49923 3.00186 0.10566 0 0 -500 0
247 1
1 13 0 0 0 0 1.58812 0 2.54517 3.00186 0.10566 0 0 -500 0
248 1
1 13 0 0 0 0 1.59736 0 2.53938 3.00186 0.10566 0 0 -500 0
249 1
1 13 0 0 0 0 1.54375 0 2.57232 3.00186 0.10566 0 0 -500 0
250 1
1 13 0 0 0 0 1.62437 0 2.52219 3.00186 0.10566 0 0 -500 0
251 1
1 13 0 0 0 0 1.58955 0 2.54428 3.00186 0.10566 0 0 -500 0
252 1
1 13 0 0 0 0 1.66752 0 2.49387 3.00186 0.10566 0 0 -500 0
253 1
1 13 0 0 0 0 1.5564 0 2.56469 3.00186 0.10566 0 0 -500 0
254 1
1 13 0 0 0 0 1.6806 0 2.48508 3.00186 0.10566 0 0 -500 0
255 1
1 13 0 0 0 0 1.60158 0 2.53672 3.00186 0.10566 0 0 -500 0
256 1
1 13 0 0 0 0 1.62081 0 2.52448 3.00186 0.10566 0 0 -500 0
257 1
1 13 0 0 0 0 1.66559 0 2.49516 3.00186 0.10566 0 0 -500 0
258 1
1 13 0 0 0 0 1.54442 0 2.57192 3.00186 0.10566 0 0 -500 0
259 1
1 13 0 0 0 0 1.69751 0 2.47355 3.00186 0.10566 0 0 -500 0
260 1
1 13 0 0 0 0 1.69109 0 2.47795 3.00186 0.10566 0 0 -500 0
261 1
1 13 0 0 0 0 1.57764 0 2.55168 3.00186 0.10566 0 0 -500 0
262 1
1 13 0 0 0 0 1.60715 0 2.53319 3.00186 0.10566 0 0 -500 0
263 1
1 13 0 0 0 0 1.67122 0 2.49139 3.00186 0.10566 0 0 -500 0
264 1
1 13 0 0 0 0 1.66579 0 2.49502 3.00186 0.10566 0 0 -500 0
265 1
1 13 0 0 0 0 1.53458 0 2.5778 3.00186 0.10566 0 0 -500 0
266 1
1 13 0 0 0 0 1.64961 0 2.50575 3.00186 0.10566 0 0 -500 0
267 1
1 13 0 0 0 0 1.71401 0 2.46215 3.00186 0.10566 0 0 -500 0
268 1
1 13 0 0 0 0 1.62356 0 2.5227 3.00186 0.10566 0 0 -500 0
269 1
1 13 0 0 0 0 1.65249 0 2.50385 3.00186 0.10566 0 0 -500 0
270 1
1 13 0 0 0 0 1.71598 0 2.46077 3.00186 0.10566 0 0 -500 0
271 1
1 13 0 0 0 0 1.52419 0 2.58396 3.00186 0.10566 0 0 -500 0
272 1
1 13 0 0 0 0 1.66195 0 2.49758 3.00186 0.10566 0 0 -500 0
273 1
1 13 0 0 0 0 1.50697 0 2.59404 3.00186 0.10566 0 0 -500 0
274 1
1 13 0 0 0 0 1.58595 0 2.54652 3.00186 0.10566 0 0 -500 0
275 1
1 13 0 0 0 0 1.50553 0 2.59487 3.00186 0.10566 0 0 -500 0
276 1
1 13 0 0 0 0 1.5435 0 2.57247 3.00186 0.10566 0 0 -500 0
277 1
1 13 0 0 0 0 1.70183 0 2.47058 3.00186 0.10566 0 0 -500 0
278 1
1 13 0 0 0 0 1.68019 0 2.48535 3.00186 0.10566 0 0 -500 0
279 1
1 13 0 0 0 0 1.65618 0 2.50141 3.00186 0.10566 0 0 -500 0
280 1
1 13 0 0 0 0 1.70316 0 2.46967 3.00186 0.10566 0 0 -500 0
281 1
1 13 0 0 0 0 1.51924 0 2.58687 3.00186 0.10566 0 0 -500 0
282 1
1 13 0 0 0 0 1.51928 0 2.58685 3.00186 0.10566 0 0 -500 0
283 1
1 13 0 0 0 0 1.61699 0 2.52693 3.00186 0.10566 0 0 -500 0
284 1
1 13 0 0 0 0 1.63191 0 2.51731 3.00186 0.10566 0 0 -500 0
285 1
1 13 0 0 0 0 1.61907 0 2.52559 3.00186 0.10566 0 0 -500 0
286 1
1 13 0 0 0 0 1.6943 0 2.47575 3.00186 0.10566 0 0 -500 0
287 1
1 13 0 0 0 0 1.55608 0 2.56488 3.00186 0.10566 0 0 -500 0
288 1
1 13 0 0 0 0 1.54512 0 2.5715 3.00186 0.10566 0 0 -500 0
289 1
1 13 0 0 0 0 1.53126 0 2.57978 3.00186 0.10566 0 0 -500 0
290 1
1 13 0 0 0 0 1.50624 0 2.59446 3.00186 0.10566 0 0 -500 0
291 1
1 13 0 0 0 0 1.66756 0 2.49384 3.00186 0.10566 0 0 -500 0
292 1
1 13 0 0 0 0 1.53864 0 2.57538 3.00186 0.10566 0 0 -500 0
293 1
1 13 0 0 0 0 1.71924 0 2.4585 3.00186 0.10566 0 0 -500 0
294 1
1 13 0 0 0 0 1.67629 0 2.48798 3.00186 0.10566 0 0 -500 0
295 1
1 13 0 0 0 0 1.55439 0 2.56591 3.00186 0.10566 0 0 -500 0
296 1
1 13 0 0 0 0 1.65566 0 2.50175 3.00186 0.10566 0 0 -500 0
297 1
1 13 0 0 0 0 1.58677 0 2.54601 3.00186 0.10566 0 0 -500 0
298 1
1 13 0 0 0 0 1.57245 0 2.55488 3.00186 0.10566 0 0 -500 0
299 1
1 13 0 0 0 0 1.61687 0 2.527 3.00186 0.10566 0 0 -500 0
300 1
1 13 0 0 0 0 1.59092 0 2.54342 3.00186 0.10566 0 0 -500 0
301 1
1 13 0 0 0 0 1.69195 0 2.47736 3.00186 0.10566 0 0 -500 0
302 1
1 13 0 0 0 0 1.71086 0 2.46434 3.00186 0.10566 0 0 -500 0
303 1
1 13 0 0 0 0 1.52598 0 2.5829 3.00186 0.10566 0 0 -500 0
304 1
1 13 0 0 0 0 1.60681 0 2.53341 3.00186 0.10566 0 0 -500 0
305 1
1 13 0 0 0 0 1.65541 0 2.50192 3.00186 0.10566 0 0 -500 0
306 1
1 13 0 0 0 0 1.53043 0 2.58027 3.00186 0.10566 0 0 -500 0
307 1
1 13 0 0 0 0 1.5338 0 2.57826 3.00186 0.10566 0 0 -500 0
308 1
1 13 0 0 0 0 1.66758 0 2.49383 3.00186 0.10566 0 0 -500 0
309 1
1 13 0 0 0 0 1.67513 0 2.48877 3.00186 0.10566 0 0 -500 0
310 1
1 13 0 0 0 0 1.65927 0 2.49937 3.00186 0.10566 0 0 -500 0
311 1
1 13 0 0 0 0 1.56251 0 2.56097 3.00186 0.10566 0 0 -500 0
312 1
1 13 0 0 0 0 1.51241 0 2.59087 3.00186 0.10566 0 0 -500 0
313 1
1 13 0 0 0 0 1.59276 0 2.54226 3.00186 0.10566 0 0 -500 0
314 1
1 13 0 0 0 0 1.63612 0 2.51458 3.00186 0.10566 0 0 -500 0
315 1
1 13 0 0 0 0 1.62614 0 2.52105 3.00186 0.10566 0 0 -500 0
316 1
1 13 0 0 0 0 1.64606 0 2.50808 3.00186 0.10566 0 0 -500 0
317 1
1 13 0 0 0 0 1.58112 0 2.54952 3.00186 0.10566 0 0 -500 0
318 1
1 13 0 0 0 0 1.56134 0 2.56168 3.00186 0.10566 0 0 -500 0
319 1
1 13 0 0 0 0 1.6839 0 2.48284 3.00186 0.10566 0 0 -500 0
320 1
1 13 0 0 0 0 1.54831 0 2.56958 3.00186 0.10566 0 0 -500 0
321 1
1 13 0 0 0 0 1.70832 0 2.4661 3.00186 0.10566 0 0 -500 0
322 1
1 13 0 0 0 0 1.71867 0 2.4589 3.00186 0.10566 0 0 -500 0
323 1
1 13 0 0 0 0 1.68994 0 2.47873 3.00186 0.10566 0 0 -500 0
324 1
1 13 0 0 0 0 1.58595 0 2.54652 3.00186 0.10566 0 0 -500 0
325 1
1 13 0 0 0 0 1.55852 0 2.5634 3.00186 0.10566 0 0 -500 0
326 1
1 13 0 0 0 0 1.55439 0 2.56591 3.00186 0.10566 0 0 -500 0
327 1
1 13 0 0 0 0 1.71508 0 2.4614 3.00186 0.10566 0 0 -500 0
328 1
1 13 0 0 0 0 1.59754 0 2.53926 3.00186 0.10566 0 0 -500 0
329 1
1 13 0 0 0 0 1.53914 0 2.57508 3.00186 0.10566 0 0 -500 0
330 1
1 13 0 0 0 0 1.53563 0 2.57718 3.00186 0.10566 0 0 -500 0
331 1
1 13 0 0 0 0 1.54501 0 2.57157 3.00186 0.10566 0 0 -500 0
332 1
1 13 0 0 0 0 1.68539 0 2.48183 3.00186 0.10566 0 0 -500 0
333 1
1 13 0 0 0 0 1.51097 0 2.59171 3.00186 0.10566 0 0 -500 0
334 1
1 13 0 0 0 0 1.64867 0 2.50637 3.00186 0.10566 0 0 -500 0
335 1
1 13 0 0 0 0 1.60886 0 2.53211 3.00186 0.10566 0 0 -500 0
336 1
1 13 0 0 0 0 1.504 0 2.59576 3.00186 0.10566 0 0 -500 0
337 1
1 13 0 0 0 0 1.63658 0 2.51428 3.00186 0.10566 0 0 -500 0
338 1
1 13 0 0 0 0 1.69214 0 2.47723 3.00186 0.10566 0 0 -500 0
339 1
1 13 0 0 0 0 1.54239 0 2.57314 3.00186 0.10566 0 0 -500 0
340 1
1 13 0 0 0 0 1.51767 0 2.58779 3.00186 0.10566 0 0 -500 0
341 1
1 13 0 0 0 0 1.56085 0 2.56198 3.00186 0.10566 0 0 -500 0
342 1
1 13 0 0 0 0 1.53908 0 2.57512 3.00186 0.10566 0 0 -500 0
343 1
1 13 0 0 0 0 1.70307 0 2.46972 3.00186 0.10566 0 0 -500 0
344 1
1 13 0 0 0 0 1.50021 0 2.59795 3.00186 0.10566 0 0 -500 0
345 1
1 13 0 0 0 0 1.68248 0 2.4838 3.00186 0.10566 0 0 -500 0
346 1
1 13 0 0 0 0 1.61734 0 2.5267 3.00186 0.10566 0 0 -500 0
347 1
1 13 0 0 0 0 1.70108 0 2.4711 3.00186 0.10566 0 0 -500 0
348 1
1 13 0 0 0 0 1.67057 0 2.49183 3.00186 0.10566 0 0 -500 0
349 1
1 13 0 0 0 0 1.55927 0 2.56294 3.00186 0.10566 0 0 -500 0
350 1
1 13 0 0 0 0 1.58923 0 2.54447 3.00186 0.10566 0 0 -500 0
351 1
1 13 0 0 0 0 1.71008 0 2.46488 3.00186 0.10566 0 0 -500 0
352 1
1 13 0 0 0 0 1.58495 0 2.54714 3.00186 0.10566 0 0 -500 0
353 1
1 13 0 0 0 0 1.5548 0 2.56566 3.00186 0.10566 0 0 -500 0
354 1
1 13 0 0 0 0 1.53621 0 2.57683 3.00186 0.10566 0 0 -500 0
355 1
1 13 0 0 0 0 1.65641 0 2.50126 3.00186 0.10566 0 0 -500 0
356 1
1 13 0 0 0 0 1.53554 0 2.57723 3.00186 0.10566 0 0 -500 0
357 1
1 13 0 0 0 0 1.69379 0 2.4761 3.00186 0.10566 0 0 -500 0
358 1
1 13 0 0 0 0 1.67833 0 2.4866 3.00186 0.10566 0 0 -500 0
359 1
1 13 0 0 0 0 1.58514 0 2.54703 3.00186 0.10566 0 0 -500 0
360 1
1 13 0 0 0 0 1.51836 0 2.58739 3.00186 0.10566 0 0 -500 0
361 1
1 13 0 0 0 0 1.64199 0 2.51075 3.00186 0.10566 0 0 -500 0
362 1
1 13 0 0 0 0 1.70821 0 2.46618 3.00186 0.10566 0 0 -500 0
363 1
1 13 0 0 0 0 1.51706 0 2.58815 3.00186 0.10566 0 0 -500 0
364 1
1 13 0 0 0 0 1.52633 0 2.5827 3.00186 0.10566 0 0 -500 0
365 1
1 13 0 0 0 0 1.60495 0 2.53459 3.00186 0.10566 0 0 -500 0
366 1
1 13 0 0 0 0 1.71869 0 2.45888 3.00186 0.10566 0 0 -500 0
367 1
1 13 0 0 0 0 1.69447 0 2.47564 3.00186 0.10566 0 0 -500 0
368 1
1 13 0 0 0 0 1.64825 0 2.50665 3.00186 0.10566 0 0 -500 0
369 1
1 13 0 0 0 0 1.67406 0 2.48948 3.00186 0.10566 0 0 -500 0
370 1
1 13 0 0 0 0 1.56267 0 2.56087 3.00186 0.10566 0 0 -500 0
371 1
1 13 0 0 0 0 1.58023 0 2.55007 3.00186 0.10566 0 0 -500 0
372 1
1 13 0 0 0 0 1.51004 0 2.59225 3.00186 0.10566 0 0 -500 0
373 1
1 13 0 0 0 0 1.70438 0 2.46882 3.00186 0.10566 0 0 -500 0
374 1
1 13 0 0 0 0 1.61494 0 2.52824 3.00186 0.10566 0 0 -500 0
375 1
1 13 0 0 0 0 1.69081 0 2.47814 3.00186 0.10566 0 0 -500 0
376 1
1 13 0 0 0 0 1.68764 0 2.4803 3.00186 0.10566 0 0 -500 0
377 1
1 13 0 0 0 0 1.67107 0 2.49149 3.00186 0.10566 0 0 -500 0
378 1
1 13 0 0 0 0 1.54051 0 2.57426 3.00186 0.10566 0 0 -500 0
379 1
1 13 0 0 0 0 1.63654 0 2.51431 3.00186 0.10566 0 0 -500 0
380 1
1 13 0 0 0 0 1.56483 0 2.55955 3.00186 0.10566 0 0 -500 0
381 1
1 13 0 0 0 0 1.58835 0 2.54502 3.00186 0.10566 0 0 -500 0
382 1
1 13 0 0 0 0 1.64003 0 2.51203 3.00186 0.10566 0 0 -500 0
383 1
1 13 0 0 0 0 1.52219 0 2.58514 3.00186 0.10566 0 0 -500 0
384 1
1 13 0 0 0 0 1.61236 0 2.52988 3.00186 0.10566 0 0 -500 0
385 1
1 13 0 0 0 0 1.66165 0 2.49778 3.00186 0.10566 0 0 -500 0
386 1
1 13 0 0 0 0 1.71856 0 2.45897 3.00186 0.10566 0 0 -500 0
387 1
1 13 0 0 0 0 1.5969 0 2.53967 3.00186 0.10566 0 0 -500 0
388 1
1 13 0 0 0 0 1.63783 0 2.51347 3.00186 0.10566 0 0 -500 0
389 1
1 13 0 0 0 0 1.54514 0 2.57149 3.00186 0.10566 0 0 -500 0
390 1
1 13 0 0 0 0 1.5639 0 2.56012 3.00186 0.10566 0 0 -500 0
391 1
1 13 0 0 0 0 1.69737 0 2.47365 3.00186 0.10566 0 0 -500 0
392 1
1 13 0 0 0 0 1.62067 0 2.52457 3.00186 0.10566 0 0 -500 0
393 1
1 13 0 0 0 0 1.67507 0 2.4888 3.00186 0.10566 0 0 -500 0
394 1
1 13 0 0 0 0 1.51553 0 2.58905 3.00186 0.10566 0 0 -500 0
395 1
1 13 0 0 0 0 1.6921 0 2.47725 3.00186 0.10566 0 0 -500 0
396 1
1 13 0 0 0 0 1.54205 0 2.57334 3.00186 0.10566 0 0 -500 0
397 1
1 13 0 0 0 0 1.60544 0 2.53427 3.00186 0.10566 0 0 -500 0
398 1
1 13 0 0 0 0 1.72071 0 2.45747 3.00186 0.10566 0 0 -500 0
399 1
1 13 0 0 0 0 1.56108 0 2.56184 3.00186 0.10566 0 0 -500 0
400 1
1 13 0 0 0 0 1.59983 0 2.53783 3.00186 0.10566 0 0 -500 0
401 1
1 13 0 0 0 0 1.63001 0 2.51855 3.00186 0.10566 0 0 -500 0
402 1
1 13 0 0 0 0 1.60219 0 2.53633 3.00186 0.10566 0 0 -500 0
403 1
1 13 0 0 0 0 1.54092 0 2.57402 3.00186 0.10566 0 0 -500 0
404 1
1 13 0 0 0 0 1.54311 0 2.57271 3.00186 0.10566 0 0 -500 0
405 1
1 13 0 0 0 0 1.61312 0 2.5294 3.00186 0.10566 0 0 -500 0
406 1
1 13 0 0 0 0 1.53977 0 2.57471 3.00186 0.10566 0 0 -500 0
407 1
1 13 0 0 0 0 1.62187 0 2.52379 3.00186 0.10566 0 0 -500 0
408 1
1 13 0 0 0 0 1.61163 0 2.53035 3.00186 0.10566 0 0 -500 0
409 1
1 13 0 0 0 0 1.5911 0 2.5433 3.00186 0.10566 0 0 -500 0
410 1
1 13 0 0 0 0 1.50078 0 2.59763 3.00186 0.10566 0 0 -500 0
411 1
1 13 0 0 0 0 1.69135 0 2.47777 3.00186 0.10566 0 0 -500 0
412 1
1 13 0 0 0 0 1.6883 0 2.47985 3.00186 0.10566 0 0 -500 0
413 1
1 13 0 0 0 0 1.68976 0 2.47885 3.00186 0.10566 0 0 -500 0
414 1
1 13 0 0 0 0 1.60183 0 2.53656 3.00186 0.10566 0 0 -500 0
415 1
1 13 0 0 0 0 1.68629 0 2.48122 3.00186 0.10566 0 0 -500 0
416 1
1 13 0 0 0 0 1.66242 0 2.49727 3.00186 0.10566 0 0 -500 0
417 1
1 13 0 0 0 0 1.69021 0 2.47854 3.00186 0.10566 0 0 -500 0
418 1
1 13 0 0 0 0 1.71663 0 2.46032 3.00186 0.10566 0 0 -500 0
419 1
1 13 0 0 0 0 1.54104 0 2.57394 3.00186 0.10566 0 0 -500 0
420 1
1 13 0 0 0 0 1.59218 0 2.54263 3.00186 0.10566 0 0 -500 0
421 1
1 13 0 0 0 0 1.59819 0 2.53885 3.00186 0.10566 0 0 -500 0
422 1
1 13 0 0 0 0 1.72023 0 2.45781 3.00186 0.10566 0 0 -500 0
423 1
1 13 0 0 0 0 1.61738 0 2.52667 3.00186 0.10566 0 0 -500 0
424 1
1 13 0 0 0 0 1.62721 0 2.52036 3.00186 0.10566 0 0 -500 0
425 1
1 13 0 0 0 0 1.63365 0 2.51619 3.00186 0.10566 0 0 -500 0
426 1
1 13 0 0 0 0 1.67884 0 2.48626 3.00186 0.10566 0 0 -500 0
427 1
1 13 0 0 0 0 1.55251 0 2.56704 3.00186 0.10566 0 0 -500 0
428 1
1 13 0 0 0 0 1.64762 0 2.50706 3.00186 0.10566 0 0 -500 0
429 1
1 13 0 0 0 0 1.56079 0 2.56202 3.00186 0.10566 0 0 -500 0
430 1
1 13 0 0 0 0 1.63781 0 2.51348 3.00186 0.10566 0 0 -500 0
431 1
1 13 0 0 0 0 1.56424 0 2.55991 3.00186 0.10566 0 0 -500 0
432 1
1 13 0 0 0 0 1.51417 0 2.58984 3.00186 0.10566 0 0 -500 0
433 1
1 13 0 0 0 0 1.65464 0 2.50243 3.00186 0.10566 0 0 -500 0
434 1
1 13 0 0 0 0 1.52577 0 2.58303 3.00186 0.10566 0 0 -500 0
435 1
1 13 0 0 0 0 1.6215 0 2.52403 3.00186 0.10566 0 0 -500 0
436 1
1 13 0 0 0 0 1.59988 0 2.53779 3.00186 0.10566 0 0 -500 0
437 1
1 13 0 0 0 0 1.59094 0 2.5434 3.00186 0.10566 0 0 -500 0
438 1
1 13 0 0 0 0 1.70021 0 2.47169 3.00186 0.10566 0 0 -500 0
439 1
1 13 0 0 0 0 1.61583 0 2.52767 3.00186 0.10566 0 0 -500 0
440 1
1 13 0 0 0 0 1.51144 0 2.59144 3.00186 0.10566 0 0 -500 0
441 1
1 13 0 0 0 0 1.53943 0 2.57491 3.00186 0.10566 0 0 -500 0
442 1
1 13 0 0 0 0 1.54991 0 2.56862 3.00186 0.10566 0 0 -500 0
443 1
1 13 0 0 0 0 1.66626 0 2.49471 3.00186 0.10566 0 0 -500 0
444 1
1 13 0 0 0 0 1.60551 0 2.53423 3.00186 0.10566 0 0 -500 0
445 1
1 13 0 0 0 0 1.53611 0 2.57689 3.00186 0.10566 0 0 -500 0
446 1
1 13 0 0 0 0 1.71964 0 2.45822 3.00186 0.10566 0 0 -500 0
447 1
1 13 0 0 0 0 1.53819 0 2.57565 3.00186 0.10566 0 0 -500 0
448 1
1 13 0 0 0 0 1.53495 0 2.57758 3.00186 0.10566 0 0 -500 0
449 1
1 13 0 0 0 0 1.68586 0 2.4815 3.00186 0.10566 0 0 -500 0
450 1
1 13 0 0 0 0 1.55425 0 2.56599 3.00186 0.10566 0 0 -500 0
451 1
1 13 0 0 0 0 1.62772 0 2.52002 3.00186 0.10566 0 0 -500 0
452 1
1 13 0 0 0 0 1.63243 0 2.51697 3.00186 0.10566 0 0 -500 0
453 1
1 13 0 0 0 0 1.56543 0 2.55918 3.00186 0.10566 0 0 -500 0
454 1
1 13 0 0 0 0 1.57706 0 2.55204 3.00186 0.10566 0 0 -500 0
455 1
1 13 0 0 0 0 1.5886 0 2.54487 3.00186 0.10566 0 0 -500 0
456 1
1 13 0 0 0 0 1.72068 0 2.45749 3.00186 0.10566 0 0 -500 0
457 1
1 13 0 0 0 0 1.5697 0 2.55657 3.00186 0.10566 0 0 -500 0
458 1
1 13 0 0 0 0 1.65939 0 2.49928 3.00186 0.10566 0 0 -500 0
459 1
1 13 0 0 0 0 1.62097 0 2.52437 3.00186 0.10566 0 0 -500 0
460 1
1 13 0 0 0 0 1.60233 0 2.53624 3.00186 0.10566 0 0 -500 0
461 1
1 13 0 0 0 0 1.72035 0 2.45772 3.00186 0.10566 0 0 -500 0
462 1
1 13 0 0 0 0 1.66964 0 2.49245 3.00186 0.10566 0 0 -500 0
463 1
1 13 0 0 0 0 1.54412 0 2.5721 3.00186 0.10566 0 0 -500 0
464 1
1 13 0 0 0 0 1.55171 0 2.56753 3.00186 0.10566 0 0 -500 0
465 1
1 13 0 0 0 0 1.52191 0 2.5853 3.00186 0.10566 0 0 -500 0
466 1
1 13 0 0 0 0 1.60689 0 2.53336 3.00186 0.10566 0 0 -500 0
467 1
1 13 0 0 0 0 1.71923 0 2.45851 3.00186 0.10566 0 0 -500 0
468 1
1 13 0 0 0 0 1.58163 0 2.5492 3.00186 0.10566 0 0 -500 0
469 1
1 13 0 0 0 0 1.6171 0 2.52685 3.00186 0.10566 0 0 -500 0
470 1
1 13 0 0 0 0 1.55159 0 2.5676 3.00186 0.10566 0 0 -500 0
471 1
1 13 0 0 0 0 1.71384 0 2.46227 3.00186 0.10566 0 0 -500 0
472 1
1 13 0 0 0 0 1.70916 0 2.46552 3.00186 0.10566 0 0 -500 0
473 1
1 13 0 0 0 0 1.70797 0 2.46634 3.00186 0.10566 0 0 -500 0
474 1
1 13 0 0 0 0 1.62709 0 2.52043 3.00186 0.10566 0 0 -500 0
475 1
1 13 0 0 0 0 1.69336 0 2.47639 3.00186 0.10566 0 0 -500 0
476 1
1 13 0 0 0 0 1.61374 0 2.529 3.00186 0.10566 0 0 -500 0
477 1
1 13 0 0 0 0 1.62211 0 2.52364 3.00186 0.10566 0 0 -500 0
478 1
1 13 0 0 0 0 1.5 0 2.59808 3.00186 0.10566 0 0 -500 0
479 1
1 13 0 0 0 0 1.63524 0 2.51515 3.00186 0.10566 0 0 -500 0
480 1
1 13 0 0 0 0 1.67899 0 2.48616 3.00186 0.10566 0 0 -500 0
481 1
1 13 0 0 0 0 1.61935 0 2.52541 3.00186 0.10566 0 0 -500 0
482 1
1 13 0 0 0 0 1.5341 0 2.57809 3.00186 0.10566 0 0 -500 0
483 1
1 13 0 0 0 0 1.63294 0 2.51664 3.00186 0.10566 0 0 -500 0
484 1
1 13 0 0 0 0 1.66961 0 2.49247 3.00186 0.10566 0 0 -500 0
485 1
1 13 0 0 0 0 1.66247 0 2.49723 3.00186 0.10566 0 0 -500 0
486 1
1 13 0 0 0 0 1.57059 0 2.55602 3.00186 0.10566 0 0 -500 0
487 1
1 13 0 0 0 0 1.55226 0 2.56719 3.00186 0.10566 0 0 -500 0
488 1
1 13 0 0 0 0 1.61883 0 2.52574 3.00186 0.10566 0 0 -500 0
489 1
1 13 0 0 0 0 1.51335 0 2.59033 3.00186 0.10566 0 0 -500 0
490 1
1 13 0 0 0 0 1.53443 0 2.57789 3.00186 0.10566 0 0 -500 0
491 1
1 13 0 0 0 0 1.58713 0 2.54578 3.00186 0.10566 0 0 -500 0
492 1
1 13 0 0 0 0 1.71143 0 2.46394 3.00186 0.10566 0 0 -500 0
493 1
1 13 0 0 0 0 1.53649 0 2.57666 3.00186 0.10566 0 0 -500 0
494 1
1 13 0 0 0 0 1.67522 0 2.48871 3.00186 0.10566 0 0 -500 0
495 1
1 13 0 0 0 0 1.55602 0 2.56492 3.00186 0.10566 0 0 -500 0
496 1
1 13 0 0 0 0 1.63967 0 2.51227 3.00186 0.10566 0 0 -500 0
497 1
1 13 0 0 0 0 1.57886 0 2.55092 3.00186 0.10566 0 0 -500 0
498 1
1 13 0 0 0 0 1.68486 0 2.48219 3.00186 0.10566 0 0 -500 0
499 1
1 13 0 0 0 0 1.52468 0 2.58367 3.00186 0.10566 0 0 -500 0
500 1
1 13 0 0 0 0 1.6244 0 2.52217 3.00186 0.10566 0 0 -500 0
501 1
1 13 0 0 0 0 1.53249 0 2.57905 3.00186 0.10566 0 0 -500 0
502 1
1 13 0 0 0 0 1.58072 0 2.54977 3.00186 0.10566 0 0 -500 0
503 1
1 13 0 0 0 0 1.53088 0 2.58 3.00186 0.10566 0 0 -500 0
504 1
1 13 0 0 0 0 1.65813 0 2.50012 3.00186 0.10566 0 0 -500 0
505 1
1 13 0 0 0 0 1.52648 0 2.5826 3.00186 0.10566 0 0 -500 0
506 1
1 13 0 0 0 0 1.53078 0 2.58006 3.00186 0.10566 0 0 -500 0
507 1
1 13 0 0 0 0 1.53205 0 2.57931 3.00186 0.10566 0 0 -500 0
508 1
1 13 0 0 0 0 1.61709 0 2.52686 3.00186 0.10566 0 0 -500 0
509 1
1 13 0 0 0 0 1.70151 0 2.4708 3.00186 0.10566 0 0 -500 0
510 1
1 13 0 0 0 0 1.62878 0 2.51934 3.00186 0.10566 0 0 -500 0
511 1
1 13 0 0 0 0 1.63868 0 2.51291 3.00186 0.10566 0 0 -500 0
512 1
1 13 0 0 0 0 1.54057 0 2.57423 3.00186 0.10566 0 0 -500 0
513 1
1 13 0 0 0 0 1.69187 0 2.47742 3.00186 0.10566 0 0 -500 0
514 1
1 13 0 0 0 0 1.60007 0 2.53767 3.00186 0.10566 0 0 -500 0
515 1
1 13 0 0 0 0 1.56386 0 2.56015 3.00186 0.10566 0 0 -500 0
516 1
1 13 0 0 0 0 1.65085 0 2.50493 3.00186 0.10566 0 0 -500 0
517 1
1 13 0 0 0 0 1.57925 0 2.55068 3.00186 0.10566 0 0 -500 0
518 1
1 13 0 0 0 0 1.59672 0 2.53978 3.00186 0.10566 0 0 -500 0
519 1
1 13 0 0 0 0 1.59458 0 2.54113 3.00186 0.10566 0 0 -500 0
520 1
1 13 0 0 0 0 1.7168 0 2.46021 3.00186 0.10566 0 0 -500 0
521 1
1 13 0 0 0 0 1.61378 0 2.52898 3.00186 0.10566 0 0 -500 0
522 1
1 13 0 0 0 0 1.58473 0 2.54728 3.00186 0.10566 0 0 -500 0
523 1
1 13 0 0 0 0 1.64438 0 2.50918 3.00186 0.10566 0 0 -500 0
524 1
1 13 0 0 0 0 1.62555 0 2.52142 3.00186 0.10566 0 0 -500 0
525 1
1 13 0 0 0 0 1.64242 0 2.51047 3.00186 0.10566 0 0 -500 0
526 1
1 13 0 0 0 0 1.61156 0 2.53039 3.00186 0.10566 0 0 -500 0
527 1
1 13 0 0 0 0 1.57558 0 2.55295 3.00186 0.10566 0 0 -500 0
528 1
1 13 0 0 0 0 1.56562 0 2.55907 3.00186 0.10566 0 0 -500 0
529 1
1 13 0 0 0 0 1.50619 0 2.59449 3.00186 0.10566 0 0 -500 0
530 1
1 13 0 0 0 0 1.52632 0 2.5827 3.00186 0.10566 0 0 -500 0
531 1
1 13 0 0 0 0 1.58697 0 2.54589 3.00186 0.10566 0 0 -500 0
532 1
1 13 0 0 0 0 1.71456 0 2.46176 3.00186 0.10566 0 0 -500 0
533 1
1 13 0 0 0 0 1.52107 0 2.58579 3.00186 0.10566 0 0 -500 0
534 1
1 13 0 0 0 0 1.7047 0 2.4686 3.00186 0.10566 0 0 -500 0
535 1
1 13 0 0 0 0 1.56095 0 2.56192 3.00186 0.10566 0 0 -500 0
536 1
1 13 0 0 0 0 1.59598 0 2.54025 3.00186 0.10566 0 0 -500 0
537 1
1 13 0 0 0 0 1.62756 0 2.52013 3.00186 0.10566 0 0 -500 0
538 1
1 13 0 0 0 0 1.71309 0 2.46279 3.00186 0.10566 0 0 -500 0
539 1
1 13 0 0 0 0 1.71343 0 2.46255 3.00186 0.10566 0 0 -500 0
540 1
1 13 0 0 0 0 1.56684 0 2.55832 3.00186 0.10566 0 0 -500 0
541 1
1 13 0 0 0 0 1.61924 0 2.52548 3.00186 0.10566 0 0 -500 0
542 1
1 13 0 0 0 0 1.62603 0 2.52111 3.00186 0.10566 0 0 -500 0
543 1
1 13 0 0 0 0 1.69579 0 2.47473 3.00186 0.10566 0 0 -500 0
544 1
1 13 0 0 0 0 1.71797 0 2.45938 3.00186 0.10566 0 0 -500 0
545 1
1 13 0 0 0 0 1.59047 0 2.5437 3.00186 0.10566 0 0 -500 0
546 1
1 13 0 0 0 0 1.69783 0 2.47333 3.00186 0.10566 0 0 -500 0
547 1
1 13 0 0 0 0 1.618 0 2.52628 3.00186 0.10566 0 0 -500 0
548 1
1 13 0 0 0 0 1.60669 0 2.53349 3.00186 0.10566 0 0 -500 0
549 1
1 13 0 0 0 0 1.71913 0 2.45858 3.00186 0.10566 0 0 -500 0
550 1
1 13 0 0 0 0 1.59937 0 2.53811 3.00186 0.10566 0 0 -500 0
551 1
1 13 0 0 0 0 1.55469 0 2.56572 3.00186 0.10566 0 0 -500 0
552 1
1 13 0 0 0 0 1.54154 0 2.57364 3.00186 0.10566 0 0 -500 0
553 1
1 13 0 0 0 0 1.51027 0 2.59212 3.00186 0.10566 0 0 -500 0
554 1
1 13 0 0 0 0 1.50459 0 2.59542 3.00186 0.10566 0 0 -500 0
555 1
1 13 0 0 0 0 1.68452 0 2.48242 3.00186 0.10566 0 0 -500 0
556 1
1 13 0 0 0 0 1.50433 0 2.59557 3.00186 0.10566 0 0 -500 0
557 1
1 13 0 0 0 0 1.64526 0 2.50861 3.00186 0.10566 0 0 -500 0
558 1
1 13 0 0 0 0 1.55435 0 2.56593 3.00186 0.10566 0 0 -500 0
559 1
1 13 0 0 0 0 1.57481 0 2.55342 3.00186 0.10566 0 0 -500 0
560 1
1 13 0 0 0 0 1.58007 0 2.55017 3.00186 0.10566 0 0 -500 0
561 1
1 13 0 0 0 0 1.63132 0 2.5177 3.00186 0.10566 0 0 -500 0
562 1
1 13 0 0 0 0 1.65761 0 2.50047 3.00186 0.10566 0 0 -500 0
563 1
1 13 0 0 0 0 1.52171 0 2.58542 3.00186 0.10566 0 0 -500 0
564 1
1 13 0 0 0 0 1.71852 0 2.459 3.00186 0.10566 0 0 -500 0
565 1
1 13 0 0 0 0 1.68973 0 2.47887 3.00186 0.10566 0 0 -500 0
566 1
1 13 0 0 0 0 1.50843 0 2.59319 3.00186 0.10566 0 0 -500 0
567 1
1 13 0 0 0 0 1.50275 0 2.59649 3.00186 0.10566 0 0 -500 0
568 1
1 13 0 0 0 0 1.65363 0 2.5031 3.00186 0.10566 0 0 -500 0
569 1
1 13 0 0 0 0 1.68846 0 2.47974 3.00186 0.10566 0 0 -500 0
570 1
1 13 0 0 0 0 1.64358 0 2.50971 3.00186 0.10566 0 0 -500 0
571 1
1 13 0 0 0 0 1.68473 0 2.48228 3.00186 0.10566 0 0 -500 0
572 1
1 13 0 0 0 0 1.71279 0 2.463 3.00186 0.10566 0 0 -500 0
573 1
1 13 0 0 0 0 1.71931 0 2.45845 3.00186 0.10566 0 0 -500 0
574 1
1 13 0 0 0 0 1.53966 0 2.57477 3.00186 0.10566 0 0 -500 0
575 1
1 13 0 0 0 0 1.59341 0 2.54186 3.00186 0.10566 0 0 -500 0
576 1
1 13 0 0 0 0 1.71499 0 2.46147 3.00186 0.10566 0 0 -500 0
577 1
1 13 0 0 0 0 1.70881 0 2.46576 3.00186 0.10566 0 0 -500 0
578 1
1 13 0 0 0 0 1.51755 0 2.58787 3.00186 0.10566 0 0 -500 0
579 1
1 13 0 0 0 0 1.53443 0 2.57789 3.00186 0.10566 0 0 -500 0
580 1
1 13 0 0 0 0 1.52504 0 2.58346 3.00186 0.10566 0 0 -500 0
581 1
1 13 0 0 0 0 1.6679 0 2.49361 3.00186 0.10566 0 0 -500 0
582 1
1 13 0 0 0 0 1.72033 0 2.45774 3.00186 0.10566 0 0 -500 0
583 1
1 13 0 0 0 0 1.50071 0 2.59766 3.00186 0.10566 0 0 -500 0
584 1
1 13 0 0 0 0 1.58575 0 2.54664 3.00186 0.10566 0 0 -500 0
585 1
1 13 0 0 0 0 1.67246 0 2.49056 3.00186 0.10566 0 0 -500 0
586 1
1 13 0 0 0 0 1.58684 0 2.54597 3.00186 0.10566 0 0 -500 0
587 1
1 13 0 0 0 0 1.7053 0 2.46819 3.00186 0.10566 0 0 -500 0
588 1
1 13 0 0 0 0 1.57703 0 2.55205 3.00186 0.10566 0 0 -500 0
589 1
1 13 0 0 0 0 1.54553 0 2.57125 3.00186 0.10566 0 0 -500 0
590 1
1 13 0 0 0 0 1.66225 0 2.49738 3.00186 0.10566 0 0 -500 0
591 1
1 13 0 0 0 0 1.57249 0 2.55485 3.00186 0.10566 0 0 -500 0
592 1
1 13 0 0 0 0 1.68748 0 2.48041 3.00186 0.10566 0 0 -500 0
593 1
1 13 0 0 0 0 1.60987 0 2.53147 3.00186 0.10566 0 0 -500 0
594 1
1 13 0 0 0 0 1.69444 0 2.47566 3.00186 0.10566 0 0 -500 0
595 1
1 13 0 0 0 0 1.55429 0 2.56597 3.00186 0.10566 0 0 -500 0
596 1
1 13 0 0 0 0 1.63168 0 2.51746 3.00186 0.10566 0 0 -500 0
597 1
1 13 0 0 0 0 1.5939 0 2.54155 3.00186 0.10566 0 0 -500 0
598 1
1 13 0 0 0 0 1.60721 0 2.53315 3.00186 0.10566 0 0 -500 0
599 1
1 13 0 0 0 0 1.58436 0 2.54751 3.00186 0.10566 0 0 -500 0
600 1
1 13 0 0 0 0 1.64238 0 2.51049 3.00186 0.10566 0 0 -500 0
601 1
1 13 0 0 0 0 1.52411 0 2.58401 3.00186 0.10566 0 0 -500 0
602 1
1 13 0 0 0 0 1.70106 0 2.47111 3.00186 0.10566 0 0 -500 0
603 1
1 13 0 0 0 0 1.63964 0 2.51229 3.00186 0.10566 0 0 -500 0
604 1
1 13 0 0 0 0 1.52763 0 2.58193 3.00186 0.10566 0 0 -500 0
605 1
1 13 0 0 0 0 1.65229 0 2.50399 3.00186 0.10566 0 0 -500 0
606 1
1 13 0 0 0 0 1.62326 0 2.5229 3.00186 0.10566 0 0 -500 0
607 1
1 13 0 0 0 0 1.61658 0 2.52719 3.00186 0.10566 0 0 -500 0
608 1
1 13 0 0 0 0 1.67339 0 2.48993 3.00186 0.10566 0 0 -500 0
609 1
1 13 0 0 0 0 1.53896 0 2.57519 3.00186 0.10566 0 0 -500 0
610 1
1 13 0 0 0 0 1.67558 0 2.48846 3.00186 0.10566 0 0 -500 0
611 1
1 13 0 0 0 0 1.51181 0 2.59122 3.00186 0.10566 0 0 -500 0
612 1
1 13 0 0 0 0 1.69404 0 2.47593 3.00186 0.10566 0 0 -500 0
613 1
1 13 0 0 0 0 1.55709 0 2.56427 3.00186 0.10566 0 0 -500 0
614 1
1 13 0 0 0 0 1.65446 0 2.50255 3.00186 0.10566 0 0 -500 0
615 1
1 13 0 0 0 0 1.69227 0 2.47714 3.00186 0.10566 0 0 -500 0
616 1
1 13 0 0 0 0 1.60485 0 2.53465 3.00186 0.10566 0 0 -500 0
617 1
1 13 0 0 0 0 1.54039 0 2.57434 3.00186 0.10566 0 0 -500 0
618 1
1 13 0 0 0 0 1.5175 0 2.58789 3.00186 0.10566 0 0 -500 0
619 1
1 13 0 0 0 0 1.5766 0 2.55232 3.00186 0.10566 0 0 -500 0
620 1
1 13 0 0 0 0 1.70592 0 2.46776 3.00186 0.10566 0 0 -500 0
621 1
1 13 0 0 0 0 1.64666 0 2.50769 3.00186 0.10566 0 0 -500 0
622 1
1 13 0 0 0 0 1.53651 0 2.57665 3.00186 0.10566 0 0 -500 0
623 1
1 13 0 0 0 0 1.67646 0 2.48787 3.00186 0.10566 0 0 -500 0
624 1
1 13 0 0 0 0 1.57699 0 2.55208 3.00186 0.10566 0 0 -500 0
625 1
1 13 0 0 0 0 1.52651 0 2.58259 3.00186 0.10566 0 0 -500 0
626 1
1 13 0 0 0 0 1.52583 0 2.58299 3.00186 0.10566 0 0 -500 0
627 1
1 13 0 0 0 0 1.63218 0 2.51714 3.00186 0.10566 0 0 -500 0
628 1
1 13 0 0 0 0 1.648 0 2.50681 3.00186 0.10566 0 0 -500 0
629 1
1 13 0 0 0 0 1.56952 0 2.55668 3.00186 0.10566 0 0 -500 0
630 1
1 13 0 0 0 0 1.6769 0 2.48757 3.00186 0.10566 0 0 -500 0
631 1
1 13 0 0 0 0 1.5378 0 2.57588 3.00186 0.10566 0 0 -500 0
632 1
1 13 0 0 0 0 1.66512 0 2.49547 3.00186 0.10566 0 0 -500 0
633 1
1 13 0 0 0 0 1.5217 0 2.58543 3.00186 0.10566 0 0 -500 0
634 1
1 13 0 0 0 0 1.60505 0 2.53453 3.00186 0.10566 0 0 -500 0
635 1
1 13 0 0 0 0 1.67402 0 2.48951 3.00186 0.10566 0 0 -500 0
636 1
1 13 0 0 0 0 1.70917 0 2.46551 3.00186 0.10566 0 0 -500 0
637 1
1 13 0 0 0 0 1.59293 0 2.54216 3.00186 0.10566 0 0 -500 0
638 1
1 13 0 0 0 0 1.52872 0 2.58128 3.00186 0.10566 0 0 -500 0
639 1
1 13 0 0 0 0 1.6734 0 2.48993 3.00186 0.10566 0 0 -500 0
640 1
1 13 0 0 0 0 1.55508 0 2.56549 3.00186 0.10566 0 0 -500 0
641 1
1 13 0 0 0 0 1.70704 0 2.46699 3.00186 0.10566 0 0 -500 0
642 1
1 13 0 0 0 0 1.71935 0 2.45842 3.00186 0.10566 0 0 -500 0
643 1
1 13 0 0 0 0 1.57586 0 2.55278 3.00186 0.10566 0 0 -500 0
644 1
1 13 0 0 0 0 1.69096 0 2.47804 3.00186 0.10566 0 0 -500 0
645 1
1 13 0 0 0 0 1.54244 0 2.5731 3.00186 0.10566 0 0 -500 0
646 1
1 13 0 0 0 0 1.62454 0 2.52208 3.00186 0.10566 0 0 -500 0
647 1
1 13 0 0 0 0 1.55265 0 2.56696 3.00186 0.10566 0 0 -500 0
648 1
1 13 0 0 0 0 1.63028 0 2.51837 3.00186 0.10566 0 0 -500 0
649 1
1 13 0 0 0 0 1.5859 0 2.54655 3.00186 0.10566 0 0 -500 0
650 1
1 13 0 0 0 0 1.55747 0 2.56404 3.00186 0.10566 0 0 -500 0
651 1
1 13 0 0 0 0 1.60602 0 2.53391 3.00186 0.10566 0 0 -500 0
652 1
1 13 0 0 0 0 1.71125 0 2.46407 3.00186 0.10566 0 0 -500 0
653 1
1 13 0 0 0 0 1.53422 0 2.57802 3.00186 0.10566 0 0 -500 0
654 1
1 13 0 0 0 0 1.68431 0 2.48256 3.00186 0.10566 0 0 -500 0
655 1
1 13 0 0 0 0 1.6436 0 2.5097 3.00186 0.10566 0 0 -500 0
656 1
1 13 0 0 0 0 1.55473 0 2.5657 3.00186 0.10566 0 0 -500 0
657 1
1 13 0 0 0 0 1.69284 0 2.47675 3.00186 0.10566 0 0 -500 0
658 1
1 13 0 0 0 0 1.53884 0 2.57526 3.00186 0.10566 0 0 -500 0
659 1
1 13 0 0 0 0 1.61822 0 2.52614 3.00186 0.10566 0 0 -500 0
660 1
1 13 0 0 0 0 1.61703 0 2.5269 3.00186 0.10566 0 0 -500 0
661 1
1 13 0 0 0 0 1.58549 0 2.5468 3.00186 0.10566 0 0 -500 0
662 1
1 13 0 0 0 0 1.58553 0 2.54678 3.00186 0.10566 0 0 -500 0
663 1
1 13 0 0 0 0 1.53213 0 2.57926 3.00186 0.10566 0 0 -500 0
664 1
1 13 0 0 0 0 1.55504 0 2.56551 3.00186 0.10566 0 0 -500 0
665 1
1 13 0 0 0 0 1.63454 0 2.51561 3.00186 0.10566 0 0 -500 0
666 1
1 13 0 0 0 0 1.71516 0 2.46135 3.00186 0.10566 0 0 -500 0
667 1
1 13 0 0 0 0 1.53067 0 2.58013 3.00186 0.10566 0 0 -500 0
668 1
1 13 0 0 0 0 1.62673 0 2.52066 3.00186 0.10566 0 0 -500 0
669 1
1 13 0 0 0 0 1.62254 0 2.52337 3.00186 0.10566 0 0 -500 0
670 1
1 13 0 0 0 0 1.6068 0 2.53342 3.00186 0.10566 0 0 -500 0
671 1
1 13 0 0 0 0 1.62497 0 2.5218 3.00186 0.10566 0 0 -500 0
672 1
1 13 0 0 0 0 1.6613 0 2.49802 3.00186 0.10566 0 0 -500 0
673 1
1 13 0 0 0 0 1.63451 0 2.51562 3.00186 0.10566 0 0 -500 0
674 1
1 13 0 0 0 0 1.58625 0 2.54633 3.00186 0.10566 0 0 -500 0
675 1
1 13 0 0 0 0 1.66708 0 2.49416 3.00186 0.10566 0 0 -500 0
676 1
1 13 0 0 0 0 1.6259 0 2.5212 3.00186 0.10566 0 0 -500 0
677 1
1 13 0 0 0 0 1.50608 0 2.59456 3.00186 0.10566 0 0 -500 0
678 1
1 13 0 0 0 0 1.60058 0 2.53735 3.00186 0.10566 0 0 -500 0
679 1
1 13 0 0 0 0 1.70765 0 2.46656 3.00186 0.10566 0 0 -500 0
680 1
1 13 0 0 0 0 1.54089 0 2.57404 3.00186 0.10566 0 0 -500 0
681 1
1 13 0 0 0 0 1.69945 0 2.47222 3.00186 0.10566 0 0 -500 0
682 1
1 13 0 0 0 0 1.69787 0 2.47331 3.00186 0.10566 0 0 -500 0
683 1
1 13 0 0 0 0 1.67248 0 2.49054 3.00186 0.10566 0 0 -500 0
684 1
1 13 0 0 0 0 1.69223 0 2.47716 3.00186 0.10566 0 0 -500 0
685 1
1 13 0 0 0 0 1.59211 0 2.54267 3.00186 0.10566 0 0 -500 0
686 1
1 13 0 0 0 0 1.50758 0 2.59368 3.00186 0.10566 0 0 -500 0
687 1
1 13 0 0 0 0 1.70403 0 2.46907 3.00186 0.10566 0 0 -500 0
688 1
1 13 0 0 0 0 1.66832 0 2.49333 3.00186 0.10566 0 0 -500 0
689 1
1 13 0 0 0 0 1.70733 0 2.46678 3.00186 0.10566 0 0 -500 0
690 1
1 13 0 0 0 0 1.57257 0 2.5548 3.00186 0.10566 0 0 -500 0
691 1
1 13 0 0 0 0 1.6521 0 2.50411 3.00186 0.10566 0 0 -500 0
692 1
1 13 0 0 0 0 1.68375 0 2.48294 3.00186 0.10566 0 0 -500 0
693 1
1 13 0 0 0 0 1.69942 0 2.47224 3.00186 0.10566 0 0 -500 0
694 1
1 13 0 0 0 0 1.71148 0 2.46391 3.00186 0.10566 0 0 -500 0
695 1
1 13 0 0 0 0 1.65163 0 2.50442 3.00186 0.10566 0 0 -500 0
696 1
1 13 0 0 0 0 1.67269 0 2.49041 3.00186 0.10566 0 0 -500 0
697 1
1 13 0 0 0 0 1.60625 0 2.53376 3.00186 0.10566 0 0 -500 0
698 1
1 13 0 0 0 0 1.58991 0 2.54405 3.00186 0.10566 0 0 -500 0
699 1
1 13 0 0 0 0 1.60977 0 2.53153 3.00186 0.10566 0 0 -500 0
700 1
1 13 0 0 0 0 1.59821 0 2.53884 3.00186 0.10566 0 0 -500 0
701 1
1 13 0 0 0 0 1.50376 0 2.5959 3.00186 0.10566 0 0 -500 0
702 1
1 13 0 0 0 0 1.6228 0 2.5232 3.00186 0.10566 0 0 -500 0
703 1
1 13 0 0 0 0 1.59818 0 2.53886 3.00186 0.10566 0 0 -500 0
704 1
1 13 0 0 0 0 1.65378 0 2.503 3.00186 0.10566 0 0 -500 0
705 1
1 13 0 0 0 0 1.54377 0 2.57231 3.00186 0.10566 0 0 -500 0
706 1
1 13 0 0 0 0 1.70702 0 2.467 3.00186 0.10566 0 0 -500 0
707 1
1 13 0 0 0 0 1.6373 0 2.51381 3.00186 0.10566 0 0 -500 0
708 1
1 13 0 0 0 0 1.68415 0 2.48267 3.00186 0.10566 0 0 -500 0
709 1
1 13 0 0 0 0 1.69265 0 2.47688 3.00186 0.10566 0 0 -500 0
710 1
1 13 0 0 0 0 1.50414 0 2.59568 3.00186 0.10566 0 0 -500 0
711 1
1 13 0 0 0 0 1.59497 0 2.54088 3.00186 0.10566 0 0 -500 0
712 1
1 13 0 0 0 0 1.63841 0 2.51309 3.00186 0.10566 0 0 -500 0
713 1
1 13 0 0 0 0 1.53966 0 2.57477 3.00186 0.10566 0 0 -500 0
714 1
1 13 0 0 0 0 1.58808 0 2.54519 3.00186 0.10566 0 0 -500 0
715 1
1 13 0 0 0 0 1.70346 0 2.46945 3.00186 0.10566 0 0 -500 0
716 1
1 13 0 0 0 0 1.68017 0 2.48536 3.00186 0.10566 0 0 -500 0
717 1
1 13 0 0 0 0 1.6061 0 2.53386 3.00186 0.10566 0 0 -500 0
718 1
1 13 0 0 0 0 1.62854 0 2.5195 3.00186 0.10566 0 0 -500 0
719 1
1 13 0 0 0 0 1.56917 0 2.5569 3.00186 0.10566 0 0 -500 0
720 1
1 13 0 0 0 0 1.5006 0 2.59773 3.00186 0.10566 0 0 -500 0
721 1
1 13 0 0 0 0 1.69248 0 2.477 3.00186 0.10566 0 0 -500 0
722 1
1 13 0 0 0 0 1.6498 0 2.50562 3.00186 0.10566 0 0 -500 0
723 1
1 13 0 0 0 0 1.64534 0 2.50855 3.00186 0.10566 0 0 -500 0
724 1
1 13 0 0 0 0 1.57936 0 2.55061 3.00186 0.10566 0 0 -500 0
725 1
1 13 0 0 0 0 1.56801 0 2.55761 3.00186 0.10566 0 0 -500 0
726 1
1 13 0 0 0 0 1.62274 0 2.52323 3.00186 0.10566 0 0 -500 0
727 1
1 13 0 0 0 0 1.53109 0 2.57988 3.00186 0.10566 0 0 -500 0
728 1
1 13 0 0 0 0 1.61868 0 2.52584 3.00186 0.10566 0 0 -500 0
729 1
1 13 0 0 0 0 1.59441 0 2.54123 3.00186 0.10566 0 0 -500 0
730 1
1 13 0 0 0 0 1.54807 0 2.56972 3.00186 0.10566 0 0 -500 0
731 1
1 13 0 0 0 0 1.52231 0 2.58507 3.00186 0.10566 0 0 -500 0
732 1
1 13 0 0 0 0 1.53229 0 2.57916 3.00186 0.10566 0 0 -500 0
733 1
1 13 0 0 0 0 1.61336 0 2.52924 3.00186 0.10566 0 0 -500 0
734 1
1 13 0 0 0 0 1.69803 0 2.47319 3.00186 0.10566 0 0 -500 0
735 1
1 13 0 0 0 0 1.6461 0 2.50806 3.00186 0.10566 0 0 -500 0
736 1
1 13 0 0 0 0 1.64895 0 2.50619 3.00186 0.10566 0 0 -500 0
737 1
1 13 0 0 0 0 1.62971 0 2.51874 3.00186 0.10566 0 0 -500 0
738 1
1 13 0 0 0 0 1.50492 0 2.59523 3.00186 0.10566 0 0 -500 0
739 1
1 13 0 0 0 0 1.51616 0 2.58868 3.00186 0.10566 0 0 -500 0
740 1
1 13 0 0 0 0 1.51066 0 2.59189 3.00186 0.10566 0 0 -500 0
741 1
1 13 0 0 0 0 1.60962 0 2.53163 3.00186 0.10566 0 0 -500 0
742 1
1 13 0 0 0 0 1.66554 0 2.49519 3.00186 0.10566 0 0 -500 0
743 1
1 13 0 0 0 0 1.53034 0 2.58032 3.00186 0.10566 0 0 -500 0
744 1
1 13 0 0 0 0 1.68165 0 2.48436 3.00186 0.10566 0 0 -500 0
745 1
1 13 0 0 0 0 1.66754 0 2.49385 3.00186 0.10566 0 0 -500 0
746 1
1 13 0 0 0 0 1.65677 0 2.50102 3.00186 0.10566 0 0 -500 0
747 1
1 13 0 0 0 0 1.70893 0 2.46567 3.00186 0.10566 0 0 -500 0
748 1
1 13 0 0 0 0 1.69837 0 2.47296 3.00186 0.10566 0 0 -500 0
749 1
1 13 0 0 0 0 1.63657 0 2.51429 3.00186 0.10566 0 0 -500 0
750 1
1 13 0 0 0 0 1.64209 0 2.51068 3.00186 0.10566 0 0 -500 0
751 1
1 13 0 0 0 0 1.61249 0 2.5298 3.00186 0.10566 0 0 -500 0
752 1
1 13 0 0 0 0 1.53782 0 2.57587 3.00186 0.10566 0 0 -500 0
753 1
1 13 0 0 0 0 1.64031 0 2.51185 3.00186 0.10566 0 0 -500 0
754 1
1 13 0 0 0 0 1.67627 0 2.48799 3.00186 0.10566 0 0 -500 0
755 1
1 13 0 0 0 0 1.62661 0 2.52074 3.00186 0.10566 0 0 -500 0
756 1
1 13 0 0 0 0 1.69973 0 2.47202 3.00186 0.10566 0 0 -500 0
757 1
1 13 0 0 0 0 1.60743 0 2.53302 3.00186 0.10566 0 0 -500 0
758 1
1 13 0 0 0 0 1.57177 0 2.5553 3.00186 0.10566 0 0 -500 0
759 1
1 13 0 0 0 0 1.60899 0 2.53202 3.00186 0.10566 0 0 -500 0
760 1
1 13 0 0 0 0 1.52242 0 2.585 3.00186 0.10566 0 0 -500 0
761 1
1 13 0 0 0 0 1.57164 0 2.55537 3.00186 0.10566 0 0 -500 0
762 1
1 13 0 0 0 0 1.61615 0 2.52746 3.00186 0.10566 0 0 -500 0
763 1
1 13 0 0 0 0 1.70306 0 2.46973 3.00186 0.10566 0 0 -500 0
764 1
1 13 0 0 0 0 1.70765 0 2.46656 3.00186 0.10566 0 0 -500 0
765 1
1 13 0 0 0 0 1.71055 0 2.46455 3.00186 0.10566 0 0 -500 0
766 1
1 13 0 0 0 0 1.66235 0 2.49732 3.00186 0.10566 0 0 -500 0
767 1
1 13 0 0 0 0 1.5638 0 2.56018 3.00186 0.10566 0 0 -500 0
768 1
1 13 0 0 0 0 1.61842 0 2.52601 3.00186 0.10566 0 0 -500 0
769 1
1 13 0 0 0 0 1.57485 0 2.5534 3.00186 0.10566 0 0 -500 0
770 1
1 13 0 0 0 0 1.68634 0 2.48118 3.00186 0.10566 0 0 -500 0
771 1
1 13 0 0 0 0 1.69058 0 2.47829 3.00186 0.10566 0 0 -500 0
772 1
1 13 0 0 0 0 1.53494 0 2.57759 3.00186 0.10566 0 0 -500 0
773 1
1 13 0 0 0 0 1.65121 0 2.5047 3.00186 0.10566 0 0 -500 0
774 1
1 13 0 0 0 0 1.57825 0 2.5513 3.00186 0.10566 0 0 -500 0
775 1
1 13 0 0 0 0 1.64713 0 2.50738 3.00186 0.10566 0 0 -500 0
776 1
1 13 0 0 0 0 1.63025 0 2.51839 3.00186 0.10566 0 0 -500 0
777 1
1 13 0 0 0 0 1.65156 0 2.50447 3.00186 0.10566 0 0 -500 0
778 1
1 13 0 0 0 0 1.52239 0 2.58502 3.00186 0.10566 0 0 -500 0
779 1
1 13 0 0 0 0 1.56132 0 2.56169 3.00186 0.10566 0 0 -500 0
780 1
1 13 0 0 0 0 1.66422 0 2.49607 3.00186 0.10566 0 0 -500 0
781 1
1 13 0 0 0 0 1.5418 0 2.57349 3.00186 0.10566 0 0 -500 0
782 1
1 13 0 0 0 0 1.6342 0 2.51583 3.00186 0.10566 0 0 -500 0
783 1
1 13 0 0 0 0 1.51681 0 2.5883 3.00186 0.10566 0 0 -500 0
784 1
1 13 0 0 0 0 1.51502 0 2.58935 3.00186 0.10566 0 0 -500 0
785 1
1 13 0 0 0 0 1.56831 0 2.55742 3.00186 0.10566 0 0 -500 0
786 1
1 13 0 0 0 0 1.54293 0 2.57281 3.00186 0.10566 0 0 -500 0
787 1
1 13 0 0 0 0 1.51487 0 2.58943 3.00186 0.10566 0 0 -500 0
788 1
1 13 0 0 0 0 1.67435 0 2.48929 3.00186 0.10566 0 0 -500 0
789 1
1 13 0 0 0 0 1.59805 0 2.53895 3.00186 0.10566 0 0 -500 0
790 1
1 13 0 0 0 0 1.58546 0 2.54682 3.00186 0.10566 0 0 -500 0
791 1
1 13 0 0 0 0 1.69157 0 2.47762 3.00186 0.10566 0 0 -500 0
792 1
1 13 0 0 0 0 1.71597 0 2.46078 3.00186 0.10566 0 0 -500 0
793 1
1 13 0 0 0 0 1.68186 0 2.48422 3.00186 0.10566 0 0 -500 0
794 1
1 13 0 0 0 0 1.55356 0 2.56641 3.00186 0.10566 0 0 -500 0
795 1
1 13 0 0 0 0 1.57859 0 2.55109 3.00186 0.10566 0 0 -500 0
796 1
1 13 0 0 0 0 1.55445 0 2.56587 3.00186 0.10566 0 0 -500 0
797 1
1 13 0 0 0 0 1.63579 0 2.51479 3.00186 0.10566 0 0 -500 0
798 1
1 13 0 0 0 0 1.5033 0 2.59617 3.00186 0.10566 0 0 -500 0
799 1
1 13 0 0 0 0 1.65213 0 2.50409 3.00186 0.10566 0 0 -500 0
800 1
1 13 0 0 0 0 1.64737 0 2.50723 3.00186 0.10566 0 0 -500 0
801 1
1 13 0 0 0 0 1.58584 0 2.54659 3.00186 0.10566 0 0 -500 0
802 1
1 13 0 0 0 0 1.63084 0 2.51801 3.00186 0.10566 0 0 -500 0
803 1
1 13 0 0 0 0 1.57266 0 2.55475 3.00186 0.10566 0 0 -500 0
804 1
1 13 0 0 0 0 1.66371 0 2.49641 3.00186 0.10566 0 0 -500 0
805 1
1 13 0 0 0 0 1.5472 0 2.57025 3.00186 0.10566 0 0 -500 0
806 1
1 13 0 0 0 0 1.50552 0 2.59488 3.00186 0.10566 0 0 -500 0
807 1
1 13 0 0 0 0 1.69003 0 2.47867 3.00186 0.10566 0 0 -500 0
808 1
1 13 0 0 0 0 1.55136 0 2.56774 3.00186 0.10566 0 0 -500 0
809 1
1 13 0 0 0 0 1.54439 0 2.57194 3.00186 0.10566 0 0 -500 0
810 1
1 13 0 0 0 0 1.54465 0 2.57178 3.00186 0.10566 0 0 -500 0
811 1
1 13 0 0 0 0 1.65376 0 2.50301 3.00186 0.10566 0 0 -500 0
812 1
1 13 0 0 0 0 1.69967 0 2.47207 3.00186 0.10566 0 0 -500 0
813 1
1 13 0 0 0 0 1.55321 0 2.56662 3.00186 0.10566 0 0 -500 0
814 1
1 13 0 0 0 0 1.66704 0 2.49419 3.00186 0.10566 0 0 -500 0
815 1
1 13 0 0 0 0 1.68388 0 2.48285 3.00186 0.10566 0 0 -500 0
816 1
1 13 0 0 0 0 1.71098 0 2.46425 3.00186 0.10566 0 0 -500 0
817 1
1 13 0 0 0 0 1.70888 0 2.46571 3.00186 0.10566 0 0 -500 0
818 1
1 13 0 0 0 0 1.50368 0 2.59595 3.00186 0.10566 0 0 -500 0
819 1
1 13 0 0 0 0 1.68247 0 2.48381 3.00186 0.10566 0 0 -500 0
820 1
1 13 0 0 0 0 1.67392 0 2.48958 3.00186 0.10566 0 0 -500 0
821 1
1 13 0 0 0 0 1.57259 0 2.55479 3.00186 0.10566 0 0 -500 0
822 1
1 13 0 0 0 0 1.65492 0 2.50224 3.00186 0.10566 0 0 -500 0
823 1
1 13 0 0 0 0 1.53773 0 2.57592 3.00186 0.10566 0 0 -500 0
824 1
1 13 0 0 0 0 1.53188 0 2.57941 3.00186 0.10566 0 0 -500 0
825 1
1 13 0 0 0 0 1.59078 0 2.54351 3.00186 0.10566 0 0 -500 0
826 1
1 13 0 0 0 0 1.70824 0 2.46615 3.00186 0.10566 0 0 -500 0
827 1
1 13 0 0 0 0 1.55071 0 2.56813 3.00186 0.10566 0 0 -500 0
828 1
1 13 0 0 0 0 1.635 0 2.51531 3.00186 0.10566 0 0 -500 0
829 1
1 13 0 0 0 0 1.58072 0 2.54977 3.00186 0.10566 0 0 -500 0
830 1
1 13 0 0 0 0 1.66352 0 2.49654 3.00186 0.10566 0 0 -500 0
831 1
1 13 0 0 0 0 1.56691 0 2.55828 3.00186 0.10566 0 0 -500 0
832 1
1 13 0 0 0 0 1.54422 0 2.57204 3.00186 0.10566 0 0 -500 0
833 1
1 13 0 0 0 0 1.71309 0 2.46279 3.00186 0.10566 0 0 -500 0
834 1
1 13 0 0 0 0 1.62197 0 2.52373 3.00186 0.10566 0 0 -500 0
835 1
1 13 0 0 0 0 1.51949 0 2.58673 3.00186 0.10566 0 0 -500 0
836 1
1 13 0 0 0 0 1.67619 0 2.48805 3.00186 0.10566 0 0 -500 0
837 1
1 13 0 0 0 0 1.53013 0 2.58044 3.00186 0.10566 0 0 -500 0
838 1
1 13 0 0 0 0 1.51508 0 2.58931 3.00186 0.10566 0 0 -500 0
839 1
1 13 0 0 0 0 1.51699 0 2.58819 3.00186 0.10566 0 0 -500 0
840 1
1 13 0 0 0 0 1.53453 0 2.57783 3.00186 0.10566 0 0 -500 0
841 1
1 13 0 0 0 0 1.64122 0 2.51126 3.00186 0.10566 0 0 -500 0
842 1
1 13 0 0 0 0 1.71818 0 2.45924 3.00186 0.10566 0 0 -500 0
843 1
1 13 0 0 0 0 1.67786 0 2.48692 3.00186 0.10566 0 0 -500 0
844 1
1 13 0 0 0 0 1.55478 0 2.56567 3.00186 0.10566 0 0 -500 0
845 1
1 13 0 0 0 0 1.65276 0 2.50368 3.00186 0.10566 0 0 -500 0
846 1
1 13 0 0 0 0 1.66405 0 2.49619 3.00186 0.10566 0 0 -500 0
847 1
1 13 0 0 0 0 1.64086 0 2.51149 3.00186 0.10566 0 0 -500 0
848 1
1 13 0 0 0 0 1.67912 0 2.48608 3.00186 0.10566 0 0 -500 0
849 1
1 13 0 0 0 0 1.66088 0 2.49829 3.00186 0.10566 0 0 -500 0
850 1
1 13 0 0 0 0 1.5631 0 2.56061 3.00186 0.10566 0 0 -500 0
851 1
1 13 0 0 0 0 1.51628 0 2.58861 3.00186 0.10566 0 0 -500 0
852 1
1 13 0 0 0 0 1.59888 0 2.53842 3.00186 0.10566 0 0 -500 0
853 1
1 13 0 0 0 0 1.51424 0 2.5898 3.00186 0.10566 0 0 -500 0
854 1
1 13 0 0 0 0 1.54459 0 2.57182 3.00186 0.10566 0 0 -500 0
855 1
1 13 0 0 0 0 1.60378 0 2.53533 3.00186 0.10566 0 0 -500 0
856 1
1 13 0 0 0 0 1.52874 0 2.58127 3.00186 0.10566 0 0 -500 0
857 1
1 13 0 0 0 0 1.50622 0 2.59447 3.00186 0.10566 0 0 -500 0
858 1
1 13 0 0 0 0 1.51069 0 2.59188 3.00186 0.10566 0 0 -500 0
859 1
1 13 0 0 0 0 1.53475 0 2.5777 3.00186 0.10566 0 0 -500 0
860 1
1 13 0 0 0 0 1.52711 0 2.58223 3.00186 0.10566 0 0 -500 0
861 1
1 13 0 0 0 0 1.5983 0 2.53878 3.00186 0.10566 0 0 -500 0
862 1
1 13 0 0 0 0 1.537 0 2.57636 3.00186 0.10566 0 0 -500 0
863 1
1 13 0 0 0 0 1.63685 0 2.5141 3.00186 0.10566 0 0 -500 0
864 1
1 13 0 0 0 0 1.62326 0 2.5229 3.00186 0.10566 0 0 -500 0
865 1
1 13 0 0 0 0 1.67551 0 2.48851 3.00186 0.10566 0 0 -500 0
866 1
1 13 0 0 0 0 1.68882 0 2.4795 3.00186 0.10566 0 0 -500 0
867 1
1 13 0 0 0 0 1.53511 0 2.57749 3.00186 0.10566 0 0 -500 0
868 1
1 13 0 0 0 0 1.69068 0 2.47823 3.00186 0.10566 0 0 -500 0
869 1
1 13 0 0 0 0 1.54334 0 2.57257 3.00186 0.10566 0 0 -500 0
870 1
1 13 0 0 0 0 1.68205 0 2.48409 3.00186 0.10566 0 0 -500 0
871 1
1 13 0 0 0 0 1.5482 0 2.56964 3.00186 0.10566 0 0 -500 0
872 1
1 13 0 0 0 0 1.56997 0 2.5564 3.00186 0.10566 0 0 -500 0
873 1
1 13 0 0 0 0 1.67229 0 2.49067 3.00186 0.10566 0 0 -500 0
874 1
1 13 0 0 0 0 1.71004 0 2.46491 3.00186 0.10566 0 0 -500 0
875 1
1 13 0 0 0 0 1.60235 0 2.53623 3.00186 0.10566 0 0 -500 0
876 1
1 13 0 0 0 0 1.69699 0 2.47391 3.00186 0.10566 0 0 -500 0
877 1
1 13 0 0 0 0 1.6947 0 2.47548 3.00186 0.10566 0 0 -500 0
878 1
1 13 0 0 0 0 1.65215 0 2.50408 3.00186 0.10566 0 0 -500 0
879 1
1 13 0 0 0 0 1.56448 0 2.55977 3.00186 0.10566 0 0 -500 0
880 1
1 13 0 0 0 0 1.51261 0 2.59076 3.00186 0.10566 0 0 -500 0
881 1
1 13 0 0 0 0 1.5816 0 2.54922 3.00186 0.10566 0 0 -500 0
882 1
1 13 0 0 0 0 1.68977 0 2.47885 3.00186 0.10566 0 0 -500 0
883 1
1 13 0 0 0 0 1.59694 0 2.53964 3.00186 0.10566 0 0 -500 0
884 1
1 13 0 0 0 0 1.68218 0 2.484 3.00186 0.10566 0 0 -500 0
885 1
1 13 0 0 0 0 1.53426 0 2.57799 3.00186 0.10566 0 0 -500 0
886 1
1 13 0 0 0 0 1.64865 0 2.50638 3.00186 0.10566 0 0 -500 0
887 1
1 13 0 0 0 0 1.63583 0 2.51477 3.00186 0.10566 0 0 -500 0
888 1
1 13 0 0 0 0 1.66912 0 2.49279 3.00186 0.10566 0 0 -500 0
889 1
1 13 0 0 0 0 1.58893 0 2.54466 3.00186 0.10566 0 0 -500 0
890 1
1 13 0 0 0 0 1.50932 0 2.59268 3.00186 0.10566 0 0 -500 0
891 1
1 13 0 0 0 0 1.69427 0 2.47577 3.00186 0.10566 0 0 -500 0
892 1
1 13 0 0 0 0 1.50018 0 2.59797 3.00186 0.10566 0 0 -500 0
893 1
1 13 0 0 0 0 1.711 0 2.46424 3.00186 0.10566 0 0 -500 0
894 1
1 13 0 0 0 0 1.59482 0 2.54098 3.00186 0.10566 0 0 -500 0
895 1
1 13 0 0 0 0 1.57284 0 2.55464 3.00186 0.10566 0 0 -500 0
896 1
1 13 0 0 0 0 1.5995 0 2.53803 3.00186 0.10566 0 0 -500 0
897 1
1 13 0 0 0 0 1.62927 0 2.51903 3.00186 0.10566 0 0 -500 0
898 1
1 13 0 0 0 0 1.51004 0 2.59225 3.00186 0.10566 0 0 -500 0
899 1
1 13 0 0 0 0 1.62389 0 2.5225 3.00186 0.10566 0 0 -500 0
900 1
1 13 0 0 0 0 1.50999 0 2.59228 3.00186 0.10566 0 0 -500 0
901 1
1 13 0 0 0 0 1.62207 0 2.52366 3.00186 0.10566 0 0 -500 0
902 1
1 13 0 0 0 0 1.50695 0 2.59405 3.00186 0.10566 0 0 -500 0
903 1
1 13 0 0 0 0 1.54842 0 2.56951 3.00186 0.10566 0 0 -500 0
904 1
1 13 0 0 0 0 1.70647 0 2.46738 3.00186 0.10566 0 0 -500 0
905 1
1 13 0 0 0 0 1.53784 0 2.57586 3.00186 0.10566 0 0 -500 0
906 1
1 13 0 0 0 0 1.67946 0 2.48584 3.00186 0.10566 0 0 -500 0
907 1
1 13 0 0 0 0 1.51827 0 2.58744 3.00186 0.10566 0 0 -500 0
908 1
1 13 0 0 0 0 1.52766 0 2.58191 3.00186 0.10566 0 0 -500 0
909 1
1 13 0 0 0 0 1.59605 0 2.5402 3.00186 0.10566 0 0 -500 0
910 1
1 13 0 0 0 0 1.60043 0 2.53744 3.00186 0.10566 0 0 -500 0
911 1
1 13 0 0 0 0 1.6042 0 2.53506 3.00186 0.10566 0 0 -500 0
912 1
1 13 0 0 0 0 1.5355 0 2.57725 3.00186 0.10566 0 0 -500 0
913 1
1 13 0 0 0 0 1.50931 0 2.59268 3.00186 0.10566 0 0 -500 0
914 1
1 13 0 0 0 0 1.64754 0 2.50711 3.00186 0.10566 0 0 -500 0
915 1
1 13 0 0 0 0 1.61453 0 2.5285 3.00186 0.10566 0 0 -500 0
916 1
1 13 0 0 0 0 1.64163 0 2.51098 3.00186 0.10566 0 0 -500 0
917 1
1 13 0 0 0 0 1.62597 0 2.52115 3.00186 0.10566 0 0 -500 0
918 1
1 13 0 0 0 0 1.69374 0 2.47614 3.00186 0.10566 0 0 -500 0
919 1
1 13 0 0 0 0 1.54791 0 2.56982 3.00186 0.10566 0 0 -500 0
920 1
1 13 0 0 0 0 1.50982 0 2.59238 3.00186 0.10566 0 0 -500 0
921 1
1 13 0 0 0 0 1.53772 0 2.57593 3.00186 0.10566 0 0 -500 0
922 1
1 13 0 0 0 0 1.60806 0 2.53262 3.00186 0.10566 0 0 -500 0
923 1
1 13 0 0 0 0 1.71492 0 2.46151 3.00186 0.10566 0 0 -500 0
924 1
1 13 0 0 0 0 1.71366 0 2.46239 3.00186 0.10566 0 0 -500 0
925 1
1 13 0 0 0 0 1.63501 0 2.5153 3.00186 0.10566 0 0 -500 0
926 1
1 13 0 0 0 0 1.61549 0 2.52788 3.00186 0.10566 0 0 -500 0
927 1
1 13 0 0 0 0 1.61458 0 2.52846 3.00186 0.10566 0 0 -500 0
928 1
1 13 0 0 0 0 1.5478 0 2.56989 3.00186 0.10566 0 0 -500 0
929 1
1 13 0 0 0 0 1.57913 0 2.55075 3.00186 0.10566 0 0 -500 0
930 1
1 13 0 0 0 0 1.5129 0 2.59059 3.00186 0.10566 0 0 -500 0
931 1
1 13 0 0 0 0 1.63845 0 2.51306 3.00186 0.10566 0 0 -500 0
932 1
1 13 0 0 0 0 1.66879 0 2.49302 3.00186 0.10566 0 0 -500 0
933 1
1 13 0 0 0 0 1.71808 0 2.45931 3.00186 0.10566 0 0 -500 0
934 1
1 13 0 0 0 0 1.59915 0 2.53825 3.00186 0.10566 0 0 -500 0
935 1
1 13 0 0 0 0 1.6589 0 2.49961 3.00186 0.10566 0 0 -500 0
936 1
1 13 0 0 0 0 1.55256 0 2.56701 3.00186 0.10566 0 0 -500 0
937 1
1 13 0 0 0 0 1.69995 0 2.47188 3.00186 0.10566 0 0 -500 0
938 1
1 13 0 0 0 0 1.67285 0 2.49029 3.00186 0.10566 0 0 -500 0
939 1
1 13 0 0 0 0 1.69247 0 2.477 3.00186 0.10566 0 0 -500 0
940 1
1 13 0 0 0 0 1.57851 0 2.55114 3.00186 0.10566 0 0 -500 0
941 1
1 13 0 0 0 0 1.67502 0 2.48884 3.00186 0.10566 0 0 -500 0
942 1
1 13 0 0 0 0 1.66789 0 2.49362 3.00186 0.10566 0 0 -500 0
943 1
1 13 0 0 0 0 1.69394 0 2.476 3.00186 0.10566 0 0 -500 0
944 1
1 13 0 0 0 0 1.55587 0 2.56501 3.00186 0.10566 0 0 -500 0
945 1
1 13 0 0 0 0 1.58661 0 2.54611 3.00186 0.10566 0 0 -500 0
946 1
1 13 0 0 0 0 1.53227 0 2.57918 3.00186 0.10566 0 0 -500 0
947 1
1 13 0 0 0 0 1.5006 0 2.59773 3.00186 0.10566 0 0 -500 0
948 1
1 13 0 0 0 0 1.55445 0 2.56587 3.00186 0.10566 0 0 -500 0
949 1
1 13 0 0 0 0 1.53501 0 2.57754 3.00186 0.10566 0 0 -500 0
950 1
1 13 0 0 0 0 1.63466 0 2.51553 3.00186 0.10566 0 0 -500 0
951 1
1 13 0 0 0 0 1.51513 0 2.58928 3.00186 0.10566 0 0 -500 0
952 1
1 13 0 0 0 0 1.70242 0 2.47017 3.00186 0.10566 0 0 -500 0
953 1
1 13 0 0 0 0 1.71507 0 2.46141 3.00186 0.10566 0 0 -500 0
954 1
1 13 0 0 0 0 1.67965 0 2.48572 3.00186 0.10566 0 0 -500 0
955 1
1 13 0 0 0 0 1.56702 0 2.55821 3.00186 0.10566 0 0 -500 0
956 1
1 13 0 0 0 0 1.65932 0 2.49933 3.00186 0.10566 0 0 -500 0
957 1
1 13 0 0 0 0 1.57541 0 2.55305 3.00186 0.10566 0 0 -500 0
958 1
1 13 0 0 0 0 1.69158 0 2.47761 3.00186 0.10566 0 0 -500 0
959 1
1 13 0 0 0 0 1.69187 0 2.47741 3.00186 0.10566 0 0 -500 0
960 1
1 13 0 0 0 0 1.59225 0 2.54259 3.00186 0.10566 0 0 -500 0
961 1
1 13 0 0 0 0 1.50948 0 2.59258 3.00186 0.10566 0 0 -500 0
962 1
1 13 0 0 0 0 1.72016 0 2.45785 3.00186 0.10566 0 0 -500 0
963 1
1 13 0 0 0 0 1.56841 0 2.55736 3.00186 0.10566 0 0 -500 0
964 1
1 13 0 0 0 0 1.60844 0 2.53238 3.00186 0.10566 0 0 -500 0
965 1
1 13 0 0 0 0 1.58225 0 2.54882 3.00186 0.10566 0 0 -500 0
966 1
1 13 0 0 0 0 1.58118 0 2.54948 3.00186 0.10566 0 0 -500 0
967 1
1 13 0 0 0 0 1.56933 0 2.5568 3.00186 0.10566 0 0 -500 0
968 1
1 13 0 0 0 0 1.54728 0 2.5702 3.00186 0.10566 0 0 -500 0
969 1
1 13 0 0 0 0 1.534 0 2.57815 3.00186 0.10566 0 0 -500 0
970 1
1 13 0 0 0 0 1.50229 0 2.59675 3.00186 0.10566 0 0 -500 0
971 1
1 13 0 0 0 0 1.59567 0 2.54044 3.00186 0.10566 0 0 -500 0
972 1
1 13 0 0 0 0 1.63012 0 2.51847 3.00186 0.10566 0 0 -500 0
973 1
1 13 0 0 0 0 1.5163 0 2.5886 3.00186 0.10566 0 0 -500 0
974 1
1 13 0 0 0 0 1.57164 0 2.55538 3.00186 0.10566 0 0 -500 0
975 1
1 13 0 0 0 0 1.53965 0 2.57478 3.00186 0.10566 0 0 -500 0
976 1
1 13 0 0 0 0 1.64347 0 2.50978 3.00186 0.10566 0 0 -500 0
977 1
1 13 0 0 0 0 1.54187 0 2.57345 3.00186 0.10566 0 0 -500 0
978 1
1 13 0 0 0 0 1.71586 0 2.46086 3.00186 0.10566 0 0 -500 0
979 1
1 13 0 0 0 0 1.68177 0 2.48428 3.00186 0.10566 0 0 -500 0
980 1
1 13 0 0 0 0 1.64941 0 2.50588 3.00186 0.10566 0 0 -500 0
981 1
1 13 0 0 0 0 1.59917 0 2.53824 3.00186 0.10566 0 0 -500 0
982 1
1 13 0 0 0 0 1.50099 0 2.59751 3.00186 0.10566 0 0 -500 0
983 1
1 13 0 0 0 0 1.52251 0 2.58495 3.00186 0.10566 0 0 -500 0
984 1
1 13 0 0 0 0 1.50561 0 2.59483 3.00186 0.10566 0 0 -500 0
985 1
1 13 0 0 0 0 1.68248 0 2.4838 3.00186 0.10566 0 0 -500 0
986 1
1 13 0 0 0 0 1.69626 0 2.47441 3.00186 0.10566 0 0 -500 0
987 1
1 13 0 0 0 0 1.56307 0 2.56063 3.00186 0.10566 0 0 -500 0
988 1
1 13 0 0 0 0 1.56398 0 2.56007 3.00186 0.10566 0 0 -500 0
989 1
1 13 0 0 0 0 1.57289 0 2.55461 3.00186 0.10566 0 0 -500 0
990 1
1 13 0 0 0 0 1.65961 0 2.49914 3.00186 0.10566 0 0 -500 0
991 1
1 13 0 0 0 0 1.58758 0 2.54551 3.00186 0.10566 0 0 -500 0
992 1
1 13 0 0 0 0 1.66541 0 2.49528 3.00186 0.10566 0 0 -500 0
993 1
1 13 0 0 0 0 1.57606 0 2.55265 3.00186 0.10566 0 0 -500 0
994 1
1 13 0 0 0 0 1.54568 0 2.57116 3.00186 0.10566 0 0 -500 0
995 1
1 13 0 0 0 0 1.56832 0 2.55742 3.00186 0.10566 0 0 -500 0
996 1
1 13 0 0 0 0 1.56528 0 2.55928 3.00186 0.10566 0 0 -500 0
997 1
1 13 0 0 0 0 1.68403 0 2.48275 3.00186 0.10566 0 0 -500 0
998 1
1 13 0 0 0 0 1.57786 0 2.55154 3.00186 0.10566 0 0 -500 0
999 1
1 13 0 0 0 0 1.57656 0 2.55235 3.00186 0.10566 0 0 -500 0