0 1
1 13 0 0 0 0 1.87858 0 2.339 3.00186 0.10566 0 0 -500 0
1 1
1 13 0 0 0 0 1.89501 0 2.32572 3.00186 0.10566 0 0 -500 0
2 1
1 13 0 0 0 0 1.73544 0 2.44709 3.00186 0.10566 0 0 -500 0
3 1
1 13 0 0 0 0 1.9015 0 2.32041 3.00186 0.10566 0 0 -500 0
4 1
1 13 0 0 0 0 1.77004 0 2.42218 3.00186 0.10566 0 0 -500 0
5 1
1 13 0 0 0 0 1.88575 0 2.33322 3.00186 0.10566 0 0 -500 0
6 1
1 13 0 0 0 0 1.78731 0 2.40946 3.00186 0.10566 0 0 -500 0
7 1
1 13 0 0 0 0 1.80705 0 2.3947 3.00186 0.10566 0 0 -500 0
8 1
1 13 0 0 0 0 1.73865 0 2.44481 3.00186 0.10566 0 0 -500 0
9 1
1 13 0 0 0 0 1.77616 0 2.41769 3.00186 0.10566 0 0 -500 0
10 1
1 13 0 0 0 0 1.81797 0 2.38641 3.00186 0.10566 0 0 -500 0
11 1
1 13 0 0 0 0 1.7637 0 2.4268 3.00186 0.10566 0 0 -500 0
12 1
1 13 0 0 0 0 1.8182 0 2.38624 3.00186 0.10566 0 0 -500 0
13 1
1 13 0 0 0 0 1.74654 0 2.43918 3.00186 0.10566 0 0 -500 0
14 1
1 13 0 0 0 0 1.82624 0 2.38009 3.00186 0.10566 0 0 -500 0
15 1
1 13 0 0 0 0 1.84102 0 2.36868 3.00186 0.10566 0 0 -500 0
16 1
1 13 0 0 0 0 1.83209 0 2.37559 3.00186 0.10566 0 0 -500 0
17 1
1 13 0 0 0 0 1.77625 0 2.41763 3.00186 0.10566 0 0 -500 0
18 1
1 13 0 0 0 0 1.92179 0 2.30363 3.00186 0.10566 0 0 -500 0
19 1
1 13 0 0 0 0 1.91928 0 2.30572 3.00186 0.10566 0 0 -500 0
20 1
1 13 0 0 0 0 1.74191 0 2.44249 3.00186 0.10566 0 0 -500 0
21 1
1 13 0 0 0 0 1.80695 0 2.39477 3.00186 0.10566 0 0 -500 0
22 1
1 13 0 0 0 0 1.85757 0 2.35573 3.00186 0.10566 0 0 -500 0
23 1
1 13 0 0 0 0 1.82999 0 2.37721 3.00186 0.10566 0 0 -500 0
24 1
1 13 0 0 0 0 1.85579 0 2.35713 3.00186 0.10566 0 0 -500 0
25 1
1 13 0 0 0 0 1.76971 0 2.42242 3.00186 0.10566 0 0 -500 0
26 1
1 13 0 0 0 0 1.81294 0 2.39024 3.00186 0.10566 0 0 -500 0
27 1
1 13 0 0 0 0 1.73381 0 2.44824 3.00186 0.10566 0 0 -500 0
28 1
1 13 0 0 0 0 1.8742 0 2.34251 3.00186 0.10566 0 0 -500 0
29 1
1 13 0 0 0 0 1.83823 0 2.37085 3.00186 0.10566 0 0 -500 0
30 1
1 13 0 0 0 0 1.88348 0 2.33506 3.00186 0.10566 0 0 -500 0
31 1
1 13 0 0 0 0 1.92804 0 2.29841 3.00186 0.10566 0 0 -500 0
32 1
1 13 0 0 0 0 1.73452 0 2.44774 3.00186 0.10566 0 0 -500 0
33 1
1 13 0 0 0 0 1.82981 0 2.37735 3.00186 0.10566 0 0 -500 0
34 1
1 13 0 0 0 0 1.87791 0 2.33954 3.00186 0.10566 0 0 -500 0
35 1
1 13 0 0 0 0 1.84465 0 2.36586 3.00186 0.10566 0 0 -500 0
36 1
1 13 0 0 0 0 1.91493 0 2.30934 3.00186 0.10566 0 0 -500 0
37 1
1 13 0 0 0 0 1.84411 0 2.36628 3.00186 0.10566 0 0 -500 0
38 1
1 13 0 0 0 0 1.78539 0 2.41089 3.00186 0.10566 0 0 -500 0
39 1
1 13 0 0 0 0 1.7518 0 2.43541 3.00186 0.10566 0 0 -500 0
40 1
1 13 0 0 0 0 1.79951 0 2.40037 3.00186 0.10566 0 0 -500 0
41 1
1 13 0 0 0 0 1.91054 0 2.31297 3.00186 0.10566 0 0 -500 0
42 1
1 13 0 0 0 0 1.766 0 2.42513 3.00186 0.10566 0 0 -500 0
43 1
1 13 0 0 0 0 1.86056 0 2.35337 3.00186 0.10566 0 0 -500 0
44 1
1 13 0 0 0 0 1.81236 0 2.39068 3.00186 0.10566 0 0 -500 0
45 1
1 13 0 0 0 0 1.85203 0 2.36008 3.00186 0.10566 0 0 -500 0
46 1
1 13 0 0 0 0 1.83825 0 2.37083 3.00186 0.10566 0 0 -500 0
47 1
1 13 0 0 0 0 1.88641 0 2.33269 3.00186 0.10566 0 0 -500 0
48 1
1 13 0 0 0 0 1.7225 0 2.45622 3.00186 0.10566 0 0 -500 0
49 1
1 13 0 0 0 0 1.85601 0 2.35695 3.00186 0.10566 0 0 -500 0
50 1
1 13 0 0 0 0 1.86591 0 2.34912 3.00186 0.10566 0 0 -500 0
51 1
1 13 0 0 0 0 1.85416 0 2.35841 3.00186 0.10566 0 0 -500 0
52 1
1 13 0 0 0 0 1.75496 0 2.43313 3.00186 0.10566 0 0 -500 0
53 1
1 13 0 0 0 0 1.74375 0 2.44117 3.00186 0.10566 0 0 -500 0
54 1
1 13 0 0 0 0 1.74778 0 2.43829 3.00186 0.10566 0 0 -500 0
55 1
1 13 0 0 0 0 1.91031 0 2.31316 3.00186 0.10566 0 0 -500 0
56 1
1 13 0 0 0 0 1.74752 0 2.43848 3.00186 0.10566 0 0 -500 0
57 1
1 13 0 0 0 0 1.89046 0 2.32941 3.00186 0.10566 0 0 -500 0
58 1
1 13 0 0 0 0 1.74131 0 2.44292 3.00186 0.10566 0 0 -500 0
59 1
1 13 0 0 0 0 1.84448 0 2.36598 3.00186 0.10566 0 0 -500 0
60 1
1 13 0 0 0 0 1.80543 0 2.39591 3.00186 0.10566 0 0 -500 0
61 1
1 13 0 0 0 0 1.7808 0 2.41428 3.00186 0.10566 0 0 -500 0
62 1
1 13 0 0 0 0 1.84741 0 2.3637 3.00186 0.10566 0 0 -500 0
63 1
1 13 0 0 0 0 1.76573 0 2.42532 3.00186 0.10566 0 0 -500 0
64 1
1 13 0 0 0 0 1.73262 0 2.44909 3.00186 0.10566 0 0 -500 0
65 1
1 13 0 0 0 0 1.89506 0 2.32567 3.00186 0.10566 0 0 -500 0
66 1
1 13 0 0 0 0 1.92518 0 2.3008 3.00186 0.10566 0 0 -500 0
67 1
1 13 0 0 0 0 1.90875 0 2.31445 3.00186 0.10566 0 0 -500 0
68 1
1 13 0 0 0 0 1.78741 0 2.40939 3.00186 0.10566 0 0 -500 0
69 1
1 13 0 0 0 0 1.78989 0 2.40755 3.00186 0.10566 0 0 -500 0
70 1
1 13 0 0 0 0 1.92293 0 2.30268 3.00186 0.10566 0 0 -500 0
71 1
1 13 0 0 0 0 1.91369 0 2.31037 3.00186 0.10566 0 0 -500 0
72 1
1 13 0 0 0 0 1.7533 0 2.43432 3.00186 0.10566 0 0 -500 0
73 1
1 13 0 0 0 0 1.78985 0 2.40758 3.00186 0.10566 0 0 -500 0
74 1
1 13 0 0 0 0 1.76826 0 2.42348 3.00186 0.10566 0 0 -500 0
75 1
1 13 0 0 0 0 1.73375 0 2.44829 3.00186 0.10566 0 0 -500 0
76 1
1 13 0 0 0 0 1.88003 0 2.33784 3.00186 0.10566 0 0 -500 0
77 1
1 13 0 0 0 0 1.72531 0 2.45424 3.00186 0.10566 0 0 -500 0
78 1
1 13 0 0 0 0 1.92351 0 2.30219 3.00186 0.10566 0 0 -500 0
79 1
1 13 0 0 0 0 1.81294 0 2.39024 3.00186 0.10566 0 0 -500 0
80 1
1 13 0 0 0 0 1.85127 0 2.36068 3.00186 0.10566 0 0 -500 0
81 1
1 13 0 0 0 0 1.72346 0 2.45554 3.00186 0.10566 0 0 -500 0
82 1
1 13 0 0 0 0 1.73182 0 2.44965 3.00186 0.10566 0 0 -500 0
83 1
1 13 0 0 0 0 1.79159 0 2.40628 3.00186 0.10566 0 0 -500 0
84 1
1 13 0 0 0 0 1.83129 0 2.37621 3.00186 0.10566 0 0 -500 0
85 1
1 13 0 0 0 0 1.82347 0 2.38222 3.00186 0.10566 0 0 -500 0
86 1
1 13 0 0 0 0 1.73079 0 2.45038 3.00186 0.10566 0 0 -500 0
87 1
1 13 0 0 0 0 1.8087 0 2.39345 3.00186 0.10566 0 0 -500 0
88 1
1 13 0 0 0 0 1.86835 0 2.34719 3.00186 0.10566 0 0 -500 0
89 1
1 13 0 0 0 0 1.77443 0 2.41897 3.00186 0.10566 0 0 -500 0
90 1
1 13 0 0 0 0 1.79561 0 2.40328 3.00186 0.10566 0 0 -500 0
91 1
1 13 0 0 0 0 1.82414 0 2.3817 3.00186 0.10566 0 0 -500 0
92 1
1 13 0 0 0 0 1.76561 0 2.42541 3.00186 0.10566 0 0 -500 0
93 1
1 13 0 0 0 0 1.85757 0 2.35572 3.00186 0.10566 0 0 -500 0
94 1
1 13 0 0 0 0 1.74196 0 2.44245 3.00186 0.10566 0 0 -500 0
95 1
1 13 0 0 0 0 1.78664 0 2.40996 3.00186 0.10566 0 0 -500 0
96 1
1 13 0 0 0 0 1.83718 0 2.37166 3.00186 0.10566 0 0 -500 0
97 1
1 13 0 0 0 0 1.75294 0 2.43458 3.00186 0.10566 0 0 -500 0
98 1
1 13 0 0 0 0 1.79117 0 2.4066 3.00186 0.10566 0 0 -500 0
99 1
1 13 0 0 0 0 1.86246 0 2.35186 3.00186 0.10566 0 0 -500 0
100 1
1 13 0 0 0 0 1.75294 0 2.43458 3.00186 0.10566 0 0 -500 0
101 1
1 13 0 0 0 0 1.88644 0 2.33267 3.00186 0.10566 0 0 -500 0
102 1
1 13 0 0 0 0 1.72356 0 2.45547 3.00186 0.10566 0 0 -500 0
103 1
1 13 0 0 0 0 1.92826 0 2.29822 3.00186 0.10566 0 0 -500 0
104 1
1 13 0 0 0 0 1.82603 0 2.38025 3.00186 0.10566 0 0 -500 0
105 1
1 13 0 0 0 0 1.72434 0 2.45492 3.00186 0.10566 0 0 -500 0
106 1
1 13 0 0 0 0 1.75148 0 2.43564 3.00186 0.10566 0 0 -500 0
107 1
1 13 0 0 0 0 1.72955 0 2.45125 3.00186 0.10566 0 0 -500 0
108 1
1 13 0 0 0 0 1.77747 0 2.41674 3.00186 0.10566 0 0 -500 0
109 1
1 13 0 0 0 0 1.86014 0 2.35369 3.00186 0.10566 0 0 -500 0
110 1
1 13 0 0 0 0 1.8887 0 2.33084 3.00186 0.10566 0 0 -500 0
111 1
1 13 0 0 0 0 1.78124 0 2.41395 3.00186 0.10566 0 0 -500 0
112 1
1 13 0 0 0 0 1.85991 0 2.35388 3.00186 0.10566 0 0 -500 0
113 1
1 13 0 0 0 0 1.73276 0 2.44899 3.00186 0.10566 0 0 -500 0
114 1
1 13 0 0 0 0 1.836 0 2.37257 3.00186 0.10566 0 0 -500 0
115 1
1 13 0 0 0 0 1.8411 0 2.36862 3.00186 0.10566 0 0 -500 0
116 1
1 13 0 0 0 0 1.83191 0 2.37573 3.00186 0.10566 0 0 -500 0
117 1
1 13 0 0 0 0 1.91648 0 2.30805 3.00186 0.10566 0 0 -500 0
118 1
1 13 0 0 0 0 1.84699 0 2.36403 3.00186 0.10566 0 0 -500 0
119 1
1 13 0 0 0 0 1.82885 0 2.37809 3.00186 0.10566 0 0 -500 0
120 1
1 13 0 0 0 0 1.82111 0 2.38402 3.00186 0.10566 0 0 -500 0
121 1
1 13 0 0 0 0 1.76479 0 2.42601 3.00186 0.10566 0 0 -500 0
122 1
1 13 0 0 0 0 1.73264 0 2.44907 3.00186 0.10566 0 0 -500 0
123 1
1 13 0 0 0 0 1.8661 0 2.34897 3.00186 0.10566 0 0 -500 0
124 1
1 13 0 0 0 0 1.74699 0 2.43886 3.00186 0.10566 0 0 -500 0
125 1
1 13 0 0 0 0 1.73325 0 2.44864 3.00186 0.10566 0 0 -500 0
126 1
1 13 0 0 0 0 1.87691 0 2.34034 3.00186 0.10566 0 0 -500 0
127 1
1 13 0 0 0 0 1.89173 0 2.32838 3.00186 0.10566 0 0 -500 0
128 1
1 13 0 0 0 0 1.79673 0 2.40245 3.00186 0.10566 0 0 -500 0
129 1
1 13 0 0 0 0 1.72112 0 2.45718 3.00186 0.10566 0 0 -500 0
130 1
1 13 0 0 0 0 1.82922 0 2.37781 3.00186 0.10566 0 0 -500 0
131 1
1 13 0 0 0 0 1.83264 0 2.37517 3.00186 0.10566 0 0 -500 0
132 1
1 13 0 0 0 0 1.76736 0 2.42414 3.00186 0.10566 0 0 -500 0
133 1
1 13 0 0 0 0 1.80765 0 2.39424 3.00186 0.10566 0 0 -500 0
134 1
1 13 0 0 0 0 1.8015 0 2.39887 3.00186 0.10566 0 0 -500 0
135 1
1 13 0 0 0 0 1.85363 0 2.35882 3.00186 0.10566 0 0 -500 0
136 1
1 13 0 0 0 0 1.91493 0 2.30933 3.00186 0.10566 0 0 -500 0
137 1
1 13 0 0 0 0 1.8108 0 2.39186 3.00186 0.10566 0 0 -500 0
138 1
1 13 0 0 0 0 1.81223 0 2.39078 3.00186 0.10566 0 0 -500 0
139 1
1 13 0 0 0 0 1.72865 0 2.45189 3.00186 0.10566 0 0 -500 0
140 1
1 13 0 0 0 0 1.73464 0 2.44766 3.00186 0.10566 0 0 -500 0
141 1
1 13 0 0 0 0 1.8819 0 2.33633 3.00186 0.10566 0 0 -500 0
142 1
1 13 0 0 0 0 1.87034 0 2.3456 3.00186 0.10566 0 0 -500 0
143 1
1 13 0 0 0 0 1.86039 0 2.3535 3.00186 0.10566 0 0 -500 0
144 1
1 13 0 0 0 0 1.8459 0 2.36488 3.00186 0.10566 0 0 -500 0
145 1
1 13 0 0 0 0 1.87245 0 2.34391 3.00186 0.10566 0 0 -500 0
146 1
1 13 0 0 0 0 1.83843 0 2.37069 3.00186 0.10566 0 0 -500 0
147 1
1 13 0 0 0 0 1.78416 0 2.4118 3.00186 0.10566 0 0 -500 0
148 1
1 13 0 0 0 0 1.79617 0 2.40287 3.00186 0.10566 0 0 -500 0
149 1
1 13 0 0 0 0 1.7848 0 2.41132 3.00186 0.10566 0 0 -500 0
150 1
1 13 0 0 0 0 1.88309 0 2.33537 3.00186 0.10566 0 0 -500 0
151 1
1 13 0 0 0 0 1.83723 0 2.37162 3.00186 0.10566 0 0 -500 0
152 1
1 13 0 0 0 0 1.74182 0 2.44255 3.00186 0.10566 0 0 -500 0
153 1
1 13 0 0 0 0 1.77341 0 2.41972 3.00186 0.10566 0 0 -500 0
154 1
1 13 0 0 0 0 1.82704 0 2.37948 3.00186 0.10566 0 0 -500 0
155 1
1 13 0 0 0 0 1.76999 0 2.42222 3.00186 0.10566 0 0 -500 0
156 1
1 13 0 0 0 0 1.84428 0 2.36614 3.00186 0.10566 0 0 -500 0
157 1
1 13 0 0 0 0 1.86671 0 2.34848 3.00186 0.10566 0 0 -500 0
158 1
1 13 0 0 0 0 1.89421 0 2.32636 3.00186 0.10566 0 0 -500 0
159 1
1 13 0 0 0 0 1.74946 0 2.43709 3.00186 0.10566 0 0 -500 0
160 1
1 13 0 0 0 0 1.84419 0 2.36622 3.00186 0.10566 0 0 -500 0
161 1
1 13 0 0 0 0 1.86275 0 2.35163 3.00186 0.10566 0 0 -500 0
162 1
1 13 0 0 0 0 1.90148 0 2.32042 3.00186 0.10566 0 0 -500 0
163 1
1 13 0 0 0 0 1.90793 0 2.31512 3.00186 0.10566 0 0 -500 0
164 1
1 13 0 0 0 0 1.80862 0 2.39351 3.00186 0.10566 0 0 -500 0
165 1
1 13 0 0 0 0 1.81095 0 2.39175 3.00186 0.10566 0 0 -500 0
166 1
1 13 0 0 0 0 1.77884 0 2.41572 3.00186 0.10566 0 0 -500 0
167 1
1 13 0 0 0 0 1.90128 0 2.32059 3.00186 0.10566 0 0 -500 0
168 1
1 13 0 0 0 0 1.89898 0 2.32247 3.00186 0.10566 0 0 -500 0
169 1
1 13 0 0 0 0 1.83647 0 2.37221 3.00186 0.10566 0 0 -500 0
170 1
1 13 0 0 0 0 1.83907 0 2.37019 3.00186 0.10566 0 0 -500 0
171 1
1 13 0 0 0 0 1.88025 0 2.33766 3.00186 0.10566 0 0 -500 0
172 1
1 13 0 0 0 0 1.90756 0 2.31543 3.00186 0.10566 0 0 -500 0
173 1
1 13 0 0 0 0 1.89878 0 2.32264 3.00186 0.10566 0 0 -500 0
174 1
1 13 0 0 0 0 1.80686 0 2.39484 3.00186 0.10566 0 0 -500 0
175 1
1 13 0 0 0 0 1.88029 0 2.33763 3.00186 0.10566 0 0 -500 0
176 1
1 13 0 0 0 0 1.77329 0 2.4198 3.00186 0.10566 0 0 -500 0
177 1
1 13 0 0 0 0 1.9247 0 2.30121 3.00186 0.10566 0 0 -500 0
178 1
1 13 0 0 0 0 1.81821 0 2.38624 3.00186 0.10566 0 0 -500 0
179 1
1 13 0 0 0 0 1.77428 0 2.41908 3.00186 0.10566 0 0 -500 0
180 1
1 13 0 0 0 0 1.85479 0 2.35791 3.00186 0.10566 0 0 -500 0
181 1
1 13 0 0 0 0 1.85306 0 2.35927 3.00186 0.10566 0 0 -500 0
182 1
1 13 0 0 0 0 1.91451 0 2.30968 3.00186 0.10566 0 0 -500 0
183 1
1 13 0 0 0 0 1.92836 0 2.29814 3.00186 0.10566 0 0 -500 0
184 1
1 13 0 0 0 0 1.76458 0 2.42616 3.00186 0.10566 0 0 -500 0
185 1
1 13 0 0 0 0 1.78078 0 2.4143 3.00186 0.10566 0 0 -500 0
186 1
1 13 0 0 0 0 1.82857 0 2.37831 3.00186 0.10566 0 0 -500 0
187 1
1 13 0 0 0 0 1.86124 0 2.35282 3.00186 0.10566 0 0 -500 0
188 1
1 13 0 0 0 0 1.73866 0 2.4448 3.00186 0.10566 0 0 -500 0
189 1
1 13 0 0 0 0 1.82368 0 2.38205 3.00186 0.10566 0 0 -500 0
190 1
1 13 0 0 0 0 1.84761 0 2.36354 3.00186 0.10566 0 0 -500 0
191 1
1 13 0 0 0 0 1.91347 0 2.31055 3.00186 0.10566 0 0 -500 0
192 1
1 13 0 0 0 0 1.78801 0 2.40895 3.00186 0.10566 0 0 -500 0
193 1
1 13 0 0 0 0 1.79418 0 2.40435 3.00186 0.10566 0 0 -500 0
194 1
1 13 0 0 0 0 1.8451 0 2.36551 3.00186 0.10566 0 0 -500 0
195 1
1 13 0 0 0 0 1.88396 0 2.33468 3.00186 0.10566 0 0 -500 0
196 1
1 13 0 0 0 0 1.87817 0 2.33933 3.00186 0.10566 0 0 -500 0
197 1
1 13 0 0 0 0 1.78867 0 2.40845 3.00186 0.10566 0 0 -500 0
198 1
1 13 0 0 0 0 1.83103 0 2.37641 3.00186 0.10566 0 0 -500 0
199 1
1 13 0 0 0 0 1.84026 0 2.36927 3.00186 0.10566 0 0 -500 0
200 1
1 13 0 0 0 0 1.85412 0 2.35844 3.00186 0.10566 0 0 -500 0
201 1
1 13 0 0 0 0 1.90006 0 2.32158 3.00186 0.10566 0 0 -500 0
202 1
1 13 0 0 0 0 1.84094 0 2.36875 3.00186 0.10566 0 0 -500 0
203 1
1 13 0 0 0 0 1.74282 0 2.44184 3.00186 0.10566 0 0 -500 0
204 1
1 13 0 0 0 0 1.91448 0 2.30971 3.00186 0.10566 0 0 -500 0
205 1
1 13 0 0 0 0 1.72619 0 2.45362 3.00186 0.10566 0 0 -500 0
206 1
1 13 0 0 0 0 1.81565 0 2.38819 3.00186 0.10566 0 0 -500 0
207 1
1 13 0 0 0 0 1.76593 0 2.42518 3.00186 0.10566 0 0 -500 0
208 1
1 13 0 0 0 0 1.73636 0 2.44644 3.00186 0.10566 0 0 -500 0
209 1
1 13 0 0 0 0 1.76034 0 2.42924 3.00186 0.10566 0 0 -500 0
210 1
1 13 0 0 0 0 1.90125 0 2.32061 3.00186 0.10566 0 0 -500 0
211 1
1 13 0 0 0 0 1.78754 0 2.4093 3.00186 0.10566 0 0 -500 0
212 1
1 13 0 0 0 0 1.91853 0 2.30635 3.00186 0.10566 0 0 -500 0
213 1
1 13 0 0 0 0 1.88709 0 2.33214 3.00186 0.10566 0 0 -500 0
214 1
1 13 0 0 0 0 1.89986 0 2.32176 3.00186 0.10566 0 0 -500 0
215 1
1 13 0 0 0 0 1.85258 0 2.35965 3.00186 0.10566 0 0 -500 0
216 1
1 13 0 0 0 0 1.72248 0 2.45623 3.00186 0.10566 0 0 -500 0
217 1
1 13 0 0 0 0 1.80654 0 2.39508 3.00186 0.10566 0 0 -500 0
218 1
1 13 0 0 0 0 1.92156 0 2.30383 3.00186 0.10566 0 0 -500 0
219 1
1 13 0 0 0 0 1.90786 0 2.31518 3.00186 0.10566 0 0 -500 0
220 1
1 13 0 0 0 0 1.91575 0 2.30866 3.00186 0.10566 0 0 -500 0
221 1
1 13 0 0 0 0 1.91966 0 2.30541 3.00186 0.10566 0 0 -500 0
222 1
1 13 0 0 0 0 1.74236 0 2.44217 3.00186 0.10566 0 0 -500 0
223 1
1 13 0 0 0 0 1.79124 0 2.40654 3.00186 0.10566 0 0 -500 0
224 1
1 13 0 0 0 0 1.72874 0 2.45183 3.00186 0.10566 0 0 -500 0
225 1
1 13 0 0 0 0 1.75892 0 2.43027 3.00186 0.10566 0 0 -500 0
226 1
1 13 0 0 0 0 1.91726 0 2.3074 3.00186 0.10566 0 0 -500 0
227 1
1 13 0 0 0 0 1.73341 0 2.44853 3.00186 0.10566 0 0 -500 0
228 1
1 13 0 0 0 0 1.90417 0 2.31822 3.00186 0.10566 0 0 -500 0
229 1
1 13 0 0 0 0 1.89514 0 2.32561 3.00186 0.10566 0 0 -500 0
230 1
1 13 0 0 0 0 1.72251 0 2.45621 3.00186 0.10566 0 0 -500 0
231 1
1 13 0 0 0 0 1.89063 0 2.32927 3.00186 0.10566 0 0 -500 0
232 1
1 13 0 0 0 0 1.79303 0 2.40521 3.00186 0.10566 0 0 -500 0
233 1
1 13 0 0 0 0 1.90175 0 2.32021 3.00186 0.10566 0 0 -500 0
234 1
1 13 0 0 0 0 1.85135 0 2.36062 3.00186 0.10566 0 0 -500 0
235 1
1 13 0 0 0 0 1.76738 0 2.42412 3.00186 0.10566 0 0 -500 0
236 1
1 13 0 0 0 0 1.75754 0 2.43126 3.00186 0.10566 0 0 -500 0
237 1
1 13 0 0 0 0 1.86776 0 2.34766 3.00186 0.10566 0 0 -500 0
238 1
1 13 0 0 0 0 1.83965 0 2.36975 3.00186 0.10566 0 0 -500 0
239 1
1 13 0 0 0 0 1.85116 0 2.36076 3.00186 0.10566 0 0 -500 0
240 1
1 13 0 0 0 0 1.73596 0 2.44672 3.00186 0.10566 0 0 -500 0
241 1
1 13 0 0 0 0 1.76197 0 2.42805 3.00186 0.10566 0 0 -500 0
242 1
1 13 0 0 0 0 1.79658 0 2.40256 3.00186 0.10566 0 0 -500 0
243 1
1 13 0 0 0 0 1.85781 0 2.35554 3.00186 0.10566 0 0 -500 0
244 1
1 13 0 0 0 0 1.84934 0 2.36219 3.00186 0.10566 0 0 -500 0
245 1
1 13 0 0 0 0 1.85781 0 2.35554 3.00186 0.10566 0 0 -500 0
246 1
1 13 0 0 0 0 1.78018 0 2.41474 3.00186 0.10566 0 0 -500 0
247 1
1 13 0 0 0 0 1.78595 0 2.41048 3.00186 0.10566 0 0 -500 0
248 1
1 13 0 0 0 0 1.75889 0 2.43029 3.00186 0.10566 0 0 -500 0
249 1
1 13 0 0 0 0 1.88602 0 2.33301 3.00186 0.10566 0 0 -500 0
250 1
1 13 0 0 0 0 1.86253 0 2.3518 3.00186 0.10566 0 0 -500 0
251 1
1 13 0 0 0 0 1.78141 0 2.41383 3.00186 0.10566 0 0 -500 0
252 1
1 13 0 0 0 0 1.87933 0 2.3384 3.00186 0.10566 0 0 -500 0
253 1
1 13 0 0 0 0 1.78547 0 2.41083 3.00186 0.10566 0 0 -500 0
254 1
1 13 0 0 0 0 1.86967 0 2.34613 3.00186 0.10566 0 0 -500 0
255 1
1 13 0 0 0 0 1.883 0 2.33545 3.00186 0.10566 0 0 -500 0
256 1
1 13 0 0 0 0 1.895 0 2.32572 3.00186 0.10566 0 0 -500 0
257 1
1 13 0 0 0 0 1.80584 0 2.39561 3.00186 0.10566 0 0 -500 0
258 1
1 13 0 0 0 0 1.79404 0 2.40446 3.00186 0.10566 0 0 -500 0
259 1
1 13 0 0 0 0 1.81259 0 2.39051 3.00186 0.10566 0 0 -500 0
260 1
1 13 0 0 0 0 1.92022 0 2.30494 3.00186 0.10566 0 0 -500 0
261 1
1 13 0 0 0 0 1.72323 0 2.45571 3.00186 0.10566 0 0 -500 0
262 1
1 13 0 0 0 0 1.81834 0 2.38614 3.00186 0.10566 0 0 -500 0
263 1
1 13 0 0 0 0 1.7655 0 2.42549 3.00186 0.10566 0 0 -500 0
264 1
1 13 0 0 0 0 1.78429 0 2.4117 3.00186 0.10566 0 0 -500 0
265 1
1 13 0 0 0 0 1.92533 0 2.30068 3.00186 0.10566 0 0 -500 0
266 1
1 13 0 0 0 0 1.78627 0 2.41023 3.00186 0.10566 0 0 -500 0
267 1
1 13 0 0 0 0 1.84016 0 2.36935 3.00186 0.10566 0 0 -500 0
268 1
1 13 0 0 0 0 1.91152 0 2.31216 3.00186 0.10566 0 0 -500 0
269 1
1 13 0 0 0 0 1.86692 0 2.34832 3.00186 0.10566 0 0 -500 0
270 1
1 13 0 0 0 0 1.78142 0 2.41382 3.00186 0.10566 0 0 -500 0
271 1
1 13 0 0 0 0 1.91936 0 2.30566 3.00186 0.10566 0 0 -500 0
272 1
1 13 0 0 0 0 1.89455 0 2.32609 3.00186 0.10566 0 0 -500 0
273 1
1 13 0 0 0 0 1.79089 0 2.40681 3.00186 0.10566 0 0 -500 0
274 1
1 13 0 0 0 0 1.82304 0 2.38255 3.00186 0.10566 0 0 -500 0
275 1
1 13 0 0 0 0 1.75585 0 2.43249 3.00186 0.10566 0 0 -500 0
276 1
1 13 0 0 0 0 1.76249 0 2.42768 3.00186 0.10566 0 0 -500 0
277 1
1 13 0 0 0 0 1.90247 0 2.31961 3.00186 0.10566 0 0 -500 0
278 1
1 13 0 0 0 0 1.86629 0 2.34882 3.00186 0.10566 0 0 -500 0
279 1
1 13 0 0 0 0 1.92167 0 2.30373 3.00186 0.10566 0 0 -500 0
280 1
1 13 0 0 0 0 1.8613 0 2.35278 3.00186 0.10566 0 0 -500 0
281 1
1 13 0 0 0 0 1.87605 0 2.34103 3.00186 0.10566 0 0 -500 0
282 1
1 13 0 0 0 0 1.84738 0 2.36373 3.00186 0.10566 0 0 -500 0
283 1
1 13 0 0 0 0 1.83199 0 2.37567 3.00186 0.10566 0 0 -500 0
284 1
1 13 0 0 0 0 1.79179 0 2.40613 3.00186 0.10566 0 0 -500 0
285 1
1 13 0 0 0 0 1.87318 0 2.34333 3.00186 0.10566 0 0 -500 0
286 1
1 13 0 0 0 0 1.90245 0 2.31963 3.00186 0.10566 0 0 -500 0
287 1
1 13 0 0 0 0 1.74691 0 2.43892 3.00186 0.10566 0 0 -500 0
288 1
1 13 0 0 0 0 1.88928 0 2.33037 3.00186 0.10566 0 0 -500 0
289 1
1 13 0 0 0 0 1.72698 0 2.45306 3.00186 0.10566 0 0 -500 0
290 1
1 13 0 0 0 0 1.89475 0 2.32592 3.00186 0.10566 0 0 -500 0
291 1
1 13 0 0 0 0 1.75963 0 2.42975 3.00186 0.10566 0 0 -500 0
292 1
1 13 0 0 0 0 1.82256 0 2.38291 3.00186 0.10566 0 0 -500 0
293 1
1 13 0 0 0 0 1.734 0 2.44811 3.00186 0.10566 0 0 -500 0
294 1
1 13 0 0 0 0 1.74958 0 2.437 3.00186 0.10566 0 0 -500 0
295 1
1 13 0 0 0 0 1.80657 0 2.39506 3.00186 0.10566 0 0 -500 0
296 1
1 13 0 0 0 0 1.74832 0 2.4379 3.00186 0.10566 0 0 -500 0
297 1
1 13 0 0 0 0 1.72578 0 2.45391 3.00186 0.10566 0 0 -500 0
298 1
1 13 0 0 0 0 1.85293 0 2.35937 3.00186 0.10566 0 0 -500 0
299 1
1 13 0 0 0 0 1.88069 0 2.33731 3.00186 0.10566 0 0 -500 0
300 1
1 13 0 0 0 0 1.80257 0 2.39807 3.00186 0.10566 0 0 -500 0
301 1
1 13 0 0 0 0 1.79721 0 2.40209 3.00186 0.10566 0 0 -500 0
302 1
1 13 0 0 0 0 1.90733 0 2.31562 3.00186 0.10566 0 0 -500 0
303 1
1 13 0 0 0 0 1.83315 0 2.37477 3.00186 0.10566 0 0 -500 0
304 1
1 13 0 0 0 0 1.86757 0 2.34781 3.00186 0.10566 0 0 -500 0
305 1
1 13 0 0 0 0 1.83581 0 2.37272 3.00186 0.10566 0 0 -500 0
306 1
1 13 0 0 0 0 1.90564 0 2.31701 3.00186 0.10566 0 0 -500 0
307 1
1 13 0 0 0 0 1.82001 0 2.38486 3.00186 0.10566 0 0 -500 0
308 1
1 13 0 0 0 0 1.79038 0 2.40719 3.00186 0.10566 0 0 -500 0
309 1
1 13 0 0 0 0 1.90457 0 2.31789 3.00186 0.10566 0 0 -500 0
310 1
1 13 0 0 0 0 1.90827 0 2.31484 3.00186 0.10566 0 0 -500 0
311 1
1 13 0 0 0 0 1.89093 0 2.32903 3.00186 0.10566 0 0 -500 0
312 1
1 13 0 0 0 0 1.88409 0 2.33457 3.00186 0.10566 0 0 -500 0
313 1
1 13 0 0 0 0 1.89954 0 2.32202 3.00186 0.10566 0 0 -500 0
314 1
1 13 0 0 0 0 1.7458 0 2.43971 3.00186 0.10566 0 0 -500 0
315 1
1 13 0 0 0 0 1.88229 0 2.33602 3.00186 0.10566 0 0 -500 0
316 1
1 13 0 0 0 0 1.86252 0 2.35182 3.00186 0.10566 0 0 -500 0
317 1
1 13 0 0 0 0 1.87313 0 2.34337 3.00186 0.10566 0 0 -500 0
318 1
1 13 0 0 0 0 1.80182 0 2.39863 3.00186 0.10566 0 0 -500 0
319 1
1 13 0 0 0 0 1.92093 0 2.30435 3.00186 0.10566 0 0 -500 0
320 1
1 13 0 0 0 0 1.8728 0 2.34363 3.00186 0.10566 0 0 -500 0
321 1
1 13 0 0 0 0 1.89016 0 2.32966 3.00186 0.10566 0 0 -500 0
322 1
1 13 0 0 0 0 1.73253 0 2.44915 3.00186 0.10566 0 0 -500 0
323 1
1 13 0 0 0 0 1.81968 0 2.38511 3.00186 0.10566 0 0 -500 0
324 1
1 13 0 0 0 0 1.88138 0 2.33675 3.00186 0.10566 0 0 -500 0
325 1
1 13 0 0 0 0 1.75246 0 2.43493 3.00186 0.10566 0 0 -500 0
326 1
1 13 0 0 0 0 1.72891 0 2.45171 3.00186 0.10566 0 0 -500 0
327 1
1 13 0 0 0 0 1.76374 0 2.42677 3.00186 0.10566 0 0 -500 0
328 1
1 13 0 0 0 0 1.76607 0 2.42508 3.00186 0.10566 0 0 -500 0
329 1
1 13 0 0 0 0 1.8391 0 2.37017 3.00186 0.10566 0 0 -500 0
330 1
1 13 0 0 0 0 1.7701 0 2.42214 3.00186 0.10566 0 0 -500 0
331 1
1 13 0 0 0 0 1.9253 0 2.3007 3.00186 0.10566 0 0 -500 0
332 1
1 13 0 0 0 0 1.86825 0 2.34726 3.00186 0.10566 0 0 -500 0
333 1
1 13 0 0 0 0 1.79781 0 2.40164 3.00186 0.10566 0 0 -500 0
334 1
1 13 0 0 0 0 1.92403 0 2.30176 3.00186 0.10566 0 0 -500 0
335 1
1 13 0 0 0 0 1.84303 0 2.36711 3.00186 0.10566 0 0 -500 0
336 1
1 13 0 0 0 0 1.74679 0 2.439 3.00186 0.10566 0 0 -500 0
337 1
1 13 0 0 0 0 1.73 0 2.45094 3.00186 0.10566 0 0 -500 0
338 1
1 13 0 0 0 0 1.75268 0 2.43477 3.00186 0.10566 0 0 -500 0
339 1
1 13 0 0 0 0 1.82366 0 2.38207 3.00186 0.10566 0 0 -500 0
340 1
1 13 0 0 0 0 1.80246 0 2.39815 3.00186 0.10566 0 0 -500 0
341 1
1 13 0 0 0 0 1.83474 0 2.37355 3.00186 0.10566 0 0 -500 0
342 1
1 13 0 0 0 0 1.82731 0 2.37927 3.00186 0.10566 0 0 -500 0
343 1
1 13 0 0 0 0 1.78276 0 2.41283 3.00186 0.10566 0 0 -500 0
344 1
1 13 0 0 0 0 1.72292 0 2.45592 3.00186 0.10566 0 0 -500 0
345 1
1 13 0 0 0 0 1.9068 0 2.31606 3.00186 0.10566 0 0 -500 0
346 1
1 13 0 0 0 0 1.80964 0 2.39274 3.00186 0.10566 0 0 -500 0
347 1
1 13 0 0 0 0 1.92422 0 2.3016 3.00186 0.10566 0 0 -500 0
348 1
1 13 0 0 0 0 1.87315 0 2.34335 3.00186 0.10566 0 0 -500 0
349 1
1 13 0 0 0 0 1.76038 0 2.42921 3.00186 0.10566 0 0 -500 0
350 1
1 13 0 0 0 0 1.92453 0 2.30134 3.00186 0.10566 0 0 -500 0
351 1
1 13 0 0 0 0 1.75213 0 2.43517 3.00186 0.10566 0 0 -500 0
352 1
1 13 0 0 0 0 1.92086 0 2.30441 3.00186 0.10566 0 0 -500 0
353 1
1 13 0 0 0 0 1.91944 0 2.30559 3.00186 0.10566 0 0 -500 0
354 1
1 13 0 0 0 0 1.87722 0 2.3401 3.00186 0.10566 0 0 -500 0
355 1
1 13 0 0 0 0 1.92781 0 2.29859 3.00186 0.10566 0 0 -500 0
356 1
1 13 0 0 0 0 1.8496 0 2.36199 3.00186 0.10566 0 0 -500 0
357 1
1 13 0 0 0 0 1.9111 0 2.31251 3.00186 0.10566 0 0 -500 0
358 1
1 13 0 0 0 0 1.7434 0 2.44143 3.00186 0.10566 0 0 -500 0
359 1
1 13 0 0 0 0 1.84938 0 2.36216 3.00186 0.10566 0 0 -500 0
360 1
1 13 0 0 0 0 1.74729 0 2.43865 3.00186 0.10566 0 0 -500 0
361 1
1 13 0 0 0 0 1.79804 0 2.40147 3.00186 0.10566 0 0 -500 0
362 1
1 13 0 0 0 0 1.90848 0 2.31468 3.00186 0.10566 0 0 -500 0
363 1
1 13 0 0 0 0 1.75837 0 2.43066 3.00186 0.10566 0 0 -500 0
364 1
1 13 0 0 0 0 1.7803 0 2.41465 3.00186 0.10566 0 0 -500 0
365 1
1 13 0 0 0 0 1.75775 0 2.43112 3.00186 0.10566 0 0 -500 0
366 1
1 13 0 0 0 0 1.84953 0 2.36204 3.00186 0.10566 0 0 -500 0
367 1
1 13 0 0 0 0 1.72271 0 2.45607 3.00186 0.10566 0 0 -500 0
368 1
1 13 0 0 0 0 1.86034 0 2.35354 3.00186 0.10566 0 0 -500 0
369 1
1 13 0 0 0 0 1.92481 0 2.30111 3.00186 0.10566 0 0 -500 0
370 1
1 13 0 0 0 0 1.89367 0 2.3268 3.00186 0.10566 0 0 -500 0
371 1
1 13 0 0 0 0 1.92354 0 2.30217 3.00186 0.10566 0 0 -500 0
372 1
1 13 0 0 0 0 1.78728 0 2.40949 3.00186 0.10566 0 0 -500 0
373 1
1 13 0 0 0 0 1.79485 0 2.40385 3.00186 0.10566 0 0 -500 0
374 1
1 13 0 0 0 0 1.77967 0 2.41512 3.00186 0.10566 0 0 -500 0
375 1
1 13 0 0 0 0 1.81525 0 2.38848 3.00186 0.10566 0 0 -500 0
376 1
1 13 0 0 0 0 1.8811 0 2.33697 3.00186 0.10566 0 0 -500 0
377 1
1 13 0 0 0 0 1.87465 0 2.34216 3.00186 0.10566 0 0 -500 0
378 1
1 13 0 0 0 0 1.84487 0 2.36569 3.00186 0.10566 0 0 -500 0
379 1
1 13 0 0 0 0 1.76631 0 2.4249 3.00186 0.10566 0 0 -500 0
380 1
1 13 0 0 0 0 1.75328 0 2.43434 3.00186 0.10566 0 0 -500 0
381 1
1 13 0 0 0 0 1.9039 0 2.31844 3.00186 0.10566 0 0 -500 0
382 1
1 13 0 0 0 0 1.74928 0 2.43721 3.00186 0.10566 0 0 -500 0
383 1
1 13 0 0 0 0 1.75425 0 2.43364 3.00186 0.10566 0 0 -500 0
384 1
1 13 0 0 0 0 1.76383 0 2.4267 3.00186 0.10566 0 0 -500 0
385 1
1 13 0 0 0 0 1.88645 0 2.33266 3.00186 0.10566 0 0 -500 0
386 1
1 13 0 0 0 0 1.84024 0 2.36929 3.00186 0.10566 0 0 -500 0
387 1
1 13 0 0 0 0 1.76046 0 2.42915 3.00186 0.10566 0 0 -500 0
388 1
1 13 0 0 0 0 1.81143 0 2.39138 3.00186 0.10566 0 0 -500 0
389 1
1 13 0 0 0 0 1.85217 0 2.35997 3.00186 0.10566 0 0 -500 0
390 1
1 13 0 0 0 0 1.79747 0 2.40189 3.00186 0.10566 0 0 -500 0
391 1
1 13 0 0 0 0 1.80193 0 2.39855 3.00186 0.10566 0 0 -500 0
392 1
1 13 0 0 0 0 1.82918 0 2.37784 3.00186 0.10566 0 0 -500 0
393 1
1 13 0 0 0 0 1.781 0 2.41413 3.00186 0.10566 0 0 -500 0
394 1
1 13 0 0 0 0 1.9133 0 2.31069 3.00186 0.10566 0 0 -500 0
395 1
1 13 0 0 0 0 1.92172 0 2.30369 3.00186 0.10566 0 0 -500 0
396 1
1 13 0 0 0 0 1.86673 0 2.34847 3.00186 0.10566 0 0 -500 0
397 1
1 13 0 0 0 0 1.80868 0 2.39347 3.00186 0.10566 0 0 -500 0
398 1
1 13 0 0 0 0 1.83672 0 2.37202 3.00186 0.10566 0 0 -500 0
399 1
1 13 0 0 0 0 1.74706 0 2.43881 3.00186 0.10566 0 0 -500 0
400 1
1 13 0 0 0 0 1.77615 0 2.4177 3.00186 0.10566 0 0 -500 0
401 1
1 13 0 0 0 0 1.83487 0 2.37345 3.00186 0.10566 0 0 -500 0
402 1
1 13 0 0 0 0 1.75004 0 2.43667 3.00186 0.10566 0 0 -500 0
403 1
1 13 0 0 0 0 1.89439 0 2.32622 3.00186 0.10566 0 0 -500 0
404 1
1 13 0 0 0 0 1.82664 0 2.37979 3.00186 0.10566 0 0 -500 0
405 1
1 13 0 0 0 0 1.86164 0 2.35251 3.00186 0.10566 0 0 -500 0
406 1
1 13 0 0 0 0 1.84733 0 2.36377 3.00186 0.10566 0 0 -500 0
407 1
1 13 0 0 0 0 1.90377 0 2.31855 3.00186 0.10566 0 0 -500 0
408 1
1 13 0 0 0 0 1.84663 0 2.36431 3.00186 0.10566 0 0 -500 0
409 1
1 13 0 0 0 0 1.83013 0 2.3771 3.00186 0.10566 0 0 -500 0
410 1
1 13 0 0 0 0 1.86186 0 2.35233 3.00186 0.10566 0 0 -500 0
411 1
1 13 0 0 0 0 1.83962 0 2.36977 3.00186 0.10566 0 0 -500 0
412 1
1 13 0 0 0 0 1.88977 0 2.32997 3.00186 0.10566 0 0 -500 0
413 1
1 13 0 0 0 0 1.82075 0 2.3843 3.00186 0.10566 0 0 -500 0
414 1
1 13 0 0 0 0 1.77384 0 2.4194 3.00186 0.10566 0 0 -500 0
415 1
1 13 0 0 0 0 1.79604 0 2.40297 3.00186 0.10566 0 0 -500 0
416 1
1 13 0 0 0 0 1.87671 0 2.3405 3.00186 0.10566 0 0 -500 0
417 1
1 13 0 0 0 0 1.83218 0 2.37552 3.00186 0.10566 0 0 -500 0
418 1
1 13 0 0 0 0 1.83637 0 2.37229 3.00186 0.10566 0 0 -500 0
419 1
1 13 0 0 0 0 1.79867 0 2.401 3.00186 0.10566 0 0 -500 0
420 1
1 13 0 0 0 0 1.80547 0 2.39588 3.00186 0.10566 0 0 -500 0
421 1
1 13 0 0 0 0 1.85217 0 2.35997 3.00186 0.10566 0 0 -500 0
422 1
1 13 0 0 0 0 1.87173 0 2.34449 3.00186 0.10566 0 0 -500 0
423 1
1 13 0 0 0 0 1.85402 0 2.35852 3.00186 0.10566 0 0 -500 0
424 1
1 13 0 0 0 0 1.80138 0 2.39897 3.00186 0.10566 0 0 -500 0
425 1
1 13 0 0 0 0 1.76954 0 2.42254 3.00186 0.10566 0 0 -500 0
426 1
1 13 0 0 0 0 1.87983 0 2.338 3.00186 0.10566 0 0 -500 0
427 1
1 13 0 0 0 0 1.75411 0 2.43374 3.00186 0.10566 0 0 -500 0
428 1
1 13 0 0 0 0 1.80365 0 2.39726 3.00186 0.10566 0 0 -500 0
429 1
1 13 0 0 0 0 1.90525 0 2.31733 3.00186 0.10566 0 0 -500 0
430 1
1 13 0 0 0 0 1.85121 0 2.36073 3.00186 0.10566 0 0 -500 0
431 1
1 13 0 0 0 0 1.87698 0 2.34029 3.00186 0.10566 0 0 -500 0
432 1
1 13 0 0 0 0 1.79753 0 2.40185 3.00186 0.10566 0 0 -500 0
433 1
1 13 0 0 0 0 1.91782 0 2.30694 3.00186 0.10566 0 0 -500 0
434 1
1 13 0 0 0 0 1.84828 0 2.36302 3.00186 0.10566 0 0 -500 0
435 1
1 13 0 0 0 0 1.79282 0 2.40537 3.00186 0.10566 0 0 -500 0
436 1
1 13 0 0 0 0 1.79304 0 2.4052 3.00186 0.10566 0 0 -500 0
437 1
1 13 0 0 0 0 1.92073 0 2.30451 3.00186 0.10566 0 0 -500 0
438 1
1 13 0 0 0 0 1.74195 0 2.44246 3.00186 0.10566 0 0 -500 0
439 1
1 13 0 0 0 0 1.91549 0 2.30888 3.00186 0.10566 0 0 -500 0
440 1
1 13 0 0 0 0 1.91403 0 2.31009 3.00186 0.10566 0 0 -500 0
441 1
1 13 0 0 0 0 1.74185 0 2.44253 3.00186 0.10566 0 0 -500 0
442 1
1 13 0 0 0 0 1.89648 0 2.32451 3.00186 0.10566 0 0 -500 0
443 1
1 13 0 0 0 0 1.88651 0 2.33261 3.00186 0.10566 0 0 -500 0
444 1
1 13 0 0 0 0 1.75593 0 2.43243 3.00186 0.10566 0 0 -500 0
445 1
1 13 0 0 0 0 1.86985 0 2.34599 3.00186 0.10566 0 0 -500 0
446 1
1 13 0 0 0 0 1.78778 0 2.40911 3.00186 0.10566 0 0 -500 0
447 1
1 13 0 0 0 0 1.80372 0 2.39721 3.00186 0.10566 0 0 -500 0
448 1
1 13 0 0 0 0 1.77252 0 2.42037 3.00186 0.10566 0 0 -500 0
449 1
1 13 0 0 0 0 1.86017 0 2.35367 3.00186 0.10566 0 0 -500 0
450 1
1 13 0 0 0 0 1.76685 0 2.42451 3.00186 0.10566 0 0 -500 0
451 1
1 13 0 0 0 0 1.72164 0 2.45682 3.00186 0.10566 0 0 -500 0
452 1
1 13 0 0 0 0 1.78407 0 2.41186 3.00186 0.10566 0 0 -500 0
453 1
1 13 0 0 0 0 1.81352 0 2.3898 3.00186 0.10566 0 0 -500 0
454 1
1 13 0 0 0 0 1.72231 0 2.45635 3.00186 0.10566 0 0 -500 0
455 1
1 13 0 0 0 0 1.92681 0 2.29944 3.00186 0.10566 0 0 -500 0
456 1
1 13 0 0 0 0 1.79116 0 2.4066 3.00186 0.10566 0 0 -500 0
457 1
1 13 0 0 0 0 1.92667 0 2.29955 3.00186 0.10566 0 0 -500 0
458 1
1 13 0 0 0 0 1.84849 0 2.36286 3.00186 0.10566 0 0 -500 0
459 1
1 13 0 0 0 0 1.75259 0 2.43483 3.00186 0.10566 0 0 -500 0
460 1
1 13 0 0 0 0 1.92185 0 2.30358 3.00186 0.10566 0 0 -500 0
461 1
1 13 0 0 0 0 1.90448 0 2.31796 3.00186 0.10566 0 0 -500 0
462 1
1 13 0 0 0 0 1.89739 0 2.32377 3.00186 0.10566 0 0 -500 0
463 1
1 13 0 0 0 0 1.84818 0 2.3631 3.00186 0.10566 0 0 -500 0
464 1
1 13 0 0 0 0 1.80521 0 2.39609 3.00186 0.10566 0 0 -500 0
465 1
1 13 0 0 0 0 1.8167 0 2.38739 3.00186 0.10566 0 0 -500 0
466 1
1 13 0 0 0 0 1.91468 0 2.30955 3.00186 0.10566 0 0 -500 0
467 1
1 13 0 0 0 0 1.76678 0 2.42456 3.00186 0.10566 0 0 -500 0
468 1
1 13 0 0 0 0 1.83477 0 2.37353 3.00186 0.10566 0 0 -500 0
469 1
1 13 0 0 0 0 1.85423 0 2.35835 3.00186 0.10566 0 0 -500 0
470 1
1 13 0 0 0 0 1.87968 0 2.33812 3.00186 0.10566 0 0 -500 0
471 1
1 13 0 0 0 0 1.92096 0 2.30433 3.00186 0.10566 0 0 -500 0
472 1
1 13 0 0 0 0 1.86146 0 2.35265 3.00186 0.10566 0 0 -500 0
473 1
1 13 0 0 0 0 1.8449 0 2.36566 3.00186 0.10566 0 0 -500 0
474 1
1 13 0 0 0 0 1.89382 0 2.32668 3.00186 0.10566 0 0 -500 0
475 1
1 13 0 0 0 0 1.90014 0 2.32152 3.00186 0.10566 0 0 -500 0
476 1
1 13 0 0 0 0 1.80708 0 2.39468 3.00186 0.10566 0 0 -500 0
477 1
1 13 0 0 0 0 1.84432 0 2.36611 3.00186 0.10566 0 0 -500 0
478 1
1 13 0 0 0 0 1.77138 0 2.4212 3.00186 0.10566 0 0 -500 0
479 1
1 13 0 0 0 0 1.88848 0 2.33102 3.00186 0.10566 0 0 -500 0
480 1
1 13 0 0 0 0 1.80901 0 2.39321 3.00186 0.10566 0 0 -500 0
481 1
1 13 0 0 0 0 1.83597 0 2.3726 3.00186 0.10566 0 0 -500 0
482 1
1 13 0 0 0 0 1.82579 0 2.38044 3.00186 0.10566 0 0 -500 0
483 1
1 13 0 0 0 0 1.78622 0 2.41027 3.00186 0.10566 0 0 -500 0
484 1
1 13 0 0 0 0 1.91117 0 2.31245 3.00186 0.10566 0 0 -500 0
485 1
1 13 0 0 0 0 1.80807 0 2.39393 3.00186 0.10566 0 0 -500 0
486 1
1 13 0 0 0 0 1.77796 0 2.41637 3.00186 0.10566 0 0 -500 0
487 1
1 13 0 0 0 0 1.85696 0 2.35621 3.00186 0.10566 0 0 -500 0
488 1
1 13 0 0 0 0 1.87018 0 2.34572 3.00186 0.10566 0 0 -500 0
489 1
1 13 0 0 0 0 1.89506 0 2.32567 3.00186 0.10566 0 0 -500 0
490 1
1 13 0 0 0 0 1.88578 0 2.3332 3.00186 0.10566 0 0 -500 0
491 1
1 13 0 0 0 0 1.89825 0 2.32307 3.00186 0.10566 0 0 -500 0
492 1
1 13 0 0 0 0 1.91801 0 2.30678 3.00186 0.10566 0 0 -500 0
493 1
1 13 0 0 0 0 1.82173 0 2.38355 3.00186 0.10566 0 0 -500 0
494 1
1 13 0 0 0 0 1.74964 0 2.43696 3.00186 0.10566 0 0 -500 0
495 1
1 13 0 0 0 0 1.79532 0 2.4035 3.00186 0.10566 0 0 -500 0
496 1
1 13 0 0 0 0 1.91519 0 2.30912 3.00186 0.10566 0 0 -500 0
497 1
1 13 0 0 0 0 1.83747 0 2.37144 3.00186 0.10566 0 0 -500 0
498 1
1 13 0 0 0 0 1.8324 0 2.37535 3.00186 0.10566 0 0 -500 0
499 1
1 13 0 0 0 0 1.74851 0 2.43777 3.00186 0.10566 0 0 -500 0
500 1
1 13 0 0 0 0 1.85845 0 2.35503 3.00186 0.10566 0 0 -500 0
501 1
1 13 0 0 0 0 1.92079 0 2.30447 3.00186 0.10566 0 0 -500 0
502 1
1 13 0 0 0 0 1.77198 0 2.42076 3.00186 0.10566 0 0 -500 0
503 1
1 13 0 0 0 0 1.8186 0 2.38593 3.00186 0.10566 0 0 -500 0
504 1
1 13 0 0 0 0 1.92484 0 2.30108 3.00186 0.10566 0 0 -500 0
505 1
1 13 0 0 0 0 1.80111 0 2.39916 3.00186 0.10566 0 0 -500 0
506 1
1 13 0 0 0 0 1.82832 0 2.37849 3.00186 0.10566 0 0 -500 0
507 1
1 13 0 0 0 0 1.77726 0 2.41689 3.00186 0.10566 0 0 -500 0
508 1
1 13 0 0 0 0 1.78127 0 2.41393 3.00186 0.10566 0 0 -500 0
509 1
1 13 0 0 0 0 1.80653 0 2.39509 3.00186 0.10566 0 0 -500 0
510 1
1 13 0 0 0 0 1.79454 0 2.40409 3.00186 0.10566 0 0 -500 0
511 1
1 13 0 0 0 0 1.81834 0 2.38614 3.00186 0.10566 0 0 -500 0
512 1
1 13 0 0 0 0 1.86265 0 2.35171 3.00186 0.10566 0 0 -500 0
513 1
1 13 0 0 0 0 1.92043 0 2.30477 3.00186 0.10566 0 0 -500 0
514 1
1 13 0 0 0 0 1.79029 0 2.40725 3.00186 0.10566 0 0 -500 0
515 1
1 13 0 0 0 0 1.80972 0 2.39268 3.00186 0.10566 0 0 -500 0
516 1
1 13 0 0 0 0 1.82923 0 2.3778 3.00186 0.10566 0 0 -500 0
517 1
1 13 0 0 0 0 1.81857 0 2.38596 3.00186 0.10566 0 0 -500 0
518 1
1 13 0 0 0 0 1.80853 0 2.39358 3.00186 0.10566 0 0 -500 0
519 1
1 13 0 0 0 0 1.73604 0 2.44666 3.00186 0.10566 0 0 -500 0
520 1
1 13 0 0 0 0 1.86596 0 2.34908 3.00186 0.10566 0 0 -500 0
521 1
1 13 0 0 0 0 1.75872 0 2.43041 3.00186 0.10566 0 0 -500 0
522 1
1 13 0 0 0 0 1.79075 0 2.40691 3.00186 0.10566 0 0 -500 0
523 1
1 13 0 0 0 0 1.77668 0 2.41732 3.00186 0.10566 0 0 -500 0
524 1
1 13 0 0 0 0 1.92283 0 2.30276 3.00186 0.10566 0 0 -500 0
525 1
1 13 0 0 0 0 1.88467 0 2.3341 3.00186 0.10566 0 0 -500 0
526 1
1 13 0 0 0 0 1.79467 0 2.40399 3.00186 0.10566 0 0 -500 0
527 1
1 13 0 0 0 0 1.81924 0 2.38545 3.00186 0.10566 0 0 -500 0
528 1
1 13 0 0 0 0 1.7409 0 2.44321 3.00186 0.10566 0 0 -500 0
529 1
1 13 0 0 0 0 1.82773 0 2.37895 3.00186 0.10566 0 0 -500 0
530 1
1 13 0 0 0 0 1.8009 0 2.39932 3.00186 0.10566 0 0 -500 0
531 1
1 13 0 0 0 0 1.77292 0 2.42007 3.00186 0.10566 0 0 -500 0
532 1
1 13 0 0 0 0 1.74328 0 2.44151 3.00186 0.10566 0 0 -500 0
533 1
1 13 0 0 0 0 1.76202 0 2.42802 3.00186 0.10566 0 0 -500 0
534 1
1 13 0 0 0 0 1.78551 0 2.4108 3.00186 0.10566 0 0 -500 0
535 1
1 13 0 0 0 0 1.76921 0 2.42279 3.00186 0.10566 0 0 -500 0
536 1
1 13 0 0 0 0 1.7925 0 2.40561 3.00186 0.10566 0 0 -500 0
537 1
1 13 0 0 0 0 1.91903 0 2.30593 3.00186 0.10566 0 0 -500 0
538 1
1 13 0 0 0 0 1.87321 0 2.34331 3.00186 0.10566 0 0 -500 0
539 1
1 13 0 0 0 0 1.90836 0 2.31477 3.00186 0.10566 0 0 -500 0
540 1
1 13 0 0 0 0 1.91495 0 2.30932 3.00186 0.10566 0 0 -500 0
541 1
1 13 0 0 0 0 1.8678 0 2.34762 3.00186 0.10566 0 0 -500 0
542 1
1 13 0 0 0 0 1.75242 0 2.43496 3.00186 0.10566 0 0 -500 0
543 1
1 13 0 0 0 0 1.89211 0 2.32807 3.00186 0.10566 0 0 -500 0
544 1
1 13 0 0 0 0 1.75948 0 2.42986 3.00186 0.10566 0 0 -500 0
545 1
1 13 0 0 0 0 1.77031 0 2.42198 3.00186 0.10566 0 0 -500 0
546 1
1 13 0 0 0 0 1.76721 0 2.42424 3.00186 0.10566 0 0 -500 0
547 1
1 13 0 0 0 0 1.88041 0 2.33753 3.00186 0.10566 0 0 -500 0
548 1
1 13 0 0 0 0 1.82371 0 2.38203 3.00186 0.10566 0 0 -500 0
549 1
1 13 0 0 0 0 1.87578 0 2.34125 3.00186 0.10566 0 0 -500 0
550 1
1 13 0 0 0 0 1.92722 0 2.29909 3.00186 0.10566 0 0 -500 0
551 1
1 13 0 0 0 0 1.89014 0 2.32967 3.00186 0.10566 0 0 -500 0
552 1
1 13 0 0 0 0 1.91104 0 2.31256 3.00186 0.10566 0 0 -500 0
553 1
1 13 0 0 0 0 1.73637 0 2.44643 3.00186 0.10566 0 0 -500 0
554 1
1 13 0 0 0 0 1.86792 0 2.34753 3.00186 0.10566 0 0 -500 0
555 1
1 13 0 0 0 0 1.73646 0 2.44637 3.00186 0.10566 0 0 -500 0
556 1
1 13 0 0 0 0 1.73035 0 2.45069 3.00186 0.10566 0 0 -500 0
557 1
1 13 0 0 0 0 1.84005 0 2.36944 3.00186 0.10566 0 0 -500 0
558 1
1 13 0 0 0 0 1.77061 0 2.42176 3.00186 0.10566 0 0 -500 0
559 1
1 13 0 0 0 0 1.86641 0 2.34873 3.00186 0.10566 0 0 -500 0
560 1
1 13 0 0 0 0 1.87313 0 2.34337 3.00186 0.10566 0 0 -500 0
561 1
1 13 0 0 0 0 1.76881 0 2.42308 3.00186 0.10566 0 0 -500 0
562 1
1 13 0 0 0 0 1.91474 0 2.3095 3.00186 0.10566 0 0 -500 0
563 1
1 13 0 0 0 0 1.86388 0 2.35073 3.00186 0.10566 0 0 -500 0
564 1
1 13 0 0 0 0 1.72992 0 2.45099 3.00186 0.10566 0 0 -500 0
565 1
1 13 0 0 0 0 1.923 0 2.30262 3.00186 0.10566 0 0 -500 0
566 1
1 13 0 0 0 0 1.8482 0 2.36309 3.00186 0.10566 0 0 -500 0
567 1
1 13 0 0 0 0 1.80988 0 2.39256 3.00186 0.10566 0 0 -500 0
568 1
1 13 0 0 0 0 1.80328 0 2.39754 3.00186 0.10566 0 0 -500 0
569 1
1 13 0 0 0 0 1.79763 0 2.40178 3.00186 0.10566 0 0 -500 0
570 1
1 13 0 0 0 0 1.87178 0 2.34445 3.00186 0.10566 0 0 -500 0
571 1
1 13 0 0 0 0 1.89236 0 2.32787 3.00186 0.10566 0 0 -500 0
572 1
1 13 0 0 0 0 1.75668 0 2.43189 3.00186 0.10566 0 0 -500 0
573 1
1 13 0 0 0 0 1.79208 0 2.40592 3.00186 0.10566 0 0 -500 0
574 1
1 13 0 0 0 0 1.72168 0 2.45679 3.00186 0.10566 0 0 -500 0
575 1
1 13 0 0 0 0 1.87086 0 2.34519 3.00186 0.10566 0 0 -500 0
576 1
1 13 0 0 0 0 1.90601 0 2.3167 3.00186 0.10566 0 0 -500 0
577 1
1 13 0 0 0 0 1.81218 0 2.39081 3.00186 0.10566 0 0 -500 0
578 1
1 13 0 0 0 0 1.87324 0 2.34328 3.00186 0.10566 0 0 -500 0
579 1
1 13 0 0 0 0 1.79529 0 2.40352 3.00186 0.10566 0 0 -500 0
580 1
1 13 0 0 0 0 1.76801 0 2.42366 3.00186 0.10566 0 0 -500 0
581 1
1 13 0 0 0 0 1.79819 0 2.40136 3.00186 0.10566 0 0 -500 0
582 1
1 13 0 0 0 0 1.78554 0 2.41078 3.00186 0.10566 0 0 -500 0
583 1
1 13 0 0 0 0 1.75805 0 2.43089 3.00186 0.10566 0 0 -500 0
584 1
1 13 0 0 0 0 1.77262 0 2.42029 3.00186 0.10566 0 0 -500 0
585 1
1 13 0 0 0 0 1.73873 0 2.44475 3.00186 0.10566 0 0 -500 0
586 1
1 13 0 0 0 0 1.86954 0 2.34623 3.00186 0.10566 0 0 -500 0
587 1
1 13 0 0 0 0 1.75086 0 2.43608 3.00186 0.10566 0 0 -500 0
588 1
1 13 0 0 0 0 1.89547 0 2.32533 3.00186 0.10566 0 0 -500 0
589 1
1 13 0 0 0 0 1.77931 0 2.41538 3.00186 0.10566 0 0 -500 0
590 1
1 13 0 0 0 0 1.86908 0 2.34661 3.00186 0.10566 0 0 -500 0
591 1
1 13 0 0 0 0 1.89831 0 2.32302 3.00186 0.10566 0 0 -500 0
592 1
1 13 0 0 0 0 1.81402 0 2.38942 3.00186 0.10566 0 0 -500 0
593 1
1 13 0 0 0 0 1.86057 0 2.35335 3.00186 0.10566 0 0 -500 0
594 1
1 13 0 0 0 0 1.85103 0 2.36087 3.00186 0.10566 0 0 -500 0
595 1
1 13 0 0 0 0 1.7656 0 2.42542 3.00186 0.10566 0 0 -500 0
596 1
1 13 0 0 0 0 1.81525 0 2.38849 3.00186 0.10566 0 0 -500 0
597 1
1 13 0 0 0 0 1.74302 0 2.4417 3.00186 0.10566 0 0 -500 0
598 1
1 13 0 0 0 0 1.84481 0 2.36573 3.00186 0.10566 0 0 -500 0
599 1
1 13 0 0 0 0 1.72115 0 2.45716 3.00186 0.10566 0 0 -500 0
600 1
1 13 0 0 0 0 1.91139 0 2.31227 3.00186 0.10566 0 0 -500 0
601 1
1 13 0 0 0 0 1.73662 0 2.44626 3.00186 0.10566 0 0 -500 0
602 1
1 13 0 0 0 0 1.73871 0 2.44477 3.00186 0.10566 0 0 -500 0
603 1
1 13 0 0 0 0 1.84738 0 2.36373 3.00186 0.10566 0 0 -500 0
604 1
1 13 0 0 0 0 1.79341 0 2.40493 3.00186 0.10566 0 0 -500 0
605 1
1 13 0 0 0 0 1.85691 0 2.35624 3.00186 0.10566 0 0 -500 0
606 1
1 13 0 0 0 0 1.76755 0 2.424 3.00186 0.10566 0 0 -500 0
607 1
1 13 0 0 0 0 1.76645 0 2.4248 3.00186 0.10566 0 0 -500 0
608 1
1 13 0 0 0 0 1.73875 0 2.44474 3.00186 0.10566 0 0 -500 0
609 1
1 13 0 0 0 0 1.81131 0 2.39147 3.00186 0.10566 0 0 -500 0
610 1
1 13 0 0 0 0 1.90777 0 2.31526 3.00186 0.10566 0 0 -500 0
611 1
1 13 0 0 0 0 1.88713 0 2.33211 3.00186 0.10566 0 0 -500 0
612 1
1 13 0 0 0 0 1.80316 0 2.39763 3.00186 0.10566 0 0 -500 0
613 1
1 13 0 0 0 0 1.73225 0 2.44935 3.00186 0.10566 0 0 -500 0
614 1
1 13 0 0 0 0 1.75085 0 2.43609 3.00186 0.10566 0 0 -500 0
615 1
1 13 0 0 0 0 1.82212 0 2.38325 3.00186 0.10566 0 0 -500 0
616 1
1 13 0 0 0 0 1.86445 0 2.35028 3.00186 0.10566 0 0 -500 0
617 1
1 13 0 0 0 0 1.83485 0 2.37346 3.00186 0.10566 0 0 -500 0
618 1
1 13 0 0 0 0 1.83695 0 2.37184 3.00186 0.10566 0 0 -500 0
619 1
1 13 0 0 0 0 1.85249 0 2.35972 3.00186 0.10566 0 0 -500 0
620 1
1 13 0 0 0 0 1.88914 0 2.33049 3.00186 0.10566 0 0 -500 0
621 1
1 13 0 0 0 0 1.75024 0 2.43653 3.00186 0.10566 0 0 -500 0
622 1
1 13 0 0 0 0 1.74966 0 2.43694 3.00186 0.10566 0 0 -500 0
623 1
1 13 0 0 0 0 1.78161 0 2.41368 3.00186 0.10566 0 0 -500 0
624 1
1 13 0 0 0 0 1.80384 0 2.39712 3.00186 0.10566 0 0 -500 0
625 1
1 13 0 0 0 0 1.7365 0 2.44634 3.00186 0.10566 0 0 -500 0
626 1
1 13 0 0 0 0 1.90548 0 2.31714 3.00186 0.10566 0 0 -500 0
627 1
1 13 0 0 0 0 1.88263 0 2.33574 3.00186 0.10566 0 0 -500 0
628 1
1 13 0 0 0 0 1.84167 0 2.36818 3.00186 0.10566 0 0 -500 0
629 1
1 13 0 0 0 0 1.78101 0 2.41413 3.00186 0.10566 0 0 -500 0
630 1
1 13 0 0 0 0 1.73002 0 2.45093 3.00186 0.10566 0 0 -500 0
631 1
1 13 0 0 0 0 1.80748 0 2.39437 3.00186 0.10566 0 0 -500 0
632 1
1 13 0 0 0 0 1.89417 0 2.3264 3.00186 0.10566 0 0 -500 0
633 1
1 13 0 0 0 0 1.73659 0 2.44627 3.00186 0.10566 0 0 -500 0
634 1
1 13 0 0 0 0 1.90126 0 2.32061 3.00186 0.10566 0 0 -500 0
635 1
1 13 0 0 0 0 1.7454 0 2.44 3.00186 0.10566 0 0 -500 0
636 1
1 13 0 0 0 0 1.72528 0 2.45427 3.00186 0.10566 0 0 -500 0
637 1
1 13 0 0 0 0 1.89426 0 2.32633 3.00186 0.10566 0 0 -500 0
638 1
1 13 0 0 0 0 1.77359 0 2.41958 3.00186 0.10566 0 0 -500 0
639 1
1 13 0 0 0 0 1.80705 0 2.3947 3.00186 0.10566 0 0 -500 0
640 1
1 13 0 0 0 0 1.88379 0 2.33481 3.00186 0.10566 0 0 -500 0
641 1
1 13 0 0 0 0 1.85538 0 2.35745 3.00186 0.10566 0 0 -500 0
642 1
1 13 0 0 0 0 1.75674 0 2.43185 3.00186 0.10566 0 0 -500 0
643 1
1 13 0 0 0 0 1.89121 0 2.32881 3.00186 0.10566 0 0 -500 0
644 1
1 13 0 0 0 0 1.82954 0 2.37756 3.00186 0.10566 0 0 -500 0
645 1
1 13 0 0 0 0 1.83003 0 2.37718 3.00186 0.10566 0 0 -500 0
646 1
1 13 0 0 0 0 1.73489 0 2.44748 3.00186 0.10566 0 0 -500 0
647 1
1 13 0 0 0 0 1.75793 0 2.43099 3.00186 0.10566 0 0 -500 0
648 1
1 13 0 0 0 0 1.82182 0 2.38348 3.00186 0.10566 0 0 -500 0
649 1
1 13 0 0 0 0 1.78925 0 2.40802 3.00186 0.10566 0 0 -500 0
650 1
1 13 0 0 0 0 1.7336 0 2.44839 3.00186 0.10566 0 0 -500 0
651 1
1 13 0 0 0 0 1.91234 0 2.31148 3.00186 0.10566 0 0 -500 0
652 1
1 13 0 0 0 0 1.72576 0 2.45393 3.00186 0.10566 0 0 -500 0
653 1
1 13 0 0 0 0 1.78472 0 2.41138 3.00186 0.10566 0 0 -500 0
654 1
1 13 0 0 0 0 1.77316 0 2.4199 3.00186 0.10566 0 0 -500 0
655 1
1 13 0 0 0 0 1.90257 0 2.31953 3.00186 0.10566 0 0 -500 0
656 1
1 13 0 0 0 0 1.78177 0 2.41357 3.00186 0.10566 0 0 -500 0
657 1
1 13 0 0 0 0 1.91759 0 2.30713 3.00186 0.10566 0 0 -500 0
658 1
1 13 0 0 0 0 1.86236 0 2.35194 3.00186 0.10566 0 0 -500 0
659 1
1 13 0 0 0 0 1.83325 0 2.3747 3.00186 0.10566 0 0 -500 0
660 1
1 13 0 0 0 0 1.75879 0 2.43036 3.00186 0.10566 0 0 -500 0
661 1
1 13 0 0 0 0 1.90016 0 2.32151 3.00186 0.10566 0 0 -500 0
662 1
1 13 0 0 0 0 1.87773 0 2.33968 3.00186 0.10566 0 0 -500 0
663 1
1 13 0 0 0 0 1.9106 0 2.31292 3.00186 0.10566 0 0 -500 0
664 1
1 13 0 0 0 0 1.72456 0 2.45477 3.00186 0.10566 0 0 -500 0
665 1
1 13 0 0 0 0 1.86029 0 2.35358 3.00186 0.10566 0 0 -500 0
666 1
1 13 0 0 0 0 1.89676 0 2.32428 3.00186 0.10566 0 0 -500 0
667 1
1 13 0 0 0 0 1.861 0 2.35302 3.00186 0.10566 0 0 -500 0
668 1
1 13 0 0 0 0 1.75799 0 2.43094 3.00186 0.10566 0 0 -500 0
669 1
1 13 0 0 0 0 1.8659 0 2.34913 3.00186 0.10566 0 0 -500 0
670 1
1 13 0 0 0 0 1.89874 0 2.32267 3.00186 0.10566 0 0 -500 0
671 1
1 13 0 0 0 0 1.76411 0 2.4265 3.00186 0.10566 0 0 -500 0
672 1
1 13 0 0 0 0 1.78156 0 2.41372 3.00186 0.10566 0 0 -500 0
673 1
1 13 0 0 0 0 1.91211 0 2.31168 3.00186 0.10566 0 0 -500 0
674 1
1 13 0 0 0 0 1.91967 0 2.3054 3.00186 0.10566 0 0 -500 0
675 1
1 13 0 0 0 0 1.86496 0 2.34988 3.00186 0.10566 0 0 -500 0
676 1
1 13 0 0 0 0 1.82276 0 2.38276 3.00186 0.10566 0 0 -500 0
677 1
1 13 0 0 0 0 1.76621 0 2.42498 3.00186 0.10566 0 0 -500 0
678 1
1 13 0 0 0 0 1.74777 0 2.4383 3.00186 0.10566 0 0 -500 0
679 1
1 13 0 0 0 0 1.88633 0 2.33276 3.00186 0.10566 0 0 -500 0
680 1
1 13 0 0 0 0 1.79521 0 2.40358 3.00186 0.10566 0 0 -500 0
681 1
1 13 0 0 0 0 1.85026 0 2.36147 3.00186 0.10566 0 0 -500 0
682 1
1 13 0 0 0 0 1.84336 0 2.36686 3.00186 0.10566 0 0 -500 0
683 1
1 13 0 0 0 0 1.83649 0 2.3722 3.00186 0.10566 0 0 -500 0
684 1
1 13 0 0 0 0 1.79227 0 2.40578 3.00186 0.10566 0 0 -500 0
685 1
1 13 0 0 0 0 1.82078 0 2.38427 3.00186 0.10566 0 0 -500 0
686 1
1 13 0 0 0 0 1.825 0 2.38105 3.00186 0.10566 0 0 -500 0
687 1
1 13 0 0 0 0 1.79763 0 2.40178 3.00186 0.10566 0 0 -500 0
688 1
1 13 0 0 0 0 1.72769 0 2.45257 3.00186 0.10566 0 0 -500 0
689 1
1 13 0 0 0 0 1.90869 0 2.3145 3.00186 0.10566 0 0 -500 0
690 1
1 13 0 0 0 0 1.72762 0 2.45262 3.00186 0.10566 0 0 -500 0
691 1
1 13 0 0 0 0 1.92637 0 2.2998 3.00186 0.10566 0 0 -500 0
692 1
1 13 0 0 0 0 1.8728 0 2.34364 3.00186 0.10566 0 0 -500 0
693 1
1 13 0 0 0 0 1.78688 0 2.40979 3.00186 0.10566 0 0 -500 0
694 1
1 13 0 0 0 0 1.79176 0 2.40616 3.00186 0.10566 0 0 -500 0
695 1
1 13 0 0 0 0 1.88573 0 2.33324 3.00186 0.10566 0 0 -500 0
696 1
1 13 0 0 0 0 1.85651 0 2.35656 3.00186 0.10566 0 0 -500 0
697 1
1 13 0 0 0 0 1.75351 0 2.43418 3.00186 0.10566 0 0 -500 0
698 1
1 13 0 0 0 0 1.78629 0 2.41022 3.00186 0.10566 0 0 -500 0
699 1
1 13 0 0 0 0 1.82953 0 2.37757 3.00186 0.10566 0 0 -500 0
700 1
1 13 0 0 0 0 1.85927 0 2.35438 3.00186 0.10566 0 0 -500 0
701 1
1 13 0 0 0 0 1.90121 0 2.32065 3.00186 0.10566 0 0 -500 0
702 1
1 13 0 0 0 0 1.81401 0 2.38943 3.00186 0.10566 0 0 -500 0
703 1
1 13 0 0 0 0 1.9033 0 2.31893 3.00186 0.10566 0 0 -500 0
704 1
1 13 0 0 0 0 1.77978 0 2.41503 3.00186 0.10566 0 0 -500 0
705 1
1 13 0 0 0 0 1.75329 0 2.43433 3.00186 0.10566 0 0 -500 0
706 1
1 13 0 0 0 0 1.9244 0 2.30146 3.00186 0.10566 0 0 -500 0
707 1
1 13 0 0 0 0 1.86184 0 2.35235 3.00186 0.10566 0 0 -500 0
708 1
1 13 0 0 0 0 1.81026 0 2.39227 3.00186 0.10566 0 0 -500 0
709 1
1 13 0 0 0 0 1.77167 0 2.42099 3.00186 0.10566 0 0 -500 0
710 1
1 13 0 0 0 0 1.78344 0 2.41233 3.00186 0.10566 0 0 -500 0
711 1
1 13 0 0 0 0 1.80362 0 2.39728 3.00186 0.10566 0 0 -500 0
712 1
1 13 0 0 0 0 1.75494 0 2.43314 3.00186 0.10566 0 0 -500 0
713 1
1 13 0 0 0 0 1.91095 0 2.31263 3.00186 0.10566 0 0 -500 0
714 1
1 13 0 0 0 0 1.75431 0 2.4336 3.00186 0.10566 0 0 -500 0
715 1
1 13 0 0 0 0 1.75722 0 2.4315 3.00186 0.10566 0 0 -500 0
716 1
1 13 0 0 0 0 1.86156 0 2.35257 3.00186 0.10566 0 0 -500 0
717 1
1 13 0 0 0 0 1.81894 0 2.38568 3.00186 0.10566 0 0 -500 0
718 1
1 13 0 0 0 0 1.90114 0 2.32071 3.00186 0.10566 0 0 -500 0
719 1
1 13 0 0 0 0 1.76793 0 2.42372 3.00186 0.10566 0 0 -500 0
720 1
1 13 0 0 0 0 1.81327 0 2.38999 3.00186 0.10566 0 0 -500 0
721 1
1 13 0 0 0 0 1.76537 0 2.42558 3.00186 0.10566 0 0 -500 0
722 1
1 13 0 0 0 0 1.79701 0 2.40224 3.00186 0.10566 0 0 -500 0
723 1
1 13 0 0 0 0 1.73209 0 2.44946 3.00186 0.10566 0 0 -500 0
724 1
1 13 0 0 0 0 1.85529 0 2.35752 3.00186 0.10566 0 0 -500 0
725 1
1 13 0 0 0 0 1.87947 0 2.33828 3.00186 0.10566 0 0 -500 0
726 1
1 13 0 0 0 0 1.82245 0 2.383 3.00186 0.10566 0 0 -500 0
727 1
1 13 0 0 0 0 1.81387 0 2.38953 3.00186 0.10566 0 0 -500 0
728 1
1 13 0 0 0 0 1.74379 0 2.44115 3.00186 0.10566 0 0 -500 0
729 1
1 13 0 0 0 0 1.84592 0 2.36486 3.00186 0.10566 0 0 -500 0
730 1
1 13 0 0 0 0 1.79763 0 2.40178 3.00186 0.10566 0 0 -500 0
731 1
1 13 0 0 0 0 1.79685 0 2.40236 3.00186 0.10566 0 0 -500 0
732 1
1 13 0 0 0 0 1.87238 0 2.34397 3.00186 0.10566 0 0 -500 0
733 1
1 13 0 0 0 0 1.83376 0 2.3743 3.00186 0.10566 0 0 -500 0
734 1
1 13 0 0 0 0 1.76471 0 2.42607 3.00186 0.10566 0 0 -500 0
735 1
1 13 0 0 0 0 1.84058 0 2.36902 3.00186 0.10566 0 0 -500 0
736 1
1 13 0 0 0 0 1.7475 0 2.43849 3.00186 0.10566 0 0 -500 0
737 1
1 13 0 0 0 0 1.87549 0 2.34148 3.00186 0.10566 0 0 -500 0
738 1
1 13 0 0 0 0 1.73199 0 2.44953 3.00186 0.10566 0 0 -500 0
739 1
1 13 0 0 0 0 1.89764 0 2.32357 3.00186 0.10566 0 0 -500 0
740 1
1 13 0 0 0 0 1.87573 0 2.34129 3.00186 0.10566 0 0 -500 0
741 1
1 13 0 0 0 0 1.92168 0 2.30372 3.00186 0.10566 0 0 -500 0
742 1
1 13 0 0 0 0 1.91443 0 2.30975 3.00186 0.10566 0 0 -500 0
743 1
1 13 0 0 0 0 1.79148 0 2.40636 3.00186 0.10566 0 0 -500 0
744 1
1 13 0 0 0 0 1.78248 0 2.41304 3.00186 0.10566 0 0 -500 0
745 1
1 13 0 0 0 0 1.88482 0 2.33398 3.00186 0.10566 0 0 -500 0
746 1
1 13 0 0 0 0 1.74771 0 2.43834 3.00186 0.10566 0 0 -500 0
747 1
1 13 0 0 0 0 1.84161 0 2.36822 3.00186 0.10566 0 0 -500 0
748 1
1 13 0 0 0 0 1.90781 0 2.31523 3.00186 0.10566 0 0 -500 0
749 1
1 13 0 0 0 0 1.84255 0 2.36749 3.00186 0.10566 0 0 -500 0
750 1
1 13 0 0 0 0 1.86782 0 2.34761 3.00186 0.10566 0 0 -500 0
751 1
1 13 0 0 0 0 1.85325 0 2.35912 3.00186 0.10566 0 0 -500 0
752 1
1 13 0 0 0 0 1.90714 0 2.31577 3.00186 0.10566 0 0 -500 0
753 1
1 13 0 0 0 0 1.81155 0 2.39129 3.00186 0.10566 0 0 -500 0
754 1
1 13 0 0 0 0 1.84461 0 2.36589 3.00186 0.10566 0 0 -500 0
755 1
1 13 0 0 0 0 1.76755 0 2.424 3.00186 0.10566 0 0 -500 0
756 1
1 13 0 0 0 0 1.87585 0 2.3412 3.00186 0.10566 0 0 -500 0
757 1
1 13 0 0 0 0 1.90754 0 2.31544 3.00186 0.10566 0 0 -500 0
758 1
1 13 0 0 0 0 1.79834 0 2.40124 3.00186 0.10566 0 0 -500 0
759 1
1 13 0 0 0 0 1.82848 0 2.37837 3.00186 0.10566 0 0 -500 0
760 1
1 13 0 0 0 0 1.8585 0 2.35499 3.00186 0.10566 0 0 -500 0
761 1
1 13 0 0 0 0 1.86229 0 2.35199 3.00186 0.10566 0 0 -500 0
762 1
1 13 0 0 0 0 1.85761 0 2.35569 3.00186 0.10566 0 0 -500 0
763 1
1 13 0 0 0 0 1.75541 0 2.4328 3.00186 0.10566 0 0 -500 0
764 1
1 13 0 0 0 0 1.74306 0 2.44167 3.00186 0.10566 0 0 -500 0
765 1
1 13 0 0 0 0 1.79026 0 2.40728 3.00186 0.10566 0 0 -500 0
766 1
1 13 0 0 0 0 1.84856 0 2.3628 3.00186 0.10566 0 0 -500 0
767 1
1 13 0 0 0 0 1.74936 0 2.43716 3.00186 0.10566 0 0 -500 0
768 1
1 13 0 0 0 0 1.85212 0 2.36001 3.00186 0.10566 0 0 -500 0
769 1
1 13 0 0 0 0 1.76245 0 2.42771 3.00186 0.10566 0 0 -500 0
770 1
1 13 0 0 0 0 1.84064 0 2.36898 3.00186 0.10566 0 0 -500 0
771 1
1 13 0 0 0 0 1.87002 0 2.34585 3.00186 0.10566 0 0 -500 0
772 1
1 13 0 0 0 0 1.82108 0 2.38405 3.00186 0.10566 0 0 -500 0
773 1
1 13 0 0 0 0 1.79885 0 2.40086 3.00186 0.10566 0 0 -500 0
774 1
1 13 0 0 0 0 1.86058 0 2.35335 3.00186 0.10566 0 0 -500 0
775 1
1 13 0 0 0 0 1.92383 0 2.30193 3.00186 0.10566 0 0 -500 0
776 1
1 13 0 0 0 0 1.8487 0 2.36269 3.00186 0.10566 0 0 -500 0
777 1
1 13 0 0 0 0 1.90911 0 2.31416 3.00186 0.10566 0 0 -500 0
778 1
1 13 0 0 0 0 1.80757 0 2.3943 3.00186 0.10566 0 0 -500 0
779 1
1 13 0 0 0 0 1.86883 0 2.3468 3.00186 0.10566 0 0 -500 0
780 1
1 13 0 0 0 0 1.82209 0 2.38327 3.00186 0.10566 0 0 -500 0
781 1
1 13 0 0 0 0 1.88788 0 2.3315 3.00186 0.10566 0 0 -500 0
782 1
1 13 0 0 0 0 1.77634 0 2.41756 3.00186 0.10566 0 0 -500 0
783 1
1 13 0 0 0 0 1.84282 0 2.36728 3.00186 0.10566 0 0 -500 0
784 1
1 13 0 0 0 0 1.82857 0 2.3783 3.00186 0.10566 0 0 -500 0
785 1
1 13 0 0 0 0 1.74411 0 2.44091 3.00186 0.10566 0 0 -500 0
786 1
1 13 0 0 0 0 1.83421 0 2.37396 3.00186 0.10566 0 0 -500 0
787 1
1 13 0 0 0 0 1.89094 0 2.32903 3.00186 0.10566 0 0 -500 0
788 1
1 13 0 0 0 0 1.74765 0 2.43839 3.00186 0.10566 0 0 -500 0
789 1
1 13 0 0 0 0 1.83138 0 2.37614 3.00186 0.10566 0 0 -500 0
790 1
1 13 0 0 0 0 1.78769 0 2.40918 3.00186 0.10566 0 0 -500 0
791 1
1 13 0 0 0 0 1.78096 0 2.41416 3.00186 0.10566 0 0 -500 0
792 1
1 13 0 0 0 0 1.90468 0 2.3178 3.00186 0.10566 0 0 -500 0
793 1
1 13 0 0 0 0 1.88114 0 2.33694 3.00186 0.10566 0 0 -500 0
794 1
1 13 0 0 0 0 1.74437 0 2.44073 3.00186 0.10566 0 0 -500 0
795 1
1 13 0 0 0 0 1.91858 0 2.3063 3.00186 0.10566 0 0 -500 0
796 1
1 13 0 0 0 0 1.80192 0 2.39856 3.00186 0.10566 0 0 -500 0
797 1
1 13 0 0 0 0 1.83463 0 2.37363 3.00186 0.10566 0 0 -500 0
798 1
1 13 0 0 0 0 1.7852 0 2.41103 3.00186 0.10566 0 0 -500 0
799 1
1 13 0 0 0 0 1.9266 0 2.29961 3.00186 0.10566 0 0 -500 0
800 1
1 13 0 0 0 0 1.9283 0 2.29819 3.00186 0.10566 0 0 -500 0
801 1
1 13 0 0 0 0 1.84227 0 2.36771 3.00186 0.10566 0 0 -500 0
802 1
1 13 0 0 0 0 1.89072 0 2.3292 3.00186 0.10566 0 0 -500 0
803 1
1 13 0 0 0 0 1.9026 0 2.31951 3.00186 0.10566 0 0 -500 0
804 1
1 13 0 0 0 0 1.8598 0 2.35396 3.00186 0.10566 0 0 -500 0
805 1
1 13 0 0 0 0 1.91018 0 2.31327 3.00186 0.10566 0 0 -500 0
806 1
1 13 0 0 0 0 1.7993 0 2.40053 3.00186 0.10566 0 0 -500 0
807 1
1 13 0 0 0 0 1.87374 0 2.34288 3.00186 0.10566 0 0 -500 0
808 1
1 13 0 0 0 0 1.88521 0 2.33367 3.00186 0.10566 0 0 -500 0
809 1
1 13 0 0 0 0 1.81045 0 2.39212 3.00186 0.10566 0 0 -500 0
810 1
1 13 0 0 0 0 1.84732 0 2.36377 3.00186 0.10566 0 0 -500 0
811 1
1 13 0 0 0 0 1.7723 0 2.42053 3.00186 0.10566 0 0 -500 0
812 1
1 13 0 0 0 0 1.90673 0 2.31611 3.00186 0.10566 0 0 -500 0
813 1
1 13 0 0 0 0 1.80484 0 2.39636 3.00186 0.10566 0 0 -500 0
814 1
1 13 0 0 0 0 1.83623 0 2.3724 3.00186 0.10566 0 0 -500 0
815 1
1 13 0 0 0 0 1.80597 0 2.39551 3.00186 0.10566 0 0 -500 0
816 1
1 13 0 0 0 0 1.81546 0 2.38833 3.00186 0.10566 0 0 -500 0
817 1
1 13 0 0 0 0 1.8747 0 2.34212 3.00186 0.10566 0 0 -500 0
818 1
1 13 0 0 0 0 1.91206 0 2.31172 3.00186 0.10566 0 0 -500 0
819 1
1 13 0 0 0 0 1.83166 0 2.37593 3.00186 0.10566 0 0 -500 0
820 1
1 13 0 0 0 0 1.81767 0 2.38665 3.00186 0.10566 0 0 -500 0
821 1
1 13 0 0 0 0 1.72162 0 2.45683 3.00186 0.10566 0 0 -500 0
822 1
1 13 0 0 0 0 1.88676 0 2.33241 3.00186 0.10566 0 0 -500 0
823 1
1 13 0 0 0 0 1.72164 0 2.45682 3.00186 0.10566 0 0 -500 0
824 1
1 13 0 0 0 0 1.79399 0 2.4045 3.00186 0.10566 0 0 -500 0
825 1
1 13 0 0 0 0 1.7767 0 2.4173 3.00186 0.10566 0 0 -500 0
826 1
1 13 0 0 0 0 1.72933 0 2.45141 3.00186 0.10566 0 0 -500 0
827 1
1 13 0 0 0 0 1.80807 0 2.39392 3.00186 0.10566 0 0 -500 0
828 1
1 13 0 0 0 0 1.74757 0 2.43844 3.00186 0.10566 0 0 -500 0
829 1
1 13 0 0 0 0 1.92758 0 2.29879 3.00186 0.10566 0 0 -500 0
830 1
1 13 0 0 0 0 1.83774 0 2.37123 3.00186 0.10566 0 0 -500 0
831 1
1 13 0 0 0 0 1.77018 0 2.42208 3.00186 0.10566 0 0 -500 0
832 1
1 13 0 0 0 0 1.78541 0 2.41088 3.00186 0.10566 0 0 -500 0
833 1
1 13 0 0 0 0 1.73142 0 2.44994 3.00186 0.10566 0 0 -500 0
834 1
1 13 0 0 0 0 1.74325 0 2.44153 3.00186 0.10566 0 0 -500 0
835 1
1 13 0 0 0 0 1.82718 0 2.37938 3.00186 0.10566 0 0 -500 0
836 1
1 13 0 0 0 0 1.76115 0 2.42865 3.00186 0.10566 0 0 -500 0
837 1
1 13 0 0 0 0 1.77048 0 2.42186 3.00186 0.10566 0 0 -500 0
838 1
1 13 0 0 0 0 1.8266 0 2.37982 3.00186 0.10566 0 0 -500 0
839 1
1 13 0 0 0 0 1.90687 0 2.316 3.00186 0.10566 0 0 -500 0
840 1
1 13 0 0 0 0 1.85138 0 2.36059 3.00186 0.10566 0 0 -500 0
841 1
1 13 0 0 0 0 1.89294 0 2.32739 3.00186 0.10566 0 0 -500 0
842 1
1 13 0 0 0 0 1.86257 0 2.35177 3.00186 0.10566 0 0 -500 0
843 1
1 13 0 0 0 0 1.79934 0 2.40049 3.00186 0.10566 0 0 -500 0
844 1
1 13 0 0 0 0 1.87788 0 2.33956 3.00186 0.10566 0 0 -500 0
845 1
1 13 0 0 0 0 1.74009 0 2.44379 3.00186 0.10566 0 0 -500 0
846 1
1 13 0 0 0 0 1.75665 0 2.43191 3.00186 0.10566 0 0 -500 0
847 1
1 13 0 0 0 0 1.72906 0 2.4516 3.00186 0.10566 0 0 -500 0
848 1
1 13 0 0 0 0 1.824 0 2.38181 3.00186 0.10566 0 0 -500 0
849 1
1 13 0 0 0 0 1.79462 0 2.40403 3.00186 0.10566 0 0 -500 0
850 1
1 13 0 0 0 0 1.78991 0 2.40753 3.00186 0.10566 0 0 -500 0
851 1
1 13 0 0 0 0 1.72248 0 2.45623 3.00186 0.10566 0 0 -500 0
852 1
1 13 0 0 0 0 1.87333 0 2.34321 3.00186 0.10566 0 0 -500 0
853 1
1 13 0 0 0 0 1.87915 0 2.33855 3.00186 0.10566 0 0 -500 0
854 1
1 13 0 0 0 0 1.82193 0 2.38339 3.00186 0.10566 0 0 -500 0
855 1
1 13 0 0 0 0 1.7256 0 2.45404 3.00186 0.10566 0 0 -500 0
856 1
1 13 0 0 0 0 1.86679 0 2.34843 3.00186 0.10566 0 0 -500 0
857 1
1 13 0 0 0 0 1.75777 0 2.4311 3.00186 0.10566 0 0 -500 0
858 1
1 13 0 0 0 0 1.89216 0 2.32803 3.00186 0.10566 0 0 -500 0
859 1
1 13 0 0 0 0 1.88851 0 2.331 3.00186 0.10566 0 0 -500 0
860 1
1 13 0 0 0 0 1.76998 0 2.42223 3.00186 0.10566 0 0 -500 0
861 1
1 13 0 0 0 0 1.91071 0 2.31283 3.00186 0.10566 0 0 -500 0
862 1
1 13 0 0 0 0 1.73978 0 2.44401 3.00186 0.10566 0 0 -500 0
863 1
1 13 0 0 0 0 1.91693 0 2.30768 3.00186 0.10566 0 0 -500 0
864 1
1 13 0 0 0 0 1.90215 0 2.31987 3.00186 0.10566 0 0 -500 0
865 1
1 13 0 0 0 0 1.9106 0 2.31292 3.00186 0.10566 0 0 -500 0
866 1
1 13 0 0 0 0 1.87631 0 2.34082 3.00186 0.10566 0 0 -500 0
867 1
1 13 0 0 0 0 1.7243 0 2.45496 3.00186 0.10566 0 0 -500 0
868 1
1 13 0 0 0 0 1.90448 0 2.31796 3.00186 0.10566 0 0 -500 0
869 1
1 13 0 0 0 0 1.84214 0 2.36781 3.00186 0.10566 0 0 -500 0
870 1
1 13 0 0 0 0 1.90465 0 2.31782 3.00186 0.10566 0 0 -500 0
871 1
1 13 0 0 0 0 1.86187 0 2.35233 3.00186 0.10566 0 0 -500 0
872 1
1 13 0 0 0 0 1.85598 0 2.35698 3.00186 0.10566 0 0 -500 0
873 1
1 13 0 0 0 0 1.81942 0 2.38531 3.00186 0.10566 0 0 -500 0
874 1
1 13 0 0 0 0 1.75753 0 2.43127 3.00186 0.10566 0 0 -500 0
875 1
1 13 0 0 0 0 1.90049 0 2.32124 3.00186 0.10566 0 0 -500 0
876 1
1 13 0 0 0 0 1.78802 0 2.40894 3.00186 0.10566 0 0 -500 0
877 1
1 13 0 0 0 0 1.77592 0 2.41787 3.00186 0.10566 0 0 -500 0
878 1
1 13 0 0 0 0 1.76283 0 2.42743 3.00186 0.10566 0 0 -500 0
879 1
1 13 0 0 0 0 1.73959 0 2.44414 3.00186 0.10566 0 0 -500 0
880 1
1 13 0 0 0 0 1.81658 0 2.38748 3.00186 0.10566 0 0 -500 0
881 1
1 13 0 0 0 0 1.81791 0 2.38646 3.00186 0.10566 0 0 -500 0
882 1
1 13 0 0 0 0 1.74707 0 2.4388 3.00186 0.10566 0 0 -500 0
883 1
1 13 0 0 0 0 1.72108 0 2.45721 3.00186 0.10566 0 0 -500 0
884 1
1 13 0 0 0 0 1.7613 0 2.42854 3.00186 0.10566 0 0 -500 0
885 1
1 13 0 0 0 0 1.90983 0 2.31356 3.00186 0.10566 0 0 -500 0
886 1
1 13 0 0 0 0 1.9111 0 2.31251 3.00186 0.10566 0 0 -500 0
887 1
1 13 0 0 0 0 1.81739 0 2.38686 3.00186 0.10566 0 0 -500 0
888 1
1 13 0 0 0 0 1.9059 0 2.31679 3.00186 0.10566 0 0 -500 0
889 1
1 13 0 0 0 0 1.83963 0 2.36976 3.00186 0.10566 0 0 -500 0
890 1
1 13 0 0 0 0 1.85776 0 2.35557 3.00186 0.10566 0 0 -500 0
891 1
1 13 0 0 0 0 1.8763 0 2.34083 3.00186 0.10566 0 0 -500 0
892 1
1 13 0 0 0 0 1.84155 0 2.36827 3.00186 0.10566 0 0 -500 0
893 1
1 13 0 0 0 0 1.8626 0 2.35175 3.00186 0.10566 0 0 -500 0
894 1
1 13 0 0 0 0 1.74538 0 2.44001 3.00186 0.10566 0 0 -500 0
895 1
1 13 0 0 0 0 1.72951 0 2.45128 3.00186 0.10566 0 0 -500 0
896 1
1 13 0 0 0 0 1.77027 0 2.42201 3.00186 0.10566 0 0 -500 0
897 1
1 13 0 0 0 0 1.79282 0 2.40536 3.00186 0.10566 0 0 -500 0
898 1
1 13 0 0 0 0 1.81404 0 2.38941 3.00186 0.10566 0 0 -500 0
899 1
1 13 0 0 0 0 1.89409 0 2.32646 3.00186 0.10566 0 0 -500 0
900 1
1 13 0 0 0 0 1.76273 0 2.42751 3.00186 0.10566 0 0 -500 0
901 1
1 13 0 0 0 0 1.80267 0 2.398 3.00186 0.10566 0 0 -500 0
902 1
1 13 0 0 0 0 1.92423 0 2.30159 3.00186 0.10566 0 0 -500 0
903 1
1 13 0 0 0 0 1.88369 0 2.33489 3.00186 0.10566 0 0 -500 0
904 1
1 13 0 0 0 0 1.81641 0 2.3876 3.00186 0.10566 0 0 -500 0
905 1
1 13 0 0 0 0 1.85842 0 2.35506 3.00186 0.10566 0 0 -500 0
906 1
1 13 0 0 0 0 1.77816 0 2.41623 3.00186 0.10566 0 0 -500 0
907 1
1 13 0 0 0 0 1.75566 0 2.43262 3.00186 0.10566 0 0 -500 0
908 1
1 13 0 0 0 0 1.84357 0 2.3667 3.00186 0.10566 0 0 -500 0
909 1
1 13 0 0 0 0 1.90715 0 2.31576 3.00186 0.10566 0 0 -500 0
910 1
1 13 0 0 0 0 1.89819 0 2.32311 3.00186 0.10566 0 0 -500 0
911 1
1 13 0 0 0 0 1.85509 0 2.35768 3.00186 0.10566 0 0 -500 0
912 1
1 13 0 0 0 0 1.91795 0 2.30683 3.00186 0.10566 0 0 -500 0
913 1
1 13 0 0 0 0 1.79949 0 2.40038 3.00186 0.10566 0 0 -500 0
914 1
1 13 0 0 0 0 1.88546 0 2.33346 3.00186 0.10566 0 0 -500 0
915 1
1 13 0 0 0 0 1.77612 0 2.41773 3.00186 0.10566 0 0 -500 0
916 1
1 13 0 0 0 0 1.89112 0 2.32888 3.00186 0.10566 0 0 -500 0
917 1
1 13 0 0 0 0 1.8455 0 2.36519 3.00186 0.10566 0 0 -500 0
918 1
1 13 0 0 0 0 1.84544 0 2.36524 3.00186 0.10566 0 0 -500 0
919 1
1 13 0 0 0 0 1.88015 0 2.33774 3.00186 0.10566 0 0 -500 0
920 1
1 13 0 0 0 0 1.72416 0 2.45505 3.00186 0.10566 0 0 -500 0
921 1
1 13 0 0 0 0 1.7437 0 2.44121 3.00186 0.10566 0 0 -500 0
922 1
1 13 0 0 0 0 1.73456 0 2.44771 3.00186 0.10566 0 0 -500 0
923 1
1 13 0 0 0 0 1.7977 0 2.40172 3.00186 0.10566 0 0 -500 0
924 1
1 13 0 0 0 0 1.8746 0 2.34219 3.00186 0.10566 0 0 -500 0
925 1
1 13 0 0 0 0 1.72361 0 2.45544 3.00186 0.10566 0 0 -500 0
926 1
1 13 0 0 0 0 1.89316 0 2.32722 3.00186 0.10566 0 0 -500 0
927 1
1 13 0 0 0 0 1.87571 0 2.3413 3.00186 0.10566 0 0 -500 0
928 1
1 13 0 0 0 0 1.76153 0 2.42838 3.00186 0.10566 0 0 -500 0
929 1
1 13 0 0 0 0 1.793 0 2.40524 3.00186 0.10566 0 0 -500 0
930 1
1 13 0 0 0 0 1.91335 0 2.31065 3.00186 0.10566 0 0 -500 0
931 1
1 13 0 0 0 0 1.75919 0 2.43007 3.00186 0.10566 0 0 -500 0
932 1
1 13 0 0 0 0 1.86664 0 2.34854 3.00186 0.10566 0 0 -500 0
933 1
1 13 0 0 0 0 1.7914 0 2.40642 3.00186 0.10566 0 0 -500 0
934 1
1 13 0 0 0 0 1.75639 0 2.4321 3.00186 0.10566 0 0 -500 0
935 1
1 13 0 0 0 0 1.82715 0 2.3794 3.00186 0.10566 0 0 -500 0
936 1
1 13 0 0 0 0 1.88932 0 2.33034 3.00186 0.10566 0 0 -500 0
937 1
1 13 0 0 0 0 1.75455 0 2.43342 3.00186 0.10566 0 0 -500 0
938 1
1 13 0 0 0 0 1.84599 0 2.36481 3.00186 0.10566 0 0 -500 0
939 1
1 13 0 0 0 0 1.80012 0 2.39991 3.00186 0.10566 0 0 -500 0
940 1
1 13 0 0 0 0 1.81811 0 2.38631 3.00186 0.10566 0 0 -500 0
941 1
1 13 0 0 0 0 1.72642 0 2.45346 3.00186 0.10566 0 0 -500 0
942 1
1 13 0 0 0 0 1.78604 0 2.41041 3.00186 0.10566 0 0 -500 0
943 1
1 13 0 0 0 0 1.86662 0 2.34856 3.00186 0.10566 0 0 -500 0
944 1
1 13 0 0 0 0 1.90843 0 2.31471 3.00186 0.10566 0 0 -500 0
945 1
1 13 0 0 0 0 1.79875 0 2.40094 3.00186 0.10566 0 0 -500 0
946 1
1 13 0 0 0 0 1.81866 0 2.38589 3.00186 0.10566 0 0 -500 0
947 1
1 13 0 0 0 0 1.89175 0 2.32837 3.00186 0.10566 0 0 -500 0
948 1
1 13 0 0 0 0 1.87788 0 2.33957 3.00186 0.10566 0 0 -500 0
949 1
1 13 0 0 0 0 1.74564 0 2.43983 3.00186 0.10566 0 0 -500 0
950 1
1 13 0 0 0 0 1.78189 0 2.41347 3.00186 0.10566 0 0 -500 0
951 1
1 13 0 0 0 0 1.87684 0 2.3404 3.00186 0.10566 0 0 -500 0
952 1
1 13 0 0 0 0 1.87628 0 2.34085 3.00186 0.10566 0 0 -500 0
953 1
1 13 0 0 0 0 1.80512 0 2.39615 3.00186 0.10566 0 0 -500 0
954 1
1 13 0 0 0 0 1.82838 0 2.37845 3.00186 0.10566 0 0 -500 0
955 1
1 13 0 0 0 0 1.86606 0 2.349 3.00186 0.10566 0 0 -500 0
956 1
1 13 0 0 0 0 1.91011 0 2.31332 3.00186 0.10566 0 0 -500 0
957 1
1 13 0 0 0 0 1.77691 0 2.41714 3.00186 0.10566 0 0 -500 0
958 1
1 13 0 0 0 0 1.84793 0 2.36329 3.00186 0.10566 0 0 -500 0
959 1
1 13 0 0 0 0 1.7662 0 2.42498 3.00186 0.10566 0 0 -500 0
960 1
1 13 0 0 0 0 1.85232 0 2.35985 3.00186 0.10566 0 0 -500 0
961 1
1 13 0 0 0 0 1.84152 0 2.36829 3.00186 0.10566 0 0 -500 0
962 1
1 13 0 0 0 0 1.77222 0 2.42058 3.00186 0.10566 0 0 -500 0
963 1
1 13 0 0 0 0 1.89781 0 2.32343 3.00186 0.10566 0 0 -500 0
964 1
1 13 0 0 0 0 1.85828 0 2.35516 3.00186 0.10566 0 0 -500 0
965 1
1 13 0 0 0 0 1.815 0 2.38867 3.00186 0.10566 0 0 -500 0
966 1
1 13 0 0 0 0 1.87634 0 2.3408 3.00186 0.10566 0 0 -500 0
967 1
1 13 0 0 0 0 1.82433 0 2.38156 3.00186 0.10566 0 0 -500 0
968 1
1 13 0 0 0 0 1.87016 0 2.34574 3.00186 0.10566 0 0 -500 0
969 1
1 13 0 0 0 0 1.92256 0 2.30299 3.00186 0.10566 0 0 -500 0
970 1
1 13 0 0 0 0 1.82614 0 2.38017 3.00186 0.10566 0 0 -500 0
971 1
1 13 0 0 0 0 1.8725 0 2.34387 3.00186 0.10566 0 0 -500 0
972 1
1 13 0 0 0 0 1.90373 0 2.31858 3.00186 0.10566 0 0 -500 0
973 1
1 13 0 0 0 0 1.84009 0 2.3694 3.00186 0.10566 0 0 -500 0
974 1
1 13 0 0 0 0 1.89297 0 2.32737 3.00186 0.10566 0 0 -500 0
975 1
1 13 0 0 0 0 1.87722 0 2.34009 3.00186 0.10566 0 0 -500 0
976 1
1 13 0 0 0 0 1.83127 0 2.37623 3.00186 0.10566 0 0 -500 0
977 1
1 13 0 0 0 0 1.78405 0 2.41188 3.00186 0.10566 0 0 -500 0
978 1
1 13 0 0 0 0 1.7648 0 2.426 3.00186 0.10566 0 0 -500 0
979 1
1 13 0 0 0 0 1.77201 0 2.42074 3.00186 0.10566 0 0 -500 0
980 1
1 13 0 0 0 0 1.73858 0 2.44486 3.00186 0.10566 0 0 -500 0
981 1
1 13 0 0 0 0 1.81695 0 2.38719 3.00186 0.10566 0 0 -500 0
982 1
1 13 0 0 0 0 1.85687 0 2.35627 3.00186 0.10566 0 0 -500 0
983 1
1 13 0 0 0 0 1.90169 0 2.32025 3.00186 0.10566 0 0 -500 0
984 1
1 13 0 0 0 0 1.89492 0 2.32579 3.00186 0.10566 0 0 -500 0
985 1
1 13 0 0 0 0 1.79553 0 2.40334 3.00186 0.10566 0 0 -500 0
986 1
1 13 0 0 0 0 1.83525 0 2.37316 3.00186 0.10566 0 0 -500 0
987 1
1 13 0 0 0 0 1.73095 0 2.45027 3.00186 0.10566 0 0 -500 0
988 1
1 13 0 0 0 0 1.81023 0 2.39229 3.00186 0.10566 0 0 -500 0
989 1
1 13 0 0 0 0 1.87345 0 2.34312 3.00186 0.10566 0 0 -500 0
990 1
1 13 0 0 0 0 1.76743 0 2.42409 3.00186 0.10566 0 0 -500 0
991 1
1 13 0 0 0 0 1.74571 0 2.43977 3.00186 0.10566 0 0 -500 0
992 1
1 13 0 0 0 0 1.92103 0 2.30427 3.00186 0.10566 0 0 -500 0
993 1
1 13 0 0 0 0 1.87189 0 2.34436 3.00186 0.10566 0 0 -500 0
994 1
1 13 0 0 0 0 1.8983 0 2.32303 3.00186 0.10566 0 0 -500 0
995 1
1 13 0 0 0 0 1.91954 0 2.3055 3.00186 0.10566 0 0 -500 0
996 1
1 13 0 0 0 0 1.88715 0 2.3321 3.00186 0.10566 0 0 -500 0
997 1
1 13 0 0 0 0 1.74513 0 2.44019 3.00186 0.10566 0 0 -500 0
998 1
1 13 0 0 0 0 1.91966 0 2.30541 3.00186 0.10566 0 0 -500 0
999 1
1 13 0 0 0 0 1.81551 0 2.38829 3.00186 0.10566 0 0 -500 0