0 1
1 13 0 0 0 0 2.07682 0 2.1649 3.00186 0.10566 0 0 -500 0
1 1
1 13 0 0 0 0 2.01629 0 2.22139 3.00186 0.10566 0 0 -500 0
2 1
1 13 0 0 0 0 1.98909 0 2.24578 3.00186 0.10566 0 0 -500 0
3 1
1 13 0 0 0 0 2.04064 0 2.19904 3.00186 0.10566 0 0 -500 0
4 1
1 13 0 0 0 0 2.11791 0 2.12473 3.00186 0.10566 0 0 -500 0
5 1
1 13 0 0 0 0 2.03947 0 2.20013 3.00186 0.10566 0 0 -500 0
6 1
1 13 0 0 0 0 2.04993 0 2.19039 3.00186 0.10566 0 0 -500 0
7 1
1 13 0 0 0 0 1.95054 0 2.27934 3.00186 0.10566 0 0 -500 0
8 1
1 13 0 0 0 0 1.98896 0 2.24589 3.00186 0.10566 0 0 -500 0
9 1
1 13 0 0 0 0 2.06762 0 2.17369 3.00186 0.10566 0 0 -500 0
10 1
1 13 0 0 0 0 2.08817 0 2.15396 3.00186 0.10566 0 0 -500 0
11 1
1 13 0 0 0 0 2.01502 0 2.22255 3.00186 0.10566 0 0 -500 0
12 1
1 13 0 0 0 0 1.98882 0 2.24602 3.00186 0.10566 0 0 -500 0
13 1
1 13 0 0 0 0 2.02964 0 2.2092 3.00186 0.10566 0 0 -500 0
14 1
1 13 0 0 0 0 2.04104 0 2.19867 3.00186 0.10566 0 0 -500 0
15 1
1 13 0 0 0 0 2.03609 0 2.20325 3.00186 0.10566 0 0 -500 0
16 1
1 13 0 0 0 0 2.08767 0 2.15445 3.00186 0.10566 0 0 -500 0
17 1
1 13 0 0 0 0 2.11859 0 2.12405 3.00186 0.10566 0 0 -500 0
18 1
1 13 0 0 0 0 1.99583 0 2.23979 3.00186 0.10566 0 0 -500 0
19 1
1 13 0 0 0 0 1.96777 0 2.26448 3.00186 0.10566 0 0 -500 0
20 1
1 13 0 0 0 0 1.96795 0 2.26432 3.00186 0.10566 0 0 -500 0
21 1
1 13 0 0 0 0 2.0013 0 2.2349 3.00186 0.10566 0 0 -500 0
22 1
1 13 0 0 0 0 2.10266 0 2.13981 3.00186 0.10566 0 0 -500 0
23 1
1 13 0 0 0 0 1.99466 0 2.24083 3.00186 0.10566 0 0 -500 0
24 1
1 13 0 0 0 0 1.99579 0 2.23983 3.00186 0.10566 0 0 -500 0
25 1
1 13 0 0 0 0 2.0289 0 2.20988 3.00186 0.10566 0 0 -500 0
26 1
1 13 0 0 0 0 1.94826 0 2.28129 3.00186 0.10566 0 0 -500 0
27 1
1 13 0 0 0 0 2.09917 0 2.14324 3.00186 0.10566 0 0 -500 0
28 1
1 13 0 0 0 0 2.06916 0 2.17223 3.00186 0.10566 0 0 -500 0
29 1
1 13 0 0 0 0 2.00535 0 2.23127 3.00186 0.10566 0 0 -500 0
30 1
1 13 0 0 0 0 2.08944 0 2.15273 3.00186 0.10566 0 0 -500 0
31 1
1 13 0 0 0 0 2.02605 0 2.21249 3.00186 0.10566 0 0 -500 0
32 1
1 13 0 0 0 0 2.10829 0 2.13427 3.00186 0.10566 0 0 -500 0
33 1
1 13 0 0 0 0 1.99404 0 2.24138 3.00186 0.10566 0 0 -500 0
34 1
1 13 0 0 0 0 1.99 0 2.24498 3.00186 0.10566 0 0 -500 0
35 1
1 13 0 0 0 0 2.02371 0 2.21463 3.00186 0.10566 0 0 -500 0
36 1
1 13 0 0 0 0 2.10709 0 2.13546 3.00186 0.10566 0 0 -500 0
37 1
1 13 0 0 0 0 2.11672 0 2.12591 3.00186 0.10566 0 0 -500 0
38 1
1 13 0 0 0 0 1.99198 0 2.24321 3.00186 0.10566 0 0 -500 0
39 1
1 13 0 0 0 0 2.07781 0 2.16395 3.00186 0.10566 0 0 -500 0
40 1
1 13 0 0 0 0 2.11383 0 2.12879 3.00186 0.10566 0 0 -500 0
41 1
1 13 0 0 0 0 1.96095 0 2.27039 3.00186 0.10566 0 0 -500 0
42 1
1 13 0 0 0 0 1.95764 0 2.27324 3.00186 0.10566 0 0 -500 0
43 1
1 13 0 0 0 0 2.07192 0 2.1696 3.00186 0.10566 0 0 -500 0
44 1
1 13 0 0 0 0 1.98437 0 2.24995 3.00186 0.10566 0 0 -500 0
45 1
1 13 0 0 0 0 2.10057 0 2.14187 3.00186 0.10566 0 0 -500 0
46 1
1 13 0 0 0 0 1.99846 0 2.23744 3.00186 0.10566 0 0 -500 0
47 1
1 13 0 0 0 0 2.10008 0 2.14235 3.00186 0.10566 0 0 -500 0
48 1
1 13 0 0 0 0 2.06934 0 2.17206 3.00186 0.10566 0 0 -500 0
49 1
1 13 0 0 0 0 2.05036 0 2.18998 3.00186 0.10566 0 0 -500 0
50 1
1 13 0 0 0 0 2.03807 0 2.20143 3.00186 0.10566 0 0 -500 0
51 1
1 13 0 0 0 0 2.0613 0 2.17969 3.00186 0.10566 0 0 -500 0
52 1
1 13 0 0 0 0 2.01696 0 2.22078 3.00186 0.10566 0 0 -500 0
53 1
1 13 0 0 0 0 1.99573 0 2.23988 3.00186 0.10566 0 0 -500 0
54 1
1 13 0 0 0 0 2.00888 0 2.2281 3.00186 0.10566 0 0 -500 0
55 1
1 13 0 0 0 0 2.02199 0 2.2162 3.00186 0.10566 0 0 -500 0
56 1
1 13 0 0 0 0 1.99562 0 2.23997 3.00186 0.10566 0 0 -500 0
57 1
1 13 0 0 0 0 1.98148 0 2.25249 3.00186 0.10566 0 0 -500 0
58 1
1 13 0 0 0 0 1.95236 0 2.27778 3.00186 0.10566 0 0 -500 0
59 1
1 13 0 0 0 0 2.06611 0 2.17513 3.00186 0.10566 0 0 -500 0
60 1
1 13 0 0 0 0 2.11252 0 2.13008 3.00186 0.10566 0 0 -500 0
61 1
1 13 0 0 0 0 2.04913 0 2.19114 3.00186 0.10566 0 0 -500 0
62 1
1 13 0 0 0 0 2.09356 0 2.14872 3.00186 0.10566 0 0 -500 0
63 1
1 13 0 0 0 0 2.08139 0 2.16051 3.00186 0.10566 0 0 -500 0
64 1
1 13 0 0 0 0 2.07117 0 2.17031 3.00186 0.10566 0 0 -500 0
65 1
1 13 0 0 0 0 2.10132 0 2.14114 3.00186 0.10566 0 0 -500 0
66 1
1 13 0 0 0 0 1.94907 0 2.2806 3.00186 0.10566 0 0 -500 0
67 1
1 13 0 0 0 0 2.10157 0 2.14089 3.00186 0.10566 0 0 -500 0
68 1
1 13 0 0 0 0 2.03882 0 2.20073 3.00186 0.10566 0 0 -500 0
69 1
1 13 0 0 0 0 1.95015 0 2.27967 3.00186 0.10566 0 0 -500 0
70 1
1 13 0 0 0 0 2.01993 0 2.21808 3.00186 0.10566 0 0 -500 0
71 1
1 13 0 0 0 0 2.00847 0 2.22847 3.00186 0.10566 0 0 -500 0
72 1
1 13 0 0 0 0 1.98934 0 2.24556 3.00186 0.10566 0 0 -500 0
73 1
1 13 0 0 0 0 2.01968 0 2.21831 3.00186 0.10566 0 0 -500 0
74 1
1 13 0 0 0 0 2.1042 0 2.1383 3.00186 0.10566 0 0 -500 0
75 1
1 13 0 0 0 0 1.98219 0 2.25187 3.00186 0.10566 0 0 -500 0
76 1
1 13 0 0 0 0 2.0235 0 2.21482 3.00186 0.10566 0 0 -500 0
77 1
1 13 0 0 0 0 2.10255 0 2.13993 3.00186 0.10566 0 0 -500 0
78 1
1 13 0 0 0 0 2.01863 0 2.21926 3.00186 0.10566 0 0 -500 0
79 1
1 13 0 0 0 0 1.96007 0 2.27115 3.00186 0.10566 0 0 -500 0
80 1
1 13 0 0 0 0 2.10444 0 2.13807 3.00186 0.10566 0 0 -500 0
81 1
1 13 0 0 0 0 1.99902 0 2.23695 3.00186 0.10566 0 0 -500 0
82 1
1 13 0 0 0 0 1.98982 0 2.24513 3.00186 0.10566 0 0 -500 0
83 1
1 13 0 0 0 0 2.10484 0 2.13767 3.00186 0.10566 0 0 -500 0
84 1
1 13 0 0 0 0 1.95549 0 2.27509 3.00186 0.10566 0 0 -500 0
85 1
1 13 0 0 0 0 1.94258 0 2.28613 3.00186 0.10566 0 0 -500 0
86 1
1 13 0 0 0 0 2.05665 0 2.18408 3.00186 0.10566 0 0 -500 0
87 1
1 13 0 0 0 0 2.10109 0 2.14136 3.00186 0.10566 0 0 -500 0
88 1
1 13 0 0 0 0 1.98917 0 2.24571 3.00186 0.10566 0 0 -500 0
89 1
1 13 0 0 0 0 2.11729 0 2.12534 3.00186 0.10566 0 0 -500 0
90 1
1 13 0 0 0 0 1.93777 0 2.2902 3.00186 0.10566 0 0 -500 0
91 1
1 13 0 0 0 0 2.09447 0 2.14784 3.00186 0.10566 0 0 -500 0
92 1
1 13 0 0 0 0 2.02642 0 2.21215 3.00186 0.10566 0 0 -500 0
93 1
1 13 0 0 0 0 1.96119 0 2.27018 3.00186 0.10566 0 0 -500 0
94 1
1 13 0 0 0 0 2.12114 0 2.1215 3.00186 0.10566 0 0 -500 0
95 1
1 13 0 0 0 0 1.95767 0 2.27322 3.00186 0.10566 0 0 -500 0
96 1
1 13 0 0 0 0 2.01381 0 2.22364 3.00186 0.10566 0 0 -500 0
97 1
1 13 0 0 0 0 2.09842 0 2.14397 3.00186 0.10566 0 0 -500 0
98 1
1 13 0 0 0 0 1.97202 0 2.26079 3.00186 0.10566 0 0 -500 0
99 1
1 13 0 0 0 0 1.94649 0 2.2828 3.00186 0.10566 0 0 -500 0
100 1
1 13 0 0 0 0 1.94945 0 2.28027 3.00186 0.10566 0 0 -500 0
101 1
1 13 0 0 0 0 1.98704 0 2.24759 3.00186 0.10566 0 0 -500 0
102 1
1 13 0 0 0 0 2.08984 0 2.15234 3.00186 0.10566 0 0 -500 0
103 1
1 13 0 0 0 0 2.11871 0 2.12393 3.00186 0.10566 0 0 -500 0
104 1
1 13 0 0 0 0 1.99619 0 2.23947 3.00186 0.10566 0 0 -500 0
105 1
1 13 0 0 0 0 2.05005 0 2.19028 3.00186 0.10566 0 0 -500 0
106 1
1 13 0 0 0 0 2.00982 0 2.22724 3.00186 0.10566 0 0 -500 0
107 1
1 13 0 0 0 0 2.10847 0 2.13409 3.00186 0.10566 0 0 -500 0
108 1
1 13 0 0 0 0 2.02341 0 2.2149 3.00186 0.10566 0 0 -500 0
109 1
1 13 0 0 0 0 2.04788 0 2.19231 3.00186 0.10566 0 0 -500 0
110 1
1 13 0 0 0 0 2.07409 0 2.16752 3.00186 0.10566 0 0 -500 0
111 1
1 13 0 0 0 0 2.1164 0 2.12623 3.00186 0.10566 0 0 -500 0
112 1
1 13 0 0 0 0 2.02868 0 2.21008 3.00186 0.10566 0 0 -500 0
113 1
1 13 0 0 0 0 2.06843 0 2.17292 3.00186 0.10566 0 0 -500 0
114 1
1 13 0 0 0 0 1.94712 0 2.28226 3.00186 0.10566 0 0 -500 0
115 1
1 13 0 0 0 0 2.04936 0 2.19092 3.00186 0.10566 0 0 -500 0
116 1
1 13 0 0 0 0 1.97608 0 2.25723 3.00186 0.10566 0 0 -500 0
117 1
1 13 0 0 0 0 1.9648 0 2.26706 3.00186 0.10566 0 0 -500 0
118 1
1 13 0 0 0 0 2.04036 0 2.1993 3.00186 0.10566 0 0 -500 0
119 1
1 13 0 0 0 0 1.95883 0 2.27222 3.00186 0.10566 0 0 -500 0
120 1
1 13 0 0 0 0 2.0204 0 2.21765 3.00186 0.10566 0 0 -500 0
121 1
1 13 0 0 0 0 2.07788 0 2.16389 3.00186 0.10566 0 0 -500 0
122 1
1 13 0 0 0 0 2.11479 0 2.12783 3.00186 0.10566 0 0 -500 0
123 1
1 13 0 0 0 0 1.96829 0 2.26403 3.00186 0.10566 0 0 -500 0
124 1
1 13 0 0 0 0 2.09411 0 2.14818 3.00186 0.10566 0 0 -500 0
125 1
1 13 0 0 0 0 2.06921 0 2.17218 3.00186 0.10566 0 0 -500 0
126 1
1 13 0 0 0 0 2.06276 0 2.1783 3.00186 0.10566 0 0 -500 0
127 1
1 13 0 0 0 0 2.02264 0 2.21561 3.00186 0.10566 0 0 -500 0
128 1
1 13 0 0 0 0 2.01378 0 2.22367 3.00186 0.10566 0 0 -500 0
129 1
1 13 0 0 0 0 1.96704 0 2.26512 3.00186 0.10566 0 0 -500 0
130 1
1 13 0 0 0 0 2.06794 0 2.17339 3.00186 0.10566 0 0 -500 0
131 1
1 13 0 0 0 0 2.03983 0 2.1998 3.00186 0.10566 0 0 -500 0
132 1
1 13 0 0 0 0 2.04697 0 2.19315 3.00186 0.10566 0 0 -500 0
133 1
1 13 0 0 0 0 2.07514 0 2.16652 3.00186 0.10566 0 0 -500 0
134 1
1 13 0 0 0 0 1.93039 0 2.29643 3.00186 0.10566 0 0 -500 0
135 1
1 13 0 0 0 0 2.02182 0 2.21636 3.00186 0.10566 0 0 -500 0
136 1
1 13 0 0 0 0 2.11691 0 2.12572 3.00186 0.10566 0 0 -500 0
137 1
1 13 0 0 0 0 2.02578 0 2.21274 3.00186 0.10566 0 0 -500 0
138 1
1 13 0 0 0 0 2.03568 0 2.20363 3.00186 0.10566 0 0 -500 0
139 1
1 13 0 0 0 0 1.99241 0 2.24283 3.00186 0.10566 0 0 -500 0
140 1
1 13 0 0 0 0 1.96669 0 2.26542 3.00186 0.10566 0 0 -500 0
141 1
1 13 0 0 0 0 1.93519 0 2.29238 3.00186 0.10566 0 0 -500 0
142 1
1 13 0 0 0 0 1.98177 0 2.25224 3.00186 0.10566 0 0 -500 0
143 1
1 13 0 0 0 0 2.01664 0 2.22107 3.00186 0.10566 0 0 -500 0
144 1
1 13 0 0 0 0 1.93501 0 2.29254 3.00186 0.10566 0 0 -500 0
145 1
1 13 0 0 0 0 1.99236 0 2.24288 3.00186 0.10566 0 0 -500 0
146 1
1 13 0 0 0 0 2.06543 0 2.17577 3.00186 0.10566 0 0 -500 0
147 1
1 13 0 0 0 0 2.05575 0 2.18492 3.00186 0.10566 0 0 -500 0
148 1
1 13 0 0 0 0 1.986 0 2.24851 3.00186 0.10566 0 0 -500 0
149 1
1 13 0 0 0 0 2.02669 0 2.2119 3.00186 0.10566 0 0 -500 0
150 1
1 13 0 0 0 0 2.06053 0 2.18042 3.00186 0.10566 0 0 -500 0
151 1
1 13 0 0 0 0 2.05385 0 2.18671 3.00186 0.10566 0 0 -500 0
152 1
1 13 0 0 0 0 2.10188 0 2.14059 3.00186 0.10566 0 0 -500 0
153 1
1 13 0 0 0 0 2.00494 0 2.23164 3.00186 0.10566 0 0 -500 0
154 1
1 13 0 0 0 0 2.09146 0 2.15077 3.00186 0.10566 0 0 -500 0
155 1
1 13 0 0 0 0 1.96384 0 2.26789 3.00186 0.10566 0 0 -500 0
156 1
1 13 0 0 0 0 1.98174 0 2.25227 3.00186 0.10566 0 0 -500 0
157 1
1 13 0 0 0 0 2.05854 0 2.1823 3.00186 0.10566 0 0 -500 0
158 1
1 13 0 0 0 0 2.01471 0 2.22282 3.00186 0.10566 0 0 -500 0
159 1
1 13 0 0 0 0 1.97803 0 2.25552 3.00186 0.10566 0 0 -500 0
160 1
1 13 0 0 0 0 2.04448 0 2.19548 3.00186 0.10566 0 0 -500 0
161 1
1 13 0 0 0 0 2.0561 0 2.1846 3.00186 0.10566 0 0 -500 0
162 1
1 13 0 0 0 0 2.1184 0 2.12423 3.00186 0.10566 0 0 -500 0
163 1
1 13 0 0 0 0 2.05104 0 2.18935 3.00186 0.10566 0 0 -500 0
164 1
1 13 0 0 0 0 2.05533 0 2.18532 3.00186 0.10566 0 0 -500 0
165 1
1 13 0 0 0 0 1.97489 0 2.25828 3.00186 0.10566 0 0 -500 0
166 1
1 13 0 0 0 0 2.05558 0 2.18509 3.00186 0.10566 0 0 -500 0
167 1
1 13 0 0 0 0 1.96213 0 2.26937 3.00186 0.10566 0 0 -500 0
168 1
1 13 0 0 0 0 2.11109 0 2.13151 3.00186 0.10566 0 0 -500 0
169 1
1 13 0 0 0 0 1.94073 0 2.2877 3.00186 0.10566 0 0 -500 0
170 1
1 13 0 0 0 0 2.09876 0 2.14365 3.00186 0.10566 0 0 -500 0
171 1
1 13 0 0 0 0 1.94867 0 2.28094 3.00186 0.10566 0 0 -500 0
172 1
1 13 0 0 0 0 2.03983 0 2.19979 3.00186 0.10566 0 0 -500 0
173 1
1 13 0 0 0 0 2.00728 0 2.22953 3.00186 0.10566 0 0 -500 0
174 1
1 13 0 0 0 0 2.07675 0 2.16497 3.00186 0.10566 0 0 -500 0
175 1
1 13 0 0 0 0 2.00242 0 2.2339 3.00186 0.10566 0 0 -500 0
176 1
1 13 0 0 0 0 1.98092 0 2.25298 3.00186 0.10566 0 0 -500 0
177 1
1 13 0 0 0 0 1.93222 0 2.29489 3.00186 0.10566 0 0 -500 0
178 1
1 13 0 0 0 0 2.08123 0 2.16067 3.00186 0.10566 0 0 -500 0
179 1
1 13 0 0 0 0 2.03734 0 2.2021 3.00186 0.10566 0 0 -500 0
180 1
1 13 0 0 0 0 1.96315 0 2.26849 3.00186 0.10566 0 0 -500 0
181 1
1 13 0 0 0 0 1.96432 0 2.26747 3.00186 0.10566 0 0 -500 0
182 1
1 13 0 0 0 0 2.11764 0 2.12499 3.00186 0.10566 0 0 -500 0
183 1
1 13 0 0 0 0 1.98307 0 2.25109 3.00186 0.10566 0 0 -500 0
184 1
1 13 0 0 0 0 2.00842 0 2.2285 3.00186 0.10566 0 0 -500 0
185 1
1 13 0 0 0 0 2.07381 0 2.16779 3.00186 0.10566 0 0 -500 0
186 1
1 13 0 0 0 0 2.01334 0 2.22406 3.00186 0.10566 0 0 -500 0
187 1
1 13 0 0 0 0 2.08844 0 2.1537 3.00186 0.10566 0 0 -500 0
188 1
1 13 0 0 0 0 2.12026 0 2.12238 3.00186 0.10566 0 0 -500 0
189 1
1 13 0 0 0 0 2.09376 0 2.14853 3.00186 0.10566 0 0 -500 0
190 1
1 13 0 0 0 0 2.11292 0 2.12969 3.00186 0.10566 0 0 -500 0
191 1
1 13 0 0 0 0 2.11806 0 2.12458 3.00186 0.10566 0 0 -500 0
192 1
1 13 0 0 0 0 2.00237 0 2.23395 3.00186 0.10566 0 0 -500 0
193 1
1 13 0 0 0 0 2.11021 0 2.13237 3.00186 0.10566 0 0 -500 0
194 1
1 13 0 0 0 0 2.06713 0 2.17416 3.00186 0.10566 0 0 -500 0
195 1
1 13 0 0 0 0 2.08011 0 2.16175 3.00186 0.10566 0 0 -500 0
196 1
1 13 0 0 0 0 1.95408 0 2.2763 3.00186 0.10566 0 0 -500 0
197 1
1 13 0 0 0 0 1.94521 0 2.28389 3.00186 0.10566 0 0 -500 0
198 1
1 13 0 0 0 0 1.93064 0 2.29622 3.00186 0.10566 0 0 -500 0
199 1
1 13 0 0 0 0 1.99638 0 2.2393 3.00186 0.10566 0 0 -500 0
200 1
1 13 0 0 0 0 2.01119 0 2.22601 3.00186 0.10566 0 0 -500 0
201 1
1 13 0 0 0 0 2.09362 0 2.14866 3.00186 0.10566 0 0 -500 0
202 1
1 13 0 0 0 0 2.05031 0 2.19003 3.00186 0.10566 0 0 -500 0
203 1
1 13 0 0 0 0 1.93493 0 2.2926 3.00186 0.10566 0 0 -500 0
204 1
1 13 0 0 0 0 2.07285 0 2.1687 3.00186 0.10566 0 0 -500 0
205 1
1 13 0 0 0 0 1.96825 0 2.26407 3.00186 0.10566 0 0 -500 0
206 1
1 13 0 0 0 0 1.93514 0 2.29243 3.00186 0.10566 0 0 -500 0
207 1
1 13 0 0 0 0 1.9474 0 2.28202 3.00186 0.10566 0 0 -500 0
208 1
1 13 0 0 0 0 2.10271 0 2.13977 3.00186 0.10566 0 0 -500 0
209 1
1 13 0 0 0 0 2.07318 0 2.16839 3.00186 0.10566 0 0 -500 0
210 1
1 13 0 0 0 0 2.09275 0 2.14951 3.00186 0.10566 0 0 -500 0
211 1
1 13 0 0 0 0 2.012 0 2.22527 3.00186 0.10566 0 0 -500 0
212 1
1 13 0 0 0 0 2.01141 0 2.22581 3.00186 0.10566 0 0 -500 0
213 1
1 13 0 0 0 0 2.01572 0 2.22191 3.00186 0.10566 0 0 -500 0
214 1
1 13 0 0 0 0 1.95151 0 2.27851 3.00186 0.10566 0 0 -500 0
215 1
1 13 0 0 0 0 2.01888 0 2.21903 3.00186 0.10566 0 0 -500 0
216 1
1 13 0 0 0 0 2.03448 0 2.20474 3.00186 0.10566 0 0 -500 0
217 1
1 13 0 0 0 0 2.04764 0 2.19252 3.00186 0.10566 0 0 -500 0
218 1
1 13 0 0 0 0 2.12074 0 2.1219 3.00186 0.10566 0 0 -500 0
219 1
1 13 0 0 0 0 2.04308 0 2.19677 3.00186 0.10566 0 0 -500 0
220 1
1 13 0 0 0 0 2.11362 0 2.12899 3.00186 0.10566 0 0 -500 0
221 1
1 13 0 0 0 0 1.99234 0 2.24289 3.00186 0.10566 0 0 -500 0
222 1
1 13 0 0 0 0 2.09422 0 2.14807 3.00186 0.10566 0 0 -500 0
223 1
1 13 0 0 0 0 2.0806 0 2.16127 3.00186 0.10566 0 0 -500 0
224 1
1 13 0 0 0 0 1.99823 0 2.23765 3.00186 0.10566 0 0 -500 0
225 1
1 13 0 0 0 0 2.05509 0 2.18555 3.00186 0.10566 0 0 -500 0
226 1
1 13 0 0 0 0 1.95603 0 2.27463 3.00186 0.10566 0 0 -500 0
227 1
1 13 0 0 0 0 2.02714 0 2.21149 3.00186 0.10566 0 0 -500 0
228 1
1 13 0 0 0 0 2.0193 0 2.21866 3.00186 0.10566 0 0 -500 0
229 1
1 13 0 0 0 0 2.08143 0 2.16048 3.00186 0.10566 0 0 -500 0
230 1
1 13 0 0 0 0 2.09843 0 2.14396 3.00186 0.10566 0 0 -500 0
231 1
1 13 0 0 0 0 2.0566 0 2.18412 3.00186 0.10566 0 0 -500 0
232 1
1 13 0 0 0 0 2.11444 0 2.12818 3.00186 0.10566 0 0 -500 0
233 1
1 13 0 0 0 0 1.94101 0 2.28746 3.00186 0.10566 0 0 -500 0
234 1
1 13 0 0 0 0 2.00529 0 2.23133 3.00186 0.10566 0 0 -500 0
235 1
1 13 0 0 0 0 1.99804 0 2.23782 3.00186 0.10566 0 0 -500 0
236 1
1 13 0 0 0 0 2.01355 0 2.22387 3.00186 0.10566 0 0 -500 0
237 1
1 13 0 0 0 0 2.04177 0 2.19799 3.00186 0.10566 0 0 -500 0
238 1
1 13 0 0 0 0 2.07182 0 2.16969 3.00186 0.10566 0 0 -500 0
239 1
1 13 0 0 0 0 2.10252 0 2.13996 3.00186 0.10566 0 0 -500 0
240 1
1 13 0 0 0 0 2.04174 0 2.19803 3.00186 0.10566 0 0 -500 0
241 1
1 13 0 0 0 0 1.99379 0 2.24161 3.00186 0.10566 0 0 -500 0
242 1
1 13 0 0 0 0 1.97923 0 2.25448 3.00186 0.10566 0 0 -500 0
243 1
1 13 0 0 0 0 2.09373 0 2.14856 3.00186 0.10566 0 0 -500 0
244 1
1 13 0 0 0 0 2.08387 0 2.15812 3.00186 0.10566 0 0 -500 0
245 1
1 13 0 0 0 0 2.11514 0 2.12748 3.00186 0.10566 0 0 -500 0
246 1
1 13 0 0 0 0 2.0167 0 2.22101 3.00186 0.10566 0 0 -500 0
247 1
1 13 0 0 0 0 1.98909 0 2.24578 3.00186 0.10566 0 0 -500 0
248 1
1 13 0 0 0 0 1.95559 0 2.27501 3.00186 0.10566 0 0 -500 0
249 1
1 13 0 0 0 0 2.04516 0 2.19484 3.00186 0.10566 0 0 -500 0
250 1
1 13 0 0 0 0 2.02791 0 2.21079 3.00186 0.10566 0 0 -500 0
251 1
1 13 0 0 0 0 2.07868 0 2.16312 3.00186 0.10566 0 0 -500 0
252 1
1 13 0 0 0 0 1.94046 0 2.28793 3.00186 0.10566 0 0 -500 0
253 1
1 13 0 0 0 0 1.93547 0 2.29215 3.00186 0.10566 0 0 -500 0
254 1
1 13 0 0 0 0 1.99374 0 2.24165 3.00186 0.10566 0 0 -500 0
255 1
1 13 0 0 0 0 1.98239 0 2.25169 3.00186 0.10566 0 0 -500 0
256 1
1 13 0 0 0 0 1.97881 0 2.25485 3.00186 0.10566 0 0 -500 0
257 1
1 13 0 0 0 0 1.98856 0 2.24625 3.00186 0.10566 0 0 -500 0
258 1
1 13 0 0 0 0 2.01378 0 2.22366 3.00186 0.10566 0 0 -500 0
259 1
1 13 0 0 0 0 2.08225 0 2.15969 3.00186 0.10566 0 0 -500 0
260 1
1 13 0 0 0 0 1.96364 0 2.26806 3.00186 0.10566 0 0 -500 0
261 1
1 13 0 0 0 0 2.01669 0 2.22103 3.00186 0.10566 0 0 -500 0
262 1
1 13 0 0 0 0 2.03101 0 2.20794 3.00186 0.10566 0 0 -500 0
263 1
1 13 0 0 0 0 2.00545 0 2.23118 3.00186 0.10566 0 0 -500 0
264 1
1 13 0 0 0 0 2.05098 0 2.1894 3.00186 0.10566 0 0 -500 0
265 1
1 13 0 0 0 0 2.11164 0 2.13096 3.00186 0.10566 0 0 -500 0
266 1
1 13 0 0 0 0 2.03934 0 2.20025 3.00186 0.10566 0 0 -500 0
267 1
1 13 0 0 0 0 2.01654 0 2.22116 3.00186 0.10566 0 0 -500 0
268 1
1 13 0 0 0 0 1.98941 0 2.2455 3.00186 0.10566 0 0 -500 0
269 1
1 13 0 0 0 0 2.085 0 2.15703 3.00186 0.10566 0 0 -500 0
270 1
1 13 0 0 0 0 1.96634 0 2.26573 3.00186 0.10566 0 0 -500 0
271 1
1 13 0 0 0 0 2.05109 0 2.1893 3.00186 0.10566 0 0 -500 0
272 1
1 13 0 0 0 0 2.02741 0 2.21125 3.00186 0.10566 0 0 -500 0
273 1
1 13 0 0 0 0 1.98529 0 2.24914 3.00186 0.10566 0 0 -500 0
274 1
1 13 0 0 0 0 2.11494 0 2.12768 3.00186 0.10566 0 0 -500 0
275 1
1 13 0 0 0 0 2.11686 0 2.12577 3.00186 0.10566 0 0 -500 0
276 1
1 13 0 0 0 0 1.99258 0 2.24268 3.00186 0.10566 0 0 -500 0
277 1
1 13 0 0 0 0 1.96161 0 2.26982 3.00186 0.10566 0 0 -500 0
278 1
1 13 0 0 0 0 2.1004 0 2.14204 3.00186 0.10566 0 0 -500 0
279 1
1 13 0 0 0 0 1.96954 0 2.26294 3.00186 0.10566 0 0 -500 0
280 1
1 13 0 0 0 0 1.99572 0 2.23988 3.00186 0.10566 0 0 -500 0
281 1
1 13 0 0 0 0 2.01077 0 2.22638 3.00186 0.10566 0 0 -500 0
282 1
1 13 0 0 0 0 1.94336 0 2.28547 3.00186 0.10566 0 0 -500 0
283 1
1 13 0 0 0 0 2.07221 0 2.16932 3.00186 0.10566 0 0 -500 0
284 1
1 13 0 0 0 0 1.95552 0 2.27507 3.00186 0.10566 0 0 -500 0
285 1
1 13 0 0 0 0 2.01337 0 2.22404 3.00186 0.10566 0 0 -500 0
286 1
1 13 0 0 0 0 2.01478 0 2.22276 3.00186 0.10566 0 0 -500 0
287 1
1 13 0 0 0 0 2.01766 0 2.22015 3.00186 0.10566 0 0 -500 0
288 1
1 13 0 0 0 0 2.05363 0 2.18691 3.00186 0.10566 0 0 -500 0
289 1
1 13 0 0 0 0 1.98046 0 2.25339 3.00186 0.10566 0 0 -500 0
290 1
1 13 0 0 0 0 2.04158 0 2.19817 3.00186 0.10566 0 0 -500 0
291 1
1 13 0 0 0 0 2.04323 0 2.19664 3.00186 0.10566 0 0 -500 0
292 1
1 13 0 0 0 0 2.11128 0 2.13132 3.00186 0.10566 0 0 -500 0
293 1
1 13 0 0 0 0 2.05049 0 2.18986 3.00186 0.10566 0 0 -500 0
294 1
1 13 0 0 0 0 2.0905 0 2.1517 3.00186 0.10566 0 0 -500 0
295 1
1 13 0 0 0 0 1.97772 0 2.2558 3.00186 0.10566 0 0 -500 0
296 1
1 13 0 0 0 0 2.03394 0 2.20525 3.00186 0.10566 0 0 -500 0
297 1
1 13 0 0 0 0 2.05529 0 2.18536 3.00186 0.10566 0 0 -500 0
298 1
1 13 0 0 0 0 2.04801 0 2.19218 3.00186 0.10566 0 0 -500 0
299 1
1 13 0 0 0 0 2.05091 0 2.18947 3.00186 0.10566 0 0 -500 0
300 1
1 13 0 0 0 0 1.97247 0 2.26039 3.00186 0.10566 0 0 -500 0
301 1
1 13 0 0 0 0 2.0917 0 2.15054 3.00186 0.10566 0 0 -500 0
302 1
1 13 0 0 0 0 1.99348 0 2.24189 3.00186 0.10566 0 0 -500 0
303 1
1 13 0 0 0 0 1.96972 0 2.26278 3.00186 0.10566 0 0 -500 0
304 1
1 13 0 0 0 0 2.1066 0 2.13594 3.00186 0.10566 0 0 -500 0
305 1
1 13 0 0 0 0 1.9765 0 2.25686 3.00186 0.10566 0 0 -500 0
306 1
1 13 0 0 0 0 1.94199 0 2.28663 3.00186 0.10566 0 0 -500 0
307 1
1 13 0 0 0 0 1.93728 0 2.29062 3.00186 0.10566 0 0 -500 0
308 1
1 13 0 0 0 0 2.11389 0 2.12873 3.00186 0.10566 0 0 -500 0
309 1
1 13 0 0 0 0 1.93278 0 2.29442 3.00186 0.10566 0 0 -500 0
310 1
1 13 0 0 0 0 2.09234 0 2.14991 3.00186 0.10566 0 0 -500 0
311 1
1 13 0 0 0 0 1.96997 0 2.26257 3.00186 0.10566 0 0 -500 0
312 1
1 13 0 0 0 0 2.01564 0 2.22198 3.00186 0.10566 0 0 -500 0
313 1
1 13 0 0 0 0 2.08101 0 2.16088 3.00186 0.10566 0 0 -500 0
314 1
1 13 0 0 0 0 1.97657 0 2.2568 3.00186 0.10566 0 0 -500 0
315 1
1 13 0 0 0 0 2.10565 0 2.13688 3.00186 0.10566 0 0 -500 0
316 1
1 13 0 0 0 0 2.07615 0 2.16554 3.00186 0.10566 0 0 -500 0
317 1
1 13 0 0 0 0 1.95496 0 2.27555 3.00186 0.10566 0 0 -500 0
318 1
1 13 0 0 0 0 2.0376 0 2.20186 3.00186 0.10566 0 0 -500 0
319 1
1 13 0 0 0 0 2.03925 0 2.20033 3.00186 0.10566 0 0 -500 0
320 1
1 13 0 0 0 0 1.99531 0 2.24026 3.00186 0.10566 0 0 -500 0
321 1
1 13 0 0 0 0 2.0546 0 2.186 3.00186 0.10566 0 0 -500 0
322 1
1 13 0 0 0 0 2.10778 0 2.13478 3.00186 0.10566 0 0 -500 0
323 1
1 13 0 0 0 0 2.01662 0 2.22109 3.00186 0.10566 0 0 -500 0
324 1
1 13 0 0 0 0 2.08051 0 2.16136 3.00186 0.10566 0 0 -500 0
325 1
1 13 0 0 0 0 1.93314 0 2.29412 3.00186 0.10566 0 0 -500 0
326 1
1 13 0 0 0 0 1.93695 0 2.2909 3.00186 0.10566 0 0 -500 0
327 1
1 13 0 0 0 0 2.01259 0 2.22474 3.00186 0.10566 0 0 -500 0
328 1
1 13 0 0 0 0 2.05459 0 2.18602 3.00186 0.10566 0 0 -500 0
329 1
1 13 0 0 0 0 2.03482 0 2.20443 3.00186 0.10566 0 0 -500 0
330 1
1 13 0 0 0 0 2.03346 0 2.20568 3.00186 0.10566 0 0 -500 0
331 1
1 13 0 0 0 0 2.08102 0 2.16086 3.00186 0.10566 0 0 -500 0
332 1
1 13 0 0 0 0 1.93914 0 2.28905 3.00186 0.10566 0 0 -500 0
333 1
1 13 0 0 0 0 2.00238 0 2.23394 3.00186 0.10566 0 0 -500 0
334 1
1 13 0 0 0 0 2.05995 0 2.18097 3.00186 0.10566 0 0 -500 0
335 1
1 13 0 0 0 0 1.97786 0 2.25568 3.00186 0.10566 0 0 -500 0
336 1
1 13 0 0 0 0 2.00157 0 2.23466 3.00186 0.10566 0 0 -500 0
337 1
1 13 0 0 0 0 2.0686 0 2.17276 3.00186 0.10566 0 0 -500 0
338 1
1 13 0 0 0 0 2.0002 0 2.23589 3.00186 0.10566 0 0 -500 0
339 1
1 13 0 0 0 0 1.95047 0 2.2794 3.00186 0.10566 0 0 -500 0
340 1
1 13 0 0 0 0 1.96392 0 2.26782 3.00186 0.10566 0 0 -500 0
341 1
1 13 0 0 0 0 1.93404 0 2.29336 3.00186 0.10566 0 0 -500 0
342 1
1 13 0 0 0 0 1.95955 0 2.2716 3.00186 0.10566 0 0 -500 0
343 1
1 13 0 0 0 0 2.05054 0 2.18981 3.00186 0.10566 0 0 -500 0
344 1
1 13 0 0 0 0 2.07491 0 2.16674 3.00186 0.10566 0 0 -500 0
345 1
1 13 0 0 0 0 1.93375 0 2.2936 3.00186 0.10566 0 0 -500 0
346 1
1 13 0 0 0 0 2.07907 0 2.16274 3.00186 0.10566 0 0 -500 0
347 1
1 13 0 0 0 0 2.11937 0 2.12327 3.00186 0.10566 0 0 -500 0
348 1
1 13 0 0 0 0 2.08507 0 2.15696 3.00186 0.10566 0 0 -500 0
349 1
1 13 0 0 0 0 2.01463 0 2.2229 3.00186 0.10566 0 0 -500 0
350 1
1 13 0 0 0 0 2.02808 0 2.21063 3.00186 0.10566 0 0 -500 0
351 1
1 13 0 0 0 0 2.08968 0 2.1525 3.00186 0.10566 0 0 -500 0
352 1
1 13 0 0 0 0 2.11003 0 2.13255 3.00186 0.10566 0 0 -500 0
353 1
1 13 0 0 0 0 2.0196 0 2.21838 3.00186 0.10566 0 0 -500 0
354 1
1 13 0 0 0 0 2.02479 0 2.21364 3.00186 0.10566 0 0 -500 0
355 1
1 13 0 0 0 0 1.99148 0 2.24366 3.00186 0.10566 0 0 -500 0
356 1
1 13 0 0 0 0 1.93488 0 2.29265 3.00186 0.10566 0 0 -500 0
357 1
1 13 0 0 0 0 1.96604 0 2.26598 3.00186 0.10566 0 0 -500 0
358 1
1 13 0 0 0 0 2.03796 0 2.20153 3.00186 0.10566 0 0 -500 0
359 1
1 13 0 0 0 0 1.95307 0 2.27717 3.00186 0.10566 0 0 -500 0
360 1
1 13 0 0 0 0 2.11436 0 2.12826 3.00186 0.10566 0 0 -500 0
361 1
1 13 0 0 0 0 1.97394 0 2.2591 3.00186 0.10566 0 0 -500 0
362 1
1 13 0 0 0 0 1.96885 0 2.26355 3.00186 0.10566 0 0 -500 0
363 1
1 13 0 0 0 0 2.048 0 2.19219 3.00186 0.10566 0 0 -500 0
364 1
1 13 0 0 0 0 1.93557 0 2.29206 3.00186 0.10566 0 0 -500 0
365 1
1 13 0 0 0 0 2.05137 0 2.18903 3.00186 0.10566 0 0 -500 0
366 1
1 13 0 0 0 0 1.94508 0 2.284 3.00186 0.10566 0 0 -500 0
367 1
1 13 0 0 0 0 1.97249 0 2.26037 3.00186 0.10566 0 0 -500 0
368 1
1 13 0 0 0 0 2.00761 0 2.22924 3.00186 0.10566 0 0 -500 0
369 1
1 13 0 0 0 0 2.04011 0 2.19954 3.00186 0.10566 0 0 -500 0
370 1
1 13 0 0 0 0 1.94585 0 2.28335 3.00186 0.10566 0 0 -500 0
371 1
1 13 0 0 0 0 2.06834 0 2.17301 3.00186 0.10566 0 0 -500 0
372 1
1 13 0 0 0 0 2.07839 0 2.16339 3.00186 0.10566 0 0 -500 0
373 1
1 13 0 0 0 0 1.9889 0 2.24595 3.00186 0.10566 0 0 -500 0
374 1
1 13 0 0 0 0 2.07403 0 2.16758 3.00186 0.10566 0 0 -500 0
375 1
1 13 0 0 0 0 2.12123 0 2.12141 3.00186 0.10566 0 0 -500 0
376 1
1 13 0 0 0 0 2.00485 0 2.23172 3.00186 0.10566 0 0 -500 0
377 1
1 13 0 0 0 0 2.02778 0 2.21091 3.00186 0.10566 0 0 -500 0
378 1
1 13 0 0 0 0 2.0537 0 2.18685 3.00186 0.10566 0 0 -500 0
379 1
1 13 0 0 0 0 2.00927 0 2.22774 3.00186 0.10566 0 0 -500 0
380 1
1 13 0 0 0 0 2.06649 0 2.17477 3.00186 0.10566 0 0 -500 0
381 1
1 13 0 0 0 0 1.93812 0 2.28991 3.00186 0.10566 0 0 -500 0
382 1
1 13 0 0 0 0 2.10146 0 2.141 3.00186 0.10566 0 0 -500 0
383 1
1 13 0 0 0 0 1.97008 0 2.26247 3.00186 0.10566 0 0 -500 0
384 1
1 13 0 0 0 0 2.04378 0 2.19612 3.00186 0.10566 0 0 -500 0
385 1
1 13 0 0 0 0 2.09378 0 2.14851 3.00186 0.10566 0 0 -500 0
386 1
1 13 0 0 0 0 2.00391 0 2.23257 3.00186 0.10566 0 0 -500 0
387 1
1 13 0 0 0 0 2.03982 0 2.1998 3.00186 0.10566 0 0 -500 0
388 1
1 13 0 0 0 0 1.93566 0 2.29199 3.00186 0.10566 0 0 -500 0
389 1
1 13 0 0 0 0 2.02515 0 2.21332 3.00186 0.10566 0 0 -500 0
390 1
1 13 0 0 0 0 2.11512 0 2.1275 3.00186 0.10566 0 0 -500 0
391 1
1 13 0 0 0 0 2.02407 0 2.21431 3.00186 0.10566 0 0 -500 0
392 1
1 13 0 0 0 0 2.04683 0 2.19328 3.00186 0.10566 0 0 -500 0
393 1
1 13 0 0 0 0 2.00197 0 2.2343 3.00186 0.10566 0 0 -500 0
394 1
1 13 0 0 0 0 1.98234 0 2.25174 3.00186 0.10566 0 0 -500 0
395 1
1 13 0 0 0 0 2.03664 0 2.20274 3.00186 0.10566 0 0 -500 0
396 1
1 13 0 0 0 0 2.06326 0 2.17783 3.00186 0.10566 0 0 -500 0
397 1
1 13 0 0 0 0 2.06587 0 2.17536 3.00186 0.10566 0 0 -500 0
398 1
1 13 0 0 0 0 2.08653 0 2.15554 3.00186 0.10566 0 0 -500 0
399 1
1 13 0 0 0 0 1.92988 0 2.29686 3.00186 0.10566 0 0 -500 0
400 1
1 13 0 0 0 0 1.95002 0 2.27978 3.00186 0.10566 0 0 -500 0
401 1
1 13 0 0 0 0 1.95597 0 2.27468 3.00186 0.10566 0 0 -500 0
402 1
1 13 0 0 0 0 1.98494 0 2.24945 3.00186 0.10566 0 0 -500 0
403 1
1 13 0 0 0 0 1.94465 0 2.28437 3.00186 0.10566 0 0 -500 0
404 1
1 13 0 0 0 0 2.10185 0 2.14061 3.00186 0.10566 0 0 -500 0
405 1
1 13 0 0 0 0 2.00862 0 2.22833 3.00186 0.10566 0 0 -500 0
406 1
1 13 0 0 0 0 1.93019 0 2.2966 3.00186 0.10566 0 0 -500 0
407 1
1 13 0 0 0 0 1.95109 0 2.27887 3.00186 0.10566 0 0 -500 0
408 1
1 13 0 0 0 0 2.06931 0 2.17208 3.00186 0.10566 0 0 -500 0
409 1
1 13 0 0 0 0 1.93279 0 2.29441 3.00186 0.10566 0 0 -500 0
410 1
1 13 0 0 0 0 2.03188 0 2.20714 3.00186 0.10566 0 0 -500 0
411 1
1 13 0 0 0 0 2.10906 0 2.13351 3.00186 0.10566 0 0 -500 0
412 1
1 13 0 0 0 0 2.02902 0 2.20976 3.00186 0.10566 0 0 -500 0
413 1
1 13 0 0 0 0 2.02289 0 2.21539 3.00186 0.10566 0 0 -500 0
414 1
1 13 0 0 0 0 1.92921 0 2.29742 3.00186 0.10566 0 0 -500 0
415 1
1 13 0 0 0 0 2.06275 0 2.17831 3.00186 0.10566 0 0 -500 0
416 1
1 13 0 0 0 0 1.97747 0 2.25602 3.00186 0.10566 0 0 -500 0
417 1
1 13 0 0 0 0 2.05941 0 2.18147 3.00186 0.10566 0 0 -500 0
418 1
1 13 0 0 0 0 2.07488 0 2.16677 3.00186 0.10566 0 0 -500 0
419 1
1 13 0 0 0 0 2.09135 0 2.15087 3.00186 0.10566 0 0 -500 0
420 1
1 13 0 0 0 0 2.08542 0 2.15662 3.00186 0.10566 0 0 -500 0
421 1
1 13 0 0 0 0 1.98256 0 2.25154 3.00186 0.10566 0 0 -500 0
422 1
1 13 0 0 0 0 1.96893 0 2.26347 3.00186 0.10566 0 0 -500 0
423 1
1 13 0 0 0 0 2.09664 0 2.14572 3.00186 0.10566 0 0 -500 0
424 1
1 13 0 0 0 0 2.02351 0 2.21482 3.00186 0.10566 0 0 -500 0
425 1
1 13 0 0 0 0 2.08554 0 2.1565 3.00186 0.10566 0 0 -500 0
426 1
1 13 0 0 0 0 2.11659 0 2.12604 3.00186 0.10566 0 0 -500 0
427 1
1 13 0 0 0 0 2.00857 0 2.22837 3.00186 0.10566 0 0 -500 0
428 1
1 13 0 0 0 0 2.04069 0 2.19899 3.00186 0.10566 0 0 -500 0
429 1
1 13 0 0 0 0 2.09704 0 2.14533 3.00186 0.10566 0 0 -500 0
430 1
1 13 0 0 0 0 2.03983 0 2.19979 3.00186 0.10566 0 0 -500 0
431 1
1 13 0 0 0 0 2.04531 0 2.1947 3.00186 0.10566 0 0 -500 0
432 1
1 13 0 0 0 0 2.00996 0 2.22712 3.00186 0.10566 0 0 -500 0
433 1
1 13 0 0 0 0 2.09238 0 2.14987 3.00186 0.10566 0 0 -500 0
434 1
1 13 0 0 0 0 2.02452 0 2.21389 3.00186 0.10566 0 0 -500 0
435 1
1 13 0 0 0 0 2.04902 0 2.19123 3.00186 0.10566 0 0 -500 0
436 1
1 13 0 0 0 0 1.98094 0 2.25297 3.00186 0.10566 0 0 -500 0
437 1
1 13 0 0 0 0 2.09746 0 2.14492 3.00186 0.10566 0 0 -500 0
438 1
1 13 0 0 0 0 2.00327 0 2.23314 3.00186 0.10566 0 0 -500 0
439 1
1 13 0 0 0 0 2.03825 0 2.20126 3.00186 0.10566 0 0 -500 0
440 1
1 13 0 0 0 0 2.04821 0 2.192 3.00186 0.10566 0 0 -500 0
441 1
1 13 0 0 0 0 1.96951 0 2.26297 3.00186 0.10566 0 0 -500 0
442 1
1 13 0 0 0 0 2.06295 0 2.17813 3.00186 0.10566 0 0 -500 0
443 1
1 13 0 0 0 0 2.06746 0 2.17385 3.00186 0.10566 0 0 -500 0
444 1
1 13 0 0 0 0 2.10307 0 2.13942 3.00186 0.10566 0 0 -500 0
445 1
1 13 0 0 0 0 1.99113 0 2.24397 3.00186 0.10566 0 0 -500 0
446 1
1 13 0 0 0 0 1.96799 0 2.26429 3.00186 0.10566 0 0 -500 0
447 1
1 13 0 0 0 0 2.06986 0 2.17156 3.00186 0.10566 0 0 -500 0
448 1
1 13 0 0 0 0 2.03681 0 2.20259 3.00186 0.10566 0 0 -500 0
449 1
1 13 0 0 0 0 2.04267 0 2.19716 3.00186 0.10566 0 0 -500 0
450 1
1 13 0 0 0 0 2.07643 0 2.16528 3.00186 0.10566 0 0 -500 0
451 1
1 13 0 0 0 0 2.05535 0 2.1853 3.00186 0.10566 0 0 -500 0
452 1
1 13 0 0 0 0 1.99469 0 2.2408 3.00186 0.10566 0 0 -500 0
453 1
1 13 0 0 0 0 2.03852 0 2.20101 3.00186 0.10566 0 0 -500 0
454 1
1 13 0 0 0 0 2.07288 0 2.16868 3.00186 0.10566 0 0 -500 0
455 1
1 13 0 0 0 0 2.008 0 2.22889 3.00186 0.10566 0 0 -500 0
456 1
1 13 0 0 0 0 1.94483 0 2.28421 3.00186 0.10566 0 0 -500 0
457 1
1 13 0 0 0 0 2.02012 0 2.21791 3.00186 0.10566 0 0 -500 0
458 1
1 13 0 0 0 0 2.00538 0 2.23124 3.00186 0.10566 0 0 -500 0
459 1
1 13 0 0 0 0 1.98855 0 2.24626 3.00186 0.10566 0 0 -500 0
460 1
1 13 0 0 0 0 2.10262 0 2.13986 3.00186 0.10566 0 0 -500 0
461 1
1 13 0 0 0 0 2.0986 0 2.1438 3.00186 0.10566 0 0 -500 0
462 1
1 13 0 0 0 0 2.00529 0 2.23133 3.00186 0.10566 0 0 -500 0
463 1
1 13 0 0 0 0 2.06206 0 2.17897 3.00186 0.10566 0 0 -500 0
464 1
1 13 0 0 0 0 2.11422 0 2.1284 3.00186 0.10566 0 0 -500 0
465 1
1 13 0 0 0 0 1.96153 0 2.26989 3.00186 0.10566 0 0 -500 0
466 1
1 13 0 0 0 0 2.09402 0 2.14827 3.00186 0.10566 0 0 -500 0
467 1
1 13 0 0 0 0 2.09978 0 2.14265 3.00186 0.10566 0 0 -500 0
468 1
1 13 0 0 0 0 2.05781 0 2.18298 3.00186 0.10566 0 0 -500 0
469 1
1 13 0 0 0 0 1.96546 0 2.26649 3.00186 0.10566 0 0 -500 0
470 1
1 13 0 0 0 0 2.04727 0 2.19287 3.00186 0.10566 0 0 -500 0
471 1
1 13 0 0 0 0 2.04845 0 2.19177 3.00186 0.10566 0 0 -500 0
472 1
1 13 0 0 0 0 2.06982 0 2.1716 3.00186 0.10566 0 0 -500 0
473 1
1 13 0 0 0 0 1.94997 0 2.27982 3.00186 0.10566 0 0 -500 0
474 1
1 13 0 0 0 0 2.1148 0 2.12782 3.00186 0.10566 0 0 -500 0
475 1
1 13 0 0 0 0 2.03241 0 2.20665 3.00186 0.10566 0 0 -500 0
476 1
1 13 0 0 0 0 2.11791 0 2.12473 3.00186 0.10566 0 0 -500 0
477 1
1 13 0 0 0 0 2.09568 0 2.14665 3.00186 0.10566 0 0 -500 0
478 1
1 13 0 0 0 0 2.00675 0 2.23001 3.00186 0.10566 0 0 -500 0
479 1
1 13 0 0 0 0 1.9396 0 2.28865 3.00186 0.10566 0 0 -500 0
480 1
1 13 0 0 0 0 1.96366 0 2.26804 3.00186 0.10566 0 0 -500 0
481 1
1 13 0 0 0 0 2.07412 0 2.1675 3.00186 0.10566 0 0 -500 0
482 1
1 13 0 0 0 0 2.11746 0 2.12518 3.00186 0.10566 0 0 -500 0
483 1
1 13 0 0 0 0 2.01019 0 2.22691 3.00186 0.10566 0 0 -500 0
484 1
1 13 0 0 0 0 2.04354 0 2.19634 3.00186 0.10566 0 0 -500 0
485 1
1 13 0 0 0 0 2.06197 0 2.17905 3.00186 0.10566 0 0 -500 0
486 1
1 13 0 0 0 0 1.93129 0 2.29567 3.00186 0.10566 0 0 -500 0
487 1
1 13 0 0 0 0 2.06432 0 2.17683 3.00186 0.10566 0 0 -500 0
488 1
1 13 0 0 0 0 2.08707 0 2.15503 3.00186 0.10566 0 0 -500 0
489 1
1 13 0 0 0 0 1.94897 0 2.28068 3.00186 0.10566 0 0 -500 0
490 1
1 13 0 0 0 0 2.07663 0 2.16509 3.00186 0.10566 0 0 -500 0
491 1
1 13 0 0 0 0 2.1149 0 2.12772 3.00186 0.10566 0 0 -500 0
492 1
1 13 0 0 0 0 1.94331 0 2.28551 3.00186 0.10566 0 0 -500 0
493 1
1 13 0 0 0 0 2.01255 0 2.22478 3.00186 0.10566 0 0 -500 0
494 1
1 13 0 0 0 0 2.07133 0 2.17016 3.00186 0.10566 0 0 -500 0
495 1
1 13 0 0 0 0 1.97659 0 2.25679 3.00186 0.10566 0 0 -500 0
496 1
1 13 0 0 0 0 2.07212 0 2.16941 3.00186 0.10566 0 0 -500 0
497 1
1 13 0 0 0 0 1.95153 0 2.27849 3.00186 0.10566 0 0 -500 0
498 1
1 13 0 0 0 0 2.10169 0 2.14078 3.00186 0.10566 0 0 -500 0
499 1
1 13 0 0 0 0 1.94252 0 2.28618 3.00186 0.10566 0 0 -500 0
500 1
1 13 0 0 0 0 2.00068 0 2.23546 3.00186 0.10566 0 0 -500 0
501 1
1 13 0 0 0 0 1.97696 0 2.25647 3.00186 0.10566 0 0 -500 0
502 1
1 13 0 0 0 0 2.08393 0 2.15806 3.00186 0.10566 0 0 -500 0
503 1
1 13 0 0 0 0 2.05627 0 2.18443 3.00186 0.10566 0 0 -500 0
504 1
1 13 0 0 0 0 2.04131 0 2.19842 3.00186 0.10566 0 0 -500 0
505 1
1 13 0 0 0 0 2.04569 0 2.19434 3.00186 0.10566 0 0 -500 0
506 1
1 13 0 0 0 0 1.98379 0 2.25047 3.00186 0.10566 0 0 -500 0
507 1
1 13 0 0 0 0 2.05696 0 2.18378 3.00186 0.10566 0 0 -500 0
508 1
1 13 0 0 0 0 2.11952 0 2.12312 3.00186 0.10566 0 0 -500 0
509 1
1 13 0 0 0 0 1.93164 0 2.29538 3.00186 0.10566 0 0 -500 0
510 1
1 13 0 0 0 0 1.93729 0 2.29061 3.00186 0.10566 0 0 -500 0
511 1
1 13 0 0 0 0 2.12056 0 2.12208 3.00186 0.10566 0 0 -500 0
512 1
1 13 0 0 0 0 2.02865 0 2.21011 3.00186 0.10566 0 0 -500 0
513 1
1 13 0 0 0 0 2.00167 0 2.23458 3.00186 0.10566 0 0 -500 0
514 1
1 13 0 0 0 0 1.98529 0 2.24914 3.00186 0.10566 0 0 -500 0
515 1
1 13 0 0 0 0 2.10441 0 2.1381 3.00186 0.10566 0 0 -500 0
516 1
1 13 0 0 0 0 2.04044 0 2.19923 3.00186 0.10566 0 0 -500 0
517 1
1 13 0 0 0 0 2.05698 0 2.18376 3.00186 0.10566 0 0 -500 0
518 1
1 13 0 0 0 0 2.11312 0 2.12949 3.00186 0.10566 0 0 -500 0
519 1
1 13 0 0 0 0 2.04112 0 2.1986 3.00186 0.10566 0 0 -500 0
520 1
1 13 0 0 0 0 1.98237 0 2.25171 3.00186 0.10566 0 0 -500 0
521 1
1 13 0 0 0 0 2.05065 0 2.18971 3.00186 0.10566 0 0 -500 0
522 1
1 13 0 0 0 0 2.0899 0 2.15228 3.00186 0.10566 0 0 -500 0
523 1
1 13 0 0 0 0 2.00881 0 2.22815 3.00186 0.10566 0 0 -500 0
524 1
1 13 0 0 0 0 1.98696 0 2.24767 3.00186 0.10566 0 0 -500 0
525 1
1 13 0 0 0 0 2.02393 0 2.21443 3.00186 0.10566 0 0 -500 0
526 1
1 13 0 0 0 0 2.05052 0 2.18983 3.00186 0.10566 0 0 -500 0
527 1
1 13 0 0 0 0 2.03967 0 2.19995 3.00186 0.10566 0 0 -500 0
528 1
1 13 0 0 0 0 1.99209 0 2.24312 3.00186 0.10566 0 0 -500 0
529 1
1 13 0 0 0 0 2.07121 0 2.17028 3.00186 0.10566 0 0 -500 0
530 1
1 13 0 0 0 0 2.03546 0 2.20384 3.00186 0.10566 0 0 -500 0
531 1
1 13 0 0 0 0 1.96081 0 2.27051 3.00186 0.10566 0 0 -500 0
532 1
1 13 0 0 0 0 1.95436 0 2.27607 3.00186 0.10566 0 0 -500 0
533 1
1 13 0 0 0 0 1.97988 0 2.2539 3.00186 0.10566 0 0 -500 0
534 1
1 13 0 0 0 0 2.07017 0 2.17127 3.00186 0.10566 0 0 -500 0
535 1
1 13 0 0 0 0 2.02207 0 2.21613 3.00186 0.10566 0 0 -500 0
536 1
1 13 0 0 0 0 2.10898 0 2.13359 3.00186 0.10566 0 0 -500 0
537 1
1 13 0 0 0 0 2.11029 0 2.1323 3.00186 0.10566 0 0 -500 0
538 1
1 13 0 0 0 0 1.95582 0 2.27481 3.00186 0.10566 0 0 -500 0
539 1
1 13 0 0 0 0 1.96332 0 2.26834 3.00186 0.10566 0 0 -500 0
540 1
1 13 0 0 0 0 2.04857 0 2.19166 3.00186 0.10566 0 0 -500 0
541 1
1 13 0 0 0 0 1.94021 0 2.28814 3.00186 0.10566 0 0 -500 0
542 1
1 13 0 0 0 0 1.98444 0 2.24989 3.00186 0.10566 0 0 -500 0
543 1
1 13 0 0 0 0 2.01089 0 2.22628 3.00186 0.10566 0 0 -500 0
544 1
1 13 0 0 0 0 2.12056 0 2.12208 3.00186 0.10566 0 0 -500 0
545 1
1 13 0 0 0 0 2.01255 0 2.22478 3.00186 0.10566 0 0 -500 0
546 1
1 13 0 0 0 0 1.95703 0 2.27377 3.00186 0.10566 0 0 -500 0
547 1
1 13 0 0 0 0 2.02649 0 2.21209 3.00186 0.10566 0 0 -500 0
548 1
1 13 0 0 0 0 2.02641 0 2.21216 3.00186 0.10566 0 0 -500 0
549 1
1 13 0 0 0 0 2.09839 0 2.144 3.00186 0.10566 0 0 -500 0
550 1
1 13 0 0 0 0 1.9702 0 2.26237 3.00186 0.10566 0 0 -500 0
551 1
1 13 0 0 0 0 2.061 0 2.17997 3.00186 0.10566 0 0 -500 0
552 1
1 13 0 0 0 0 2.06309 0 2.178 3.00186 0.10566 0 0 -500 0
553 1
1 13 0 0 0 0 2.09428 0 2.14802 3.00186 0.10566 0 0 -500 0
554 1
1 13 0 0 0 0 2.1127 0 2.12991 3.00186 0.10566 0 0 -500 0
555 1
1 13 0 0 0 0 2.0706 0 2.17086 3.00186 0.10566 0 0 -500 0
556 1
1 13 0 0 0 0 1.93679 0 2.29103 3.00186 0.10566 0 0 -500 0
557 1
1 13 0 0 0 0 1.98698 0 2.24765 3.00186 0.10566 0 0 -500 0
558 1
1 13 0 0 0 0 1.93847 0 2.28961 3.00186 0.10566 0 0 -500 0
559 1
1 13 0 0 0 0 2.10804 0 2.13452 3.00186 0.10566 0 0 -500 0
560 1
1 13 0 0 0 0 2.11696 0 2.12567 3.00186 0.10566 0 0 -500 0
561 1
1 13 0 0 0 0 1.97304 0 2.25989 3.00186 0.10566 0 0 -500 0
562 1
1 13 0 0 0 0 2.08455 0 2.15746 3.00186 0.10566 0 0 -500 0
563 1
1 13 0 0 0 0 1.94359 0 2.28527 3.00186 0.10566 0 0 -500 0
564 1
1 13 0 0 0 0 2.00568 0 2.23097 3.00186 0.10566 0 0 -500 0
565 1
1 13 0 0 0 0 2.06253 0 2.17853 3.00186 0.10566 0 0 -500 0
566 1
1 13 0 0 0 0 2.05096 0 2.18942 3.00186 0.10566 0 0 -500 0
567 1
1 13 0 0 0 0 2.08054 0 2.16133 3.00186 0.10566 0 0 -500 0
568 1
1 13 0 0 0 0 2.00076 0 2.23539 3.00186 0.10566 0 0 -500 0
569 1
1 13 0 0 0 0 1.96771 0 2.26453 3.00186 0.10566 0 0 -500 0
570 1
1 13 0 0 0 0 1.93288 0 2.29433 3.00186 0.10566 0 0 -500 0
571 1
1 13 0 0 0 0 1.97354 0 2.25945 3.00186 0.10566 0 0 -500 0
572 1
1 13 0 0 0 0 1.9889 0 2.24595 3.00186 0.10566 0 0 -500 0
573 1
1 13 0 0 0 0 2.05474 0 2.18588 3.00186 0.10566 0 0 -500 0
574 1
1 13 0 0 0 0 2.02342 0 2.21489 3.00186 0.10566 0 0 -500 0
575 1
1 13 0 0 0 0 2.01557 0 2.22204 3.00186 0.10566 0 0 -500 0
576 1
1 13 0 0 0 0 2.05237 0 2.1881 3.00186 0.10566 0 0 -500 0
577 1
1 13 0 0 0 0 1.97057 0 2.26205 3.00186 0.10566 0 0 -500 0
578 1
1 13 0 0 0 0 1.95561 0 2.27499 3.00186 0.10566 0 0 -500 0
579 1
1 13 0 0 0 0 1.98662 0 2.24796 3.00186 0.10566 0 0 -500 0
580 1
1 13 0 0 0 0 1.94352 0 2.28533 3.00186 0.10566 0 0 -500 0
581 1
1 13 0 0 0 0 1.93757 0 2.29037 3.00186 0.10566 0 0 -500 0
582 1
1 13 0 0 0 0 1.95778 0 2.27312 3.00186 0.10566 0 0 -500 0
583 1
1 13 0 0 0 0 2.03533 0 2.20395 3.00186 0.10566 0 0 -500 0
584 1
1 13 0 0 0 0 1.98503 0 2.24936 3.00186 0.10566 0 0 -500 0
585 1
1 13 0 0 0 0 2.09909 0 2.14332 3.00186 0.10566 0 0 -500 0
586 1
1 13 0 0 0 0 2.08707 0 2.15503 3.00186 0.10566 0 0 -500 0
587 1
1 13 0 0 0 0 2.07039 0 2.17106 3.00186 0.10566 0 0 -500 0
588 1
1 13 0 0 0 0 2.11898 0 2.12365 3.00186 0.10566 0 0 -500 0
589 1
1 13 0 0 0 0 1.99709 0 2.23867 3.00186 0.10566 0 0 -500 0
590 1
1 13 0 0 0 0 2.08348 0 2.1585 3.00186 0.10566 0 0 -500 0
591 1
1 13 0 0 0 0 2.11693 0 2.1257 3.00186 0.10566 0 0 -500 0
592 1
1 13 0 0 0 0 2.0015 0 2.23473 3.00186 0.10566 0 0 -500 0
593 1
1 13 0 0 0 0 2.09767 0 2.14471 3.00186 0.10566 0 0 -500 0
594 1
1 13 0 0 0 0 1.98292 0 2.25123 3.00186 0.10566 0 0 -500 0
595 1
1 13 0 0 0 0 1.9399 0 2.2884 3.00186 0.10566 0 0 -500 0
596 1
1 13 0 0 0 0 2.04155 0 2.19819 3.00186 0.10566 0 0 -500 0
597 1
1 13 0 0 0 0 2.04165 0 2.19811 3.00186 0.10566 0 0 -500 0
598 1
1 13 0 0 0 0 2.10847 0 2.13409 3.00186 0.10566 0 0 -500 0
599 1
1 13 0 0 0 0 2.05542 0 2.18524 3.00186 0.10566 0 0 -500 0
600 1
1 13 0 0 0 0 1.95125 0 2.27873 3.00186 0.10566 0 0 -500 0
601 1
1 13 0 0 0 0 2.08657 0 2.15552 3.00186 0.10566 0 0 -500 0
602 1
1 13 0 0 0 0 2.02945 0 2.20938 3.00186 0.10566 0 0 -500 0
603 1
1 13 0 0 0 0 2.06755 0 2.17376 3.00186 0.10566 0 0 -500 0
604 1
1 13 0 0 0 0 1.92876 0 2.2978 3.00186 0.10566 0 0 -500 0
605 1
1 13 0 0 0 0 2.08004 0 2.16182 3.00186 0.10566 0 0 -500 0
606 1
1 13 0 0 0 0 2.11135 0 2.13125 3.00186 0.10566 0 0 -500 0
607 1
1 13 0 0 0 0 2.01998 0 2.21803 3.00186 0.10566 0 0 -500 0
608 1
1 13 0 0 0 0 1.93655 0 2.29124 3.00186 0.10566 0 0 -500 0
609 1
1 13 0 0 0 0 2.05474 0 2.18587 3.00186 0.10566 0 0 -500 0
610 1
1 13 0 0 0 0 2.0573 0 2.18347 3.00186 0.10566 0 0 -500 0
611 1
1 13 0 0 0 0 2.02691 0 2.21171 3.00186 0.10566 0 0 -500 0
612 1
1 13 0 0 0 0 2.05339 0 2.18714 3.00186 0.10566 0 0 -500 0
613 1
1 13 0 0 0 0 2.00846 0 2.22847 3.00186 0.10566 0 0 -500 0
614 1
1 13 0 0 0 0 2.03831 0 2.2012 3.00186 0.10566 0 0 -500 0
615 1
1 13 0 0 0 0 2.11177 0 2.13083 3.00186 0.10566 0 0 -500 0
616 1
1 13 0 0 0 0 2.0098 0 2.22726 3.00186 0.10566 0 0 -500 0
617 1
1 13 0 0 0 0 2.06319 0 2.1779 3.00186 0.10566 0 0 -500 0
618 1
1 13 0 0 0 0 1.93688 0 2.29096 3.00186 0.10566 0 0 -500 0
619 1
1 13 0 0 0 0 2.053 0 2.1875 3.00186 0.10566 0 0 -500 0
620 1
1 13 0 0 0 0 1.98889 0 2.24596 3.00186 0.10566 0 0 -500 0
621 1
1 13 0 0 0 0 2.07379 0 2.1678 3.00186 0.10566 0 0 -500 0
622 1
1 13 0 0 0 0 1.94055 0 2.28785 3.00186 0.10566 0 0 -500 0
623 1
1 13 0 0 0 0 1.94543 0 2.2837 3.00186 0.10566 0 0 -500 0
624 1
1 13 0 0 0 0 2.08395 0 2.15804 3.00186 0.10566 0 0 -500 0
625 1
1 13 0 0 0 0 2.05193 0 2.18852 3.00186 0.10566 0 0 -500 0
626 1
1 13 0 0 0 0 2.11472 0 2.1279 3.00186 0.10566 0 0 -500 0
627 1
1 13 0 0 0 0 2.05925 0 2.18162 3.00186 0.10566 0 0 -500 0
628 1
1 13 0 0 0 0 2.09347 0 2.14881 3.00186 0.10566 0 0 -500 0
629 1
1 13 0 0 0 0 2.05025 0 2.19009 3.00186 0.10566 0 0 -500 0
630 1
1 13 0 0 0 0 1.97146 0 2.26128 3.00186 0.10566 0 0 -500 0
631 1
1 13 0 0 0 0 2.04676 0 2.19335 3.00186 0.10566 0 0 -500 0
632 1
1 13 0 0 0 0 1.93684 0 2.291 3.00186 0.10566 0 0 -500 0
633 1
1 13 0 0 0 0 2.10888 0 2.13369 3.00186 0.10566 0 0 -500 0
634 1
1 13 0 0 0 0 1.95962 0 2.27154 3.00186 0.10566 0 0 -500 0
635 1
1 13 0 0 0 0 2.04335 0 2.19652 3.00186 0.10566 0 0 -500 0
636 1
1 13 0 0 0 0 1.93393 0 2.29345 3.00186 0.10566 0 0 -500 0
637 1
1 13 0 0 0 0 2.07783 0 2.16394 3.00186 0.10566 0 0 -500 0
638 1
1 13 0 0 0 0 2.00202 0 2.23426 3.00186 0.10566 0 0 -500 0
639 1
1 13 0 0 0 0 2.06216 0 2.17888 3.00186 0.10566 0 0 -500 0
640 1
1 13 0 0 0 0 1.97711 0 2.25634 3.00186 0.10566 0 0 -500 0
641 1
1 13 0 0 0 0 1.99172 0 2.24345 3.00186 0.10566 0 0 -500 0
642 1
1 13 0 0 0 0 1.95568 0 2.27494 3.00186 0.10566 0 0 -500 0
643 1
1 13 0 0 0 0 1.99332 0 2.24202 3.00186 0.10566 0 0 -500 0
644 1
1 13 0 0 0 0 1.98169 0 2.25231 3.00186 0.10566 0 0 -500 0
645 1
1 13 0 0 0 0 1.93859 0 2.28952 3.00186 0.10566 0 0 -500 0
646 1
1 13 0 0 0 0 2.02395 0 2.21441 3.00186 0.10566 0 0 -500 0
647 1
1 13 0 0 0 0 2.07852 0 2.16327 3.00186 0.10566 0 0 -500 0
648 1
1 13 0 0 0 0 2.11083 0 2.13176 3.00186 0.10566 0 0 -500 0
649 1
1 13 0 0 0 0 2.05666 0 2.18407 3.00186 0.10566 0 0 -500 0
650 1
1 13 0 0 0 0 1.98312 0 2.25105 3.00186 0.10566 0 0 -500 0
651 1
1 13 0 0 0 0 1.97764 0 2.25587 3.00186 0.10566 0 0 -500 0
652 1
1 13 0 0 0 0 2.06944 0 2.17196 3.00186 0.10566 0 0 -500 0
653 1
1 13 0 0 0 0 2.05585 0 2.18483 3.00186 0.10566 0 0 -500 0
654 1
1 13 0 0 0 0 2.10025 0 2.14219 3.00186 0.10566 0 0 -500 0
655 1
1 13 0 0 0 0 1.99472 0 2.24078 3.00186 0.10566 0 0 -500 0
656 1
1 13 0 0 0 0 2.09444 0 2.14787 3.00186 0.10566 0 0 -500 0
657 1
1 13 0 0 0 0 1.98204 0 2.252 3.00186 0.10566 0 0 -500 0
658 1
1 13 0 0 0 0 1.95906 0 2.27203 3.00186 0.10566 0 0 -500 0
659 1
1 13 0 0 0 0 2.06011 0 2.18081 3.00186 0.10566 0 0 -500 0
660 1
1 13 0 0 0 0 2.11409 0 2.12852 3.00186 0.10566 0 0 -500 0
661 1
1 13 0 0 0 0 1.94282 0 2.28593 3.00186 0.10566 0 0 -500 0
662 1
1 13 0 0 0 0 2.0119 0 2.22537 3.00186 0.10566 0 0 -500 0
663 1
1 13 0 0 0 0 2.09905 0 2.14336 3.00186 0.10566 0 0 -500 0
664 1
1 13 0 0 0 0 2.01357 0 2.22386 3.00186 0.10566 0 0 -500 0
665 1
1 13 0 0 0 0 1.93279 0 2.29441 3.00186 0.10566 0 0 -500 0
666 1
1 13 0 0 0 0 1.95678 0 2.27399 3.00186 0.10566 0 0 -500 0
667 1
1 13 0 0 0 0 1.94046 0 2.28793 3.00186 0.10566 0 0 -500 0
668 1
1 13 0 0 0 0 1.9988 0 2.23714 3.00186 0.10566 0 0 -500 0
669 1
1 13 0 0 0 0 2.0771 0 2.16464 3.00186 0.10566 0 0 -500 0
670 1
1 13 0 0 0 0 1.95947 0 2.27166 3.00186 0.10566 0 0 -500 0
671 1
1 13 0 0 0 0 2.02317 0 2.21513 3.00186 0.10566 0 0 -500 0
672 1
1 13 0 0 0 0 1.96549 0 2.26647 3.00186 0.10566 0 0 -500 0
673 1
1 13 0 0 0 0 2.01499 0 2.22257 3.00186 0.10566 0 0 -500 0
674 1
1 13 0 0 0 0 1.95322 0 2.27705 3.00186 0.10566 0 0 -500 0
675 1
1 13 0 0 0 0 2.11005 0 2.13253 3.00186 0.10566 0 0 -500 0
676 1
1 13 0 0 0 0 2.07163 0 2.16988 3.00186 0.10566 0 0 -500 0
677 1
1 13 0 0 0 0 2.02683 0 2.21177 3.00186 0.10566 0 0 -500 0
678 1
1 13 0 0 0 0 2.10262 0 2.13986 3.00186 0.10566 0 0 -500 0
679 1
1 13 0 0 0 0 1.97526 0 2.25795 3.00186 0.10566 0 0 -500 0
680 1
1 13 0 0 0 0 2.08572 0 2.15633 3.00186 0.10566 0 0 -500 0
681 1
1 13 0 0 0 0 2.10765 0 2.1349 3.00186 0.10566 0 0 -500 0
682 1
1 13 0 0 0 0 1.99581 0 2.23981 3.00186 0.10566 0 0 -500 0
683 1
1 13 0 0 0 0 2.00582 0 2.23085 3.00186 0.10566 0 0 -500 0
684 1
1 13 0 0 0 0 2.01498 0 2.22258 3.00186 0.10566 0 0 -500 0
685 1
1 13 0 0 0 0 2.08159 0 2.16032 3.00186 0.10566 0 0 -500 0
686 1
1 13 0 0 0 0 2.09635 0 2.146 3.00186 0.10566 0 0 -500 0
687 1
1 13 0 0 0 0 1.95946 0 2.27168 3.00186 0.10566 0 0 -500 0
688 1
1 13 0 0 0 0 2.01284 0 2.22452 3.00186 0.10566 0 0 -500 0
689 1
1 13 0 0 0 0 2.04286 0 2.19698 3.00186 0.10566 0 0 -500 0
690 1
1 13 0 0 0 0 2.08775 0 2.15437 3.00186 0.10566 0 0 -500 0
691 1
1 13 0 0 0 0 1.95566 0 2.27495 3.00186 0.10566 0 0 -500 0
692 1
1 13 0 0 0 0 1.97541 0 2.25782 3.00186 0.10566 0 0 -500 0
693 1
1 13 0 0 0 0 2.02345 0 2.21487 3.00186 0.10566 0 0 -500 0
694 1
1 13 0 0 0 0 2.09426 0 2.14804 3.00186 0.10566 0 0 -500 0
695 1
1 13 0 0 0 0 2.00111 0 2.23508 3.00186 0.10566 0 0 -500 0
696 1
1 13 0 0 0 0 1.99603 0 2.23962 3.00186 0.10566 0 0 -500 0
697 1
1 13 0 0 0 0 1.96746 0 2.26476 3.00186 0.10566 0 0 -500 0
698 1
1 13 0 0 0 0 2.06115 0 2.17983 3.00186 0.10566 0 0 -500 0
699 1
1 13 0 0 0 0 2.09293 0 2.14934 3.00186 0.10566 0 0 -500 0
700 1
1 13 0 0 0 0 1.96787 0 2.2644 3.00186 0.10566 0 0 -500 0
701 1
1 13 0 0 0 0 1.99531 0 2.24025 3.00186 0.10566 0 0 -500 0
702 1
1 13 0 0 0 0 1.96358 0 2.26812 3.00186 0.10566 0 0 -500 0
703 1
1 13 0 0 0 0 1.96004 0 2.27117 3.00186 0.10566 0 0 -500 0
704 1
1 13 0 0 0 0 1.93359 0 2.29373 3.00186 0.10566 0 0 -500 0
705 1
1 13 0 0 0 0 1.9388 0 2.28933 3.00186 0.10566 0 0 -500 0
706 1
1 13 0 0 0 0 1.96079 0 2.27053 3.00186 0.10566 0 0 -500 0
707 1
1 13 0 0 0 0 2.03415 0 2.20505 3.00186 0.10566 0 0 -500 0
708 1
1 13 0 0 0 0 2.03166 0 2.20734 3.00186 0.10566 0 0 -500 0
709 1
1 13 0 0 0 0 2.07313 0 2.16844 3.00186 0.10566 0 0 -500 0
710 1
1 13 0 0 0 0 1.95018 0 2.27965 3.00186 0.10566 0 0 -500 0
711 1
1 13 0 0 0 0 2.12042 0 2.12222 3.00186 0.10566 0 0 -500 0
712 1
1 13 0 0 0 0 2.03396 0 2.20522 3.00186 0.10566 0 0 -500 0
713 1
1 13 0 0 0 0 2.02385 0 2.21451 3.00186 0.10566 0 0 -500 0
714 1
1 13 0 0 0 0 1.96593 0 2.26608 3.00186 0.10566 0 0 -500 0
715 1
1 13 0 0 0 0 1.94927 0 2.28042 3.00186 0.10566 0 0 -500 0
716 1
1 13 0 0 0 0 2.10357 0 2.13893 3.00186 0.10566 0 0 -500 0
717 1
1 13 0 0 0 0 1.95194 0 2.27814 3.00186 0.10566 0 0 -500 0
718 1
1 13 0 0 0 0 2.10774 0 2.13482 3.00186 0.10566 0 0 -500 0
719 1
1 13 0 0 0 0 2.04341 0 2.19647 3.00186 0.10566 0 0 -500 0
720 1
1 13 0 0 0 0 2.10754 0 2.13501 3.00186 0.10566 0 0 -500 0
721 1
1 13 0 0 0 0 2.09535 0 2.14698 3.00186 0.10566 0 0 -500 0
722 1
1 13 0 0 0 0 1.95592 0 2.27473 3.00186 0.10566 0 0 -500 0
723 1
1 13 0 0 0 0 2.09954 0 2.14288 3.00186 0.10566 0 0 -500 0
724 1
1 13 0 0 0 0 2.00099 0 2.23518 3.00186 0.10566 0 0 -500 0
725 1
1 13 0 0 0 0 2.10163 0 2.14083 3.00186 0.10566 0 0 -500 0
726 1
1 13 0 0 0 0 2.11786 0 2.12477 3.00186 0.10566 0 0 -500 0
727 1
1 13 0 0 0 0 2.07744 0 2.16431 3.00186 0.10566 0 0 -500 0
728 1
1 13 0 0 0 0 1.97312 0 2.25982 3.00186 0.10566 0 0 -500 0
729 1
1 13 0 0 0 0 2.11526 0 2.12736 3.00186 0.10566 0 0 -500 0
730 1
1 13 0 0 0 0 2.09999 0 2.14244 3.00186 0.10566 0 0 -500 0
731 1
1 13 0 0 0 0 2.11296 0 2.12965 3.00186 0.10566 0 0 -500 0
732 1
1 13 0 0 0 0 2.11835 0 2.12429 3.00186 0.10566 0 0 -500 0
733 1
1 13 0 0 0 0 2.02645 0 2.21212 3.00186 0.10566 0 0 -500 0
734 1
1 13 0 0 0 0 1.95381 0 2.27654 3.00186 0.10566 0 0 -500 0
735 1
1 13 0 0 0 0 1.96387 0 2.26787 3.00186 0.10566 0 0 -500 0
736 1
1 13 0 0 0 0 2.10278 0 2.1397 3.00186 0.10566 0 0 -500 0
737 1
1 13 0 0 0 0 1.99255 0 2.24271 3.00186 0.10566 0 0 -500 0
738 1
1 13 0 0 0 0 2.11374 0 2.12888 3.00186 0.10566 0 0 -500 0
739 1
1 13 0 0 0 0 2.06325 0 2.17784 3.00186 0.10566 0 0 -500 0
740 1
1 13 0 0 0 0 1.99024 0 2.24476 3.00186 0.10566 0 0 -500 0
741 1
1 13 0 0 0 0 2.0607 0 2.18026 3.00186 0.10566 0 0 -500 0
742 1
1 13 0 0 0 0 1.94636 0 2.28291 3.00186 0.10566 0 0 -500 0
743 1
1 13 0 0 0 0 2.05184 0 2.1886 3.00186 0.10566 0 0 -500 0
744 1
1 13 0 0 0 0 1.98854 0 2.24627 3.00186 0.10566 0 0 -500 0
745 1
1 13 0 0 0 0 2.05514 0 2.1855 3.00186 0.10566 0 0 -500 0
746 1
1 13 0 0 0 0 2.10693 0 2.13561 3.00186 0.10566 0 0 -500 0
747 1
1 13 0 0 0 0 2.07161 0 2.16989 3.00186 0.10566 0 0 -500 0
748 1
1 13 0 0 0 0 2.03042 0 2.20849 3.00186 0.10566 0 0 -500 0
749 1
1 13 0 0 0 0 2.04374 0 2.19616 3.00186 0.10566 0 0 -500 0
750 1
1 13 0 0 0 0 2.08689 0 2.1552 3.00186 0.10566 0 0 -500 0
751 1
1 13 0 0 0 0 1.96301 0 2.26861 3.00186 0.10566 0 0 -500 0
752 1
1 13 0 0 0 0 2.00658 0 2.23016 3.00186 0.10566 0 0 -500 0
753 1
1 13 0 0 0 0 2.04842 0 2.1918 3.00186 0.10566 0 0 -500 0
754 1
1 13 0 0 0 0 2.08526 0 2.15678 3.00186 0.10566 0 0 -500 0
755 1
1 13 0 0 0 0 2.10026 0 2.14217 3.00186 0.10566 0 0 -500 0
756 1
1 13 0 0 0 0 2.09567 0 2.14666 3.00186 0.10566 0 0 -500 0
757 1
1 13 0 0 0 0 2.10961 0 2.13297 3.00186 0.10566 0 0 -500 0
758 1
1 13 0 0 0 0 1.97269 0 2.26019 3.00186 0.10566 0 0 -500 0
759 1
1 13 0 0 0 0 2.11978 0 2.12286 3.00186 0.10566 0 0 -500 0
760 1
1 13 0 0 0 0 2.05434 0 2.18625 3.00186 0.10566 0 0 -500 0
761 1
1 13 0 0 0 0 1.96296 0 2.26865 3.00186 0.10566 0 0 -500 0
762 1
1 13 0 0 0 0 2.09276 0 2.1495 3.00186 0.10566 0 0 -500 0
763 1
1 13 0 0 0 0 2.10773 0 2.13483 3.00186 0.10566 0 0 -500 0
764 1
1 13 0 0 0 0 1.98328 0 2.25091 3.00186 0.10566 0 0 -500 0
765 1
1 13 0 0 0 0 1.97205 0 2.26076 3.00186 0.10566 0 0 -500 0
766 1
1 13 0 0 0 0 1.99913 0 2.23685 3.00186 0.10566 0 0 -500 0
767 1
1 13 0 0 0 0 2.03843 0 2.20109 3.00186 0.10566 0 0 -500 0
768 1
1 13 0 0 0 0 1.98191 0 2.25211 3.00186 0.10566 0 0 -500 0
769 1
1 13 0 0 0 0 1.96362 0 2.26808 3.00186 0.10566 0 0 -500 0
770 1
1 13 0 0 0 0 2.0709 0 2.17057 3.00186 0.10566 0 0 -500 0
771 1
1 13 0 0 0 0 1.9919 0 2.24329 3.00186 0.10566 0 0 -500 0
772 1
1 13 0 0 0 0 1.97211 0 2.2607 3.00186 0.10566 0 0 -500 0
773 1
1 13 0 0 0 0 2.02431 0 2.21408 3.00186 0.10566 0 0 -500 0
774 1
1 13 0 0 0 0 2.07491 0 2.16674 3.00186 0.10566 0 0 -500 0
775 1
1 13 0 0 0 0 2.05324 0 2.18728 3.00186 0.10566 0 0 -500 0
776 1
1 13 0 0 0 0 2.0463 0 2.19378 3.00186 0.10566 0 0 -500 0
777 1
1 13 0 0 0 0 2.00626 0 2.23045 3.00186 0.10566 0 0 -500 0
778 1
1 13 0 0 0 0 1.98734 0 2.24733 3.00186 0.10566 0 0 -500 0
779 1
1 13 0 0 0 0 2.00885 0 2.22812 3.00186 0.10566 0 0 -500 0
780 1
1 13 0 0 0 0 2.04259 0 2.19723 3.00186 0.10566 0 0 -500 0
781 1
1 13 0 0 0 0 2.02512 0 2.21334 3.00186 0.10566 0 0 -500 0
782 1
1 13 0 0 0 0 2.1178 0 2.12484 3.00186 0.10566 0 0 -500 0
783 1
1 13 0 0 0 0 2.0247 0 2.21373 3.00186 0.10566 0 0 -500 0
784 1
1 13 0 0 0 0 2.09338 0 2.1489 3.00186 0.10566 0 0 -500 0
785 1
1 13 0 0 0 0 1.94244 0 2.28624 3.00186 0.10566 0 0 -500 0
786 1
1 13 0 0 0 0 2.00999 0 2.22709 3.00186 0.10566 0 0 -500 0
787 1
1 13 0 0 0 0 2.0637 0 2.17742 3.00186 0.10566 0 0 -500 0
788 1
1 13 0 0 0 0 2.00895 0 2.22803 3.00186 0.10566 0 0 -500 0
789 1
1 13 0 0 0 0 2.06796 0 2.17337 3.00186 0.10566 0 0 -500 0
790 1
1 13 0 0 0 0 2.04329 0 2.19658 3.00186 0.10566 0 0 -500 0
791 1
1 13 0 0 0 0 1.98568 0 2.2488 3.00186 0.10566 0 0 -500 0
792 1
1 13 0 0 0 0 2.11944 0 2.1232 3.00186 0.10566 0 0 -500 0
793 1
1 13 0 0 0 0 2.09236 0 2.14989 3.00186 0.10566 0 0 -500 0
794 1
1 13 0 0 0 0 2.09601 0 2.14633 3.00186 0.10566 0 0 -500 0
795 1
1 13 0 0 0 0 2.02767 0 2.211 3.00186 0.10566 0 0 -500 0
796 1
1 13 0 0 0 0 2.08586 0 2.15619 3.00186 0.10566 0 0 -500 0
797 1
1 13 0 0 0 0 2.08226 0 2.15968 3.00186 0.10566 0 0 -500 0
798 1
1 13 0 0 0 0 2.11941 0 2.12323 3.00186 0.10566 0 0 -500 0
799 1
1 13 0 0 0 0 2.10786 0 2.13469 3.00186 0.10566 0 0 -500 0
800 1
1 13 0 0 0 0 2.00431 0 2.23221 3.00186 0.10566 0 0 -500 0
801 1
1 13 0 0 0 0 2.08259 0 2.15936 3.00186 0.10566 0 0 -500 0
802 1
1 13 0 0 0 0 2.0397 0 2.19992 3.00186 0.10566 0 0 -500 0
803 1
1 13 0 0 0 0 2.02824 0 2.21048 3.00186 0.10566 0 0 -500 0
804 1
1 13 0 0 0 0 1.96432 0 2.26747 3.00186 0.10566 0 0 -500 0
805 1
1 13 0 0 0 0 1.93397 0 2.29342 3.00186 0.10566 0 0 -500 0
806 1
1 13 0 0 0 0 2.12051 0 2.12213 3.00186 0.10566 0 0 -500 0
807 1
1 13 0 0 0 0 2.0196 0 2.21839 3.00186 0.10566 0 0 -500 0
808 1
1 13 0 0 0 0 1.98865 0 2.24617 3.00186 0.10566 0 0 -500 0
809 1
1 13 0 0 0 0 2.11271 0 2.12989 3.00186 0.10566 0 0 -500 0
810 1
1 13 0 0 0 0 1.95887 0 2.27218 3.00186 0.10566 0 0 -500 0
811 1
1 13 0 0 0 0 1.97616 0 2.25717 3.00186 0.10566 0 0 -500 0
812 1
1 13 0 0 0 0 2.04096 0 2.19875 3.00186 0.10566 0 0 -500 0
813 1
1 13 0 0 0 0 2.05469 0 2.18592 3.00186 0.10566 0 0 -500 0
814 1
1 13 0 0 0 0 1.93243 0 2.29471 3.00186 0.10566 0 0 -500 0
815 1
1 13 0 0 0 0 2.11816 0 2.12447 3.00186 0.10566 0 0 -500 0
816 1
1 13 0 0 0 0 1.9533 0 2.27698 3.00186 0.10566 0 0 -500 0
817 1
1 13 0 0 0 0 2.0218 0 2.21637 3.00186 0.10566 0 0 -500 0
818 1
1 13 0 0 0 0 1.95972 0 2.27146 3.00186 0.10566 0 0 -500 0
819 1
1 13 0 0 0 0 2.03473 0 2.20451 3.00186 0.10566 0 0 -500 0
820 1
1 13 0 0 0 0 2.10914 0 2.13343 3.00186 0.10566 0 0 -500 0
821 1
1 13 0 0 0 0 2.10522 0 2.1373 3.00186 0.10566 0 0 -500 0
822 1
1 13 0 0 0 0 2.10433 0 2.13817 3.00186 0.10566 0 0 -500 0
823 1
1 13 0 0 0 0 2.05772 0 2.18306 3.00186 0.10566 0 0 -500 0
824 1
1 13 0 0 0 0 1.99171 0 2.24346 3.00186 0.10566 0 0 -500 0
825 1
1 13 0 0 0 0 2.03198 0 2.20705 3.00186 0.10566 0 0 -500 0
826 1
1 13 0 0 0 0 2.02753 0 2.21113 3.00186 0.10566 0 0 -500 0
827 1
1 13 0 0 0 0 2.0695 0 2.1719 3.00186 0.10566 0 0 -500 0
828 1
1 13 0 0 0 0 1.9479 0 2.28159 3.00186 0.10566 0 0 -500 0
829 1
1 13 0 0 0 0 1.96163 0 2.26981 3.00186 0.10566 0 0 -500 0
830 1
1 13 0 0 0 0 2.03013 0 2.20875 3.00186 0.10566 0 0 -500 0
831 1
1 13 0 0 0 0 2.00581 0 2.23086 3.00186 0.10566 0 0 -500 0
832 1
1 13 0 0 0 0 1.99115 0 2.24395 3.00186 0.10566 0 0 -500 0
833 1
1 13 0 0 0 0 2.10979 0 2.13278 3.00186 0.10566 0 0 -500 0
834 1
1 13 0 0 0 0 2.11012 0 2.13246 3.00186 0.10566 0 0 -500 0
835 1
1 13 0 0 0 0 2.03343 0 2.20571 3.00186 0.10566 0 0 -500 0
836 1
1 13 0 0 0 0 1.96176 0 2.26969 3.00186 0.10566 0 0 -500 0
837 1
1 13 0 0 0 0 2.00105 0 2.23513 3.00186 0.10566 0 0 -500 0
838 1
1 13 0 0 0 0 1.93442 0 2.29304 3.00186 0.10566 0 0 -500 0
839 1
1 13 0 0 0 0 1.94587 0 2.28333 3.00186 0.10566 0 0 -500 0
840 1
1 13 0 0 0 0 2.04386 0 2.19605 3.00186 0.10566 0 0 -500 0
841 1
1 13 0 0 0 0 2.11454 0 2.12808 3.00186 0.10566 0 0 -500 0
842 1
1 13 0 0 0 0 1.94269 0 2.28604 3.00186 0.10566 0 0 -500 0
843 1
1 13 0 0 0 0 2.08373 0 2.15826 3.00186 0.10566 0 0 -500 0
844 1
1 13 0 0 0 0 1.97183 0 2.26094 3.00186 0.10566 0 0 -500 0
845 1
1 13 0 0 0 0 2.02918 0 2.20962 3.00186 0.10566 0 0 -500 0
846 1
1 13 0 0 0 0 2.09052 0 2.15168 3.00186 0.10566 0 0 -500 0
847 1
1 13 0 0 0 0 2.05413 0 2.18645 3.00186 0.10566 0 0 -500 0
848 1
1 13 0 0 0 0 2.06169 0 2.17932 3.00186 0.10566 0 0 -500 0
849 1
1 13 0 0 0 0 2.04106 0 2.19866 3.00186 0.10566 0 0 -500 0
850 1
1 13 0 0 0 0 1.96571 0 2.26628 3.00186 0.10566 0 0 -500 0
851 1
1 13 0 0 0 0 2.02852 0 2.21023 3.00186 0.10566 0 0 -500 0
852 1
1 13 0 0 0 0 2.04206 0 2.19773 3.00186 0.10566 0 0 -500 0
853 1
1 13 0 0 0 0 1.94305 0 2.28573 3.00186 0.10566 0 0 -500 0
854 1
1 13 0 0 0 0 1.98508 0 2.24932 3.00186 0.10566 0 0 -500 0
855 1
1 13 0 0 0 0 1.94743 0 2.282 3.00186 0.10566 0 0 -500 0
856 1
1 13 0 0 0 0 1.93797 0 2.29004 3.00186 0.10566 0 0 -500 0
857 1
1 13 0 0 0 0 2.03704 0 2.20237 3.00186 0.10566 0 0 -500 0
858 1
1 13 0 0 0 0 1.97734 0 2.25613 3.00186 0.10566 0 0 -500 0
859 1
1 13 0 0 0 0 1.98272 0 2.2514 3.00186 0.10566 0 0 -500 0
860 1
1 13 0 0 0 0 1.95935 0 2.27177 3.00186 0.10566 0 0 -500 0
861 1
1 13 0 0 0 0 1.97996 0 2.25383 3.00186 0.10566 0 0 -500 0
862 1
1 13 0 0 0 0 1.99733 0 2.23845 3.00186 0.10566 0 0 -500 0
863 1
1 13 0 0 0 0 1.93683 0 2.291 3.00186 0.10566 0 0 -500 0
864 1
1 13 0 0 0 0 2.05783 0 2.18296 3.00186 0.10566 0 0 -500 0
865 1
1 13 0 0 0 0 2.05687 0 2.18387 3.00186 0.10566 0 0 -500 0
866 1
1 13 0 0 0 0 1.93011 0 2.29667 3.00186 0.10566 0 0 -500 0
867 1
1 13 0 0 0 0 1.95658 0 2.27416 3.00186 0.10566 0 0 -500 0
868 1
1 13 0 0 0 0 2.00799 0 2.2289 3.00186 0.10566 0 0 -500 0
869 1
1 13 0 0 0 0 1.99547 0 2.24012 3.00186 0.10566 0 0 -500 0
870 1
1 13 0 0 0 0 2.05193 0 2.18851 3.00186 0.10566 0 0 -500 0
871 1
1 13 0 0 0 0 2.00756 0 2.22928 3.00186 0.10566 0 0 -500 0
872 1
1 13 0 0 0 0 2.01417 0 2.22331 3.00186 0.10566 0 0 -500 0
873 1
1 13 0 0 0 0 2.11024 0 2.13234 3.00186 0.10566 0 0 -500 0
874 1
1 13 0 0 0 0 1.9904 0 2.24462 3.00186 0.10566 0 0 -500 0
875 1
1 13 0 0 0 0 1.99215 0 2.24306 3.00186 0.10566 0 0 -500 0
876 1
1 13 0 0 0 0 1.98653 0 2.24804 3.00186 0.10566 0 0 -500 0
877 1
1 13 0 0 0 0 1.93969 0 2.28858 3.00186 0.10566 0 0 -500 0
878 1
1 13 0 0 0 0 1.96553 0 2.26643 3.00186 0.10566 0 0 -500 0
879 1
1 13 0 0 0 0 2.08678 0 2.15531 3.00186 0.10566 0 0 -500 0
880 1
1 13 0 0 0 0 1.96939 0 2.26308 3.00186 0.10566 0 0 -500 0
881 1
1 13 0 0 0 0 2.05778 0 2.18301 3.00186 0.10566 0 0 -500 0
882 1
1 13 0 0 0 0 1.99311 0 2.24221 3.00186 0.10566 0 0 -500 0
883 1
1 13 0 0 0 0 1.99413 0 2.2413 3.00186 0.10566 0 0 -500 0
884 1
1 13 0 0 0 0 2.01229 0 2.22502 3.00186 0.10566 0 0 -500 0
885 1
1 13 0 0 0 0 1.95156 0 2.27847 3.00186 0.10566 0 0 -500 0
886 1
1 13 0 0 0 0 2.05008 0 2.19025 3.00186 0.10566 0 0 -500 0
887 1
1 13 0 0 0 0 2.06973 0 2.17168 3.00186 0.10566 0 0 -500 0
888 1
1 13 0 0 0 0 1.97446 0 2.25865 3.00186 0.10566 0 0 -500 0
889 1
1 13 0 0 0 0 1.94496 0 2.28411 3.00186 0.10566 0 0 -500 0
890 1
1 13 0 0 0 0 2.10959 0 2.13299 3.00186 0.10566 0 0 -500 0
891 1
1 13 0 0 0 0 1.98648 0 2.24808 3.00186 0.10566 0 0 -500 0
892 1
1 13 0 0 0 0 1.9429 0 2.28586 3.00186 0.10566 0 0 -500 0
893 1
1 13 0 0 0 0 1.98916 0 2.24571 3.00186 0.10566 0 0 -500 0
894 1
1 13 0 0 0 0 2.07604 0 2.16566 3.00186 0.10566 0 0 -500 0
895 1
1 13 0 0 0 0 1.92966 0 2.29704 3.00186 0.10566 0 0 -500 0
896 1
1 13 0 0 0 0 1.94511 0 2.28398 3.00186 0.10566 0 0 -500 0
897 1
1 13 0 0 0 0 2.11307 0 2.12954 3.00186 0.10566 0 0 -500 0
898 1
1 13 0 0 0 0 2.07067 0 2.17079 3.00186 0.10566 0 0 -500 0
899 1
1 13 0 0 0 0 1.93294 0 2.29429 3.00186 0.10566 0 0 -500 0
900 1
1 13 0 0 0 0 2.11587 0 2.12676 3.00186 0.10566 0 0 -500 0
901 1
1 13 0 0 0 0 1.99563 0 2.23997 3.00186 0.10566 0 0 -500 0
902 1
1 13 0 0 0 0 2.05501 0 2.18562 3.00186 0.10566 0 0 -500 0
903 1
1 13 0 0 0 0 2.04412 0 2.19581 3.00186 0.10566 0 0 -500 0
904 1
1 13 0 0 0 0 2.09434 0 2.14796 3.00186 0.10566 0 0 -500 0
905 1
1 13 0 0 0 0 2.10641 0 2.13613 3.00186 0.10566 0 0 -500 0
906 1
1 13 0 0 0 0 2.11112 0 2.13147 3.00186 0.10566 0 0 -500 0
907 1
1 13 0 0 0 0 2.04256 0 2.19726 3.00186 0.10566 0 0 -500 0
908 1
1 13 0 0 0 0 2.01794 0 2.21989 3.00186 0.10566 0 0 -500 0
909 1
1 13 0 0 0 0 2.08116 0 2.16073 3.00186 0.10566 0 0 -500 0
910 1
1 13 0 0 0 0 2.00883 0 2.22814 3.00186 0.10566 0 0 -500 0
911 1
1 13 0 0 0 0 1.94256 0 2.28614 3.00186 0.10566 0 0 -500 0
912 1
1 13 0 0 0 0 2.07844 0 2.16335 3.00186 0.10566 0 0 -500 0
913 1
1 13 0 0 0 0 2.05354 0 2.187 3.00186 0.10566 0 0 -500 0
914 1
1 13 0 0 0 0 2.12106 0 2.12158 3.00186 0.10566 0 0 -500 0
915 1
1 13 0 0 0 0 1.95033 0 2.27952 3.00186 0.10566 0 0 -500 0
916 1
1 13 0 0 0 0 2.03586 0 2.20347 3.00186 0.10566 0 0 -500 0
917 1
1 13 0 0 0 0 2.02382 0 2.21453 3.00186 0.10566 0 0 -500 0
918 1
1 13 0 0 0 0 2.01318 0 2.22421 3.00186 0.10566 0 0 -500 0
919 1
1 13 0 0 0 0 2.03524 0 2.20404 3.00186 0.10566 0 0 -500 0
920 1
1 13 0 0 0 0 1.93483 0 2.29269 3.00186 0.10566 0 0 -500 0
921 1
1 13 0 0 0 0 1.94693 0 2.28243 3.00186 0.10566 0 0 -500 0
922 1
1 13 0 0 0 0 1.9841 0 2.25019 3.00186 0.10566 0 0 -500 0
923 1
1 13 0 0 0 0 2.0208 0 2.21729 3.00186 0.10566 0 0 -500 0
924 1
1 13 0 0 0 0 1.96989 0 2.26264 3.00186 0.10566 0 0 -500 0
925 1
1 13 0 0 0 0 2.11405 0 2.12856 3.00186 0.10566 0 0 -500 0
926 1
1 13 0 0 0 0 2.07815 0 2.16363 3.00186 0.10566 0 0 -500 0
927 1
1 13 0 0 0 0 2.0536 0 2.18695 3.00186 0.10566 0 0 -500 0
928 1
1 13 0 0 0 0 2.02094 0 2.21716 3.00186 0.10566 0 0 -500 0
929 1
1 13 0 0 0 0 2.11406 0 2.12856 3.00186 0.10566 0 0 -500 0
930 1
1 13 0 0 0 0 2.11934 0 2.1233 3.00186 0.10566 0 0 -500 0
931 1
1 13 0 0 0 0 1.94477 0 2.28426 3.00186 0.10566 0 0 -500 0
932 1
1 13 0 0 0 0 2.03847 0 2.20105 3.00186 0.10566 0 0 -500 0
933 1
1 13 0 0 0 0 2.03348 0 2.20566 3.00186 0.10566 0 0 -500 0
934 1
1 13 0 0 0 0 2.04255 0 2.19727 3.00186 0.10566 0 0 -500 0
935 1
1 13 0 0 0 0 1.97844 0 2.25517 3.00186 0.10566 0 0 -500 0
936 1
1 13 0 0 0 0 2.00927 0 2.22774 3.00186 0.10566 0 0 -500 0
937 1
1 13 0 0 0 0 2.09348 0 2.1488 3.00186 0.10566 0 0 -500 0
938 1
1 13 0 0 0 0 1.94121 0 2.28729 3.00186 0.10566 0 0 -500 0
939 1
1 13 0 0 0 0 2.01794 0 2.21989 3.00186 0.10566 0 0 -500 0
940 1
1 13 0 0 0 0 2.06582 0 2.17541 3.00186 0.10566 0 0 -500 0
941 1
1 13 0 0 0 0 1.99353 0 2.24184 3.00186 0.10566 0 0 -500 0
942 1
1 13 0 0 0 0 2.05617 0 2.18453 3.00186 0.10566 0 0 -500 0
943 1
1 13 0 0 0 0 2.0791 0 2.16272 3.00186 0.10566 0 0 -500 0
944 1
1 13 0 0 0 0 1.98148 0 2.25249 3.00186 0.10566 0 0 -500 0
945 1
1 13 0 0 0 0 2.02857 0 2.21019 3.00186 0.10566 0 0 -500 0
946 1
1 13 0 0 0 0 1.98974 0 2.2452 3.00186 0.10566 0 0 -500 0
947 1
1 13 0 0 0 0 2.08087 0 2.16102 3.00186 0.10566 0 0 -500 0
948 1
1 13 0 0 0 0 1.94603 0 2.28319 3.00186 0.10566 0 0 -500 0
949 1
1 13 0 0 0 0 1.94631 0 2.28295 3.00186 0.10566 0 0 -500 0
950 1
1 13 0 0 0 0 2.1112 0 2.13139 3.00186 0.10566 0 0 -500 0
951 1
1 13 0 0 0 0 2.02399 0 2.21438 3.00186 0.10566 0 0 -500 0
952 1
1 13 0 0 0 0 2.06083 0 2.18013 3.00186 0.10566 0 0 -500 0
953 1
1 13 0 0 0 0 1.96192 0 2.26955 3.00186 0.10566 0 0 -500 0
954 1
1 13 0 0 0 0 2.02965 0 2.20919 3.00186 0.10566 0 0 -500 0
955 1
1 13 0 0 0 0 1.97555 0 2.2577 3.00186 0.10566 0 0 -500 0
956 1
1 13 0 0 0 0 2.01744 0 2.22035 3.00186 0.10566 0 0 -500 0
957 1
1 13 0 0 0 0 2.05294 0 2.18756 3.00186 0.10566 0 0 -500 0
958 1
1 13 0 0 0 0 2.03785 0 2.20163 3.00186 0.10566 0 0 -500 0
959 1
1 13 0 0 0 0 1.98489 0 2.24949 3.00186 0.10566 0 0 -500 0
960 1
1 13 0 0 0 0 2.00798 0 2.2289 3.00186 0.10566 0 0 -500 0
961 1
1 13 0 0 0 0 1.96267 0 2.2689 3.00186 0.10566 0 0 -500 0
962 1
1 13 0 0 0 0 1.99377 0 2.24163 3.00186 0.10566 0 0 -500 0
963 1
1 13 0 0 0 0 2.00707 0 2.22973 3.00186 0.10566 0 0 -500 0
964 1
1 13 0 0 0 0 1.97098 0 2.26169 3.00186 0.10566 0 0 -500 0
965 1
1 13 0 0 0 0 2.0888 0 2.15334 3.00186 0.10566 0 0 -500 0
966 1
1 13 0 0 0 0 1.97434 0 2.25876 3.00186 0.10566 0 0 -500 0
967 1
1 13 0 0 0 0 2.01979 0 2.21821 3.00186 0.10566 0 0 -500 0
968 1
1 13 0 0 0 0 2.10265 0 2.13983 3.00186 0.10566 0 0 -500 0
969 1
1 13 0 0 0 0 2.10777 0 2.13479 3.00186 0.10566 0 0 -500 0
970 1
1 13 0 0 0 0 2.03339 0 2.20575 3.00186 0.10566 0 0 -500 0
971 1
1 13 0 0 0 0 2.03418 0 2.20502 3.00186 0.10566 0 0 -500 0
972 1
1 13 0 0 0 0 2.11515 0 2.12748 3.00186 0.10566 0 0 -500 0
973 1
1 13 0 0 0 0 2.09765 0 2.14473 3.00186 0.10566 0 0 -500 0
974 1
1 13 0 0 0 0 2.0372 0 2.20223 3.00186 0.10566 0 0 -500 0
975 1
1 13 0 0 0 0 2.08027 0 2.1616 3.00186 0.10566 0 0 -500 0
976 1
1 13 0 0 0 0 2.04753 0 2.19263 3.00186 0.10566 0 0 -500 0
977 1
1 13 0 0 0 0 2.01092 0 2.22625 3.00186 0.10566 0 0 -500 0
978 1
1 13 0 0 0 0 2.03944 0 2.20016 3.00186 0.10566 0 0 -500 0
979 1
1 13 0 0 0 0 1.97627 0 2.25707 3.00186 0.10566 0 0 -500 0
980 1
1 13 0 0 0 0 1.99197 0 2.24323 3.00186 0.10566 0 0 -500 0
981 1
1 13 0 0 0 0 1.9553 0 2.27526 3.00186 0.10566 0 0 -500 0
982 1
1 13 0 0 0 0 1.98208 0 2.25197 3.00186 0.10566 0 0 -500 0
983 1
1 13 0 0 0 0 1.95523 0 2.27532 3.00186 0.10566 0 0 -500 0
984 1
1 13 0 0 0 0 2.01694 0 2.2208 3.00186 0.10566 0 0 -500 0
985 1
1 13 0 0 0 0 2.07773 0 2.16403 3.00186 0.10566 0 0 -500 0
986 1
1 13 0 0 0 0 2.01753 0 2.22027 3.00186 0.10566 0 0 -500 0
987 1
1 13 0 0 0 0 1.99078 0 2.24428 3.00186 0.10566 0 0 -500 0
988 1
1 13 0 0 0 0 2.04293 0 2.19692 3.00186 0.10566 0 0 -500 0
989 1
1 13 0 0 0 0 1.96985 0 2.26267 3.00186 0.10566 0 0 -500 0
990 1
1 13 0 0 0 0 2.00944 0 2.22759 3.00186 0.10566 0 0 -500 0
991 1
1 13 0 0 0 0 2.03576 0 2.20356 3.00186 0.10566 0 0 -500 0
992 1
1 13 0 0 0 0 2.09158 0 2.15064 3.00186 0.10566 0 0 -500 0
993 1
1 13 0 0 0 0 2.05263 0 2.18786 3.00186 0.10566 0 0 -500 0
994 1
1 13 0 0 0 0 2.07641 0 2.1653 3.00186 0.10566 0 0 -500 0
995 1
1 13 0 0 0 0 2.11434 0 2.12828 3.00186 0.10566 0 0 -500 0
996 1
1 13 0 0 0 0 2.03854 0 2.20099 3.00186 0.10566 0 0 -500 0
997 1
1 13 0 0 0 0 2.0788 0 2.16301 3.00186 0.10566 0 0 -500 0
998 1
1 13 0 0 0 0 1.95533 0 2.27523 3.00186 0.10566 0 0 -500 0
999 1
1 13 0 0 0 0 2.03329 0 2.20584 3.00186 0.10566 0 0 -500 0