0.005 4.3902976107630483e-11
0.01 4.546970613078066e-09
0.015 2.2224336256095474e-08
0.02 3.7386963364237357e-08
0.025 5.145000642234929e-08
0.03 6.556362456758529e-08
0.035 7.978166967462627e-08
0.04 9.406280120689596e-08
0.045 1.0797977434532413e-07
0.05 1.2040914420479657e-07
0.055 1.294308041344411e-07
0.06 1.357570874221319e-07
0.065 1.401974149680415e-07
0.07 1.41513515551019e-07
0.075 1.3702503521133998e-07
0.08 1.2834517246905097e-07
0.085 1.1761258591385518e-07
0.09 1.0500931552334745e-07
0.095 9.19439399994313e-08
0.1 8.082159559149088e-08
0.105 7.303483820779054e-08
0.11 6.802561315078531e-08
0.115 6.479047545580906e-08
0.12 6.252286307422472e-08
0.125 6.10931220211822e-08
0.13 5.980676187472819e-08
0.135 5.876914458117335e-08
0.14 5.8106435691307595e-08
0.145 5.743804997385023e-08
0.15 5.6953167020986794e-08
0.155 5.644538342638385e-08
0.16 5.620251210183148e-08
0.165 5.551173265461898e-08
0.17 5.495978820791376e-08
0.17500000000000002 5.4125233574718765e-08
0.18 5.337158921085493e-08
0.185 5.2716216663526425e-08
0.19 5.2174769847520783e-08
0.195 5.15821886820255e-08
0.2 5.107513013845656e-08
0.20500000000000002 5.0761034575243366e-08
0.21 5.0256594433928945e-08
0.215 5.007591561689212e-08
0.22 4.956683126941474e-08
0.225 4.9349125001881833e-08
0.23 4.8847714659082024e-08
0.23500000000000001 4.86449859630437e-08
0.24 4.826559882775854e-08
0.245 4.8133491607210027e-08
0.25 4.804790446254476e-08
0.255 4.765497324327189e-08
0.26 4.7398098246386357e-08
0.265 4.700635393137026e-08
0.27 4.6838059185267256e-08
0.275 4.662744141652098e-08
0.28 4.660038110555257e-08
0.28500000000000003 4.6106485754659116e-08
0.29 4.614679146125851e-08
0.295 4.5751847763882706e-08
0.3 4.572709806897121e-08
0.305 4.5634579409646e-08
0.31 4.551476311498564e-08
0.315 4.535913019889776e-08
0.32 4.5226044922204896e-08
0.325 4.550593519319011e-08
0.33 4.510768795552112e-08
0.335 4.491672012997975e-08
0.34 4.5031482109964804e-08
0.34500000000000003 4.503460099217548e-08
0.35000000000000003 4.511437553909771e-08
0.355 4.4764432666447205e-08
0.36 4.4573335154810156e-08
0.365 4.490813835856684e-08
0.37 4.4893450884356205e-08
0.375 4.500021363300071e-08
0.38 4.479758678601859e-08
0.385 4.491978726982844e-08
0.39 4.495353115416075e-08
0.395 4.5072580899192774e-08
0.4 4.490884134867516e-08
0.405 4.498769180544377e-08
0.41000000000000003 4.507091942823275e-08
0.41500000000000004 4.528824685808086e-08
0.42 4.540209507174075e-08
0.425 4.5340482650253445e-08
0.43 4.5630638893481267e-08
0.435 4.570843794281368e-08
0.44 4.60520298581791e-08
0.445 4.5995561658302564e-08
0.45 4.644081362864758e-08
0.455 4.6596651495161354e-08
0.46 4.6800405286906956e-08
0.465 4.680678389771333e-08
0.47000000000000003 4.6849754923327634e-08
0.47500000000000003 4.749967421094878e-08
0.48 4.750156217469816e-08
0.485 4.7419652142633094e-08
0.49 4.7799443472282664e-08
0.495 4.7740271624829464e-08
0.5 4.8047747803016195e-08
0.505 4.790852812785733e-08
0.51 4.813302997158713e-08
0.515 4.83324962283931e-08
0.52 4.79645168033496e-08
0.525 4.8021358095880356e-08
0.53 4.828211282363436e-08
0.535 4.798695042834657e-08
0.54 4.802951733791704e-08
0.545 4.772358117343964e-08
0.55 4.756743972160982e-08
0.555 4.757834723975793e-08
0.56 4.738599471500874e-08
0.5650000000000001 4.7230950827155835e-08
0.5700000000000001 4.730998163997952e-08
0.5750000000000001 4.666809701450776e-08
0.58 4.6403892712261146e-08
0.585 4.620043326114201e-08
0.59 4.619826509715772e-08
0.595 4.5807886180860115e-08
0.6 4.553253249194577e-08
0.605 4.4836365047321884e-08
0.61 4.491443830755524e-08
0.615 4.5184744224345386e-08
0.62 4.490950864706944e-08
0.625 4.448106940401078e-08
0.63 4.464841865113216e-08
0.635 4.4749016076973865e-08
0.64 4.4298622925321804e-08
0.645 4.361965327662218e-08
0.65 4.372460216471735e-08
0.655 4.390785806884287e-08
0.66 4.3766277420810027e-08
0.665 4.3670421817821115e-08
0.67 4.3493020651494436e-08
0.675 4.3560074530229024e-08
0.68 4.367424920842071e-08
0.685 4.4110419484045674e-08
0.6900000000000001 4.336908536410353e-08
0.6950000000000001 4.363083328456217e-08
0.7000000000000001 4.4078871169085904e-08
0.705 4.446616135788361e-08
0.71 4.5051239636843076e-08
0.715 4.5044640161108064e-08
0.72 4.487387045451756e-08
0.725 4.510283381219658e-08
0.73 4.494638738240027e-08
0.735 4.5120139296434265e-08
0.74 4.581092550097667e-08
0.745 4.568178243934658e-08
0.75 4.6249338999916096e-08
0.755 4.6528340823025215e-08
0.76 4.589014280926117e-08
0.765 4.632377988215001e-08
0.77 4.6401755863538673e-08
0.775 4.709874097817025e-08
0.78 4.6926734058753516e-08
0.785 4.716481095015876e-08
0.79 4.6858952797716526e-08
0.795 4.744923683580507e-08
0.8 4.700072345427082e-08
0.805 4.7746956145921837e-08
0.81 4.7669510015631535e-08
0.8150000000000001 4.7689844648122826e-08
0.8200000000000001 4.829859402979484e-08
0.8250000000000001 4.814054011221301e-08
0.8300000000000001 4.7899436058095016e-08
0.835 4.7834056909338125e-08
0.84 4.8453503520562496e-08
0.845 4.786092268529935e-08
0.85 4.787905236467218e-08
0.855 4.7799886309786254e-08
0.86 4.7959258634947275e-08
0.865 4.7722111197663305e-08
0.87 4.8014959905161034e-08
0.875 4.789267006400341e-08
0.88 4.780522358585404e-08
0.885 4.7850906381728486e-08
0.89 4.81805753535481e-08
0.895 4.79959670328059e-08
0.9 4.827187984782371e-08
0.905 4.7911505462027346e-08
0.91 4.794566760503294e-08
0.915 4.832348445024963e-08
0.92 4.802737505871364e-08
0.925 4.801548982976627e-08
0.93 4.768164973871284e-08
0.935 4.7707886292795893e-08
0.9400000000000001 4.803572873419149e-08
0.9450000000000001 4.801052701211887e-08
0.9500000000000001 4.8391984351391276e-08
0.9550000000000001 4.821007849375444e-08
0.96 4.8764944837729656e-08
0.965 4.86963086804462e-08
0.97 4.878126513451921e-08
0.975 4.912174638589476e-08
0.98 4.8572341123807086e-08
0.985 4.9330237399389864e-08
0.99 4.9397508969374745e-08
0.995 4.97632230748327e-08
1.0 4.982452118296052e-08
1.0050000000000001 5.0123067251290704e-08
1.01 4.998793945788584e-08
1.0150000000000001 5.0461276637831916e-08
1.02 5.0371510089814006e-08
1.025 5.03522307569778e-08
1.03 5.056675095927382e-08
1.035 5.0912091376287126e-08
1.04 5.1534756424702696e-08
1.045 5.183843888267115e-08
1.05 5.213131325543264e-08
1.055 5.275234450863757e-08
1.06 5.223437347882281e-08
1.065 5.222853501180228e-08
1.07 5.288269964493382e-08
1.075 5.264933271638001e-08
1.08 5.375374967740266e-08
1.085 5.362518309632545e-08
1.09 5.4106546664998754e-08
1.095 5.413010803638983e-08
1.1 5.458187842606202e-08
1.105 5.4786106813525415e-08
1.11 5.550098315321128e-08
1.115 5.606668979206318e-08
1.12 5.600937842724943e-08
1.125 5.5345600162351794e-08
1.1300000000000001 5.628950665768844e-08
1.135 5.6565741938500943e-08
1.1400000000000001 5.731355038500615e-08
1.145 5.6220925049979004e-08
1.1500000000000001 5.739575205065033e-08
1.155 5.684360656391174e-08
1.16 5.765311198459977e-08
1.165 5.76965055071472e-08
1.17 5.8166955853240226e-08
1.175 5.761631283316308e-08
1.18 5.780404532735475e-08
1.185 5.814894264118461e-08
1.19 5.82151796100472e-08
1.195 5.8628878519278554e-08
1.2 5.8742763033645094e-08
1.205 5.924556189677861e-08
1.21 5.8706282541695325e-08
1.215 5.870475625074681e-08
1.22 5.8891668645385156e-08
1.225 5.9485004844290533e-08
1.23 5.934802349331714e-08
1.235 5.945291020684667e-08
1.24 5.933052304370416e-08
1.245 5.95372678083789e-08
1.25 5.987546766437294e-08
1.2550000000000001 5.982809993068533e-08
1.26 6.008391805626026e-08
1.2650000000000001 6.007715953739862e-08
1.27 6.012452931873224e-08
1.2750000000000001 5.985505917929506e-08
1.28 6.039684841465144e-08
1.285 6.021505483844141e-08
1.29 5.9327822186783454e-08
1.295 6.04386920718423e-08
1.3 5.998275396278051e-08
1.305 6.012901254301972e-08
1.31 6.036737580190516e-08
1.315 6.03955122979176e-08
1.32 6.034414834663716e-08
1.325 5.961255038537338e-08
1.33 6.053736830474138e-08
1.335 6.020739702685469e-08
1.34 6.052490457239285e-08
1.345 6.06423270061411e-08
1.35 6.022045363418631e-08
1.355 6.016430913482242e-08
1.36 6.115716805720848e-08
1.365 6.050813759504384e-08
1.37 6.024490770457638e-08
1.375 6.057984636607004e-08
1.3800000000000001 6.034551931533289e-08
1.385 6.021121568126461e-08
1.3900000000000001 6.01191076357613e-08
1.395 5.989759965361431e-08
1.4000000000000001 6.071546639126127e-08
1.405 6.050523085411957e-08
1.41 6.003287625793833e-08
1.415 5.967432693276131e-08
1.42 6.027130876563393e-08
1.425 6.022217362893614e-08
1.43 6.010443123089857e-08
1.435 6.042740349753898e-08
1.44 6.001971704136242e-08
1.445 5.969884476470389e-08
1.45 5.987563859498466e-08
1.455 6.012432483638253e-08
1.46 5.950508346060305e-08
1.465 6.044779007150878e-08
1.47 5.999450430727206e-08
1.475 6.058182112221988e-08
1.48 6.006799371672604e-08
1.485 5.995295340585913e-08
1.49 5.991842678767955e-08
1.495 6.002463828987664e-08
1.5 6.003301665707078e-08
1.5050000000000001 6.042320508483282e-08
1.51 6.024865217596552e-08
1.5150000000000001 5.993771852968235e-08
1.52 5.986652300556722e-08
1.5250000000000001 5.972259646662512e-08
1.53 5.979916289421329e-08
1.5350000000000001 5.8990169315579844e-08
1.54 6.031127030461953e-08
1.545 5.974578744015681e-08
1.55 6.001723600185267e-08
1.555 5.976216688259865e-08
1.56 5.982840051547346e-08
1.565 5.968167117011496e-08
1.57 6.014152331371469e-08
1.575 6.003253541869983e-08
1.58 6.000680193927368e-08
1.585 5.903721840839453e-08
1.59 5.932582820434842e-08
1.595 5.947111660632729e-08
1.6 5.952500116569144e-08
1.605 5.9083271671456614e-08
1.61 5.96966755345359e-08
1.615 5.994524295750526e-08
1.62 5.961745292280687e-08
1.625 5.934637181570885e-08
1.6300000000000001 5.925268005806662e-08
1.635 5.9180730184575354e-08
1.6400000000000001 5.923521739826552e-08
1.645 5.862760319506127e-08
1.6500000000000001 5.923785059381156e-08
1.655 5.870467518152276e-08
1.6600000000000001 5.943392166034462e-08
1.665 5.95026249610109e-08
1.67 5.9174933537769294e-08
1.675 5.9054280318225696e-08
1.68 5.844155143789816e-08
1.685 5.86252536142825e-08
1.69 5.9270703600572105e-08
1.695 5.970307847228758e-08
1.7 5.840190482337439e-08
1.705 5.8621531084567114e-08
1.71 5.8666007964022395e-08
1.715 5.9181090812666837e-08
1.72 5.91197605856708e-08
1.725 5.841757432744539e-08
1.73 5.8286193974813765e-08
1.735 5.8196683260179805e-08
1.74 5.8038113509755306e-08
1.745 5.7823840636577835e-08
1.75 5.856700424592006e-08
1.7550000000000001 5.8664051412274965e-08
1.76 5.8063894431593266e-08
1.7650000000000001 5.826384277675155e-08
1.77 5.773054216313457e-08
1.7750000000000001 5.8099280384108107e-08
1.78 5.758722291459565e-08
1.7850000000000001 5.773506310508736e-08
1.79 5.8007863830549373e-08
1.795 5.7477568302116934e-08
1.8 5.7482168791071914e-08
1.805 5.834113442821957e-08
1.81 5.7914815261713146e-08
1.815 5.729949550962571e-08
1.82 5.7143765530618985e-08
1.825 5.759730916306133e-08
1.83 5.6709234905530045e-08
1.835 5.688561801731639e-08
1.84 5.756982230941741e-08
1.845 5.636938577651162e-08
1.85 5.6503036662123357e-08
1.855 5.664963295914072e-08
1.86 5.661806954029299e-08
1.865 5.650583105554675e-08
1.87 5.555907763246384e-08
1.875 5.611219348798326e-08
1.8800000000000001 5.647887434012438e-08
1.885 5.585320975276275e-08
1.8900000000000001 5.562834726871313e-08
1.895 5.5344303456288387e-08
1.9000000000000001 5.5729260965662405e-08
1.905 5.567571648368374e-08
1.9100000000000001 5.54160202032969e-08
1.915 5.513279506734314e-08
1.92 5.467666567516437e-08
1.925 5.441109952583936e-08
1.93 5.3983519492971565e-08
1.935 5.446896904628485e-08
1.94 5.3914371072189274e-08
1.945 5.5130335779570124e-08
1.95 5.55208457811123e-08
1.955 5.409316019157507e-08
1.96 5.413559945824814e-08
1.965 5.454959601684984e-08
1.97 5.3927505000335044e-08
1.975 5.3599321826526884e-08
1.98 5.3584203673568554e-08
1.985 5.316129985596153e-08
1.99 5.311183683595479e-08
1.995 5.336886866693221e-08
2.0 5.2761813682210245e-08
2.005 5.28954166863139e-08
2.0100000000000002 5.293372265384112e-08
2.015 5.3292729759749116e-08
2.02 5.304368447617168e-08
2.025 5.270818357282148e-08
2.0300000000000002 5.2552814370243304e-08
2.035 5.1879617476604593e-08
2.04 5.281483691068557e-08
2.045 5.204972427311871e-08
2.05 5.258300969727759e-08
2.055 5.2007126869353136e-08
2.06 5.20065949318555e-08
2.065 5.172454584601319e-08
2.07 5.272160767046536e-08
2.075 5.14694565501045e-08
2.08 5.096064818818927e-08
2.085 5.1527107381689265e-08
2.09 5.082457432789563e-08
2.095 5.083412612591699e-08
2.1 5.120031219141009e-08
2.105 5.039069828737961e-08
2.11 5.043513683501784e-08
2.115 5.066740519138289e-08
2.12 5.003787635400541e-08
2.125 5.002040486337906e-08
2.13 5.029061261712859e-08
2.1350000000000002 5.028602416060004e-08
2.14 5.037104583002084e-08
2.145 4.979626378585331e-08
2.15 4.995803973795344e-08
2.1550000000000002 4.941498501700551e-08
2.16 4.9688081831267464e-08
2.165 4.881843239772447e-08
2.17 5.03322539210937e-08
2.1750000000000003 4.874041333093752e-08
2.18 4.916257612386358e-08
2.185 4.905110354860046e-08
2.19 4.862323873546508e-08
2.195 4.9023809933475854e-08
2.2 4.845346855359801e-08
2.205 4.842463396204624e-08
2.21 4.9337330462985575e-08
2.215 4.888768281193713e-08
2.22 4.775323606353286e-08
2.225 4.8549815755593165e-08
2.23 4.78528490520984e-08
2.235 4.8377948090854734e-08
2.24 4.809296023572402e-08
2.245 4.8310044970095077e-08
2.25 4.823959895689181e-08
2.255 4.869727713612089e-08
2.2600000000000002 4.739281090436008e-08
2.265 4.79604325298115e-08
2.27 4.749583885611431e-08
2.275 4.690321146677556e-08
2.2800000000000002 4.67259123559194e-08
2.285 4.7301809487451835e-08
2.29 4.70890099118186e-08
2.295 4.7441489636414626e-08
2.3000000000000003 4.647810319377107e-08
2.305 4.6489575233572136e-08
2.31 4.662996054211625e-08
2.315 4.679786455481273e-08
2.32 4.657910762265067e-08
2.325 4.608874057189278e-08
2.33 4.707881289711893e-08
2.335 4.6402139353383776e-08
2.34 4.5998760434137847e-08
2.345 4.5793659013539167e-08
2.35 4.617629440658386e-08
2.355 4.628181222331949e-08
2.36 4.638689352835763e-08
2.365 4.72107884494474e-08
2.37 4.570530716012985e-08
2.375 4.5812084445215566e-08
2.38 4.59348330378738e-08
2.3850000000000002 4.591557817107405e-08
2.39 4.5740311391957324e-08
2.395 4.6025143810068124e-08
2.4 4.532200411246152e-08
2.4050000000000002 4.514052144682079e-08
2.41 4.5378317271804465e-08
2.415 4.6567992653179155e-08
2.42 4.505523435971593e-08
2.4250000000000003 4.535031546686421e-08
2.43 4.544682154700312e-08
2.435 4.4829133978422676e-08
2.44 4.558319911091849e-08
2.445 4.4842434122732584e-08
2.45 4.505366409521442e-08
2.455 4.5256574555871357e-08
2.46 4.42874794750057e-08
2.465 4.56906192984631e-08
2.47 4.438686419765374e-08
2.475 4.509714590393388e-08
2.48 4.466870044955656e-08
2.485 4.4152990821979825e-08
2.49 4.373815699466119e-08
2.495 4.470497649532361e-08
2.5 4.418859371751871e-08
2.505 4.387137619527502e-08
2.5100000000000002 4.5451891051768295e-08
2.515 4.433665373837255e-08
2.52 4.4795274996606875e-08
2.525 4.347715622026918e-08
2.5300000000000002 4.492183622536635e-08
2.535 4.3347038409115845e-08
2.54 4.416926630642967e-08
2.545 4.42078271609083e-08
2.5500000000000003 4.423512676701544e-08
2.555 4.3936996119258464e-08
2.56 4.4024948886273584e-08
2.565 4.469959173114491e-08
2.57 4.369307379774093e-08
2.575 4.3302769810314006e-08
2.58 4.4153917809941814e-08
2.585 4.440211053384577e-08
2.59 4.396969000167062e-08
2.595 4.422193622036893e-08
2.6 4.4087262109409314e-08
2.605 4.369318240222283e-08
2.61 4.412962173856289e-08
2.615 4.3913631235400326e-08
2.62 4.4374315961079206e-08
2.625 4.3715757460856404e-08
2.63 4.388432081500038e-08
2.6350000000000002 4.3726261885619035e-08
2.64 4.34667992795845e-08
2.645 4.337765710009626e-08
2.65 4.364275117169741e-08
2.6550000000000002 4.295273778577776e-08
2.66 4.376312208645497e-08
2.665 4.383791591424724e-08
2.67 4.3471912818441316e-08
2.6750000000000003 4.366889755056993e-08
2.68 4.301967125644019e-08
2.685 4.2621915767611656e-08
2.69 4.294842177938e-08
2.695 4.350302798027048e-08
2.7 4.3139865596029094e-08
2.705 4.282354451171168e-08
2.71 4.375256971142219e-08
2.715 4.2683456093299077e-08
2.72 4.291314693443131e-08
2.725 4.323111737486721e-08
2.73 4.3049553185646684e-08
2.735 4.3130875754222324e-08
2.74 4.3121743186195743e-08
2.745 4.278617912484125e-08
2.75 4.367557998024695e-08
2.755 4.308565803797387e-08
2.7600000000000002 4.2770108212261996e-08
2.765 4.2420251569649816e-08
2.77 4.304523553593721e-08
2.775 4.268674146047784e-08
2.7800000000000002 4.287395996311118e-08
2.785 4.3196764288037455e-08
2.79 4.271949542824126e-08
2.795 4.3013693709636986e-08
2.8000000000000003 4.190211070941017e-08
2.805 4.235777913375118e-08
2.81 4.2153501414636e-08
2.815 4.2348641951632065e-08
2.82 4.2589429383172466e-08
2.825 4.311837597679952e-08
2.83 4.2743135542482034e-08
2.835 4.2324907672772545e-08
2.84 4.151994902537927e-08
2.845 4.174944798744471e-08
2.85 4.2714933955018674e-08
2.855 4.216454509030365e-08
2.86 4.195237150061255e-08
2.865 4.1818189538068086e-08
2.87 4.230647021061428e-08
2.875 4.227424428338516e-08
2.88 4.235171218485641e-08
2.8850000000000002 4.201070942509145e-08
2.89 4.237273820414549e-08
2.895 4.3182212834134055e-08
2.9 4.217529972102327e-08
2.9050000000000002 4.239225134856578e-08
2.91 4.17979057933816e-08
2.915 4.2262242477762465e-08
2.92 4.1911716426477046e-08
2.9250000000000003 4.16328019087711e-08
2.93 4.195869754902839e-08
2.935 4.225086964745216e-08
2.94 4.228091297617723e-08
2.945 4.07573029132851e-08
2.95 4.167072291249154e-08
2.955 4.169151251078653e-08
2.96 4.145358549075746e-08
2.965 4.1509550042413846e-08
2.97 4.165013704818173e-08
2.975 4.1100376212678404e-08
2.98 4.159167586423011e-08
2.985 4.1573558935990925e-08
2.99 4.145164965268149e-08
2.995 4.171072709282433e-08
3.0 4.20366922724003e-08
3.005 4.1261135095116454e-08
3.0100000000000002 4.130907490744485e-08
3.015 4.1558377018686683e-08
3.02 4.1758466084174235e-08
3.025 4.1646503070542875e-08
3.0300000000000002 4.108587545000981e-08
3.035 4.112145208491999e-08
3.04 4.1571824629611045e-08
3.045 4.1883181825629556e-08
3.0500000000000003 4.130031062112358e-08
3.055 4.1370641780808743e-08
3.06 4.156919161459992e-08
3.065 4.0416229250774275e-08
3.0700000000000003 4.149935417532536e-08
3.075 4.166502121441909e-08
3.08 4.1237893612015335e-08
3.085 4.1567089277021804e-08
3.09 4.069846123915277e-08
3.095 4.122830607993183e-08
3.1 4.0898380728099445e-08
3.105 4.168074242870183e-08
3.11 4.1055197977699306e-08
3.115 4.0576786769454084e-08
3.12 4.1228939668950426e-08
3.125 4.0834665249715554e-08
3.13 4.0569570755652466e-08
3.1350000000000002 4.075865368693866e-08
3.14 4.1383309777371214e-08
3.145 4.074929747487019e-08
3.15 4.118239591863932e-08
3.1550000000000002 4.158487856462722e-08
3.16 4.0118712496728474e-08
3.165 4.053173383171358e-08
3.17 4.102160672622949e-08
3.1750000000000003 4.0268879100842104e-08
3.18 4.135384777945516e-08
3.185 4.123358358851424e-08
3.19 4.083107261408347e-08
3.1950000000000003 4.025458508203602e-08
3.2 4.007222619719986e-08
3.205 4.053846795771506e-08
3.21 4.050176878847252e-08
3.215 4.051239697648432e-08
3.22 4.0789715853367505e-08
3.225 4.011549838561462e-08
3.23 4.025343520433787e-08
3.235 4.025074760503809e-08
3.24 4.1040118783339875e-08
3.245 4.095449308716498e-08
3.25 4.040854429131305e-08
3.255 4.032182918627388e-08
3.2600000000000002 4.0197454282853085e-08
3.265 4.003578682007811e-08
3.27 4.095662151901435e-08
3.275 4.031017707360221e-08
3.2800000000000002 4.0338355888977156e-08
3.285 4.056408430592936e-08
3.29 3.948490336758794e-08
3.295 4.0708802000155444e-08
3.3000000000000003 4.0391310805927676e-08
3.305 4.010984565106003e-08
3.31 3.894311190692426e-08
3.315 4.0201415535709164e-08
3.3200000000000003 4.079899307789451e-08
3.325 4.007056414855416e-08
3.33 4.047358990176141e-08
3.335 3.961885960258796e-08
3.34 4.020426275940947e-08
3.345 4.000810167712024e-08
3.35 4.0123462969773695e-08
3.355 3.979984911932755e-08
3.36 3.98061497401539e-08
3.365 3.9984869855248656e-08
3.37 3.907940518776814e-08
3.375 3.994856843263743e-08
3.38 3.94995847293238e-08
3.3850000000000002 4.027214195682548e-08
3.39 3.9335198676605575e-08
3.395 4.066011940468782e-08
3.4 3.902869781184646e-08
3.4050000000000002 3.9468731584252e-08
3.41 3.974375101960855e-08
3.415 3.9885356485548274e-08
3.42 3.979779004937809e-08
3.4250000000000003 3.920159246877531e-08
3.43 3.968467821736641e-08
3.435 3.9209132711157076e-08
3.44 3.908767045230489e-08
3.4450000000000003 3.9607826256921594e-08
3.45 3.906880841111411e-08
3.455 3.958939906984927e-08
3.46 3.9751594601972486e-08
3.465 3.8956595955717514e-08
3.47 3.86707831718252e-08
3.475 3.8733476539751046e-08
3.48 3.9168374015332935e-08
3.485 3.866896640197174e-08
3.49 3.8768439135861224e-08
3.495 3.949332084273821e-08
3.5 3.848379836100211e-08
3.505 3.8038467250908595e-08
3.5100000000000002 3.859397896152073e-08
3.515 3.813233573173892e-08
3.52 3.812254454477616e-08
3.525 3.899143686644962e-08
3.5300000000000002 3.78403579139207e-08
3.535 3.85876709314862e-08
3.54 3.8209000683695695e-08
3.545 3.796165322980034e-08
3.5500000000000003 3.86293183884966e-08
3.555 3.774343992072766e-08
3.56 3.84952402418803e-08
3.565 3.770905373714453e-08
3.5700000000000003 3.880949829435718e-08
3.575 3.839092360372998e-08
3.58 3.7944515209521144e-08
3.585 3.788352436244117e-08
3.59 3.848537893643272e-08
3.595 3.7263476083570435e-08
3.6 3.7810055652394365e-08
3.605 3.85405462686419e-08
3.61 3.786233068182264e-08
3.615 3.741842761900542e-08
3.62 3.793181313385421e-08
3.625 3.7358377543508875e-08
3.63 3.75246358643673e-08
3.6350000000000002 3.874797855510544e-08
3.64 3.7704574303739545e-08
3.645 3.710848895370851e-08
3.65 3.704069391091009e-08
3.6550000000000002 3.748348854908164e-08
3.66 3.818368888081454e-08
3.665 3.686139310864135e-08
3.67 3.598414581573608e-08
3.6750000000000003 3.66741483872608e-08
3.68 3.7107216874813006e-08
3.685 3.675053691174734e-08
3.69 3.705639503835204e-08
3.6950000000000003 3.6936704529379935e-08
3.7 3.632137708835604e-08
3.705 3.6929533726353954e-08
3.71 3.6224599922282385e-08
3.715 3.6473390920083316e-08
3.72 3.60934565098452e-08
3.725 3.6253347791838343e-08
3.73 3.591286211427979e-08
3.735 3.666048054122412e-08
3.74 3.643467892088374e-08
3.745 3.6421146549325105e-08
3.75 3.6873076376439084e-08
3.755 3.611299909246824e-08
3.7600000000000002 3.633276225610544e-08
3.765 3.602753201628108e-08
3.77 3.677465439994034e-08
3.775 3.640865890407273e-08
3.7800000000000002 3.5730906136552035e-08
3.785 3.589916927194897e-08
3.79 3.588893544039569e-08
3.795 3.54387821097673e-08
3.8000000000000003 3.5317744087406445e-08
3.805 3.492673524113452e-08
3.81 3.582534195393674e-08
3.815 3.576485486139043e-08
3.8200000000000003 3.540911123821263e-08
3.825 3.530428325142575e-08
3.83 3.5127806924340585e-08
3.835 3.615266583089949e-08
3.84 3.513944495633316e-08
3.845 3.519149697025091e-08
3.85 3.477422238800717e-08
3.855 3.4809681105901134e-08
3.86 3.516925449017419e-08
3.865 3.511208796383014e-08
3.87 3.5285839984748316e-08
3.875 3.471069337820407e-08
3.88 3.497263091112955e-08
3.8850000000000002 3.450431924653976e-08
3.89 3.4007582877944874e-08
3.895 3.477334693330705e-08
3.9 3.432529372747031e-08
3.9050000000000002 3.409577076775085e-08
3.91 3.4522682837243194e-08
3.915 3.4675099528232476e-08
3.92 3.422382404556433e-08
3.9250000000000003 3.3658233805016593e-08
3.93 3.4498682856192816e-08
3.935 3.3629126147346334e-08
3.94 3.407710810517773e-08
3.9450000000000003 3.360220226957988e-08
3.95 3.478970316713993e-08
3.955 3.360464924153049e-08
3.96 3.370094163332987e-08
3.9650000000000003 3.291333146391578e-08
3.97 3.44772850796421e-08
3.975 3.417531098379509e-08
3.98 3.3169234385646933e-08
3.985 3.328756490697874e-08
3.99 3.381884890934777e-08
3.995 3.36803266726594e-08
4.0 3.2664788579216925e-08
4.005 3.214314053870155e-08
4.01 3.239591567730022e-08
4.015 3.305286670050616e-08
4.0200000000000005 3.2112687009308774e-08
4.025 3.2718629308567566e-08
4.03 3.268427406858065e-08
4.035 3.265179795948975e-08
4.04 3.2928171494214595e-08
4.045 3.2656260124991095e-08
4.05 3.194403649186027e-08
4.055 3.241903324382556e-08
4.0600000000000005 3.2753437476921774e-08
4.065 3.283056027263715e-08
4.07 3.253389995609152e-08
4.075 3.1823461433248284e-08
4.08 3.1810095379137644e-08
4.085 3.1873921821083096e-08
4.09 3.19045435032876e-08
4.095 3.183409944521013e-08
4.1 3.2375443657588254e-08
4.105 3.130750995954838e-08
4.11 3.108892264360474e-08
4.115 3.0995288458704895e-08
4.12 3.1615748876482684e-08
4.125 3.143297691044934e-08
4.13 3.127770939436453e-08
4.135 3.126521062389102e-08
4.14 3.104633487072382e-08
4.1450000000000005 3.1461637642002787e-08
4.15 3.098292067579961e-08
4.155 3.050992585870203e-08
4.16 3.13510788339522e-08
4.165 3.084384012071652e-08
4.17 3.041300293655897e-08
4.175 3.0578878039661106e-08
4.18 2.9872504762484216e-08
4.1850000000000005 3.064163555282216e-08
4.19 3.109032253903887e-08
4.195 3.056684201468258e-08
4.2 3.061887384452516e-08
4.205 2.983811224911053e-08
4.21 2.9613382151589395e-08
4.215 3.0024816692736665e-08
4.22 3.037354076560104e-08
4.225 2.9791512122592792e-08
4.23 3.01774211810161e-08
4.235 2.9767738414125454e-08
4.24 2.9917066139221006e-08
4.245 3.01116568001351e-08
4.25 2.9994825493346577e-08
4.255 3.0041643826508784e-08
4.26 2.9251392413677257e-08
4.265 2.9723340476061928e-08
4.2700000000000005 2.989102883265383e-08
4.275 2.9267356332442887e-08
4.28 2.9068223108693618e-08
4.285 2.9132225439388536e-08
4.29 2.9457638305835654e-08
4.295 2.909401244502849e-08
4.3 2.9159012873850368e-08
4.305 2.908940948131348e-08
4.3100000000000005 2.9273831415100374e-08
4.315 2.8445690857813194e-08
4.32 2.8497599426504775e-08
4.325 2.8963564943851633e-08
4.33 2.8189003176836732e-08
4.335 2.8802927611410877e-08
4.34 2.8256059340693692e-08
4.345 2.874958783500639e-08
4.3500000000000005 2.7939654782722308e-08
4.355 2.84446293895534e-08
4.36 2.8267351012064056e-08
4.365 2.7907216479785394e-08
4.37 2.7821356620008304e-08
4.375 2.8538605489346622e-08
4.38 2.7889507585727623e-08
4.385 2.7781392984640307e-08
4.39 2.7380397623039947e-08
4.3950000000000005 2.7882679876981662e-08
4.4 2.7202163850765507e-08
4.405 2.7771082878311433e-08
4.41 2.7073365236430332e-08
4.415 2.7866919943095468e-08
4.42 2.6966290838342112e-08
4.425 2.805211718693563e-08
4.43 2.7618712894046884e-08
4.4350000000000005 2.741208437450413e-08
4.44 2.6947697696738396e-08
4.445 2.710912633658006e-08
4.45 2.710952831517611e-08
4.455 2.6921056307792938e-08
4.46 2.6606646766895843e-08
4.465 2.6856351832810425e-08
4.47 2.686478840419538e-08
4.4750000000000005 2.6882861903333436e-08
4.48 2.6857417333445555e-08
4.485 2.6277392710839592e-08
4.49 2.6567687190002748e-08
4.495 2.660339770754025e-08
4.5 2.6237412046084585e-08
4.505 2.6662466327105027e-08
4.51 2.6210244971151136e-08
4.515 2.6219553325299115e-08
4.5200000000000005 2.7110828955859696e-08
4.525 2.6243673820547072e-08
4.53 2.5934319981850865e-08
4.535 2.652615191334429e-08
4.54 2.6196902971460524e-08
4.545 2.630614338007271e-08
4.55 2.5544087578692577e-08
4.555 2.5915265102198147e-08
4.5600000000000005 2.601192677275269e-08
4.565 2.5945401518297515e-08
4.57 2.5408279412058515e-08
4.575 2.5886264673402895e-08
4.58 2.5852694357563654e-08
4.585 2.5954219704581265e-08
4.59 2.549680129913055e-08
4.595 2.447793739355599e-08
4.6000000000000005 2.5757283413090254e-08
4.605 2.5456526421770992e-08
4.61 2.5258270659374558e-08
4.615 2.5880668040410505e-08
4.62 2.5820914036703326e-08
4.625 2.5590115670288505e-08
4.63 2.556994095781211e-08
4.635 2.427543046881707e-08
4.64 2.4708585787434637e-08
4.6450000000000005 2.479646103342121e-08
4.65 2.5077548418769006e-08
4.655 2.4452251229432188e-08
4.66 2.492286351908744e-08
4.665 2.4333485922458848e-08
4.67 2.4865868143138897e-08
4.675 2.4602223009831782e-08
4.68 2.4738284711162954e-08
4.6850000000000005 2.3848129989645497e-08
4.69 2.4215385629837162e-08
4.695 2.4718953883965783e-08
4.7 2.4318609974841168e-08
4.705 2.4190643084460388e-08
4.71 2.4828156047648014e-08
4.715 2.410903956207725e-08
4.72 2.437108903738606e-08
4.7250000000000005 2.4061177991513517e-08
4.73 2.4145002319286627e-08
4.735 2.4223179252434763e-08
4.74 2.4209546889903995e-08
4.745 2.3366089951831554e-08
4.75 2.3509273695241308e-08
4.755 2.368912223255936e-08
4.76 2.3892268665809562e-08
4.765 2.3765898461764332e-08
4.7700000000000005 2.324516837215776e-08
4.775 2.3400373499355963e-08
4.78 2.3125765345535473e-08
4.785 2.3196462140750115e-08
4.79 2.3478419989789347e-08
4.795 2.3698622974532917e-08
4.8 2.3502695493937298e-08
4.805 2.344609845048641e-08
4.8100000000000005 2.3501214488714176e-08
4.815 2.304419597833081e-08
4.82 2.337408663952072e-08
4.825 2.3064249959594435e-08
4.83 2.277989475330424e-08
4.835 2.3033245543331544e-08
4.84 2.3082623631020866e-08
4.845 2.2799426308702555e-08
4.8500000000000005 2.2295000803276184e-08
4.855 2.3430365955487134e-08
4.86 2.3272139416153047e-08
4.865 2.3143601293056926e-08
4.87 2.2822884367448155e-08
4.875 2.2583212859503207e-08
4.88 2.309615673153845e-08
4.885 2.264173376105271e-08
4.89 2.327783507751272e-08
4.8950000000000005 2.228091525525246e-08
4.9 2.2517947989339363e-08
4.905 2.2756817817534887e-08
4.91 2.231770509576328e-08
4.915 2.2136955613584814e-08
4.92 2.2052550742109283e-08
4.925 2.238175262602316e-08
4.93 2.1910072400072897e-08
4.9350000000000005 2.1909004933119955e-08
4.94 2.2009356027402902e-08
4.945 2.2001099597368373e-08
4.95 2.175516734856509e-08
4.955 2.160099111999078e-08
4.96 2.2372868235563054e-08
4.965 2.215266898162614e-08
4.97 2.2018659901916057e-08
4.9750000000000005 2.1995997660740835e-08
4.98 2.171197921375679e-08
4.985 2.1974219300010083e-08
4.99 2.184975192253882e-08
4.995 2.1301496268624802e-08
5.0 2.205867644708443e-08
5.005 2.119328224236884e-08
5.01 2.1345528277188193e-08
5.015 2.114898792696526e-08
5.0200000000000005 2.1532308098645456e-08
5.025 2.0403264275153755e-08
5.03 2.102566249302743e-08
5.035 2.034732469082239e-08
5.04 2.057208432537786e-08
5.045 2.132849571910688e-08
5.05 2.1167144755768704e-08
5.055 2.0833505693467324e-08
5.0600000000000005 2.0590402274210006e-08
5.065 2.0687989582240048e-08
5.07 2.1447742568304393e-08
5.075 2.115166927895313e-08
5.08 2.0306396090124313e-08
5.085 2.112572095590121e-08
5.09 2.0899687677001686e-08
5.095 2.093565821022386e-08
5.1000000000000005 2.0753498378755825e-08
5.105 2.0352016627477628e-08
5.11 2.100613941541821e-08
5.115 2.0775964142416148e-08
5.12 2.0299498966547084e-08
5.125 2.0801848950037015e-08
5.13 2.0690451344807386e-08
5.135 1.9408280829153293e-08
5.14 2.038023970181228e-08
5.1450000000000005 2.0370699870476597e-08
5.15 2.0619794174875854e-08
5.155 2.019760260160744e-08
5.16 2.0314186273994283e-08
5.165 2.0830220651059764e-08
5.17 2.0200269672677087e-08
5.175 2.0232606477979207e-08
5.18 1.9691252639346002e-08
5.1850000000000005 2.0285083195254223e-08
5.19 2.0157621875017674e-08
5.195 2.0050683401472044e-08
5.2 1.973455979097104e-08
5.205 2.0047236127518888e-08
5.21 1.9580839545963616e-08
5.215 1.9992361856203e-08
5.22 2.001332687918477e-08
5.2250000000000005 1.9946370493871478e-08
5.23 1.986262880659675e-08
5.235 2.002982828395691e-08
5.24 1.967048389567054e-08
5.245 1.9572237803409276e-08
5.25 1.9331832806522124e-08
5.255 1.946096648728097e-08
5.26 1.916265859110987e-08
5.265 1.95042601034486e-08
5.2700000000000005 1.9302057086584186e-08
5.275 1.9538181024528123e-08
5.28 1.9585720711916403e-08
5.285 1.9292448435019974e-08
5.29 1.9392559529064795e-08
5.295 1.934845925085036e-08
5.3 1.9379679510324727e-08
5.305 1.957872269714482e-08
5.3100000000000005 1.9555913271999202e-08
5.315 1.8865209950521832e-08
5.32 1.9054622724251944e-08
5.325 1.8952431483604797e-08
5.33 1.9049047149839357e-08
5.335 1.950596040620028e-08
5.34 1.8925519461772984e-08
5.345 1.8570598467379948e-08
5.3500000000000005 1.8611983084385667e-08
5.355 1.8950612182745533e-08
5.36 1.9041186164571548e-08
5.365 1.8258530157796346e-08
5.37 1.9138357585564812e-08
5.375 1.8770923036379078e-08
5.38 1.831981756342902e-08
5.385 1.841486350006738e-08
5.39 1.8623639539809898e-08
5.3950000000000005 1.869376964490837e-08
5.4 1.821544278323246e-08
5.405 1.8315944765513218e-08
5.41 1.8606788110078616e-08
5.415 1.8373495106774956e-08
5.42 1.8523915268712408e-08
5.425 1.825041564400496e-08
5.43 1.7677657288779023e-08
5.4350000000000005 1.795021372156779e-08
5.44 1.8311413258456672e-08
5.445 1.867566381327932e-08
5.45 1.8430365175089887e-08
5.455 1.7912015673526705e-08
5.46 1.8138565420231632e-08
5.465 1.78661885732866e-08
5.47 1.7919490637025538e-08
5.4750000000000005 1.7646893271088793e-08
5.48 1.822315068739293e-08
5.485 1.81390782063535e-08
5.49 1.7805753801978287e-08
5.495 1.8057838017636103e-08
5.5 1.749924490124263e-08
5.505 1.7395051077382665e-08
5.51 1.7523122465248887e-08
5.515 1.7864985218383e-08
5.5200000000000005 1.768537525883024e-08
5.525 1.788957383338833e-08
5.53 1.763751503701117e-08
5.535 1.7478422662339383e-08
5.54 1.7024952872296608e-08
5.545 1.790649980328614e-08
5.55 1.6919105315108318e-08
5.555 1.7325262393253458e-08
5.5600000000000005 1.7524552746967035e-08
5.565 1.6929259847544263e-08
5.57 1.7228948745781846e-08
5.575 1.726708938919103e-08
5.58 1.7042723991861983e-08
5.585 1.7186859869352035e-08
5.59 1.7444602980403454e-08
5.595 1.731732107614403e-08
5.6000000000000005 1.7575837688316386e-08
5.605 1.7031529205094505e-08
5.61 1.7011516096739277e-08
5.615 1.7216636581628717e-08
5.62 1.7270264054103776e-08
5.625 1.737129854484087e-08
5.63 1.7374915556993108e-08
5.635 1.6562823848486486e-08
5.64 1.6709604647468734e-08
5.6450000000000005 1.724177260870968e-08
5.65 1.7320675061306682e-08
5.655 1.7088998791225587e-08
5.66 1.7262430728663935e-08
5.665 1.724578498776324e-08
5.67 1.6854269968688974e-08
5.675 1.692969982892179e-08
5.68 1.6919719656418428e-08
5.6850000000000005 1.6062576749624297e-08
5.69 1.6624173354669817e-08
5.695 1.6104864588025347e-08
5.7 1.635566619517793e-08
5.705 1.632509129346766e-08
5.71 1.656942710689574e-08
5.715 1.6433792133128883e-08
5.72 1.6102213292876166e-08
5.7250000000000005 1.6412598816374795e-08
5.73 1.6446165527671897e-08
5.735 1.5873359563671996e-08
5.74 1.679384547833848e-08
5.745 1.6163185789047183e-08
5.75 1.6772559522623268e-08
5.755 1.625182594596355e-08
5.76 1.6075040501608504e-08
5.765 1.6315751590538743e-08
5.7700000000000005 1.5839489082213482e-08
5.775 1.5852819419021506e-08
5.78 1.6236626362974974e-08
5.785 1.6091625844171418e-08
5.79 1.6237082677865924e-08
5.795 1.5659248603156645e-08
5.8 1.5997993656691793e-08
5.805 1.6012316434763148e-08
5.8100000000000005 1.623856138708181e-08
5.815 1.6134059571022202e-08
5.82 1.621203000865357e-08
5.825 1.6052329037583807e-08
5.83 1.5686205476474295e-08
5.835 1.6085390028063098e-08
5.84 1.554036456692954e-08
5.845 1.5823037357901176e-08
5.8500000000000005 1.5644998254074853e-08
5.855 1.5594045117155736e-08
5.86 1.55551870626404e-08
5.865 1.571083794986502e-08
5.87 1.5350751525155295e-08
5.875 1.5923048365010126e-08
5.88 1.523190096922563e-08
5.885 1.5671388476557227e-08
5.89 1.511532195069209e-08
5.8950000000000005 1.4457388331722333e-08
5.9 1.5240536826734638e-08
5.905 1.5445227294729306e-08
5.91 1.5316831041498526e-08
5.915 1.5107131343850053e-08
5.92 1.5486494048234436e-08
5.925 1.475239396774383e-08
5.93 1.455193002244744e-08
5.9350000000000005 1.517964915950755e-08
5.94 1.5044486869990278e-08
5.945 1.4945506649367014e-08
5.95 1.5196803799432366e-08
5.955 1.4819786263267378e-08
5.96 1.505891904409961e-08
5.965 1.4865213194296487e-08
5.97 1.465648503974951e-08
5.9750000000000005 1.4855712482470514e-08
5.98 1.4642916674383918e-08
5.985 1.4439512959912918e-08
5.99 1.535145797679556e-08
5.995 1.5002461313255153e-08
6.0 1.4439171116498416e-08
6.005 1.4717750595571968e-08
6.01 1.4830920853992042e-08
6.015000000000001 1.4667864186084422e-08
6.0200000000000005 1.5117979440292064e-08
6.025 1.5360043140311756e-08
6.03 1.4886842006173987e-08
6.035 1.4658355879534677e-08
6.04 1.4707807171283219e-08
6.045 1.476331696777267e-08
6.05 1.4892303526513643e-08
6.055 1.4795375698308381e-08
6.0600000000000005 1.454073370699355e-08
6.065 1.4877994682554406e-08
6.07 1.468970363949638e-08
6.075 1.433878649322409e-08
6.08 1.4726775074225048e-08
6.085 1.4014644940995163e-08
6.09 1.4419517562812702e-08
6.095 1.4658509554369018e-08
6.1000000000000005 1.4505768946288016e-08
6.105 1.4367062778538793e-08
6.11 1.4483404872405604e-08
6.115 1.4416412645887382e-08
6.12 1.453212940517341e-08
6.125 1.400846612599784e-08
6.13 1.4127074034301693e-08
6.135 1.4005637891962634e-08
6.140000000000001 1.3773355639055228e-08
6.1450000000000005 1.4054566208985304e-08
6.15 1.4108690252969916e-08
6.155 1.415110742056305e-08
6.16 1.4248989699613198e-08
6.165 1.4259602812782496e-08
6.17 1.3974578758844819e-08
6.175 1.3821504752149544e-08
6.18 1.4106195755776198e-08
6.1850000000000005 1.4172537317142385e-08
6.19 1.4180918047833535e-08
6.195 1.377519695955336e-08
6.2 1.3584155160761284e-08
6.205 1.4733644334513804e-08
6.21 1.4292531644951913e-08
6.215 1.386221040199437e-08
6.22 1.3995775015289536e-08
6.2250000000000005 1.4002222479145845e-08
6.23 1.3387869459606528e-08
6.235 1.3628549781845175e-08
6.24 1.3815637660952494e-08
6.245 1.3560958233422552e-08
6.25 1.3506625564160581e-08
6.255 1.3568880569193222e-08
6.26 1.3648113390481951e-08
6.265000000000001 1.3703387550838145e-08
6.2700000000000005 1.3689934452629295e-08
6.275 1.3865066816889003e-08
6.28 1.33341603193317e-08
6.285 1.3200361696925099e-08
6.29 1.2947546522497219e-08
6.295 1.3390081793915492e-08
6.3 1.3755467224087934e-08
6.305 1.3295728684644413e-08
6.3100000000000005 1.3517254584649187e-08
6.315 1.3329223646371037e-08
6.32 1.2883880499614469e-08
6.325 1.3349561861530321e-08
6.33 1.3387531810467382e-08
6.335 1.3332462617726919e-08
6.34 1.3267943007744955e-08
6.345 1.31518940516225e-08
6.3500000000000005 1.3266561712348845e-08
6.355 1.318648595477366e-08
6.36 1.3062155516672002e-08
6.365 1.2749898963114811e-08
6.37 1.2940673300066318e-08
6.375 1.3422560428754085e-08
6.38 1.318818334259527e-08
6.385 1.2851003577567072e-08
6.390000000000001 1.284295930286537e-08
6.3950000000000005 1.2883944069980618e-08
6.4 1.2988231270164683e-08
6.405 1.3387591335111512e-08
6.41 1.3000500758334815e-08
6.415 1.2710812146261565e-08
6.42 1.2924522261427814e-08
6.425 1.3334873354883062e-08
6.43 1.2894143369834874e-08
6.4350000000000005 1.3041938681411006e-08
6.44 1.289539737092721e-08
6.445 1.325143884708291e-08
6.45 1.264925842399247e-08
6.455 1.2709484330406923e-08
6.46 1.3043506314996034e-08
6.465 1.2533122471407903e-08
6.47 1.2775298396732558e-08
6.4750000000000005 1.2730477876215411e-08
6.48 1.2752574286214246e-08
6.485 1.2938232802035982e-08
6.49 1.2952775379782218e-08
6.495 1.2349033978345688e-08
6.5 1.2723171835203292e-08
6.505 1.2461116759835442e-08
6.51 1.2366633599054825e-08
6.515000000000001 1.2185582753310907e-08
6.5200000000000005 1.29535867473407e-08
6.525 1.2002041090790299e-08
6.53 1.251636052119146e-08
6.535 1.223075906240639e-08
6.54 1.2893613395802764e-08
6.545 1.216985791813892e-08
6.55 1.2424270333549909e-08
6.555 1.3003926463798725e-08
6.5600000000000005 1.2481219441693359e-08
6.565 1.2444042699435134e-08
6.57 1.2609614834666388e-08
6.575 1.2222587071324092e-08
6.58 1.3171053770033648e-08
6.585 1.2418753486106255e-08
6.59 1.1866450787803685e-08
6.595 1.260456282630229e-08
6.6000000000000005 1.192954191643668e-08
6.605 1.194950269525111e-08
6.61 1.1993819836212591e-08
6.615 1.1910138874057808e-08
6.62 1.1803794942303269e-08
6.625 1.2031841632408113e-08
6.63 1.228673280847566e-08
6.635 1.201731945816869e-08
6.640000000000001 1.177942964910768e-08
6.6450000000000005 1.205184010608738e-08
6.65 1.2214881015293587e-08
6.655 1.1666862698447439e-08
6.66 1.1550617706501245e-08
6.665 1.189117515150724e-08
6.67 1.2317918828390197e-08
6.675 1.2272386630795845e-08
6.68 1.132782719093189e-08
6.6850000000000005 1.1378422318045122e-08
6.69 1.1475631160049515e-08
6.695 1.2183256132446275e-08
6.7 1.1937196253761534e-08
6.705 1.1714596320245207e-08
6.71 1.1781234969234098e-08
6.715 1.1449870696749012e-08
6.72 1.195631411522654e-08
6.7250000000000005 1.160100447616994e-08
6.73 1.1731258273835245e-08
6.735 1.2040571379990682e-08
6.74 1.178792636561598e-08
6.745 1.128260395667576e-08
6.75 1.1351503004816309e-08
6.755 1.1075365050171749e-08
6.76 1.1559708562969783e-08
6.765000000000001 1.156123389437664e-08
6.7700000000000005 1.194094262435062e-08
6.775 1.1171782428131216e-08
6.78 1.1542044335005583e-08
6.785 1.1758313823567485e-08
6.79 1.1026737017772244e-08
6.795 1.1455947468980222e-08
6.8 1.1313872861612896e-08
6.805 1.1551054424858453e-08
6.8100000000000005 1.1554586025176943e-08
6.815 1.1063109509505286e-08
6.82 1.1729711262902055e-08
6.825 1.1405674082182602e-08
6.83 1.0930350333673755e-08
6.835 1.1141547210500561e-08
6.84 1.1608536239364716e-08
6.845 1.0895603827536748e-08
6.8500000000000005 1.1442082969390025e-08
6.855 1.0856460844037155e-08
6.86 1.1409800140323683e-08
6.865 1.1398870142782038e-08
6.87 1.113779709645325e-08
6.875 1.1335730416328658e-08
6.88 1.0990061514904628e-08
6.885 1.1115992606334206e-08
6.890000000000001 1.1098985567299126e-08
6.8950000000000005 1.1433544211647969e-08
6.9 1.0853286010987142e-08
6.905 1.0918067357881181e-08
6.91 1.0979066071389032e-08
6.915 1.123426375453158e-08
6.92 1.081890912287287e-08
6.925 1.0852637264562922e-08
6.93 1.1117035325278501e-08
6.9350000000000005 1.092688600989106e-08
6.94 1.0872530724099932e-08
6.945 1.1059010731643957e-08
6.95 1.0200079385350606e-08
6.955 1.0621667596734533e-08
6.96 1.0871313787155972e-08
6.965 1.0985802074756673e-08
6.97 1.0430560123162539e-08
6.9750000000000005 1.1439426476736933e-08
6.98 1.1394255215803287e-08
6.985 1.091497715303903e-08
6.99 1.13268792340061e-08
6.995 1.059397635050736e-08
7.0 1.0329485224903804e-08
7.005 1.0775813252303338e-08
7.01 1.067688110135291e-08
7.015000000000001 1.063585584569734e-08
7.0200000000000005 1.0639809079736042e-08
7.025 1.0711901846895915e-08
7.03 1.0407820419779613e-08
7.035 1.0476077509711028e-08
7.04 1.1003715392764695e-08
7.045 1.0634240362188567e-08
7.05 1.0709958110563475e-08
7.055 1.0509401127411535e-08
7.0600000000000005 1.0457008543451262e-08
7.065 1.0401628643348614e-08
7.07 1.0527951983919441e-08
7.075 1.0974822770557827e-08
7.08 1.0649438244797265e-08
7.085 1.0602562740781867e-08
7.09 9.927411512125967e-09
7.095 1.0573941542292686e-08
7.1000000000000005 1.0339828062884838e-08
7.105 1.0092768493382332e-08
7.11 1.0191413148484187e-08
7.115 9.811245206798471e-09
7.12 1.0363783249733084e-08
7.125 1.0188865029757964e-08
7.13 1.0113544997422261e-08
7.135 1.032369851307574e-08
7.140000000000001 1.0621240076817306e-08
7.1450000000000005 1.0065996305232466e-08
7.15 1.1016630225199164e-08
7.155 1.0573935310556003e-08
7.16 1.032768524325424e-08
7.165 1.0093548302617612e-08
7.17 1.0485586470106792e-08
7.175 9.923030449826254e-09
7.18 1.0241979495689573e-08
7.1850000000000005 1.0277609946595019e-08
7.19 1.0194397393114325e-08
7.195 1.04564364841318e-08
7.2 1.0152849783131691e-08
7.205 9.822426037639148e-09
7.21 9.933565753543747e-09
7.215 1.0102360971138905e-08
7.22 1.0407125100766707e-08
7.2250000000000005 9.874310726307264e-09
7.23 1.0114843194031079e-08
7.235 1.002208364437874e-08
7.24 1.0172321321026643e-08
7.245 9.74963873396401e-09
7.25 1.0147698741855042e-08
7.255 1.0057854845664133e-08
7.26 1.0039908377346994e-08
7.265000000000001 1.0099904428226227e-08
7.2700000000000005 9.971673824691485e-09
7.275 1.0215934938488832e-08
7.28 9.869267535883977e-09
7.285 1.00479093540472e-08
7.29 1.0091600471576703e-08
7.295 9.497173673548034e-09
7.3 9.55025289670013e-09
7.305 9.381982720168723e-09
7.3100000000000005 9.855530468601625e-09
7.315 9.848788955555533e-09
7.32 9.880512732586128e-09
7.325 9.842335596849771e-09
7.33 9.779794568071304e-09
7.335 9.569812658375635e-09
7.34 9.410840325220799e-09
7.345 9.633478433917469e-09
7.3500000000000005 9.874996890548214e-09
7.355 9.869689592617804e-09
7.36 9.88890381283667e-09
7.365 9.594031922444212e-09
7.37 1.0116238419090898e-08
7.375 9.809166207986935e-09
7.38 8.89388001288417e-09
7.385 9.662454771153377e-09
7.390000000000001 9.598248754817308e-09
7.3950000000000005 9.672949089010878e-09
7.4 9.849623911389564e-09
7.405 9.585862358824775e-09
7.41 9.587571192605029e-09
7.415 9.367277410003657e-09
7.42 9.537846771171346e-09
7.425 9.357445113092698e-09
7.43 9.338463259240016e-09
7.4350000000000005 9.596685782757717e-09
7.44 9.552633938521188e-09
7.445 9.337597269883237e-09
7.45 9.535412664796219e-09
7.455 9.487806704546805e-09
7.46 8.97325577942531e-09
7.465 9.695294241410461e-09
7.47 9.485775011787455e-09
7.4750000000000005 8.935740918552232e-09
7.48 9.212540872883374e-09
7.485 9.470016126365029e-09
7.49 9.159250093507828e-09
7.495 9.210397887338989e-09
7.5 9.19804277384801e-09
7.505 9.546637589603995e-09
7.51 9.214118030153733e-09
7.515000000000001 9.381254636115936e-09
7.5200000000000005 9.14682279712013e-09
7.525 9.736902381151854e-09
7.53 8.991128808477543e-09
7.535 9.623612224527423e-09
7.54 8.977043204658017e-09
7.545 9.107097581374352e-09
7.55 9.338563968208673e-09
7.555 8.70090624601339e-09
7.5600000000000005 9.047859283986118e-09
7.565 8.747158839217106e-09
7.57 8.889143456256852e-09
7.575 9.214660674997245e-09
7.58 9.795019176730639e-09
7.585 8.786366597121773e-09
7.59 9.074518082887953e-09
7.595 9.151474362416032e-09
7.6000000000000005 9.037171924371722e-09
7.605 9.184726040149714e-09
7.61 9.10778592715656e-09
7.615 8.811935388597372e-09
7.62 8.66432518247237e-09
7.625 9.239554918145691e-09
7.63 9.364841362008012e-09
7.635 8.375896244210776e-09
7.640000000000001 8.78523797865827e-09
7.6450000000000005 9.173533692032987e-09
7.65 8.92758617621485e-09
7.655 8.813816232338957e-09
7.66 8.479029786850224e-09
7.665 9.057906155347198e-09
7.67 8.844227045202578e-09
7.675 8.641710489001377e-09
7.68 8.53887486331385e-09
7.6850000000000005 9.129630251167503e-09
7.69 8.902842726159913e-09
7.695 9.09110244668627e-09
7.7 9.200320962891769e-09
7.705 8.659775347486841e-09
7.71 8.822467157587495e-09
7.715 8.682190081626804e-09
7.72 8.574541744768917e-09
7.7250000000000005 8.580313333846745e-09
7.73 8.985657838407311e-09
7.735 8.733905056831067e-09
7.74 8.850866327385659e-09
7.745 8.61675868829245e-09
7.75 8.62856564383607e-09
7.755 8.593996147453091e-09
7.76 8.819573087996675e-09
7.765000000000001 8.374207835834145e-09
7.7700000000000005 8.655845669447416e-09
7.775 8.502911266831629e-09
7.78 8.387583530553062e-09
7.785 8.387774774890745e-09
7.79 8.050565270813308e-09
7.795 8.104019866900143e-09
7.8 8.649431597734814e-09
7.805000000000001 8.980052128803681e-09
7.8100000000000005 8.296198641808882e-09
7.815 8.546241064621095e-09
7.82 8.047645065912519e-09
7.825 8.44404961593796e-09
7.83 8.668479199887926e-09
7.835 8.239666146499211e-09
7.84 8.084828545826502e-09
7.845 8.570620071096879e-09
7.8500000000000005 8.34767694162109e-09
7.855 8.416988045125827e-09
7.86 8.085694735157996e-09
7.865 8.894459121876589e-09
7.87 8.415810307237043e-09
7.875 8.213815473206707e-09
7.88 8.381453576599621e-09
7.885 8.411194496273016e-09
7.890000000000001 8.376634186342595e-09
7.8950000000000005 8.944901335153803e-09
7.9 8.497545504359508e-09
7.905 8.240685734132476e-09
7.91 8.445961221317688e-09
7.915 8.241796112085014e-09
7.92 8.300381352467579e-09
7.925 8.601996664476024e-09
7.930000000000001 8.606201677667423e-09
7.9350000000000005 8.259653354652847e-09
7.94 7.991241860581157e-09
7.945 8.258339740318126e-09
7.95 8.423586674600275e-09
7.955 8.401100058291394e-09
7.96 8.060630466125328e-09
7.965 8.07905940445736e-09
7.97 8.197579229135328e-09
7.9750000000000005 7.82241386909508e-09
7.98 7.981949446993483e-09
7.985 8.091783667937951e-09
7.99 8.129461789010268e-09
7.995 7.925775487418964e-09
8.0 8.090038432487241e-09
8.25 3.911874642390191e-07
8.5 3.695005783775051e-07
8.75 3.4562200106572573e-07
9.0 3.2684166284329645e-07
9.25 3.0971569494364515e-07
9.5 2.9228429553989735e-07
9.75 2.7819729508291507e-07
10.0 2.6678584396656944e-07
10.25 2.5353763992554463e-07
10.5 2.398919335122974e-07
10.75 2.271499027577083e-07
11.0 2.1732355665239166e-07
11.25 2.0823171791693412e-07
11.5 2.007153753140312e-07
11.75 1.9047319215767248e-07
12.0 1.810079253908626e-07
12.25 1.775274634142347e-07
12.5 1.689720854132776e-07
12.75 1.626941082877726e-07
13.0 1.536900289458318e-07
13.25 1.47835670732211e-07
13.5 1.4523627572075514e-07
13.75 1.3962877929786915e-07
14.0 1.3191920371820413e-07
14.25 1.248875906376186e-07
14.5 1.2079938338721776e-07
14.75 1.1652890315990635e-07
15.0 1.1409037678556788e-07
15.25 1.0704360200693966e-07
15.5 1.0282540501434507e-07
15.75 9.970429576805646e-08
16.0 9.512569861717371e-08
16.25 9.018511400869962e-08
16.5 8.706275185675547e-08
16.75 8.16579378526749e-08
17.0 7.966233252648449e-08
17.25 7.778255645636965e-08
17.5 7.247317076158723e-08
17.75 7.136309005113518e-08
18.0 6.779922325582847e-08
18.25 6.401471875185821e-08
18.5 6.204990611876006e-08
18.75 5.831056752676096e-08
19.0 5.818403726353117e-08
19.25 5.6447865379921736e-08
19.5 5.4266195177965676e-08
19.75 5.2021158712143854e-08
20.0 4.921905407206009e-08
20.25 4.969269445765189e-08
20.5 4.5208364200957005e-08
20.75 4.561473819066298e-08
21.0 4.3922083231582664e-08
21.25 4.46736128684636e-08
21.5 4.295851804683469e-08
21.75 3.93585838883306e-08
22.0 3.869667893152975e-08
22.25 3.73353714834776e-08
22.5 3.644026628077017e-08
22.75 3.496753335249328e-08
23.0 3.317698286895273e-08
23.25 3.362750015033642e-08
23.5 3.3401262321366186e-08
23.75 3.194805725027996e-08
24.0 2.9991484507941256e-08
24.25 2.900790346599416e-08
24.5 2.764144955223759e-08
24.75 2.7204363508790212e-08
25.0 2.6642249634387544e-08
25.25 2.548146760283618e-08
25.5 2.6625337089072274e-08
25.75 2.3651244210156378e-08
26.0 2.4254788218252117e-08
26.25 2.3202624928117286e-08
26.5 2.3376491133236332e-08
26.75 2.277546580233158e-08
27.0 2.1726419987512988e-08
27.25 2.1645698652361774e-08
27.5 2.1264074796697632e-08
27.75 1.9570536676866984e-08
28.0 1.975204842347921e-08
28.25 1.8069930311784434e-08
28.5 1.762241283452584e-08
28.75 1.744979762945305e-08
29.0 1.7694024802917728e-08
29.25 1.6657584737393925e-08
29.5 1.552790592412383e-08
29.75 1.503292715906596e-08
30.0 1.509903898586616e-08
30.25 1.4434879905441445e-08
30.5 1.3410038121867998e-08
30.75 1.3153715430206778e-08
31.0 1.2935742170651144e-08
31.25 1.2967236953900653e-08
31.5 1.2503815265378426e-08
31.75 1.2532782115265103e-08
32.0 1.1189543991300713e-08
32.25 1.0913174377407078e-08
32.5 1.0906212676378812e-08
32.75 1.0577822156280485e-08
33.0 1.01071952115046e-08
33.25 9.34153304963557e-09
33.5 9.212475799428845e-09
33.75 9.447370736201603e-09
34.0 8.21038970658003e-09
34.25 8.114682511968216e-09
34.5 8.387811589928401e-09
34.75 7.448238074509696e-09
35.0 7.303549607505185e-09
35.25 7.409375054963599e-09
35.5 6.854642398502404e-09
35.75 6.9897116646050425e-09
36.0 6.4135859130946396e-09
36.25 6.210057012951997e-09
36.5 6.359636549236438e-09
36.75 6.35625558088519e-09
37.0 5.668680323855346e-09
37.25 5.946505005755611e-09
37.5 5.07151298918007e-09
37.75 5.805352361909181e-09
38.0 4.9180684076592616e-09
38.25 5.32715556101122e-09
38.5 4.933066725502384e-09
38.75 4.8057685077276156e-09
39.0 4.664251688377304e-09
39.25 4.289529655792157e-09
39.5 4.182746311382176e-09
39.75 4.231836891986298e-09
40.0 4.03711958421282e-09
40.25 3.8924887052785915e-09
40.5 3.5133391017115148e-09
40.75 3.4671112437896227e-09
41.0 3.26117405512774e-09
41.25 3.4119894345363185e-09
41.5 3.253540490177566e-09
41.75 3.170115221377781e-09
42.0 3.1711898198794447e-09
42.25 2.8544793097455554e-09
42.5 2.8868651343976247e-09
42.75 2.7404418213744983e-09
43.0 2.6467784560429855e-09
43.25 2.579719744863818e-09
43.5 2.3495261699257245e-09
43.75 2.4788014146058815e-09
44.0 2.199384872684522e-09
44.25 2.25304359729845e-09
44.5 2.26148240771779e-09
44.75 2.2454606032845684e-09
45.0 2.0886207132151607e-09
45.25 1.9941051664617912e-09
45.5 1.963950273809664e-09
45.75 1.8529049154454049e-09
46.0 1.7826720461099992e-09
46.25 1.6243691511760008e-09
46.5 1.5660824133997415e-09
46.75 1.578892329836401e-09
47.0 1.632863379559538e-09
47.25 1.5510190727098409e-09
47.5 1.581643774095229e-09
47.75 1.6198995280241678e-09
48.0 1.3936841942168761e-09
48.25 1.2000034494138235e-09
48.5 1.2824850597618244e-09
48.75 1.1134890835564207e-09
49.0 1.2701698027412339e-09
49.25 1.1586045390218737e-09
49.5 1.2638841885399938e-09
49.75 1.1019793026861594e-09
50.0 1.0177049438270754e-09
50.25 1.1365930398684613e-09
50.5 1.0387503363823936e-09
50.75 9.606251812104594e-10
51.0 1.0108895377182027e-09
51.25 9.927947611027252e-10
51.5 8.201197293032737e-10
51.75 9.503059167133687e-10
52.0 8.234949979635033e-10
52.25 7.49035225404045e-10
52.5 6.693618336109511e-10
52.75 6.306039129194677e-10
53.0 7.027678883278864e-10
53.25 6.379118130460025e-10
53.5 5.526970198710312e-10
53.75 4.772227966806937e-10
54.0 5.571581408851604e-10
54.25 5.947832043698782e-10
54.5 5.506096303539696e-10
54.75 5.91138519896644e-10
55.0 4.75383560900801e-10
55.25 4.958040627753416e-10
55.5 4.4381972619770246e-10
55.75 4.407378664767535e-10
56.0 4.422819122954018e-10
56.25 3.1362505830532023e-10
56.5 3.598395481483986e-10
56.75 4.1722957074125383e-10
57.0 4.0674765102272357e-10
57.25 2.6476259181017923e-10
57.5 3.892012296175327e-10
57.75 2.835091849335647e-10
58.0 3.0002151888514646e-10
58.25 2.8598229178159633e-10
58.5 2.586376085210072e-10
58.75 2.7009427256293547e-10
59.0 3.206338059266843e-10
59.25 1.588922727625499e-10
59.5 2.3588973372443875e-10
59.75 2.1145348722357336e-10
60.0 2.2182320291078866e-10
60.25 1.304785996414184e-10
60.5 2.1303871487402392e-10
60.75 1.884544845248599e-10
61.0 1.5717678218791143e-10
61.25 1.2344409337929327e-10
61.5 2.1279960998449936e-10
61.75 1.2216579454952583e-10
62.0 1.871728943154512e-10
62.25 1.1048476610297802e-10
62.5 9.447872992680262e-11
62.75 5.994745243995054e-11
63.0 8.352016950593725e-11
63.25 5.7143694187115036e-11
63.5 5.920050708700579e-11
63.75 6.608069034817168e-11
64.0 5.816847030740687e-11
64.25 1.343096868877976e-10
64.5 6.80435042162953e-11
64.75 5.714834492161147e-11
65.0 5.523878644462945e-11
65.25 5.8000013023724155e-11
65.5 8.278919518392277e-11
65.75 7.069566218264246e-11
66.0 3.874202956748342e-11
66.25 5.448007087137636e-11
66.5 6.858590579822309e-11
66.75 3.052206133791224e-11
67.0 4.1525155196353044e-11
67.25 2.2825106944578362e-11
67.5 4.745440226804083e-11
67.75 3.940499225409736e-11
68.0 2.945171025252779e-11
68.25 2.3475255432808698e-11
68.5 1.9095618521083346e-11
68.75 7.480909372059288e-12
69.0 6.1161349236379014e-12
69.25 1.7159132495855876e-11
69.5 3.621320287186391e-11
69.75 0.0
70.0 4.705977432695782e-11
70.25 7.267163140074737e-12
70.5 1.3168319016845821e-11
70.75 9.388186674725888e-12
71.0 0.0
71.25 0.0
71.5 2.3857477123809544e-11
71.75 1.2230201676657218e-11
72.0 6.85558022295534e-12
72.25 0.0
72.5 3.6707126365113073e-11
72.75 6.852106160193683e-12
73.0 1.2356388599912182e-11
73.25 1.0214032702914116e-11
73.5 2.489897595083118e-11
73.75 6.128904947259998e-12
74.0 2.6154692609339957e-11
74.25 9.024917421304216e-12
74.5 1.5679554174291313e-11
74.75 0.0
75.0 9.933753685854714e-12
75.25 0.0
75.5 1.6406724064807815e-11
75.75 0.0
76.0 0.0
76.25 1.159912925605097e-11
76.5 0.0
76.75 0.0
77.0 0.0
77.25 0.0
77.5 0.0
77.75 0.0
78.0 0.0
78.25 2.656119817487703e-11
78.5 0.0
78.75 0.0
79.0 1.1844268927616966e-11
79.25 0.0
79.5 8.408654735385e-12
79.75 7.611257165382934e-12
80.0 0.0
80.25 0.0
80.5 0.0
80.75 0.0
81.0 0.0
81.25 0.0
81.5 0.0
81.75 9.04954530013955e-12
82.0 0.0
82.25 1.681884598581702e-11
82.5 1.1546688728778035e-11
82.75 0.0
83.0 0.0
83.25 0.0
83.5 0.0
83.75 0.0
84.0 0.0
84.25 0.0
84.5 0.0
84.75 0.0
85.0 0.0
85.25 0.0
85.5 0.0
85.75 0.0
86.0 0.0
86.25 0.0
86.5 0.0
86.75 0.0
87.0 0.0
87.25 0.0
87.5 0.0
87.75 0.0
88.0 0.0
88.25 0.0
88.5 0.0
88.75 0.0
89.0 0.0
89.25 0.0
89.5 0.0
89.75 0.0
90.0 0.0
90.25 0.0
90.5 0.0
90.75 0.0
91.0 0.0
91.25 0.0
91.5 0.0
91.75 0.0
92.0 0.0
92.25 0.0
92.5 0.0
92.75 0.0
93.0 0.0
93.25 0.0
93.5 0.0
93.75 0.0
94.0 0.0
94.25 0.0
94.5 0.0
94.75 0.0
95.0 0.0
95.25 0.0
95.5 0.0
95.75 0.0
96.0 0.0
96.25 0.0
96.5 0.0
96.75 0.0
97.0 0.0
97.25 0.0
97.5 0.0
97.75 0.0
98.0 0.0
98.25 0.0
98.5 0.0
98.75 0.0
99.0 0.0
99.25 0.0
99.5 0.0
99.75 0.0
100.0 0.0
100.25 0.0
100.5 0.0
100.75 0.0
101.0 0.0
101.25 0.0
101.5 0.0
101.75 0.0
102.0 0.0
102.25 0.0
102.5 0.0
102.75 0.0
103.0 0.0
103.25 0.0
103.5 0.0
103.75 0.0
104.0 0.0
104.25 0.0
104.5 0.0
104.75 0.0
105.0 0.0
105.25 0.0
105.5 0.0
105.75 0.0
106.0 0.0
106.25 0.0
106.5 0.0
106.75 0.0
107.0 0.0
107.25 0.0
107.5 0.0
107.75 0.0
108.0 0.0
108.25 0.0
108.5 0.0
108.75 0.0
109.0 0.0
109.25 0.0
109.5 0.0
109.75 0.0
110.0 0.0
110.25 0.0
110.5 0.0
110.75 0.0
111.0 0.0
111.25 0.0
111.5 0.0
111.75 0.0
112.0 0.0
112.25 0.0
112.5 0.0
112.75 0.0
113.0 0.0
113.25 0.0
113.5 0.0
113.75 0.0
114.0 0.0
114.25 0.0
114.5 0.0
114.75 0.0
115.0 0.0
115.25 0.0
115.5 0.0
115.75 0.0
116.0 0.0
116.25 0.0
116.5 0.0
116.75 0.0
117.0 0.0
117.25 0.0
117.5 0.0
117.75 0.0
118.0 0.0
118.25 0.0
118.5 0.0
118.75 0.0
119.0 0.0
119.25 0.0
119.5 0.0
