0.005 4.1355188221003926e-11
0.01 3.7157746419496526e-09
0.015 1.8899228437121145e-08
0.02 3.160228521714353e-08
0.025 4.2318437934950155e-08
0.03 5.2599983146651737e-08
0.035 6.186864169446564e-08
0.04 7.028116219722914e-08
0.045 7.807983328358423e-08
0.05 8.525077899392818e-08
0.055 9.173717515814271e-08
0.06 9.823431741015715e-08
0.065 1.0464795237635992e-07
0.07 1.1150609930379986e-07
0.075 1.1289141513960474e-07
0.08 1.116365937935571e-07
0.085 1.0950149787445476e-07
0.09 1.0900030481899288e-07
0.095 1.0958489764980897e-07
0.1 1.1056016047610895e-07
0.105 1.1165826656649532e-07
0.11 1.131510532130713e-07
0.115 1.1481136720099755e-07
0.12 1.1667086211116953e-07
0.125 1.1878368815175968e-07
0.13 1.2089747950034002e-07
0.135 1.2328520838528942e-07
0.14 1.2575331238034143e-07
0.145 1.280273917772489e-07
0.15 1.3054695679912263e-07
0.155 1.3324484694013947e-07
0.16 1.3550266740448735e-07
0.165 1.372009293733826e-07
0.17 1.3888843873453577e-07
0.17500000000000002 1.39788477130349e-07
0.18 1.4054736621626779e-07
0.185 1.4167006435473763e-07
0.19 1.4271034928057692e-07
0.195 1.439298754903043e-07
0.2 1.4472312531443038e-07
0.20500000000000002 1.460243626277148e-07
0.21 1.4685779885067684e-07
0.215 1.4812714846405978e-07
0.22 1.492690630959679e-07
0.225 1.5076575571195748e-07
0.23 1.5193200896433715e-07
0.23500000000000001 1.535761877040182e-07
0.24 1.5484943928961726e-07
0.245 1.5666742902813418e-07
0.25 1.5806255804625095e-07
0.255 1.5959825938313003e-07
0.26 1.6120606581941845e-07
0.265 1.6269211494373833e-07
0.27 1.640570491601878e-07
0.275 1.654296911351423e-07
0.28 1.6684060571402988e-07
0.28500000000000003 1.6794586480972061e-07
0.29 1.6942827083399436e-07
0.295 1.7081523019504064e-07
0.3 1.720129595126606e-07
0.305 1.7341519003785385e-07
0.31 1.74575063868416e-07
0.315 1.7559729960923076e-07
0.32 1.774049816034508e-07
0.325 1.7897072109148013e-07
0.33 1.8014856911611237e-07
0.335 1.8207529138680116e-07
0.34 1.8357001980141918e-07
0.34500000000000003 1.850099300019549e-07
0.35000000000000003 1.87333778521638e-07
0.355 1.884465878313247e-07
0.36 1.9053599283308195e-07
0.365 1.9259810962520252e-07
0.37 1.9465958923603443e-07
0.375 1.9682986087279973e-07
0.38 1.9870411969279506e-07
0.385 2.0204931353025984e-07
0.39 2.0494430556475213e-07
0.395 2.0778746918210384e-07
0.4 2.0984139801882014e-07
0.405 2.1335961393006295e-07
0.41000000000000003 2.1656360421819116e-07
0.41500000000000004 2.1984303170870715e-07
0.42 2.2304241427914904e-07
0.425 2.270568076450533e-07
0.43 2.303402376968871e-07
0.435 2.3390306960393747e-07
0.44 2.374918208425519e-07
0.445 2.4100947375344804e-07
0.45 2.454362556707613e-07
0.455 2.4959990085908185e-07
0.46 2.533377641346013e-07
0.465 2.5784840636774717e-07
0.47000000000000003 2.6241486823240446e-07
0.47500000000000003 2.661066526583837e-07
0.48 2.7069489061247163e-07
0.485 2.7471193423743395e-07
0.49 2.789873477480805e-07
0.495 2.8312702274658375e-07
0.5 2.8830173322440364e-07
0.505 2.924673782370163e-07
0.51 2.96859620080543e-07
0.515 3.002925422427351e-07
0.52 3.045966635432086e-07
0.525 3.086998231752774e-07
0.53 3.128263206751241e-07
0.535 3.1722954502401167e-07
0.54 3.2191283097311353e-07
0.545 3.2613956405205826e-07
0.55 3.308758368570068e-07
0.555 3.346598431936993e-07
0.56 3.3750719851555207e-07
0.5650000000000001 3.4369048177491924e-07
0.5700000000000001 3.470821470039809e-07
0.5750000000000001 3.5135163816457156e-07
0.58 3.5542293116522503e-07
0.585 3.5825601704103825e-07
0.59 3.621762531690715e-07
0.595 3.6599405416905147e-07
0.6 3.700486787320435e-07
0.605 3.7295025522584263e-07
0.61 3.7656708121426073e-07
0.615 3.8116822783985185e-07
0.62 3.8348217566459094e-07
0.625 3.868091247097743e-07
0.63 3.913901545260274e-07
0.635 3.9484962424038533e-07
0.64 3.97674312544406e-07
0.645 3.997987393523764e-07
0.65 4.0417123638933746e-07
0.655 4.076801156674618e-07
0.66 4.0984605128623917e-07
0.665 4.1293609769197194e-07
0.67 4.1568951406121435e-07
0.675 4.195346961314078e-07
0.68 4.235986066622723e-07
0.685 4.265147428938628e-07
0.6900000000000001 4.301971684385471e-07
0.6950000000000001 4.314404442284408e-07
0.7000000000000001 4.355943488266725e-07
0.705 4.39247649260744e-07
0.71 4.4298222714125073e-07
0.715 4.452859960022032e-07
0.72 4.48729159036779e-07
0.725 4.495498721474329e-07
0.73 4.5527882280725575e-07
0.735 4.586063369980485e-07
0.74 4.61703928774495e-07
0.745 4.6365138101989615e-07
0.75 4.670254468432868e-07
0.755 4.6922920833478375e-07
0.76 4.7251693576015574e-07
0.765 4.770947360856562e-07
0.77 4.806820980762316e-07
0.775 4.840148734561662e-07
0.78 4.896233194084715e-07
0.785 4.909260813656712e-07
0.79 4.952682008236168e-07
0.795 4.98353556539463e-07
0.8 5.033205197081705e-07
0.805 5.079394803825504e-07
0.81 5.107662714570397e-07
0.8150000000000001 5.157540048227627e-07
0.8200000000000001 5.192562602584181e-07
0.8250000000000001 5.236209921719622e-07
0.8300000000000001 5.293906634538884e-07
0.835 5.317684468693207e-07
0.84 5.361170765019668e-07
0.845 5.386586890428858e-07
0.85 5.429187782293161e-07
0.855 5.48530563913142e-07
0.86 5.503189499056525e-07
0.865 5.557043923143846e-07
0.87 5.586967528530509e-07
0.875 5.606448924380231e-07
0.88 5.652918173022623e-07
0.885 5.696531531306239e-07
0.89 5.725029020941089e-07
0.895 5.772118906980336e-07
0.9 5.801695759977322e-07
0.905 5.836453388570356e-07
0.91 5.869736117477783e-07
0.915 5.904150559639555e-07
0.92 5.9180609256952e-07
0.925 5.956400432351496e-07
0.93 5.978353862765814e-07
0.935 6.013543793997115e-07
0.9400000000000001 6.063231183845552e-07
0.9450000000000001 6.072608757501368e-07
0.9500000000000001 6.120921726990652e-07
0.9550000000000001 6.148240064908359e-07
0.96 6.176084125607715e-07
0.965 6.21241768873986e-07
0.97 6.239598935419697e-07
0.975 6.283593501747604e-07
0.98 6.298870965852675e-07
0.985 6.294005932213704e-07
0.99 6.335572115583069e-07
0.995 6.372659039598276e-07
1.0 6.417042962916034e-07
1.0050000000000001 6.412163523198076e-07
1.01 6.44387987537437e-07
1.0150000000000001 6.477907250380614e-07
1.02 6.515512894237909e-07
1.025 6.538807188568017e-07
1.03 6.554012978801841e-07
1.035 6.599055814448242e-07
1.04 6.601533341573371e-07
1.045 6.64342031206321e-07
1.05 6.655321486175241e-07
1.055 6.679038392407342e-07
1.06 6.735797915978193e-07
1.065 6.724670893831619e-07
1.07 6.775726146995316e-07
1.075 6.833203716456557e-07
1.08 6.83034033240283e-07
1.085 6.889741336660493e-07
1.09 6.910799388272999e-07
1.095 6.950299894717339e-07
1.1 6.964275327922825e-07
1.105 7.0131696035421e-07
1.11 7.060417045930184e-07
1.115 7.063304946718655e-07
1.12 7.104117491214565e-07
1.125 7.132140958010202e-07
1.1300000000000001 7.179115191581375e-07
1.135 7.21348860016611e-07
1.1400000000000001 7.255104981860567e-07
1.145 7.275693599870614e-07
1.1500000000000001 7.335523203331305e-07
1.155 7.35611207298961e-07
1.16 7.380358505190569e-07
1.165 7.42788085635641e-07
1.17 7.431577816722385e-07
1.175 7.478027644001914e-07
1.18 7.515067178556932e-07
1.185 7.533758729731198e-07
1.19 7.575328737638744e-07
1.195 7.608255612157028e-07
1.2 7.616020884299266e-07
1.205 7.666115759064004e-07
1.21 7.67499029253697e-07
1.215 7.723019095381738e-07
1.22 7.703443668632399e-07
1.225 7.747756452664713e-07
1.23 7.779882684003376e-07
1.235 7.793997758772747e-07
1.24 7.8348836043039e-07
1.245 7.84637875455176e-07
1.25 7.842827570217207e-07
1.2550000000000001 7.884136222139588e-07
1.26 7.895921304839783e-07
1.2650000000000001 7.90892073224758e-07
1.27 7.893308668077512e-07
1.2750000000000001 7.936142421437758e-07
1.28 7.945323181602274e-07
1.285 7.919526306696422e-07
1.29 7.988964265127108e-07
1.295 7.965700850259322e-07
1.3 7.962188746685212e-07
1.305 8.019639090514504e-07
1.31 8.008265396035856e-07
1.315 8.009423269399604e-07
1.32 8.032016919804246e-07
1.325 8.037230424364171e-07
1.33 8.022553850504349e-07
1.335 8.04494357055766e-07
1.34 8.043769614144683e-07
1.345 8.072535093044301e-07
1.35 8.076445422437298e-07
1.355 8.075570423630561e-07
1.36 8.075219372984555e-07
1.365 8.087947451808354e-07
1.37 8.094571917191679e-07
1.375 8.108656749226686e-07
1.3800000000000001 8.160795783546688e-07
1.385 8.117035129438213e-07
1.3900000000000001 8.103659837534965e-07
1.395 8.175347678164127e-07
1.4000000000000001 8.146992818029431e-07
1.405 8.167578946009051e-07
1.41 8.165564617747769e-07
1.415 8.140811617384502e-07
1.42 8.19055207129023e-07
1.425 8.175782159520359e-07
1.43 8.185742459163507e-07
1.435 8.192157004053127e-07
1.44 8.15196481735267e-07
1.445 8.228870150989582e-07
1.45 8.237426369231075e-07
1.455 8.260756957805661e-07
1.46 8.23366482804081e-07
1.465 8.257090302639884e-07
1.47 8.280145197722341e-07
1.475 8.266542522220007e-07
1.48 8.305785145398899e-07
1.485 8.304648856388227e-07
1.49 8.318237055593249e-07
1.495 8.337752490200278e-07
1.5 8.334568444980106e-07
1.5050000000000001 8.38003238286402e-07
1.51 8.393365493706506e-07
1.5150000000000001 8.401573792837032e-07
1.52 8.41514909751697e-07
1.5250000000000001 8.44386905456497e-07
1.53 8.461158624720981e-07
1.5350000000000001 8.482609125084017e-07
1.54 8.487259146696013e-07
1.545 8.509066565027532e-07
1.55 8.504172904025794e-07
1.555 8.534502239880667e-07
1.56 8.585266781470671e-07
1.565 8.596105186383926e-07
1.57 8.606639261593128e-07
1.575 8.619873741456801e-07
1.58 8.644381758238968e-07
1.585 8.654403419501503e-07
1.59 8.694276643483921e-07
1.595 8.766301873244806e-07
1.6 8.73426632303668e-07
1.605 8.778257475725872e-07
1.61 8.794362757425659e-07
1.615 8.787055839957615e-07
1.62 8.856659399904961e-07
1.625 8.917840432871928e-07
1.6300000000000001 8.895754659106221e-07
1.635 8.940529107390843e-07
1.6400000000000001 8.954383662768856e-07
1.645 8.956422300196798e-07
1.6500000000000001 8.981875966016455e-07
1.655 9.022910192560591e-07
1.6600000000000001 9.026282099978758e-07
1.665 9.08724778660445e-07
1.67 9.09905096660385e-07
1.675 9.097129297973032e-07
1.68 9.157017398918013e-07
1.685 9.205062015655855e-07
1.69 9.210950971533505e-07
1.695 9.240040100066064e-07
1.7 9.268490104541996e-07
1.705 9.26532680829081e-07
1.71 9.313451118511268e-07
1.715 9.33502846147379e-07
1.72 9.361565284898503e-07
1.725 9.399012462608987e-07
1.73 9.437114697428372e-07
1.735 9.462719223651073e-07
1.74 9.464518658702368e-07
1.745 9.504570626644306e-07
1.75 9.543242455250582e-07
1.7550000000000001 9.523482554580981e-07
1.76 9.585170656808504e-07
1.7650000000000001 9.581220746989566e-07
1.77 9.670195829459087e-07
1.7750000000000001 9.703185807974156e-07
1.78 9.713091270569321e-07
1.7850000000000001 9.70679306277395e-07
1.79 9.704550403872696e-07
1.795 9.772656658150604e-07
1.8 9.772739121672725e-07
1.805 9.845291840632929e-07
1.81 9.847331212820171e-07
1.815 9.891096144516834e-07
1.82 9.87054226736583e-07
1.825 9.94410703160141e-07
1.83 9.921452911775422e-07
1.835 9.94964939399895e-07
1.84 9.98943091560993e-07
1.845 1.0051771375920956e-06
1.85 1.0033772491859698e-06
1.855 1.0064903790756476e-06
1.86 1.004321720820442e-06
1.865 1.0076611909441545e-06
1.87 1.0084095356235053e-06
1.875 1.01329094916922e-06
1.8800000000000001 1.0152784939091582e-06
1.885 1.0135191713605719e-06
1.8900000000000001 1.0171005764749275e-06
1.895 1.0193993624267305e-06
1.9000000000000001 1.0245835473980284e-06
1.905 1.0176226870365177e-06
1.9100000000000001 1.0262989587661755e-06
1.915 1.0244913016690713e-06
1.92 1.0262827819160769e-06
1.925 1.02966180156027e-06
1.93 1.0297666266660533e-06
1.935 1.0367749877848387e-06
1.94 1.035839973132637e-06
1.945 1.0382328045510736e-06
1.95 1.0355319555052868e-06
1.955 1.0402176976524633e-06
1.96 1.0404643540707909e-06
1.965 1.0441653172098517e-06
1.97 1.0452211961013481e-06
1.975 1.044100100090736e-06
1.98 1.0421352590372617e-06
1.985 1.0509463129635682e-06
1.99 1.046236976174886e-06
1.995 1.0489073605842844e-06
2.0 1.0507820288309878e-06
2.005 1.0478294537855853e-06
2.0100000000000002 1.0508311193763972e-06
2.015 1.053972854290581e-06
2.02 1.050769650999406e-06
2.025 1.0550331296020984e-06
2.0300000000000002 1.0529165143788877e-06
2.035 1.056051531148706e-06
2.04 1.0601114487090795e-06
2.045 1.0576749262660047e-06
2.05 1.0612933615287909e-06
2.055 1.0613520276409918e-06
2.06 1.0583717011830682e-06
2.065 1.0596140855892498e-06
2.07 1.0638021749472866e-06
2.075 1.0632789426031422e-06
2.08 1.065269709346465e-06
2.085 1.0645496288409385e-06
2.09 1.0683290321953771e-06
2.095 1.0663060860711634e-06
2.1 1.0682560755644871e-06
2.105 1.0717613667619456e-06
2.11 1.0688084853902925e-06
2.115 1.068589753378307e-06
2.12 1.0703559959484282e-06
2.125 1.0708991931337106e-06
2.13 1.0724316705539295e-06
2.1350000000000002 1.076157619653498e-06
2.14 1.0716249230687273e-06
2.145 1.0729382264072866e-06
2.15 1.0717004705086332e-06
2.1550000000000002 1.07130925994402e-06
2.16 1.07551138816097e-06
2.165 1.0719286015601191e-06
2.17 1.0771597677018815e-06
2.1750000000000003 1.076621579166438e-06
2.18 1.0776613732995109e-06
2.185 1.080737879196275e-06
2.19 1.0809545781427702e-06
2.195 1.0812103078380874e-06
2.2 1.079695746393774e-06
2.205 1.0852094085611594e-06
2.21 1.0849407030869565e-06
2.215 1.0786217819848798e-06
2.22 1.080654386150227e-06
2.225 1.0824422998270004e-06
2.23 1.0851264788426243e-06
2.235 1.0834051669590302e-06
2.24 1.0875840240227035e-06
2.245 1.0838698051299073e-06
2.25 1.0793139456038016e-06
2.255 1.0846919837578141e-06
2.2600000000000002 1.0856470905423594e-06
2.265 1.0894843839578984e-06
2.27 1.0913860300616386e-06
2.275 1.0899709929779755e-06
2.2800000000000002 1.0906315362870493e-06
2.285 1.0933406976829725e-06
2.29 1.0892768606875443e-06
2.295 1.092142196474877e-06
2.3000000000000003 1.0926615300141469e-06
2.305 1.0913770085454338e-06
2.31 1.0936205186314704e-06
2.315 1.0918862864205403e-06
2.32 1.0969724442876535e-06
2.325 1.0991021702987515e-06
2.33 1.095036327090198e-06
2.335 1.098033727151149e-06
2.34 1.0968488414674282e-06
2.345 1.09820871109881e-06
2.35 1.10447526635148e-06
2.355 1.1026175086787972e-06
2.36 1.1021250964985786e-06
2.365 1.1010063879558831e-06
2.37 1.1044982994114802e-06
2.375 1.1066511267896978e-06
2.38 1.1096993707848715e-06
2.3850000000000002 1.1099788794534723e-06
2.39 1.108800018620685e-06
2.395 1.108679711422628e-06
2.4 1.1135167241386675e-06
2.4050000000000002 1.1100828244225626e-06
2.41 1.1141965256612747e-06
2.415 1.1103431836902046e-06
2.42 1.1090423716541711e-06
2.4250000000000003 1.113524622352214e-06
2.43 1.1125768275252903e-06
2.435 1.1147950261344731e-06
2.44 1.1150445197310692e-06
2.445 1.115319171547386e-06
2.45 1.111740269569077e-06
2.455 1.1214497177342948e-06
2.46 1.1163306155654265e-06
2.465 1.119411266268182e-06
2.47 1.1202868842304262e-06
2.475 1.1197940641051015e-06
2.48 1.1184540326699875e-06
2.485 1.1198965431405341e-06
2.49 1.1249557146368888e-06
2.495 1.125400271995241e-06
2.5 1.1246928799586525e-06
2.505 1.124238130444577e-06
2.5100000000000002 1.1250613135327219e-06
2.515 1.1216566099625204e-06
2.52 1.1225205088373136e-06
2.525 1.1249717411163867e-06
2.5300000000000002 1.1216633805575289e-06
2.535 1.1214985648855647e-06
2.54 1.1197314981379702e-06
2.545 1.1305289147620606e-06
2.5500000000000003 1.1269701846644046e-06
2.555 1.1231412922641449e-06
2.56 1.1236709941029617e-06
2.565 1.12386667366642e-06
2.57 1.123271013046439e-06
2.575 1.1266961928870094e-06
2.58 1.129001492309742e-06
2.585 1.1254906428407084e-06
2.59 1.1236662864704758e-06
2.595 1.1223847690641373e-06
2.6 1.1248684496600684e-06
2.605 1.1200869782981237e-06
2.61 1.1206586140141117e-06
2.615 1.1244906602257273e-06
2.62 1.1243526561432786e-06
2.625 1.1222417242346052e-06
2.63 1.1241321008175295e-06
2.6350000000000002 1.116596557147733e-06
2.64 1.1168522470561138e-06
2.645 1.1159658531243911e-06
2.65 1.116481458827834e-06
2.6550000000000002 1.1153419083022113e-06
2.66 1.1144228021354721e-06
2.665 1.114976481351578e-06
2.67 1.1139816850431172e-06
2.6750000000000003 1.1146680121730962e-06
2.68 1.1150881135052752e-06
2.685 1.1132939547321762e-06
2.69 1.1072648901890799e-06
2.695 1.1115701931541162e-06
2.7 1.106717737696965e-06
2.705 1.1058843701224368e-06
2.71 1.1069716825542943e-06
2.715 1.1027281010854853e-06
2.72 1.1032177740435305e-06
2.725 1.0995739619526284e-06
2.73 1.0985810343738437e-06
2.735 1.0990547112489037e-06
2.74 1.0974551121944966e-06
2.745 1.0959327250420164e-06
2.75 1.0964853082014866e-06
2.755 1.0883477221699992e-06
2.7600000000000002 1.0935574152465186e-06
2.765 1.0866313226470254e-06
2.77 1.089018651126384e-06
2.775 1.0820299575494958e-06
2.7800000000000002 1.0857549498346574e-06
2.785 1.0761434149980463e-06
2.79 1.0789564293837514e-06
2.795 1.0788615387211981e-06
2.8000000000000003 1.0727521387387918e-06
2.805 1.0738880081751922e-06
2.81 1.0737657347945059e-06
2.815 1.0700369950663955e-06
2.82 1.0665796551866599e-06
2.825 1.0651891833040942e-06
2.83 1.0624569180092062e-06
2.835 1.0583955440035724e-06
2.84 1.0583259838270095e-06
2.845 1.0515542431568124e-06
2.85 1.0523003089515485e-06
2.855 1.0458747866995948e-06
2.86 1.0460221742393995e-06
2.865 1.0471665217525641e-06
2.87 1.0476846355288812e-06
2.875 1.0394192128775706e-06
2.88 1.039005460851492e-06
2.8850000000000002 1.0339078554887306e-06
2.89 1.0332661966304713e-06
2.895 1.0298630662297354e-06
2.9 1.0282980464539212e-06
2.9050000000000002 1.02671970408077e-06
2.91 1.0209471800195488e-06
2.915 1.022481281326298e-06
2.92 1.019477180717624e-06
2.9250000000000003 1.0105576154789912e-06
2.93 1.0124581790676738e-06
2.935 1.0090816731414303e-06
2.94 1.0069761339926294e-06
2.945 1.0034067298037622e-06
2.95 1.004737469930287e-06
2.955 9.974885803387597e-07
2.96 9.983446732642885e-07
2.965 9.91966246381007e-07
2.97 9.897350674005677e-07
2.975 9.83836394423705e-07
2.98 9.86809548447646e-07
2.985 9.774938970841573e-07
2.99 9.772383092337899e-07
2.995 9.779689395071085e-07
3.0 9.71535282368694e-07
3.005 9.698786605624073e-07
3.0100000000000002 9.654764221019298e-07
3.015 9.661835311336786e-07
3.02 9.631910479002609e-07
3.025 9.577576365886991e-07
3.0300000000000002 9.552844576686724e-07
3.035 9.538352427739887e-07
3.04 9.482914850383062e-07
3.045 9.463419272508675e-07
3.0500000000000003 9.413855578421763e-07
3.055 9.391262110163027e-07
3.06 9.416159194746788e-07
3.065 9.367927025838898e-07
3.0700000000000003 9.336311906813377e-07
3.075 9.299923203817075e-07
3.08 9.254011724410823e-07
3.085 9.233433429737463e-07
3.09 9.208177129624919e-07
3.095 9.158107978825476e-07
3.1 9.160757747843977e-07
3.105 9.104734688590593e-07
3.11 9.104890569391924e-07
3.115 9.090304081305464e-07
3.12 9.042469432144195e-07
3.125 9.021251115338069e-07
3.13 8.963681108521679e-07
3.1350000000000002 8.932330121864908e-07
3.14 8.903947477266175e-07
3.145 8.91874687126563e-07
3.15 8.869143411932432e-07
3.1550000000000002 8.866057430931688e-07
3.16 8.787986294268317e-07
3.165 8.754943129900041e-07
3.17 8.742423038587092e-07
3.1750000000000003 8.717246319514732e-07
3.18 8.685926656659958e-07
3.185 8.681550429900798e-07
3.19 8.642331313193702e-07
3.1950000000000003 8.626929439367468e-07
3.2 8.535672373762623e-07
3.205 8.548183963478689e-07
3.21 8.494839658159052e-07
3.215 8.468120458145691e-07
3.22 8.457381897505118e-07
3.225 8.449207384707656e-07
3.23 8.372029190149782e-07
3.235 8.288826858286706e-07
3.24 8.314226819905102e-07
3.245 8.289774997995564e-07
3.25 8.26521053861962e-07
3.255 8.235751806273029e-07
3.2600000000000002 8.197041287481143e-07
3.265 8.153104051969576e-07
3.27 8.155930110237696e-07
3.275 8.106723715838796e-07
3.2800000000000002 8.106757643280063e-07
3.285 8.045827375787723e-07
3.29 8.064729274720408e-07
3.295 7.991168953299368e-07
3.3000000000000003 7.964214671020028e-07
3.305 7.913266842654966e-07
3.31 7.86886054651043e-07
3.315 7.89301747436105e-07
3.3200000000000003 7.876496310538835e-07
3.325 7.799755327543971e-07
3.33 7.807137027778415e-07
3.335 7.762433816251392e-07
3.34 7.731746200208448e-07
3.345 7.716048593160769e-07
3.35 7.690244990692345e-07
3.355 7.628249621454374e-07
3.36 7.646278529489686e-07
3.365 7.620798982711812e-07
3.37 7.532274328027718e-07
3.375 7.540334706584616e-07
3.38 7.513711507546794e-07
3.3850000000000002 7.477135794485379e-07
3.39 7.454430535232775e-07
3.395 7.431290377111454e-07
3.4 7.395707337128567e-07
3.4050000000000002 7.346598142848778e-07
3.41 7.298723741967144e-07
3.415 7.302390699295739e-07
3.42 7.246176064711198e-07
3.4250000000000003 7.250519569912482e-07
3.43 7.152911770988603e-07
3.435 7.166981909305804e-07
3.44 7.122075198040505e-07
3.4450000000000003 7.105065178105475e-07
3.45 7.055275762813569e-07
3.455 7.088973708821427e-07
3.46 6.99367270970045e-07
3.465 6.97056828155496e-07
3.47 6.954138770126355e-07
3.475 6.919473483025915e-07
3.48 6.920307633529762e-07
3.485 6.852277427661773e-07
3.49 6.812131275327909e-07
3.495 6.856771438425435e-07
3.5 6.753642330132911e-07
3.505 6.752232026167334e-07
3.5100000000000002 6.71586927763041e-07
3.515 6.719427153277957e-07
3.52 6.632641391284258e-07
3.525 6.63142333813374e-07
3.5300000000000002 6.617678219202094e-07
3.535 6.554089596072244e-07
3.54 6.533252473522148e-07
3.545 6.47254721255786e-07
3.5500000000000003 6.430804235976216e-07
3.555 6.411785866353776e-07
3.56 6.384358037712726e-07
3.565 6.370438859833705e-07
3.5700000000000003 6.337559411248886e-07
3.575 6.30096337072171e-07
3.58 6.25108015522081e-07
3.585 6.245329585757524e-07
3.59 6.184897509432981e-07
3.595 6.167906800802876e-07
3.6 6.150991586549984e-07
3.605 6.117881831872754e-07
3.61 6.082283159785052e-07
3.615 6.069514326676395e-07
3.62 6.007816844964459e-07
3.625 5.969039648100398e-07
3.63 5.926672237672327e-07
3.6350000000000002 5.896357753567468e-07
3.64 5.868230844388675e-07
3.645 5.846249785545374e-07
3.65 5.833656598970943e-07
3.6550000000000002 5.782304401209053e-07
3.66 5.757745631697102e-07
3.665 5.717417006583089e-07
3.67 5.683195161623393e-07
3.6750000000000003 5.631806898140677e-07
3.68 5.621181694871347e-07
3.685 5.57331701025011e-07
3.69 5.570395185590365e-07
3.6950000000000003 5.546418672183601e-07
3.7 5.470277223553901e-07
3.705 5.475200309156681e-07
3.71 5.41839474234845e-07
3.715 5.383468233201541e-07
3.72 5.361125459465759e-07
3.725 5.324867431940131e-07
3.73 5.257110214307771e-07
3.735 5.259282522325313e-07
3.74 5.253096799989207e-07
3.745 5.180898088624074e-07
3.75 5.178014175793148e-07
3.755 5.084296186936205e-07
3.7600000000000002 5.107549761960134e-07
3.765 5.052995795728415e-07
3.77 5.024933606297111e-07
3.775 4.987961030024357e-07
3.7800000000000002 4.944908944795465e-07
3.785 4.886752267461746e-07
3.79 4.881706702351379e-07
3.795 4.834304886407345e-07
3.8000000000000003 4.829022492356624e-07
3.805 4.767863738877814e-07
3.81 4.769646769968461e-07
3.815 4.697309293137924e-07
3.8200000000000003 4.673557994002564e-07
3.825 4.6434512142642543e-07
3.83 4.615879290601011e-07
3.835 4.581605992418841e-07
3.84 4.5335646063519424e-07
3.845 4.5026724064339745e-07
3.85 4.4920867316906835e-07
3.855 4.442356838789329e-07
3.86 4.4332510292673097e-07
3.865 4.3842132889179115e-07
3.87 4.365200918577557e-07
3.875 4.286296137303651e-07
3.88 4.2784467996354035e-07
3.8850000000000002 4.241656413695057e-07
3.89 4.215100140126134e-07
3.895 4.2012144269299743e-07
3.9 4.1649495478267355e-07
3.9050000000000002 4.110927316986351e-07
3.91 4.04461398925734e-07
3.915 4.0504012037094817e-07
3.92 3.9922844173303625e-07
3.9250000000000003 4.0114933505371066e-07
3.93 3.950996195626804e-07
3.935 3.9377020697798066e-07
3.94 3.861063140493337e-07
3.9450000000000003 3.8293164313497674e-07
3.95 3.837349307832927e-07
3.955 3.7764629409213855e-07
3.96 3.792578050414241e-07
3.9650000000000003 3.7111874982242555e-07
3.97 3.704394826453777e-07
3.975 3.66042810341872e-07
3.98 3.64616660353114e-07
3.985 3.613546382469344e-07
3.99 3.565556879674467e-07
3.995 3.539882304454218e-07
4.0 3.50119744721885e-07
4.005 3.4751459589579733e-07
4.01 3.4428024505540326e-07
4.015 3.3813828983882935e-07
4.0200000000000005 3.4108900928471334e-07
4.025 3.352509880926294e-07
4.03 3.335285971634848e-07
4.035 3.295045282370114e-07
4.04 3.2658209794569835e-07
4.045 3.209666669555665e-07
4.05 3.2283386794884095e-07
4.055 3.1624421368451566e-07
4.0600000000000005 3.14411607787881e-07
4.065 3.128645799096052e-07
4.07 3.101835499035071e-07
4.075 3.055739603919573e-07
4.08 3.0208311963857147e-07
4.085 3.0108300044447797e-07
4.09 2.962607443070335e-07
4.095 2.938911574951214e-07
4.1 2.92927979026929e-07
4.105 2.8930664268334535e-07
4.11 2.8568317901540106e-07
4.115 2.8243678636297937e-07
4.12 2.8064640674617107e-07
4.125 2.7736401386479024e-07
4.13 2.747093430870177e-07
4.135 2.737720474526672e-07
4.14 2.6835782197643214e-07
4.1450000000000005 2.670743711458508e-07
4.15 2.6430738537591783e-07
4.155 2.611847272387275e-07
4.16 2.572612198451309e-07
4.165 2.5575500395298744e-07
4.17 2.5261769916434764e-07
4.175 2.518464246052601e-07
4.18 2.4706941524387275e-07
4.1850000000000005 2.459249182246213e-07
4.19 2.437382650773114e-07
4.195 2.413154883588952e-07
4.2 2.385332154496263e-07
4.205 2.3652467813422082e-07
4.21 2.3389571138043995e-07
4.215 2.3173609539059186e-07
4.22 2.2757954274524382e-07
4.225 2.2582193512618882e-07
4.23 2.232795127205017e-07
4.235 2.218513978684911e-07
4.24 2.1897986368808843e-07
4.245 2.1879164686075534e-07
4.25 2.1561810986507146e-07
4.255 2.1156076148035342e-07
4.26 2.0813793283403668e-07
4.265 2.078092839137744e-07
4.2700000000000005 2.0709049688702392e-07
4.275 2.0466004646537297e-07
4.28 2.022293620498775e-07
4.285 2.012036552873567e-07
4.29 1.9712677524060523e-07
4.295 1.9681008042252378e-07
4.3 1.9128547170929821e-07
4.305 1.9188723776816152e-07
4.3100000000000005 1.879781071961795e-07
4.315 1.8842224186030507e-07
4.32 1.8613511748170776e-07
4.325 1.835307182229274e-07
4.33 1.8131129512911396e-07
4.335 1.7718034573773185e-07
4.34 1.7659876243405472e-07
4.345 1.7573987906561606e-07
4.3500000000000005 1.729738920028019e-07
4.355 1.712702959653755e-07
4.36 1.7056482440414842e-07
4.365 1.6749141816003905e-07
4.37 1.6696073259792976e-07
4.375 1.6479952501813282e-07
4.38 1.625699189985135e-07
4.385 1.6012189976906932e-07
4.39 1.6089468131945836e-07
4.3950000000000005 1.5728710233189038e-07
4.4 1.5439707226808122e-07
4.405 1.5250858723411153e-07
4.41 1.5237180501276152e-07
4.415 1.517516990112961e-07
4.42 1.4858476905994363e-07
4.425 1.4753987620762218e-07
4.43 1.4461281281181097e-07
4.4350000000000005 1.4596474932987996e-07
4.44 1.429142403232946e-07
4.445 1.3997537321455367e-07
4.45 1.390770359827525e-07
4.455 1.3818793334898352e-07
4.46 1.370260757761659e-07
4.465 1.3639937834461763e-07
4.47 1.3437119527010732e-07
4.4750000000000005 1.3230897594065686e-07
4.48 1.3007657121726076e-07
4.485 1.2888040503519812e-07
4.49 1.2727681260131866e-07
4.495 1.2633357435146585e-07
4.5 1.2368881805538493e-07
4.505 1.2423683107001606e-07
4.51 1.213126865498219e-07
4.515 1.2227693253838573e-07
4.5200000000000005 1.1949697473492518e-07
4.525 1.1905038034751435e-07
4.53 1.1670946863131026e-07
4.535 1.160085589307045e-07
4.54 1.1489158816624169e-07
4.545 1.141368095235082e-07
4.55 1.1196511533213679e-07
4.555 1.1175761711930116e-07
4.5600000000000005 1.1117141028215834e-07
4.565 1.0777153140892252e-07
4.57 1.060377395966246e-07
4.575 1.0658754744938993e-07
4.58 1.0554321229829887e-07
4.585 1.0467099977894113e-07
4.59 1.0295941302124861e-07
4.595 1.0126749833144175e-07
4.6000000000000005 1.018079855683276e-07
4.605 1.003282901831752e-07
4.61 9.956887546053707e-08
4.615 9.857381853647825e-08
4.62 9.747135186260479e-08
4.625 9.715209292884735e-08
4.63 9.66620778246242e-08
4.635 9.483884168755153e-08
4.64 9.356538728866452e-08
4.6450000000000005 9.275192218963044e-08
4.65 9.340005601131191e-08
4.655 9.121591733379671e-08
4.66 9.010425100438385e-08
4.665 9.017134597845853e-08
4.67 8.916756479487789e-08
4.675 8.575201605740909e-08
4.68 8.755642902866962e-08
4.6850000000000005 8.555184515591963e-08
4.69 8.539052270706096e-08
4.695 8.436754622295187e-08
4.7 8.340949694560891e-08
4.705 8.191924220148005e-08
4.71 8.024745315803978e-08
4.715 8.111848556857172e-08
4.72 8.006159559053179e-08
4.7250000000000005 7.98967007071405e-08
4.73 7.941358934922473e-08
4.735 7.800853183729932e-08
4.74 7.65579894897665e-08
4.745 7.715704390088154e-08
4.75 7.695471081662266e-08
4.755 7.703760466688483e-08
4.76 7.51185708204832e-08
4.765 7.50769176888917e-08
4.7700000000000005 7.264465166078233e-08
4.775 7.313632770468895e-08
4.78 7.267562677494248e-08
4.785 7.242152981552066e-08
4.79 7.119212031682593e-08
4.795 7.10741722386219e-08
4.8 7.027064605060591e-08
4.805 7.018858711116908e-08
4.8100000000000005 6.907784711507936e-08
4.815 6.933335312410473e-08
4.82 6.817425364812027e-08
4.825 6.765951522455547e-08
4.83 6.702355700890659e-08
4.835 6.70176609204519e-08
4.84 6.562036119921566e-08
4.845 6.691159288983827e-08
4.8500000000000005 6.529425368887961e-08
4.855 6.636436755939897e-08
4.86 6.499833962939647e-08
4.865 6.374491808426012e-08
4.87 6.327177580533865e-08
4.875 6.264839011760378e-08
4.88 6.143452234343808e-08
4.885 6.314935512613133e-08
4.89 6.089575442418441e-08
4.8950000000000005 6.110074946553673e-08
4.9 6.140666775036923e-08
4.905 6.074669115392371e-08
4.91 6.028136953950221e-08
4.915 5.995331936485098e-08
4.92 5.9024666413970465e-08
4.925 5.875060045103586e-08
4.93 5.857643589894583e-08
4.9350000000000005 5.874668542417577e-08
4.94 5.908822268601175e-08
4.945 5.753803000451401e-08
4.95 5.739808260281855e-08
4.955 5.685582087827056e-08
4.96 5.621942094846341e-08
4.965 5.6048470575422314e-08
4.97 5.625388334429269e-08
4.9750000000000005 5.581415553497889e-08
4.98 5.4775101476021566e-08
4.985 5.469913609331331e-08
4.99 5.48921316395495e-08
4.995 5.4703306323375827e-08
5.0 5.500200279341562e-08
5.005 5.372365134878657e-08
5.01 5.4039173837219174e-08
5.015 5.373846782130712e-08
5.0200000000000005 5.183945193812823e-08
5.025 5.230639084646818e-08
5.03 5.251053559570609e-08
5.035 5.3551690067962624e-08
5.04 5.115706737417874e-08
5.045 5.1558262469042895e-08
5.05 5.029194982415525e-08
5.055 5.111641802832679e-08
5.0600000000000005 5.122534059812313e-08
5.065 5.087789776769323e-08
5.07 5.0306710340348494e-08
5.075 4.996368537580671e-08
5.08 4.991376602303099e-08
5.085 4.959904389324906e-08
5.09 4.9458500163259624e-08
5.095 4.9652858285964235e-08
5.1000000000000005 4.8698687057158075e-08
5.105 4.909188947146225e-08
5.11 4.950280842155254e-08
5.115 4.950652377672145e-08
5.12 4.7864890850484345e-08
5.125 4.896189254629897e-08
5.13 4.71018194902961e-08
5.135 4.747636690062949e-08
5.14 4.7692569228826295e-08
5.1450000000000005 4.728387738989426e-08
5.15 4.759671765260718e-08
5.155 4.735389170113604e-08
5.16 4.717664963884985e-08
5.165 4.653176709528085e-08
5.17 4.625291714644467e-08
5.175 4.558811640467192e-08
5.18 4.5815968531502336e-08
5.1850000000000005 4.6441908666098296e-08
5.19 4.56851765377991e-08
5.195 4.4897465104055014e-08
5.2 4.4720908226121485e-08
5.205 4.4865002746926477e-08
5.21 4.401600864055855e-08
5.215 4.466702890572927e-08
5.22 4.4199067767703014e-08
5.2250000000000005 4.4706414724311184e-08
5.23 4.3460760823266504e-08
5.235 4.424020101609611e-08
5.24 4.438480983786198e-08
5.245 4.521424491759627e-08
5.25 4.3596021862374976e-08
5.255 4.312805493063559e-08
5.26 4.342611769750634e-08
5.265 4.331644700382726e-08
5.2700000000000005 4.301966962753779e-08
5.275 4.391304201320572e-08
5.28 4.257233879440116e-08
5.285 4.224366382130443e-08
5.29 4.2555868233605114e-08
5.295 4.1696797556917655e-08
5.3 4.1987249356942107e-08
5.305 4.2112789273907946e-08
5.3100000000000005 4.1719100682672606e-08
5.315 4.278236725117559e-08
5.32 4.128767476118693e-08
5.325 4.131030666538804e-08
5.33 4.2068652628144975e-08
5.335 4.1222067007590026e-08
5.34 4.1635617907020334e-08
5.345 4.129522536017253e-08
5.3500000000000005 4.188333582026461e-08
5.355 4.138328294320901e-08
5.36 4.108027756208769e-08
5.365 4.069299304177937e-08
5.37 3.9753166491346004e-08
5.375 4.084394573563211e-08
5.38 3.9617043744453135e-08
5.385 3.916138641838358e-08
5.39 3.978128264570891e-08
5.3950000000000005 3.9796862928122526e-08
5.4 3.984643230814007e-08
5.405 3.921615246246235e-08
5.41 3.98895032879713e-08
5.415 3.9659806663942915e-08
5.42 3.8857191072954617e-08
5.425 3.9199752684914554e-08
5.43 3.9153609921101597e-08
5.4350000000000005 3.9217680055378165e-08
5.44 3.805720607763036e-08
5.445 3.9803382328191735e-08
5.45 3.9288295288507686e-08
5.455 3.808881748503614e-08
5.46 3.90029386524621e-08
5.465 3.834288474924805e-08
5.47 3.8110352389166655e-08
5.4750000000000005 3.754663639474624e-08
5.48 3.8373856548574725e-08
5.485 3.727644976008319e-08
5.49 3.702946373326178e-08
5.495 3.750411051575664e-08
5.5 3.7469413554074405e-08
5.505 3.77219887991893e-08
5.51 3.764564898133004e-08
5.515 3.667865134146085e-08
5.5200000000000005 3.72950299676613e-08
5.525 3.685010661035179e-08
5.53 3.7620299668738224e-08
5.535 3.709272771000003e-08
5.54 3.74695121162861e-08
5.545 3.662190572254501e-08
5.55 3.5536786877171796e-08
5.555 3.633677867959966e-08
5.5600000000000005 3.609018759834696e-08
5.565 3.662234091646538e-08
5.57 3.700584749038244e-08
5.575 3.58372516178172e-08
5.58 3.663154104350184e-08
5.585 3.5388823287297555e-08
5.59 3.602738690129053e-08
5.595 3.602286622223053e-08
5.6000000000000005 3.5786531979366044e-08
5.605 3.4953185260912735e-08
5.61 3.521461247874811e-08
5.615 3.492262031975562e-08
5.62 3.534731191676469e-08
5.625 3.4977952923909606e-08
5.63 3.456626381404552e-08
5.635 3.5087239353252154e-08
5.64 3.5318401312253545e-08
5.6450000000000005 3.5099106684126564e-08
5.65 3.565492993421727e-08
5.655 3.5274472260172245e-08
5.66 3.4738041659367364e-08
5.665 3.422019551383412e-08
5.67 3.4399228588257456e-08
5.675 3.369452294346873e-08
5.68 3.445225688987961e-08
5.6850000000000005 3.411377808706226e-08
5.69 3.4383462348210784e-08
5.695 3.365716061058643e-08
5.7 3.386022486995626e-08
5.705 3.319889188869027e-08
5.71 3.3603889618936373e-08
5.715 3.317689966518863e-08
5.72 3.2869512000114534e-08
5.7250000000000005 3.3353871246492805e-08
5.73 3.344257826760593e-08
5.735 3.3937138913035084e-08
5.74 3.342936567493029e-08
5.745 3.22580774532196e-08
5.75 3.286918882442759e-08
5.755 3.283855083300608e-08
5.76 3.2583831390985027e-08
5.765 3.258851644757446e-08
5.7700000000000005 3.266971339883681e-08
5.775 3.251261059897252e-08
5.78 3.303034600999095e-08
5.785 3.203772500803902e-08
5.79 3.288802443315245e-08
5.795 3.279875828593131e-08
5.8 3.1862207633476844e-08
5.805 3.2384456463610276e-08
5.8100000000000005 3.272515829273667e-08
5.815 3.235767019358665e-08
5.82 3.226378200673061e-08
5.825 3.1308281327069965e-08
5.83 3.186729691022445e-08
5.835 3.199725731936422e-08
5.84 3.178047018521971e-08
5.845 3.0998635868062656e-08
5.8500000000000005 3.188097745124001e-08
5.855 3.252282056439883e-08
5.86 3.186725619936544e-08
5.865 3.151611069672008e-08
5.87 3.133186924136551e-08
5.875 3.143139950249684e-08
5.88 3.095598898755686e-08
5.885 3.141351103465364e-08
5.89 3.1269604934440316e-08
5.8950000000000005 3.077813848796244e-08
5.9 3.130695950242577e-08
5.905 3.1154931619720225e-08
5.91 3.034917126436013e-08
5.915 3.132946546273834e-08
5.92 2.931987991945117e-08
5.925 3.072970514290328e-08
5.93 3.0392494843436105e-08
5.9350000000000005 3.066922818908886e-08
5.94 3.051377811866513e-08
5.945 3.04199336374257e-08
5.95 2.9277431604890447e-08
5.955 2.999789676339704e-08
5.96 2.988236469648234e-08
5.965 2.990410521241164e-08
5.97 3.0291830264775924e-08
5.9750000000000005 3.0433004318058304e-08
5.98 3.0414972410214644e-08
5.985 2.9368720514882036e-08
5.99 2.99671195838086e-08
5.995 2.9301313888049683e-08
6.0 2.9193724698622886e-08
6.005 2.985811865440585e-08
6.01 2.921212382201013e-08
6.015000000000001 2.9523330097597815e-08
6.0200000000000005 2.8525729998552034e-08
6.025 2.8767481397594493e-08
6.03 2.9742394321458353e-08
6.035 2.992211897432912e-08
6.04 2.85744326318015e-08
6.045 2.955029129110624e-08
6.05 2.906640062705235e-08
6.055 2.8977252564516555e-08
6.0600000000000005 2.8919472083090604e-08
6.065 2.859880701825746e-08
6.07 2.9571247434133426e-08
6.075 2.8530169704451133e-08
6.08 2.867044570076009e-08
6.085 2.877318214895405e-08
6.09 2.827873232202863e-08
6.095 2.848514101807024e-08
6.1000000000000005 2.7623507119346388e-08
6.105 2.8237652910519234e-08
6.11 2.8288983816053343e-08
6.115 2.823790931508772e-08
6.12 2.8379133615733142e-08
6.125 2.8161480282749068e-08
6.13 2.8567685256484803e-08
6.135 2.7882663152169913e-08
6.140000000000001 2.7622657376386484e-08
6.1450000000000005 2.839524533967061e-08
6.15 2.836933107591169e-08
6.155 2.7926095784264476e-08
6.16 2.7765223080646734e-08
6.165 2.7469134425254465e-08
6.17 2.7642197318123787e-08
6.175 2.7603942910157633e-08
6.18 2.7046735905007504e-08
6.1850000000000005 2.7999185504197213e-08
6.19 2.7402334783004476e-08
6.195 2.7178296950469873e-08
6.2 2.7869399441683654e-08
6.205 2.7278706374632748e-08
6.21 2.7083310726862346e-08
6.215 2.686534582486138e-08
6.22 2.7140203023997567e-08
6.2250000000000005 2.7181943813536695e-08
6.23 2.7456012527299243e-08
6.235 2.7259794119460833e-08
6.24 2.6415141829878873e-08
6.245 2.7112251325635913e-08
6.25 2.642333514356668e-08
6.255 2.66518891695333e-08
6.26 2.63108278830568e-08
6.265000000000001 2.6746374490297776e-08
6.2700000000000005 2.6271459401160268e-08
6.275 2.6700566519620315e-08
6.28 2.6530187819531012e-08
6.285 2.6540973255394602e-08
6.29 2.64524129413035e-08
6.295 2.637154308599241e-08
6.3 2.580763926043982e-08
6.305 2.6339583395162108e-08
6.3100000000000005 2.625587421592932e-08
6.315 2.6332067300495372e-08
6.32 2.6174385035297226e-08
6.325 2.583145724326393e-08
6.33 2.5780942825413244e-08
6.335 2.5381502995662684e-08
6.34 2.5868133165369763e-08
6.345 2.637448236083312e-08
6.3500000000000005 2.6209271254663067e-08
6.355 2.671728541647346e-08
6.36 2.499391348707395e-08
6.365 2.5320630807747907e-08
6.37 2.6334353370491926e-08
6.375 2.6305282791238493e-08
6.38 2.6026444262902937e-08
6.385 2.577126922436221e-08
6.390000000000001 2.5695297202713343e-08
6.3950000000000005 2.522556899752499e-08
6.4 2.587726842350793e-08
6.405 2.5636993950239678e-08
6.41 2.5709483505427263e-08
6.415 2.5636192928115686e-08
6.42 2.5648517037469642e-08
6.425 2.5241540666281375e-08
6.43 2.5361185374262355e-08
6.4350000000000005 2.5730276266823523e-08
6.44 2.5417846504084484e-08
6.445 2.5302945088993127e-08
6.45 2.4439278492970254e-08
6.455 2.488282552493108e-08
6.46 2.4870083719649727e-08
6.465 2.5613983862754294e-08
6.47 2.4489581682361694e-08
6.4750000000000005 2.5160118496109768e-08
6.48 2.441524391750403e-08
6.485 2.5283858347137555e-08
6.49 2.499428936327785e-08
6.495 2.417681757238612e-08
6.5 2.5444302005427714e-08
6.505 2.486847678528607e-08
6.51 2.5089216751592067e-08
6.515000000000001 2.464568966213943e-08
6.5200000000000005 2.4616465725571142e-08
6.525 2.5162756320370132e-08
6.53 2.479951820819228e-08
6.535 2.4522226150862678e-08
6.54 2.4798688940211047e-08
6.545 2.4796887587411718e-08
6.55 2.460566791190504e-08
6.555 2.4597375135793343e-08
6.5600000000000005 2.3696195127501205e-08
6.565 2.417332905231321e-08
6.57 2.4738862657894004e-08
6.575 2.38746339137651e-08
6.58 2.4743749308580355e-08
6.585 2.4075792816719488e-08
6.59 2.3893362075090064e-08
6.595 2.390182752409226e-08
6.6000000000000005 2.4435532912346517e-08
6.605 2.417969372906414e-08
6.61 2.4266070726022342e-08
6.615 2.4280355808109537e-08
6.62 2.3883590457414556e-08
6.625 2.4057366912963377e-08
6.63 2.3951900298483723e-08
6.635 2.4134914622797366e-08
6.640000000000001 2.4446638034103595e-08
6.6450000000000005 2.4243346022401287e-08
6.65 2.382821093698663e-08
6.655 2.382648937364422e-08
6.66 2.3589103847384244e-08
6.665 2.4182594541481325e-08
6.67 2.382016243562352e-08
6.675 2.3540446659094505e-08
6.68 2.3150902839187177e-08
6.6850000000000005 2.322440049854482e-08
6.69 2.4041334789573412e-08
6.695 2.4107217164523585e-08
6.7 2.3347328206617623e-08
6.705 2.3878695129653722e-08
6.71 2.4112430044438325e-08
6.715 2.3076334953862915e-08
6.72 2.3619025476781865e-08
6.7250000000000005 2.3001901310372282e-08
6.73 2.3426611980930993e-08
6.735 2.322417732981496e-08
6.74 2.3355140067483338e-08
6.745 2.3221786008818125e-08
6.75 2.332676511488801e-08
6.755 2.3135610358742032e-08
6.76 2.3148549139370728e-08
6.765000000000001 2.3653779781760678e-08
6.7700000000000005 2.377049645437497e-08
6.775 2.294575876093917e-08
6.78 2.214317895590182e-08
6.785 2.3224281553248374e-08
6.79 2.2909466498151187e-08
6.795 2.318916315012925e-08
6.8 2.28035886819318e-08
6.805 2.3731551006124465e-08
6.8100000000000005 2.2351284464815038e-08
6.815 2.2937649985702115e-08
6.82 2.276983841979151e-08
6.825 2.2109333325894338e-08
6.83 2.3025826665514678e-08
6.835 2.282666181977252e-08
6.84 2.236902924447389e-08
6.845 2.224379032927212e-08
6.8500000000000005 2.2257311284609465e-08
6.855 2.271004790905172e-08
6.86 2.232712960635139e-08
6.865 2.228782092013201e-08
6.87 2.2513478686647515e-08
6.875 2.310330034839622e-08
6.88 2.2194894202842825e-08
6.885 2.2837939644516984e-08
6.890000000000001 2.2249661280031152e-08
6.8950000000000005 2.2081061574534872e-08
6.9 2.2778058797194104e-08
6.905 2.261062617076091e-08
6.91 2.2550574955161012e-08
6.915 2.2364653659319518e-08
6.92 2.324431033795249e-08
6.925 2.2463550390613966e-08
6.93 2.2314764991998106e-08
6.9350000000000005 2.1758795487999164e-08
6.94 2.243170310074776e-08
6.945 2.207426348614653e-08
6.95 2.210652672002925e-08
6.955 2.2143591066823377e-08
6.96 2.23276326098738e-08
6.965 2.222814612949701e-08
6.97 2.1906005466455773e-08
6.9750000000000005 2.2580275099875864e-08
6.98 2.205981403734912e-08
6.985 2.2145511710063327e-08
6.99 2.2010114749898286e-08
6.995 2.1930872658224802e-08
7.0 2.1643473005090578e-08
7.005 2.2318624022431572e-08
7.01 2.227918188153157e-08
7.015000000000001 2.1904697026087684e-08
7.0200000000000005 2.1203622150317307e-08
7.025 2.1733928647529674e-08
7.03 2.1606157203855567e-08
7.035 2.1751529987629495e-08
7.04 2.1618184245748333e-08
7.045 2.152503794059719e-08
7.05 2.197779000928365e-08
7.055 2.24647720287525e-08
7.0600000000000005 2.174306698104904e-08
7.065 2.134256997242705e-08
7.07 2.1138318668756125e-08
7.075 2.177492860148975e-08
7.08 2.205387343905865e-08
7.085 2.127879908787259e-08
7.09 2.159119381569368e-08
7.095 2.1157585227215093e-08
7.1000000000000005 2.186620621287296e-08
7.105 2.2204249822477672e-08
7.11 2.1727934385304405e-08
7.115 2.1800170959742527e-08
7.12 2.1741703442700504e-08
7.125 2.169026077117547e-08
7.13 2.0855047774653905e-08
7.135 2.167384767175333e-08
7.140000000000001 2.1103853637107694e-08
7.1450000000000005 2.146201804033102e-08
7.15 2.088602447906394e-08
7.155 2.0825063201745116e-08
7.16 2.0998914119212572e-08
7.165 2.223005396532752e-08
7.17 2.1439715224880257e-08
7.175 2.1556073476935276e-08
7.18 2.137776896091776e-08
7.1850000000000005 2.1135096215426172e-08
7.19 2.1388060413384363e-08
7.195 2.099475296072754e-08
7.2 2.1010102937234525e-08
7.205 2.0977065037350332e-08
7.21 2.1422277575795965e-08
7.215 2.106036813361796e-08
7.22 2.0086959409335084e-08
7.2250000000000005 2.0758463077266738e-08
7.23 2.1030168074111092e-08
7.235 2.070525478871789e-08
7.24 2.1136555359958565e-08
7.245 2.0824743199669806e-08
7.25 2.0928632012688345e-08
7.255 2.0942852480872813e-08
7.26 2.0781835036916856e-08
7.265000000000001 2.113044111617102e-08
7.2700000000000005 2.1190128099583732e-08
7.275 2.0978067232130626e-08
7.28 2.0833406737489722e-08
7.285 2.0767746998007706e-08
7.29 2.0764899173612944e-08
7.295 2.0594240749387147e-08
7.3 2.045270620698758e-08
7.305 2.025562489709915e-08
7.3100000000000005 1.993716916213917e-08
7.315 2.0775526712684454e-08
7.32 2.0475836145479902e-08
7.325 2.0721952726870057e-08
7.33 2.067934541928126e-08
7.335 2.0565340736656264e-08
7.34 2.069630316903285e-08
7.345 2.114444234761042e-08
7.3500000000000005 2.0407889190256703e-08
7.355 2.0574458093195283e-08
7.36 2.0683646396929855e-08
7.365 2.0793862224484e-08
7.37 2.0683414204457544e-08
7.375 2.0260254563746976e-08
7.38 2.0623354078003323e-08
7.385 2.0383744498370853e-08
7.390000000000001 2.0387354108611114e-08
7.3950000000000005 2.00807200986388e-08
7.4 2.019718807217727e-08
7.405 2.018864865313978e-08
7.41 2.0313431216864704e-08
7.415 1.9970837794369268e-08
7.42 2.088297260289044e-08
7.425 2.0566542858805346e-08
7.43 2.034137854558055e-08
7.4350000000000005 2.053621646611262e-08
7.44 2.0442448366255322e-08
7.445 2.056412435270135e-08
7.45 2.0122021747115035e-08
7.455 2.0583369384517593e-08
7.46 2.0192672232830063e-08
7.465 2.0618338191252295e-08
7.47 2.041507345577494e-08
7.4750000000000005 2.033723721063507e-08
7.48 1.980790883688629e-08
7.485 2.0001789616074503e-08
7.49 2.062604123438254e-08
7.495 2.050879243895574e-08
7.5 2.0650879128692715e-08
7.505 2.0405410988136134e-08
7.51 1.927208235489913e-08
7.515000000000001 2.0265196942701946e-08
7.5200000000000005 1.9571590264337585e-08
7.525 1.9858932953941648e-08
7.53 2.0181456738854995e-08
7.535 2.0043923211392056e-08
7.54 1.9552469434402008e-08
7.545 1.992099418629733e-08
7.55 1.9522087131202673e-08
7.555 1.9652517540509676e-08
7.5600000000000005 1.998174664564579e-08
7.565 1.9786238889775754e-08
7.57 1.9660453390536578e-08
7.575 1.994039964186627e-08
7.58 1.960635897668155e-08
7.585 2.0315326470033533e-08
7.59 1.9443247455590935e-08
7.595 1.9774638495225046e-08
7.6000000000000005 1.983111892417473e-08
7.605 1.966597022424378e-08
7.61 1.9830349955572088e-08
7.615 1.959850833159527e-08
7.62 1.925678518465317e-08
7.625 1.974224681653504e-08
7.63 1.9688467395462296e-08
7.635 1.97300544772825e-08
7.640000000000001 1.963470025187767e-08
7.6450000000000005 1.9397390536620442e-08
7.65 1.987660619850385e-08
7.655 1.9255836411074643e-08
7.66 2.038268869810792e-08
7.665 1.9773728180034105e-08
7.67 1.9502510400306856e-08
7.675 1.937965887564659e-08
7.68 1.904703641917989e-08
7.6850000000000005 1.9197016027042928e-08
7.69 1.900024429058804e-08
7.695 1.8817246607856947e-08
7.7 1.900035570613791e-08
7.705 1.8991910938871892e-08
7.71 2.004132392190637e-08
7.715 1.9296336434350707e-08
7.72 1.926484712953319e-08
7.7250000000000005 1.9590407126889697e-08
7.73 1.9119940549754508e-08
7.735 1.8904707372853622e-08
7.74 1.928488672492225e-08
7.745 1.9634535292305836e-08
7.75 1.938506688116394e-08
7.755 1.9235413772072595e-08
7.76 1.9032963072433732e-08
7.765000000000001 1.9236395607524883e-08
7.7700000000000005 1.9368475430141142e-08
7.775 1.8860544655363727e-08
7.78 1.9127130703062918e-08
7.785 1.9185693691728184e-08
7.79 1.9328855414273538e-08
7.795 1.8398671969774307e-08
7.8 1.9105302538204515e-08
7.805000000000001 1.880138212143157e-08
7.8100000000000005 1.9178358858013148e-08
7.815 1.9657235970492235e-08
7.82 1.9149371298797725e-08
7.825 1.8922175502991466e-08
7.83 1.864936987917877e-08
7.835 1.850870363098547e-08
7.84 1.9746633574379864e-08
7.845 1.8921842284552534e-08
7.8500000000000005 1.891632845278204e-08
7.855 1.913707034806233e-08
7.86 1.9132329268236155e-08
7.865 1.912545547707883e-08
7.87 1.9073192072185673e-08
7.875 1.8134059593322324e-08
7.88 1.895383638933168e-08
7.885 1.895801210930388e-08
7.890000000000001 1.865142452947777e-08
7.8950000000000005 1.857816226993003e-08
7.9 1.905907966898475e-08
7.905 1.932881446817002e-08
7.91 1.9089424755835232e-08
7.915 1.889860977726648e-08
7.92 1.8655191015075147e-08
7.925 1.903788759040096e-08
7.930000000000001 1.8870483553048075e-08
7.9350000000000005 1.7892989705742104e-08
7.94 1.957446279959561e-08
7.945 1.8434887608937226e-08
7.95 1.8531150834285946e-08
7.955 1.8600938519578946e-08
7.96 1.824407070958799e-08
7.965 1.815348865746623e-08
7.97 1.8686520934508074e-08
7.9750000000000005 1.901725266379186e-08
7.98 1.8611204789992643e-08
7.985 1.81558716753946e-08
7.99 1.8633093089421217e-08
7.995 1.9002738238288094e-08
8.0 1.9064020171087445e-08
8.25 9.172927707415439e-07
8.5 8.884059097896751e-07
8.75 8.590136850244249e-07
9.0 8.380472847998547e-07
9.25 8.191828162143222e-07
9.5 7.97804476924142e-07
9.75 7.764527344402629e-07
10.0 7.518949662524159e-07
10.25 7.317414297087696e-07
10.5 7.168504291672238e-07
10.75 6.917039677547528e-07
11.0 6.766292312419894e-07
11.25 6.560703210265534e-07
11.5 6.380793497425875e-07
11.75 6.215332015475058e-07
12.0 6.051458953687351e-07
12.25 5.913938712110167e-07
12.5 5.816471009211295e-07
12.75 5.650264085297546e-07
13.0 5.508839922410478e-07
13.25 5.407771228415914e-07
13.5 5.211595626953581e-07
13.75 5.047128877606702e-07
14.0 4.875125447364389e-07
14.25 4.6857190343285373e-07
14.5 4.4406394230702305e-07
14.75 4.2219191169874267e-07
15.0 3.991258202509131e-07
15.25 3.7651311709851163e-07
15.5 3.518652272389304e-07
15.75 3.310292268889262e-07
16.0 3.119628782187345e-07
16.25 2.935286554681957e-07
16.5 2.717146100318646e-07
16.75 2.580960238392038e-07
17.0 2.4177872098436933e-07
17.25 2.2621616167349558e-07
17.5 2.16146448622078e-07
17.75 2.0466690132941095e-07
18.0 1.935696146548335e-07
18.25 1.8477223895752313e-07
18.5 1.7734666480560812e-07
18.75 1.6959697480590022e-07
19.0 1.6166718108384174e-07
19.25 1.554691475565107e-07
19.5 1.4952193932002305e-07
19.75 1.4666773418212846e-07
20.0 1.392514924566341e-07
20.25 1.3714169360279338e-07
20.5 1.3100224073138028e-07
20.75 1.2891002952081688e-07
21.0 1.2283849895458208e-07
21.25 1.1831830430851834e-07
21.5 1.1389499193128154e-07
21.75 1.1313981905087601e-07
22.0 1.0801744110487511e-07
22.25 1.0446475197458793e-07
22.5 1.0250539311935593e-07
22.75 9.790148877401887e-08
23.0 9.360397860114038e-08
23.25 9.246138790296348e-08
23.5 8.849442716162183e-08
23.75 8.638024558046957e-08
24.0 8.402681493518366e-08
24.25 8.180697618710514e-08
24.5 7.975114510562908e-08
24.75 7.583614891011187e-08
25.0 7.354391758353609e-08
25.25 7.308585511577385e-08
25.5 7.012905784903659e-08
25.75 6.588198006268146e-08
26.0 6.505487773903001e-08
26.25 6.387829397952972e-08
26.5 6.11784596067044e-08
26.75 5.837255105561713e-08
27.0 5.888391106467389e-08
27.25 5.721488069928219e-08
27.5 5.462784291321756e-08
27.75 5.3651072902375054e-08
28.0 5.0337249161589335e-08
28.25 4.91517329207033e-08
28.5 4.7804840894862984e-08
28.75 4.62945688167346e-08
29.0 4.536088315668969e-08
29.25 4.3075515153350745e-08
29.5 4.287639963737162e-08
29.75 4.153460851843627e-08
30.0 4.0233614538797305e-08
30.25 4.009231624787611e-08
30.5 3.8928318188077503e-08
30.75 3.761036325946215e-08
31.0 3.5757483872166286e-08
31.25 3.542540459855896e-08
31.5 3.4133109392023766e-08
31.75 3.4109135201264595e-08
32.0 3.285379002862887e-08
32.25 3.127503262945219e-08
32.5 3.104068745272964e-08
32.75 3.0507580723698627e-08
33.0 2.986754369462593e-08
33.25 2.9138263375898194e-08
33.5 2.8124541310682124e-08
33.75 2.7986396296514237e-08
34.0 2.696764062008147e-08
34.25 2.6030625653331547e-08
34.5 2.5229308571331703e-08
34.75 2.454254595537839e-08
35.0 2.409646263984043e-08
35.25 2.470270287926503e-08
35.5 2.343714579170377e-08
35.75 2.3199382360137042e-08
36.0 2.3228510576626998e-08
36.25 2.2021781863999586e-08
36.5 2.0950492525420602e-08
36.75 2.1345393007265564e-08
37.0 2.057989575296165e-08
37.25 1.958951271140897e-08
37.5 1.8842340325126946e-08
37.75 1.9200367510441623e-08
38.0 1.89215409576481e-08
38.25 1.8355417964546664e-08
38.5 1.8398654648263203e-08
38.75 1.7604200688793433e-08
39.0 1.7468079019842634e-08
39.25 1.6740242284668173e-08
39.5 1.6194110129093236e-08
39.75 1.6228178169478447e-08
40.0 1.577975228352582e-08
40.25 1.523377033656044e-08
40.5 1.5105969339644442e-08
40.75 1.4458307487908166e-08
41.0 1.5058202534244313e-08
41.25 1.3730946673746854e-08
41.5 1.4251172044164857e-08
41.75 1.3390793241100797e-08
42.0 1.3102099365114704e-08
42.25 1.3031668847558452e-08
42.5 1.285412115843003e-08
42.75 1.2180166202813736e-08
43.0 1.23932154593708e-08
43.25 1.1840388366015875e-08
43.5 1.183447288802602e-08
43.75 1.1359374442241728e-08
44.0 1.1063491347179132e-08
44.25 1.0913252190058957e-08
44.5 1.0847612234408597e-08
44.75 1.0502827808197351e-08
45.0 1.0515911888725981e-08
45.25 1.0332305006877743e-08
45.5 9.834184922713906e-09
45.75 9.363932120327914e-09
46.0 9.544166469393404e-09
46.25 8.910245240848517e-09
46.5 9.021174741157349e-09
46.75 9.332231713832594e-09
47.0 8.70156686382021e-09
47.25 8.611631653168832e-09
47.5 8.39971668777236e-09
47.75 8.307113974839541e-09
48.0 7.994283028989593e-09
48.25 7.915279535197023e-09
48.5 7.525969384480408e-09
48.75 7.612986430901265e-09
49.0 7.172327470629058e-09
49.25 7.211950121092442e-09
49.5 7.073234359148812e-09
49.75 6.93222811314734e-09
50.0 6.948855436163836e-09
50.25 6.737867758782318e-09
50.5 6.557083641972067e-09
50.75 6.331206032130215e-09
51.0 6.270265492086485e-09
51.25 6.0832055292288496e-09
51.5 6.089495261025483e-09
51.75 5.986565088789586e-09
52.0 5.917519623593865e-09
52.25 6.027213145081432e-09
52.5 5.3878807923706444e-09
52.75 5.624313395722818e-09
53.0 5.239738592216688e-09
53.25 5.3837073631553785e-09
53.5 5.407174362535616e-09
53.75 5.004968104801963e-09
54.0 4.793533668135471e-09
54.25 4.578840324784005e-09
54.5 4.819032540836001e-09
54.75 4.875678319668917e-09
55.0 4.664631073528882e-09
55.25 4.602379816702685e-09
55.5 4.1802445547764124e-09
55.75 4.591240769232001e-09
56.0 4.264564763780892e-09
56.25 4.031275959875896e-09
56.5 3.911021143297489e-09
56.75 4.053226368144503e-09
57.0 3.866862639106197e-09
57.25 3.4193029230475937e-09
57.5 3.4227360055600765e-09
57.75 3.469262315687753e-09
58.0 3.4228902107212753e-09
58.25 3.6263786017562405e-09
58.5 3.3910400625853672e-09
58.75 3.4102610290829855e-09
59.0 3.002988173146857e-09
59.25 2.801628374039344e-09
59.5 3.091677292963184e-09
59.75 3.16107691624764e-09
60.0 3.031197686896627e-09
60.25 2.899769543616085e-09
60.5 2.6216807654195125e-09
60.75 2.563513626185898e-09
61.0 2.6572514482784785e-09
61.25 2.496119407931112e-09
61.5 2.7689326185000957e-09
61.75 2.3423292362246944e-09
62.0 2.5264583159674924e-09
62.25 2.3210159146114605e-09
62.5 2.2376026848094226e-09
62.75 2.14992867858927e-09
63.0 2.3262827284832534e-09
63.25 2.3730907742054107e-09
63.5 2.1436900517021306e-09
63.75 2.189747422699431e-09
64.0 2.1670979670580916e-09
64.25 1.856083727920879e-09
64.5 1.871635598291274e-09
64.75 1.82911708471434e-09
65.0 1.8161123989266306e-09
65.25 1.7640758075273521e-09
65.5 1.7316242443038389e-09
65.75 1.5569410908310488e-09
66.0 1.547764016867015e-09
66.25 1.7052111672726416e-09
66.5 1.7865643465825825e-09
66.75 1.5838762737501708e-09
67.0 1.517288590738664e-09
67.25 1.5339876875394469e-09
67.5 1.3935490139185185e-09
67.75 1.4397966698786063e-09
68.0 1.3527050564394409e-09
68.25 1.3167762121049312e-09
68.5 1.4088325037531062e-09
68.75 1.131146690687933e-09
69.0 1.1841261520936973e-09
69.25 1.126197789608378e-09
69.5 1.2524221880842492e-09
69.75 9.533927422892192e-10
70.0 1.063858845532758e-09
70.25 9.803165184185837e-10
70.5 8.958458714331568e-10
70.75 9.990214927696231e-10
71.0 1.0138553558526989e-09
71.25 1.055550844984121e-09
71.5 1.001171459637423e-09
71.75 9.544063667576234e-10
72.0 7.481450501289844e-10
72.25 7.383580659978313e-10
72.5 8.328386480041492e-10
72.75 6.974001482034722e-10
73.0 8.395480729790948e-10
73.25 6.896636067905162e-10
73.5 8.972035463567674e-10
73.75 7.295459915682097e-10
74.0 6.861012987220466e-10
74.25 6.183100937211153e-10
74.5 5.765545974878816e-10
74.75 6.68303282136808e-10
75.0 5.895909697113371e-10
75.25 7.491433527773375e-10
75.5 5.073993055669302e-10
75.75 6.525862761425992e-10
76.0 5.224295606458365e-10
76.25 5.903991884912619e-10
76.5 5.233951851825018e-10
76.75 4.051443106881935e-10
77.0 4.1293837508694767e-10
77.25 4.823010040772312e-10
77.5 5.052452803434614e-10
77.75 5.26299328653525e-10
78.0 4.611128532651308e-10
78.25 4.3318046734231225e-10
78.5 3.730172167580589e-10
78.75 3.3183357441282345e-10
79.0 4.1056686346075756e-10
79.25 3.544943344713844e-10
79.5 3.231092900169854e-10
79.75 3.4492110784231655e-10
80.0 3.356979565159924e-10
80.25 3.068916568151951e-10
80.5 2.7892962850645385e-10
80.75 4.3796513611147155e-10
81.0 2.8279638266334233e-10
81.25 1.5650831332239373e-10
81.5 2.2525364774057117e-10
81.75 1.8439103556172034e-10
82.0 1.8857065091567483e-10
82.25 2.4087436720518376e-10
82.5 3.3887695219673237e-10
82.75 1.3738730472577034e-10
83.0 2.1870947605924619e-10
83.25 1.621219695516024e-10
83.5 1.1627777614006929e-10
83.75 1.6975459136831535e-10
84.0 1.636490758125642e-10
84.25 1.7548199405915515e-10
84.5 1.1036095895089751e-10
84.75 1.659936746113304e-10
85.0 1.4918852732469035e-10
85.25 1.8264592274954048e-10
85.5 1.488173559164648e-10
85.75 1.0226759393367328e-10
86.0 1.256498479193584e-10
86.25 1.7135208361925016e-10
86.5 1.1653404976461266e-10
86.75 1.4486200605989903e-10
87.0 9.653406988911125e-11
87.25 8.281205879324218e-11
87.5 7.115577493562078e-11
87.75 8.436603780358306e-11
88.0 1.192837953614377e-10
88.25 5.68219485987712e-11
88.5 4.5711538453328514e-11
88.75 9.282928849345934e-11
89.0 2.7747759794422483e-11
89.25 8.720892547423926e-11
89.5 7.228064945466781e-11
89.75 6.849006503630402e-11
90.0 2.8166464210481437e-11
90.25 2.2937519294850865e-11
90.5 5.5050609524665944e-11
90.75 3.5022309129019813e-11
91.0 3.9810061666329125e-11
91.25 6.202659856099812e-11
91.5 7.912701770758191e-11
91.75 0.0
92.0 5.160353012936566e-11
92.25 9.492822683689527e-12
92.5 9.769450087835299e-12
92.75 1.8891565398255655e-11
93.0 2.6595305323393962e-11
93.25 2.2149087646824235e-11
93.5 2.7782828964627774e-11
93.75 2.35994221394076e-11
94.0 1.1925886042094804e-11
94.25 1.115126499683845e-11
94.5 0.0
94.75 4.5767160524450043e-11
95.0 5.101589953828477e-11
95.25 1.5581353351803694e-11
95.5 2.503201586360106e-11
95.75 0.0
96.0 1.2425699331901837e-11
96.25 0.0
96.5 1.4324202319028818e-11
96.75 1.723764208784365e-11
97.0 0.0
97.25 0.0
97.5 0.0
97.75 0.0
98.0 0.0
98.25 2.463300644715352e-11
98.5 0.0
98.75 0.0
99.0 1.8589613591143287e-11
99.25 1.886420272640694e-11
99.5 0.0
99.75 1.2501634319263245e-11
100.0 0.0
100.25 1.3322543478128028e-11
100.5 0.0
100.75 2.5346711766303137e-11
101.0 2.894412797329788e-11
101.25 0.0
101.5 0.0
101.75 0.0
102.0 0.0
102.25 0.0
102.5 0.0
102.75 0.0
103.0 2.8846107570433645e-11
103.25 0.0
103.5 1.420865365426104e-11
103.75 0.0
104.0 0.0
104.25 0.0
104.5 0.0
104.75 0.0
105.0 0.0
105.25 0.0
105.5 0.0
105.75 0.0
106.0 0.0
106.25 0.0
106.5 0.0
106.75 0.0
107.0 0.0
107.25 0.0
107.5 0.0
107.75 0.0
108.0 0.0
108.25 0.0
108.5 0.0
108.75 0.0
109.0 0.0
109.25 0.0
109.5 0.0
109.75 0.0
110.0 0.0
110.25 0.0
110.5 0.0
110.75 0.0
111.0 0.0
111.25 0.0
111.5 0.0
111.75 0.0
112.0 0.0
112.25 0.0
112.5 0.0
112.75 0.0
113.0 0.0
113.25 0.0
113.5 0.0
113.75 0.0
114.0 0.0
114.25 0.0
114.5 0.0
114.75 0.0
115.0 0.0
115.25 0.0
115.5 0.0
115.75 0.0
116.0 0.0
116.25 0.0
116.5 0.0
116.75 0.0
117.0 0.0
117.25 0.0
117.5 0.0
117.75 0.0
118.0 0.0
118.25 0.0
118.5 0.0
118.75 0.0
119.0 0.0
119.25 0.0
119.5 0.0
