0.005 1.8368961359090276e-11
0.01 1.1997024614242442e-10
0.015 2.436103555207275e-10
0.02 3.780581420193652e-10
0.025 5.022085074119411e-10
0.03 6.475301083491914e-10
0.035 7.912593908025974e-10
0.04 9.347955138931487e-10
0.045 1.0674028990972554e-09
0.05 1.185206766446622e-09
0.055 1.3177000591467284e-09
0.06 1.4147572183504184e-09
0.065 1.5331810239307402e-09
0.07 1.6444883518206966e-09
0.075 1.6922402904193913e-09
0.08 1.8048903031709945e-09
0.085 1.8983945047169725e-09
0.09 1.98592652745448e-09
0.095 2.0223239634514297e-09
0.1 2.091285171085033e-09
0.105 2.193968618943833e-09
0.11 2.2521525598178554e-09
0.115 2.218743086595715e-09
0.12 2.287787496581914e-09
0.125 2.352308926347413e-09
0.13 2.479919428910211e-09
0.135 2.507737967036316e-09
0.14 2.5234835459754457e-09
0.145 2.561959835392749e-09
0.15 2.6677010311872408e-09
0.155 2.648526525697677e-09
0.16 2.694282775604015e-09
0.165 2.868986515058613e-09
0.17 2.763270843877173e-09
0.17500000000000002 2.950626648139626e-09
0.18 2.927549250474005e-09
0.185 3.0125038391769274e-09
0.19 3.093924766417191e-09
0.195 3.126617524599079e-09
0.2 3.2678436436802004e-09
0.20500000000000002 3.2293124889186057e-09
0.21 3.3038746727521763e-09
0.215 3.2830818253594463e-09
0.22 3.572299012875838e-09
0.225 3.494124318367403e-09
0.23 3.494890739994641e-09
0.23500000000000001 3.4912998845641126e-09
0.24 3.6575249462810095e-09
0.245 3.71839940133301e-09
0.25 3.761139401252093e-09
0.255 3.899789437512764e-09
0.26 3.812788351911733e-09
0.265 3.891633681012871e-09
0.27 3.9642527044809485e-09
0.275 3.996864128239429e-09
0.28 4.00570747445654e-09
0.28500000000000003 4.125218036507794e-09
0.29 4.1030307129524435e-09
0.295 4.225813725287764e-09
0.3 4.313128133246818e-09
0.305 4.196588339997019e-09
0.31 4.364384272907206e-09
0.315 4.180481527125125e-09
0.32 4.373034503527076e-09
0.325 4.452784670649454e-09
0.33 4.536858592534568e-09
0.335 4.618940861982566e-09
0.34 4.610467067582777e-09
0.34500000000000003 4.621413147260312e-09
0.35000000000000003 4.7360033470185925e-09
0.355 4.751133717127872e-09
0.36 4.653516328093869e-09
0.365 4.6542744417044245e-09
0.37 5.050365555190403e-09
0.375 4.906349017383024e-09
0.38 5.024743577029776e-09
0.385 4.775538125935236e-09
0.39 5.150108371465865e-09
0.395 5.142622785083497e-09
0.4 5.2675692877019506e-09
0.405 5.341195896585672e-09
0.41000000000000003 5.217020124117558e-09
0.41500000000000004 5.136084258428488e-09
0.42 5.284487961406604e-09
0.425 5.377989128736922e-09
0.43 5.49261344887388e-09
0.435 5.381074257175659e-09
0.44 5.336316785983765e-09
0.445 5.428880337821304e-09
0.45 5.478152685439545e-09
0.455 5.370790770251551e-09
0.46 5.482855446180816e-09
0.465 5.761863030671886e-09
0.47000000000000003 5.601329456651056e-09
0.47500000000000003 5.681209623867944e-09
0.48 5.767206840032057e-09
0.485 5.644415695057511e-09
0.49 5.795768277112601e-09
0.495 5.71966910762323e-09
0.5 5.794735419444691e-09
0.505 5.614850142449889e-09
0.51 6.054534162731578e-09
0.515 5.8028793099150255e-09
0.52 5.904334812493355e-09
0.525 6.122626828945019e-09
0.53 5.982668179428321e-09
0.535 6.103370644274641e-09
0.54 6.042261486988861e-09
0.545 6.2933971418232375e-09
0.55 6.1680211223413074e-09
0.555 6.3110596045010555e-09
0.56 6.0084905009356455e-09
0.5650000000000001 6.360249055325196e-09
0.5700000000000001 6.3689313905180744e-09
0.5750000000000001 6.290072820411145e-09
0.58 6.259854271270284e-09
0.585 6.275541305645722e-09
0.59 6.48810046718577e-09
0.595 6.299774324625617e-09
0.6 6.512055169511958e-09
0.605 6.34476964929571e-09
0.61 6.382909700901648e-09
0.615 6.66036595709055e-09
0.62 6.433015671624278e-09
0.625 6.532672202573915e-09
0.63 6.554208585068085e-09
0.635 6.590348282600754e-09
0.64 6.5161519989378785e-09
0.645 6.730335453300505e-09
0.65 6.665863975333946e-09
0.655 6.647409649162964e-09
0.66 6.74436658836934e-09
0.665 6.7431714591433e-09
0.67 6.843870752764176e-09
0.675 6.783426078704285e-09
0.68 6.655529049377337e-09
0.685 6.573944603715207e-09
0.6900000000000001 6.9646609996896e-09
0.6950000000000001 6.894288014999579e-09
0.7000000000000001 6.795316450800323e-09
0.705 7.033193559643378e-09
0.71 6.934065008330017e-09
0.715 7.003734088793366e-09
0.72 7.130524261548871e-09
0.725 7.025117603227004e-09
0.73 7.089170426731491e-09
0.735 6.944481340310436e-09
0.74 7.229725766273665e-09
0.745 6.972722611543584e-09
0.75 7.05895574532328e-09
0.755 7.0682127229943935e-09
0.76 7.225940390042007e-09
0.765 6.711586076441048e-09
0.77 7.222549538309888e-09
0.775 6.9995350567080175e-09
0.78 7.074454865802848e-09
0.785 6.879957011702613e-09
0.79 7.234180232813233e-09
0.795 7.109657393624024e-09
0.8 6.943029524522009e-09
0.805 7.3727482563539e-09
0.81 6.868867193094316e-09
0.8150000000000001 7.0424149731002695e-09
0.8200000000000001 7.018515270058896e-09
0.8250000000000001 6.9859278908684396e-09
0.8300000000000001 7.150087131633974e-09
0.835 7.145222934230908e-09
0.84 7.412470391306426e-09
0.845 7.50031781829544e-09
0.85 7.456326093737954e-09
0.855 6.960981474401907e-09
0.86 7.25194609838027e-09
0.865 7.412558139315875e-09
0.87 7.255781331514424e-09
0.875 7.483225794560428e-09
0.88 7.145071693605395e-09
0.885 7.253013018988798e-09
0.89 7.185101272816485e-09
0.895 7.253465150112815e-09
0.9 7.40853461600237e-09
0.905 7.220383649798439e-09
0.91 7.035063771323568e-09
0.915 7.3808833935377574e-09
0.92 7.21923678598424e-09
0.925 7.198562478199599e-09
0.93 7.119755391187517e-09
0.935 7.087454642044352e-09
0.9400000000000001 7.243055208571568e-09
0.9450000000000001 7.49153174531439e-09
0.9500000000000001 7.182327410524079e-09
0.9550000000000001 7.29257919064577e-09
0.96 7.3113634426582296e-09
0.965 7.2406533424457206e-09
0.97 7.146091222054695e-09
0.975 7.413084310594763e-09
0.98 7.17841276702432e-09
0.985 7.302942097177556e-09
0.99 7.40502730427953e-09
0.995 7.711790793382571e-09
1.0 7.314386872245425e-09
1.0050000000000001 7.353584928535638e-09
1.01 7.2953146403246036e-09
1.0150000000000001 7.366822823623793e-09
1.02 7.27813994913312e-09
1.025 7.046966772526399e-09
1.03 7.270319765358704e-09
1.035 7.637426596860454e-09
1.04 7.2315892062857045e-09
1.045 7.27733605281244e-09
1.05 7.122036810515202e-09
1.055 7.546791950225961e-09
1.06 7.288335732497631e-09
1.065 7.552841714593444e-09
1.07 7.159011035330407e-09
1.075 7.3902833366467014e-09
1.08 7.271025648716514e-09
1.085 7.120805903637075e-09
1.09 7.411689972580992e-09
1.095 6.9217614445286775e-09
1.1 7.48545135588448e-09
1.105 7.565454100631211e-09
1.11 7.527030485180249e-09
1.115 7.472373251131687e-09
1.12 7.352600428015944e-09
1.125 7.3669139616715405e-09
1.1300000000000001 7.1510906159849185e-09
1.135 7.707878371871486e-09
1.1400000000000001 7.377607230198507e-09
1.145 7.198986505598321e-09
1.1500000000000001 7.390426531239456e-09
1.155 7.149534282019999e-09
1.16 7.094244922604997e-09
1.165 7.069126869324952e-09
1.17 7.114515441007492e-09
1.175 7.1717747320222284e-09
1.18 7.374022936434032e-09
1.185 6.947898808091234e-09
1.19 7.344658880635583e-09
1.195 7.177020012169376e-09
1.2 7.170899839800314e-09
1.205 7.252787850402367e-09
1.21 6.887053612852576e-09
1.215 7.122022350164649e-09
1.22 6.761069486653048e-09
1.225 6.823861405593979e-09
1.23 7.043022856030996e-09
1.235 6.997216377333979e-09
1.24 7.171101472835315e-09
1.245 7.048806609259689e-09
1.25 7.235585465234485e-09
1.2550000000000001 7.325963513281847e-09
1.26 7.374519665080269e-09
1.2650000000000001 7.191751946731471e-09
1.27 6.996074196326165e-09
1.2750000000000001 7.009129984233221e-09
1.28 7.181368268949855e-09
1.285 7.2057164301081855e-09
1.29 7.334945005734408e-09
1.295 7.296701101310729e-09
1.3 7.052987920215999e-09
1.305 7.307170988100693e-09
1.31 7.1659439939239694e-09
1.315 7.039391911496051e-09
1.32 7.005801984872836e-09
1.325 7.188590256465735e-09
1.33 7.07452518622374e-09
1.335 7.156317469340483e-09
1.34 6.906193139852298e-09
1.345 7.061673405351651e-09
1.35 6.9216424425514066e-09
1.355 7.025259611606769e-09
1.36 7.07084864869262e-09
1.365 7.010795055236448e-09
1.37 6.81439012023616e-09
1.375 6.828571471857818e-09
1.3800000000000001 7.289489130757156e-09
1.385 6.952629722455079e-09
1.3900000000000001 7.3991382197126495e-09
1.395 7.003638714176999e-09
1.4000000000000001 7.046803177806387e-09
1.405 6.878136085281178e-09
1.41 6.622456698727516e-09
1.415 6.875291343100147e-09
1.42 6.7533421360697475e-09
1.425 6.935659287778953e-09
1.43 6.779900236437439e-09
1.435 6.6387771646298075e-09
1.44 6.999268642367858e-09
1.445 7.218217623520668e-09
1.45 6.694227458445479e-09
1.455 7.064576689219494e-09
1.46 6.84213278438359e-09
1.465 6.850603364591473e-09
1.47 6.9913697392383645e-09
1.475 6.790505753038938e-09
1.48 6.6360044230492095e-09
1.485 6.57261620713212e-09
1.49 6.626882639040675e-09
1.495 6.757992996578316e-09
1.5 6.716320220659898e-09
1.5050000000000001 7.118454667232762e-09
1.51 7.077364749564265e-09
1.5150000000000001 6.66785077380264e-09
1.52 6.976611402263853e-09
1.5250000000000001 6.975877125346397e-09
1.53 6.635131879996193e-09
1.5350000000000001 6.703936528229835e-09
1.54 7.034086792962964e-09
1.545 6.803691943085836e-09
1.55 7.011736091767558e-09
1.555 6.4952738137287845e-09
1.56 6.368735468293264e-09
1.565 6.849914816162748e-09
1.57 7.058927248963815e-09
1.575 6.6243564653662155e-09
1.58 6.74098956083486e-09
1.585 6.692283252581137e-09
1.59 6.671359040951412e-09
1.595 6.768298694460947e-09
1.6 6.635875454005138e-09
1.605 6.49049829223124e-09
1.61 6.9480288438531155e-09
1.615 6.793565393428442e-09
1.62 6.950455620544906e-09
1.625 6.923104894921129e-09
1.6300000000000001 6.738145862159405e-09
1.635 6.607934922676046e-09
1.6400000000000001 7.0695045239572704e-09
1.645 6.7655088978716905e-09
1.6500000000000001 6.4311061685394135e-09
1.655 6.759567085477337e-09
1.6600000000000001 6.839075572917707e-09
1.665 6.5437446216714945e-09
1.67 6.031912571576813e-09
1.675 6.832215743319069e-09
1.68 6.5782012252608864e-09
1.685 6.273479233299931e-09
1.69 6.396906427995494e-09
1.695 6.833958464383688e-09
1.7 6.391780348791343e-09
1.705 6.581048939170921e-09
1.71 6.655515094955816e-09
1.715 6.510107964562265e-09
1.72 6.668756769424908e-09
1.725 6.4557242037109736e-09
1.73 6.71740902876881e-09
1.735 7.0580425905991285e-09
1.74 6.110858320756901e-09
1.745 6.7260316889932456e-09
1.75 6.541615354979005e-09
1.7550000000000001 6.086675225354856e-09
1.76 6.1179954015626765e-09
1.7650000000000001 6.5176262039270275e-09
1.77 6.294184470259916e-09
1.7750000000000001 6.5074893300576544e-09
1.78 6.550774834679627e-09
1.7850000000000001 6.470594458052642e-09
1.79 6.388783240329706e-09
1.795 6.3361708483055895e-09
1.8 6.265970326039653e-09
1.805 6.281846478388902e-09
1.81 6.409470827256802e-09
1.815 6.590517058951116e-09
1.82 6.334452051369138e-09
1.825 6.071601916963483e-09
1.83 6.0676982565947536e-09
1.835 6.285763928416275e-09
1.84 6.291634891293846e-09
1.845 6.792354785399797e-09
1.85 6.601540824917997e-09
1.855 6.24579965926822e-09
1.86 6.429667810529262e-09
1.865 6.280678879381163e-09
1.87 6.194815388785694e-09
1.875 6.208600827991323e-09
1.8800000000000001 6.211986169488484e-09
1.885 6.357207342226996e-09
1.8900000000000001 6.237230656735971e-09
1.895 5.917636017667957e-09
1.9000000000000001 6.1814452402543885e-09
1.905 6.189229436125326e-09
1.9100000000000001 6.423622380530771e-09
1.915 6.012366079173753e-09
1.92 6.220401398405791e-09
1.925 6.2971701972374605e-09
1.93 6.363205574453122e-09
1.935 6.0411642965435675e-09
1.94 6.051112193178361e-09
1.945 6.146156943444224e-09
1.95 5.630454386599946e-09
1.955 6.213728681338866e-09
1.96 5.996154413163297e-09
1.965 6.163206027621234e-09
1.97 6.046385895787339e-09
1.975 6.207355961858194e-09
1.98 6.109389918341211e-09
1.985 5.965373053798331e-09
1.99 5.74872560868373e-09
1.995 5.7389923338601646e-09
2.0 5.957386323356036e-09
2.005 5.983841475732146e-09
2.0100000000000002 5.707574016528547e-09
2.015 6.360236544785129e-09
2.02 5.8129958147425026e-09
2.025 5.898985788054677e-09
2.0300000000000002 6.0030031527315334e-09
2.035 5.971472776981409e-09
2.04 5.783656947239351e-09
2.045 5.925767949855277e-09
2.05 5.836304005331269e-09
2.055 5.8350999028242835e-09
2.06 6.082041669212342e-09
2.065 6.129203633207359e-09
2.07 5.933516432765437e-09
2.075 5.540846061101603e-09
2.08 5.642589046067325e-09
2.085 5.9391454494392074e-09
2.09 5.906177314354283e-09
2.095 5.980191004631201e-09
2.1 5.799436159972409e-09
2.105 5.711807851923567e-09
2.11 5.749289914474011e-09
2.115 5.600202413783986e-09
2.12 5.5328049029630524e-09
2.125 5.89878548079383e-09
2.13 5.9000829833666766e-09
2.1350000000000002 5.893470280638921e-09
2.14 5.725259452340424e-09
2.145 5.3756010833321625e-09
2.15 5.85251159578341e-09
2.1550000000000002 5.846929067899939e-09
2.16 5.558221142593172e-09
2.165 5.579323992443973e-09
2.17 5.714832773603499e-09
2.1750000000000003 5.558239033272895e-09
2.18 5.709912404529619e-09
2.185 5.533113382629795e-09
2.19 5.969304871456073e-09
2.195 5.660887757626054e-09
2.2 6.09225981695911e-09
2.205 5.784784734288712e-09
2.21 5.632563967053091e-09
2.215 5.545700263291878e-09
2.22 5.4784881467936416e-09
2.225 5.57974841475913e-09
2.23 5.39675196140009e-09
2.235 5.397697177547123e-09
2.24 5.67425225861134e-09
2.245 5.9038041389145695e-09
2.25 5.7730506695903255e-09
2.255 6.044890542220988e-09
2.2600000000000002 5.682521382158389e-09
2.265 5.499382343790275e-09
2.27 5.569006895927413e-09
2.275 5.564194194377189e-09
2.2800000000000002 5.453643361461605e-09
2.285 5.411165421988188e-09
2.29 5.428077740158985e-09
2.295 5.46159489209298e-09
2.3000000000000003 5.395181691357602e-09
2.305 5.328551051992653e-09
2.31 5.6421322711146555e-09
2.315 5.587156417005923e-09
2.32 5.392966995884787e-09
2.325 5.235211679826982e-09
2.33 5.360497282768053e-09
2.335 5.5114144179844586e-09
2.34 5.540568571781713e-09
2.345 5.361260004361947e-09
2.35 5.184923413639001e-09
2.355 5.351110083939589e-09
2.36 5.263684624214202e-09
2.365 5.217493674475988e-09
2.37 5.294805197650351e-09
2.375 4.921847485421093e-09
2.38 5.257017838294178e-09
2.3850000000000002 5.2284916573395605e-09
2.39 5.520348314507106e-09
2.395 5.233033693652489e-09
2.4 5.491912989645737e-09
2.4050000000000002 5.2122005115529926e-09
2.41 5.188239659804848e-09
2.415 5.2347884335576965e-09
2.42 5.6712981834898835e-09
2.4250000000000003 5.110168779937092e-09
2.43 5.182413536373984e-09
2.435 5.19754081976581e-09
2.44 5.527821126669856e-09
2.445 5.034944209621414e-09
2.45 5.162700894064069e-09
2.455 5.030948359646541e-09
2.46 5.044388110937463e-09
2.465 4.9467988851622575e-09
2.47 5.603195300310682e-09
2.475 5.452958445160567e-09
2.48 4.784006335435964e-09
2.485 5.2032075382052386e-09
2.49 5.0096647263112485e-09
2.495 5.341535953993473e-09
2.5 4.987300662266974e-09
2.505 4.8971791961643254e-09
2.5100000000000002 5.4726049318084804e-09
2.515 5.202400228367841e-09
2.52 5.23908143241408e-09
2.525 5.130724946380239e-09
2.5300000000000002 4.965119932169223e-09
2.535 5.087875785241214e-09
2.54 4.972220531502895e-09
2.545 4.722680893845153e-09
2.5500000000000003 5.273507304016024e-09
2.555 4.712817314883299e-09
2.56 5.052490100430239e-09
2.565 4.751452036819891e-09
2.57 4.925341419213159e-09
2.575 5.21509328651675e-09
2.58 4.9724963532758015e-09
2.585 5.095749546429105e-09
2.59 4.854383694647043e-09
2.595 4.988935471287529e-09
2.6 5.1221853694642925e-09
2.605 4.928089918940003e-09
2.61 4.8506931991218755e-09
2.615 4.832903437994663e-09
2.62 4.856246889280703e-09
2.625 4.6827313520327046e-09
2.63 4.832372194035662e-09
2.6350000000000002 4.577776742539506e-09
2.64 4.736881422065221e-09
2.645 5.009417723980115e-09
2.65 4.6237953314258495e-09
2.6550000000000002 5.1444995461216736e-09
2.66 4.557244551910026e-09
2.665 4.685595204764109e-09
2.67 4.962641070389207e-09
2.6750000000000003 5.147050084350814e-09
2.68 4.8225268683089754e-09
2.685 5.039239809333717e-09
2.69 4.612651991154777e-09
2.695 4.846847450635466e-09
2.7 4.870246519120442e-09
2.705 4.7722313306608115e-09
2.71 4.725273579117292e-09
2.715 4.678592692281186e-09
2.72 4.6070825109976e-09
2.725 4.6355269125318895e-09
2.73 4.626638364773471e-09
2.735 4.652124686683128e-09
2.74 4.806279927314946e-09
2.745 4.7005945311542796e-09
2.75 4.807893053140435e-09
2.755 4.817879131325065e-09
2.7600000000000002 4.663370274102618e-09
2.765 4.8654824543212875e-09
2.77 4.479197509009256e-09
2.775 4.702320011331835e-09
2.7800000000000002 4.508272678448885e-09
2.785 4.592879892769764e-09
2.79 4.578211290870186e-09
2.795 4.6347166385029195e-09
2.8000000000000003 4.5745007492814225e-09
2.805 4.4907058367676836e-09
2.81 4.360475078813921e-09
2.815 4.7045247769868755e-09
2.82 4.509791680899222e-09
2.825 5.0512106486570576e-09
2.83 4.6394390701019575e-09
2.835 4.5464068636254444e-09
2.84 4.423338299525244e-09
2.845 4.480294269078105e-09
2.85 4.445028515655267e-09
2.855 4.460408167935677e-09
2.86 4.728710117096985e-09
2.865 4.350195450059719e-09
2.87 4.667563232504126e-09
2.875 4.372201397570427e-09
2.88 4.460817535567576e-09
2.8850000000000002 4.543889716261315e-09
2.89 4.490541395253477e-09
2.895 4.672571243019657e-09
2.9 4.386432129746751e-09
2.9050000000000002 4.584177529032934e-09
2.91 4.806376840982751e-09
2.915 4.568533448410393e-09
2.92 4.470239586978635e-09
2.9250000000000003 4.350773435305184e-09
2.93 4.3111482850311815e-09
2.935 4.442409903644533e-09
2.94 4.390584585704953e-09
2.945 4.329457717792273e-09
2.95 4.582232973516335e-09
2.955 4.216476311361451e-09
2.96 4.961507767810572e-09
2.965 4.310925057354229e-09
2.97 4.440557270491937e-09
2.975 4.106468231134921e-09
2.98 4.218104669038397e-09
2.985 4.65971768211151e-09
2.99 4.241894461163075e-09
2.995 4.11603777568096e-09
3.0 4.447819657360467e-09
3.005 4.401366915678589e-09
3.0100000000000002 4.3153848717712e-09
3.015 4.6569502079101675e-09
3.02 4.324758424519206e-09
3.025 4.250293030061507e-09
3.0300000000000002 4.005165470680087e-09
3.035 4.329352012002052e-09
3.04 4.3818432467627745e-09
3.045 3.999787997328048e-09
3.0500000000000003 4.267946546385509e-09
3.055 4.2984745023737384e-09
3.06 4.628153718075065e-09
3.065 4.631381919598601e-09
3.0700000000000003 4.452239441318298e-09
3.075 4.430722928230856e-09
3.08 4.332606025758105e-09
3.085 4.0403173709596114e-09
3.09 4.3668297182712664e-09
3.095 4.263570246496927e-09
3.1 4.1995300774300125e-09
3.105 4.147420546541342e-09
3.11 4.003620900340686e-09
3.115 4.000548989280302e-09
3.12 4.335844153974276e-09
3.125 3.969631739133948e-09
3.13 4.398084796781426e-09
3.1350000000000002 3.9358187557072854e-09
3.14 4.184494167862535e-09
3.145 4.437500870930307e-09
3.15 4.235085273592282e-09
3.1550000000000002 4.175249166013792e-09
3.16 3.983175414185471e-09
3.165 4.087239579031701e-09
3.17 4.123602935785614e-09
3.1750000000000003 3.950297515275161e-09
3.18 4.000831595080383e-09
3.185 4.2103133771582105e-09
3.19 4.391064974014119e-09
3.1950000000000003 3.808055683187085e-09
3.2 4.122794084657406e-09
3.205 3.988834557861633e-09
3.21 3.750953267069148e-09
3.215 4.1775560012708e-09
3.22 3.9141004698794556e-09
3.225 3.992310915607124e-09
3.23 3.913999773890072e-09
3.235 3.770590243446374e-09
3.24 4.131400391418869e-09
3.245 3.833319215084252e-09
3.25 4.087466816030239e-09
3.255 3.880971798557604e-09
3.2600000000000002 3.6554687496117735e-09
3.265 4.053550050772839e-09
3.27 4.032118117296268e-09
3.275 4.091774341583945e-09
3.2800000000000002 4.174620569097275e-09
3.285 4.211474025144707e-09
3.29 3.7349762365305994e-09
3.295 3.851714279995076e-09
3.3000000000000003 3.7681913981332635e-09
3.305 4.012667410603106e-09
3.31 3.806857326292561e-09
3.315 3.5835283064386657e-09
3.3200000000000003 3.5544917843191362e-09
3.325 3.751264158156107e-09
3.33 3.730832593077887e-09
3.335 3.814197428684992e-09
3.34 3.85670202620683e-09
3.345 4.059504223903716e-09
3.35 3.8669967958529695e-09
3.355 4.048603641444221e-09
3.36 3.968095865519022e-09
3.365 3.86455605462502e-09
3.37 3.896681672312949e-09
3.375 3.7821207908525736e-09
3.38 3.778237551426279e-09
3.3850000000000002 3.9010395305135205e-09
3.39 3.708286423554935e-09
3.395 3.8935749412213854e-09
3.4 3.920557430435242e-09
3.4050000000000002 3.943869880565988e-09
3.41 3.7228005410112245e-09
3.415 3.80797505058623e-09
3.42 4.064801906941138e-09
3.4250000000000003 3.5251518954382707e-09
3.43 4.038119756585091e-09
3.435 3.6809193732988166e-09
3.44 3.6272015183613012e-09
3.4450000000000003 3.508433621769286e-09
3.45 3.6725916113254576e-09
3.455 3.822276361915536e-09
3.46 3.563581574003574e-09
3.465 3.595935829685976e-09
3.47 3.5083088666437056e-09
3.475 3.556494463870404e-09
3.48 3.6378453911645447e-09
3.485 3.503759864884979e-09
3.49 3.7111281838152266e-09
3.495 3.751395383675666e-09
3.5 3.799000730149641e-09
3.505 3.579683389142404e-09
3.5100000000000002 3.4103024723955417e-09
3.515 3.4487922590949025e-09
3.52 3.632749638800991e-09
3.525 3.5647636760355424e-09
3.5300000000000002 3.644622128120409e-09
3.535 3.703187997782491e-09
3.54 3.9274658788089246e-09
3.545 3.745464139137105e-09
3.5500000000000003 3.6893735919391526e-09
3.555 3.50645762363013e-09
3.56 3.3904641760369606e-09
3.565 3.4625818215377607e-09
3.5700000000000003 3.638802148964003e-09
3.575 3.5183328822109373e-09
3.58 3.4858479285578904e-09
3.585 3.561115634902956e-09
3.59 3.440524510900972e-09
3.595 3.455881675199025e-09
3.6 3.4760368503238935e-09
3.605 3.2823660121609253e-09
3.61 3.539394420865374e-09
3.615 3.515552232462736e-09
3.62 3.3853502367064285e-09
3.625 3.557246186433499e-09
3.63 3.316485229522838e-09
3.6350000000000002 3.5074397972285e-09
3.64 3.0988187585050275e-09
3.645 3.2574659462585052e-09
3.65 3.4398753773816198e-09
3.6550000000000002 3.472226043504699e-09
3.66 3.4266531802611724e-09
3.665 3.3397432979889483e-09
3.67 3.511876424280091e-09
3.6750000000000003 3.470639780698038e-09
3.68 3.5860396093504005e-09
3.685 3.3847891162896914e-09
3.69 3.522127822033859e-09
3.6950000000000003 3.4204027397552266e-09
3.7 3.621275479847195e-09
3.705 3.274922246711061e-09
3.71 3.384193598258819e-09
3.715 3.5296554978309672e-09
3.72 3.351099637032206e-09
3.725 3.2224260461820987e-09
3.73 3.554716661045364e-09
3.735 3.292093044748194e-09
3.74 3.2096768023846433e-09
3.745 3.3324487402620886e-09
3.75 3.291005445393741e-09
3.755 3.2710653703624794e-09
3.7600000000000002 3.4523352409698945e-09
3.765 3.322656875488039e-09
3.77 3.401194925878549e-09
3.775 3.420693329256568e-09
3.7800000000000002 3.3737226070393643e-09
3.785 3.346605011480665e-09
3.79 3.1859150821255743e-09
3.795 3.6199712186348487e-09
3.8000000000000003 3.1241928406324987e-09
3.805 3.1550318344223058e-09
3.81 3.2092791462574677e-09
3.815 2.9581315908646534e-09
3.8200000000000003 3.422897712194258e-09
3.825 3.1666114308186524e-09
3.83 3.2209633907365816e-09
3.835 3.230759354941781e-09
3.84 3.4530441307659873e-09
3.845 3.2001252069383702e-09
3.85 3.364709238637672e-09
3.855 3.2867094120849705e-09
3.86 3.526922971987554e-09
3.865 3.2086845746024044e-09
3.87 3.326551101349792e-09
3.875 3.4169208012069525e-09
3.88 3.023761975150468e-09
3.8850000000000002 3.367195917329374e-09
3.89 3.234176118624052e-09
3.895 3.305756884217927e-09
3.9 3.0824205309995926e-09
3.9050000000000002 3.0479265858029614e-09
3.91 2.939172837605251e-09
3.915 3.0810615219822857e-09
3.92 3.0703856726068003e-09
3.9250000000000003 3.229236607697218e-09
3.93 3.080960882947632e-09
3.935 3.286138870187041e-09
3.94 3.2547486713856068e-09
3.9450000000000003 3.227941582336572e-09
3.95 3.0749164565954746e-09
3.955 3.3431372095606086e-09
3.96 3.304885278961459e-09
3.9650000000000003 3.038192875702137e-09
3.97 3.259670130730549e-09
3.975 3.1888520092526016e-09
3.98 3.308972967394397e-09
3.985 3.1534699181450544e-09
3.99 2.9758606403538377e-09
3.995 2.9919359547802245e-09
4.0 3.2406822107380115e-09
4.005 3.0778779018144106e-09
4.01 3.0055932114437244e-09
4.015 2.9888874557484966e-09
4.0200000000000005 3.0001216366722955e-09
4.025 3.277826298601138e-09
4.03 3.0713450323732475e-09
4.035 3.1154757091869e-09
4.04 3.0229822979015683e-09
4.045 3.1092561107602347e-09
4.05 3.0186212191060627e-09
4.055 2.9216610256490286e-09
4.0600000000000005 3.32692908454549e-09
4.065 3.099548478900874e-09
4.07 2.9839583262024638e-09
4.075 2.9118319491332124e-09
4.08 3.117961341051878e-09
4.085 2.95467958753769e-09
4.09 3.0656653858336354e-09
4.095 2.845314744908042e-09
4.1 2.969689964123806e-09
4.105 2.9992652581229598e-09
4.11 2.8462577300800463e-09
4.115 2.862957144862315e-09
4.12 3.1022748568681147e-09
4.125 3.263417280018585e-09
4.13 3.212726839173307e-09
4.135 3.0392017095049762e-09
4.14 2.9736084924169946e-09
4.1450000000000005 2.8947297770569198e-09
4.15 3.106695195098706e-09
4.155 2.7380708116528946e-09
4.16 2.746499815857858e-09
4.165 2.9622876968678275e-09
4.17 3.230991037141478e-09
4.175 3.0769574942978037e-09
4.18 3.1122720911670787e-09
4.1850000000000005 2.9081708022339036e-09
4.19 2.8454598485573116e-09
4.195 2.6990665820750863e-09
4.2 3.192393202095314e-09
4.205 2.903496145117171e-09
4.21 2.8060998551575952e-09
4.215 2.7063183880693095e-09
4.22 2.7665665726999768e-09
4.225 3.056851489200528e-09
4.23 2.786100936606076e-09
4.235 2.798379004037675e-09
4.24 2.8046808960519544e-09
4.245 2.787385388202228e-09
4.25 2.5891049284898796e-09
4.255 2.702491451602985e-09
4.26 2.787938558552832e-09
4.265 2.5519191192382136e-09
4.2700000000000005 2.8699360926865026e-09
4.275 2.702348649106501e-09
4.28 2.835590450452026e-09
4.285 2.6494749382556697e-09
4.29 2.803877836168863e-09
4.295 2.639856403420341e-09
4.3 2.9521056746936577e-09
4.305 2.802376412541105e-09
4.3100000000000005 2.7965392160297123e-09
4.315 3.081510030630407e-09
4.32 2.71187016059618e-09
4.325 3.0397075705549656e-09
4.33 2.8835888997112416e-09
4.335 2.5374922267616957e-09
4.34 2.860722059421137e-09
4.345 2.557480881353739e-09
4.3500000000000005 2.673185521076367e-09
4.355 2.7079053197728598e-09
4.36 2.633768132912297e-09
4.365 2.616518682114658e-09
4.37 2.77405289124471e-09
4.375 2.733407826757835e-09
4.38 2.736132312559777e-09
4.385 2.492964792792088e-09
4.39 2.7245268314220935e-09
4.3950000000000005 2.4720044923123723e-09
4.4 2.6924744215738014e-09
4.405 2.6913026804629965e-09
4.41 2.4887419691724055e-09
4.415 2.7447264062542725e-09
4.42 2.7187480501792895e-09
4.425 2.5145491204263628e-09
4.43 2.5837148645696333e-09
4.4350000000000005 2.636368046686336e-09
4.44 2.5781313016949655e-09
4.445 2.6797386333901493e-09
4.45 2.570331936826993e-09
4.455 2.6814693661519745e-09
4.46 2.580035361182288e-09
4.465 3.0040430524525786e-09
4.47 2.4542183601212353e-09
4.4750000000000005 2.828661256417802e-09
4.48 2.385461602985468e-09
4.485 2.650588622657994e-09
4.49 2.7844741727006448e-09
4.495 2.4194816896697265e-09
4.5 2.671029207727419e-09
4.505 2.5716231396234916e-09
4.51 2.877464226092021e-09
4.515 2.7187252991939343e-09
4.5200000000000005 2.786839673136926e-09
4.525 2.6871017044993903e-09
4.53 2.64525908917562e-09
4.535 2.7109115254700526e-09
4.54 2.51871299170923e-09
4.545 2.8673587102981764e-09
4.55 2.6402390615594897e-09
4.555 2.7166029135752597e-09
4.5600000000000005 2.4788472841447885e-09
4.565 2.5303994503697163e-09
4.57 2.648361262931363e-09
4.575 2.5048613864079018e-09
4.58 2.5845078438113055e-09
4.585 2.4969550938467384e-09
4.59 2.7323730483206e-09
4.595 2.3761638500633358e-09
4.6000000000000005 2.4737107957452534e-09
4.605 2.5170017822935344e-09
4.61 2.4328350127319012e-09
4.615 2.3988443871492803e-09
4.62 2.7159647642911457e-09
4.625 2.523503532606441e-09
4.63 2.2943706672163152e-09
4.635 2.5059622812052846e-09
4.64 2.4977722523621983e-09
4.6450000000000005 2.505099028538718e-09
4.65 2.509785541677716e-09
4.655 2.436010142641514e-09
4.66 2.3566531299742286e-09
4.665 2.503242268176014e-09
4.67 2.617760627392672e-09
4.675 2.4466215810252837e-09
4.68 2.4153706446154086e-09
4.6850000000000005 2.721244217699874e-09
4.69 2.6410892853603563e-09
4.695 2.6654297175630762e-09
4.7 2.5979869865016978e-09
4.705 2.423591932390336e-09
4.71 2.50359922839766e-09
4.715 2.556146222492036e-09
4.72 2.4777674967377e-09
4.7250000000000005 2.252698913794288e-09
4.73 2.2588319585685617e-09
4.735 2.393689195005244e-09
4.74 2.5150558844972044e-09
4.745 2.2315094079370495e-09
4.75 2.4582415752679437e-09
4.755 2.4191642658876657e-09
4.76 2.4608002107398563e-09
4.765 2.292861192219006e-09
4.7700000000000005 2.2584221163421615e-09
4.775 2.3342065204579307e-09
4.78 2.438750442359849e-09
4.785 2.4758822448081734e-09
4.79 2.528195364786891e-09
4.795 2.2677806253557083e-09
4.8 2.3979314600679836e-09
4.805 2.306483954295167e-09
4.8100000000000005 2.3356165680725485e-09
4.815 2.098837305169843e-09
4.82 2.3243592173733805e-09
4.825 2.425593312654456e-09
4.83 2.1717693093346923e-09
4.835 2.4629726943547238e-09
4.84 2.366164457501175e-09
4.845 2.465701698217073e-09
4.8500000000000005 2.326913053553871e-09
4.855 2.429408695075227e-09
4.86 2.3920123848729443e-09
4.865 2.4347291629230643e-09
4.87 2.2865745298278046e-09
4.875 2.3749540252534684e-09
4.88 2.335091218840232e-09
4.885 2.4532116521521376e-09
4.89 2.143631585898702e-09
4.8950000000000005 2.4642602382727656e-09
4.9 2.317785877978485e-09
4.905 2.2842203170564037e-09
4.91 2.39675292073192e-09
4.915 2.3850658017281786e-09
4.92 2.3907651007902756e-09
4.925 2.1870567126444986e-09
4.93 2.3934747555256536e-09
4.9350000000000005 2.244069059917239e-09
4.94 2.1640735178743815e-09
4.945 2.4118620447510988e-09
4.95 2.0969403030578006e-09
4.955 2.2322720197358106e-09
4.96 2.221216735577712e-09
4.965 2.3039973164979348e-09
4.97 2.3684577581503843e-09
4.9750000000000005 2.370196392171858e-09
4.98 2.182938760822231e-09
4.985 2.333738145198356e-09
4.99 2.306799033110771e-09
4.995 2.313978717713983e-09
5.0 2.1814096248396495e-09
5.005 2.4088846834556936e-09
5.01 2.3405112540040896e-09
5.015 2.0206939958116678e-09
5.0200000000000005 2.247520929743859e-09
5.025 2.5617318976105893e-09
5.03 2.2497970074902603e-09
5.035 2.170178540837758e-09
5.04 2.290983040262332e-09
5.045 2.1267995380752865e-09
5.05 2.275764425732891e-09
5.055 2.2151967659770892e-09
5.0600000000000005 2.2852027458115664e-09
5.065 2.128728672801514e-09
5.07 1.993457372295548e-09
5.075 2.038331756410646e-09
5.08 1.9655438585165025e-09
5.085 2.072027415021734e-09
5.09 2.166924263859861e-09
5.095 2.2358893927201845e-09
5.1000000000000005 2.163217321886773e-09
5.105 2.1983317395588167e-09
5.11 2.2755846218566723e-09
5.115 2.095549874709316e-09
5.12 2.172308597131875e-09
5.125 2.0092648584805245e-09
5.13 2.224579344386622e-09
5.135 2.144313695698188e-09
5.14 2.123786645175467e-09
5.1450000000000005 2.340074386554119e-09
5.15 2.2513154962917996e-09
5.155 2.2937183942122658e-09
5.16 2.03414860883471e-09
5.165 2.1826230521633017e-09
5.17 2.0891431022112315e-09
5.175 2.005546436369176e-09
5.18 1.9693557434618844e-09
5.1850000000000005 2.132476245095257e-09
5.19 2.079222909095022e-09
5.195 2.1301967037369958e-09
5.2 2.080039162916138e-09
5.205 2.150786089189084e-09
5.21 2.0751437789709404e-09
5.215 2.033298716768028e-09
5.22 2.2152927862152933e-09
5.2250000000000005 2.020530770428024e-09
5.23 2.2603618165955464e-09
5.235 1.9048242774708226e-09
5.24 2.025091856416579e-09
5.245 2.1037960421953103e-09
5.25 2.165906746527308e-09
5.255 2.003723205592881e-09
5.26 1.9666967075617514e-09
5.265 2.0494187947042302e-09
5.2700000000000005 2.1091887026467077e-09
5.275 1.9084919180063162e-09
5.28 2.108917178275341e-09
5.285 1.882330577180324e-09
5.29 1.966973638779075e-09
5.295 1.8962713977901172e-09
5.3 2.026279586423469e-09
5.305 2.1779044959056726e-09
5.3100000000000005 1.985957029155476e-09
5.315 2.0544406599177785e-09
5.32 2.061368324058449e-09
5.325 1.983311384797634e-09
5.33 1.8932368432911762e-09
5.335 2.142459456998627e-09
5.34 1.9179498239131425e-09
5.345 1.9028688700887157e-09
5.3500000000000005 2.2062916193699097e-09
5.355 2.0023343607623094e-09
5.36 1.8550299733200946e-09
5.365 1.965197526583487e-09
5.37 1.888059032497864e-09
5.375 2.0267821161875178e-09
5.38 2.044002084374043e-09
5.385 1.914264075815515e-09
5.39 2.007150528726144e-09
5.3950000000000005 1.9693027860068745e-09
5.4 1.8498313315410426e-09
5.405 2.0059544464292886e-09
5.41 2.02595956299777e-09
5.415 1.976671389395515e-09
5.42 1.9213709141404928e-09
5.425 2.032086164254356e-09
5.43 1.8356644844876837e-09
5.4350000000000005 1.927487545126469e-09
5.44 2.067506855719315e-09
5.445 1.8496398868322254e-09
5.45 1.8538044291176405e-09
5.455 1.92997714314929e-09
5.46 1.8453619528607549e-09
5.465 1.9807450563556483e-09
5.47 1.9679391705634936e-09
5.4750000000000005 2.0012548490977802e-09
5.48 1.90010757544727e-09
5.485 1.912207523853289e-09
5.49 1.969504803400753e-09
5.495 1.9322707071993315e-09
5.5 2.1066813363651386e-09
5.505 1.888697113722684e-09
5.51 1.8424281239190977e-09
5.515 1.9066969578795574e-09
5.5200000000000005 1.879769500787766e-09
5.525 2.045925453560972e-09
5.53 2.024475726530681e-09
5.535 1.814088050361779e-09
5.54 2.008784777716068e-09
5.545 1.808086782853085e-09
5.55 1.986673269189773e-09
5.555 1.8210893358436872e-09
5.5600000000000005 1.8297867829687017e-09
5.565 1.7438961571223964e-09
5.57 1.795188509185631e-09
5.575 1.6897613616419324e-09
5.58 1.8266377876425231e-09
5.585 1.8282944605771683e-09
5.59 1.8872980599624927e-09
5.595 1.7953957581017088e-09
5.6000000000000005 1.9750809108463942e-09
5.605 2.0563816925846435e-09
5.61 1.8373749010266996e-09
5.615 1.6958229680374071e-09
5.62 1.8049421869561577e-09
5.625 1.897892340034334e-09
5.63 1.800903125799164e-09
5.635 1.8948658886071645e-09
5.64 1.7315118244420935e-09
5.6450000000000005 1.9089107569487903e-09
5.65 1.89581886505408e-09
5.655 1.6898660753964861e-09
5.66 1.880793465721851e-09
5.665 1.7924169255183488e-09
5.67 1.7333953953948742e-09
5.675 1.8678289878337968e-09
5.68 1.90101557554251e-09
5.6850000000000005 1.7387593914237446e-09
5.69 1.941212397673124e-09
5.695 1.7966075985612075e-09
5.7 1.8256357474456187e-09
5.705 1.7706313391456828e-09
5.71 1.8252914062385189e-09
5.715 1.791021994587271e-09
5.72 1.826349408601188e-09
5.7250000000000005 1.7617145873856416e-09
5.73 1.7921968971373195e-09
5.735 1.818593361986085e-09
5.74 1.9271954680761284e-09
5.745 1.827608907184414e-09
5.75 1.8636513007022642e-09
5.755 1.9354913732256235e-09
5.76 1.8705475290189248e-09
5.765 1.7377671213020763e-09
5.7700000000000005 1.6860147906849058e-09
5.775 1.7349107825202052e-09
5.78 1.7017882653884246e-09
5.785 1.7334448137107615e-09
5.79 1.6673192360064095e-09
5.795 1.8289042674752774e-09
5.8 1.83091449255439e-09
5.805 1.7611904403277572e-09
5.8100000000000005 1.8711423030136387e-09
5.815 1.8555511996203858e-09
5.82 1.8308677698610646e-09
5.825 1.7860112669630035e-09
5.83 1.7180028502900295e-09
5.835 1.7301392584788961e-09
5.84 1.8269897784415162e-09
5.845 1.652317942762922e-09
5.8500000000000005 1.6882217322639725e-09
5.855 1.7585974748164963e-09
5.86 1.693479706186816e-09
5.865 1.7954842805373931e-09
5.87 1.607095442559685e-09
5.875 1.7265712145983932e-09
5.88 1.7197874848123425e-09
5.885 1.814811326618115e-09
5.89 1.7158379605560709e-09
5.8950000000000005 1.6950550929829766e-09
5.9 1.7400452580962345e-09
5.905 1.8336464530008966e-09
5.91 1.86883532611352e-09
5.915 1.616312872244869e-09
5.92 1.7433191724395688e-09
5.925 1.646349559751441e-09
5.93 1.7539183289901358e-09
5.9350000000000005 1.6720055172505019e-09
5.94 1.7241603864845155e-09
5.945 1.665493661028784e-09
5.95 1.7929047956864024e-09
5.955 1.7336458348730036e-09
5.96 1.7503537293388448e-09
5.965 1.6493147717341677e-09
5.97 1.6873312737001709e-09
5.9750000000000005 1.666210333611829e-09
5.98 1.6836812141736789e-09
5.985 1.5511308470668397e-09
5.99 1.7545806638137725e-09
5.995 1.7089336054011578e-09
6.0 1.791125602221323e-09
6.005 1.695908719268019e-09
6.01 1.6094036719797886e-09
6.015000000000001 1.730778404266859e-09
6.0200000000000005 1.653888052681021e-09
6.025 1.7601481472612894e-09
6.03 1.7453243294280455e-09
6.035 1.6310814372685033e-09
6.04 1.6492733300489674e-09
6.045 1.6073936466296963e-09
6.05 1.7650399250594306e-09
6.055 1.692269542243317e-09
6.0600000000000005 1.5593728561957652e-09
6.065 1.7307152420327557e-09
6.07 1.7289221447360642e-09
6.075 1.6817500856359391e-09
6.08 1.5668051151572069e-09
6.085 1.6982202099688522e-09
6.09 1.6433393754579307e-09
6.095 1.6456711935015729e-09
6.1000000000000005 1.8361552418800468e-09
6.105 1.5352432390492698e-09
6.11 1.5457202637021254e-09
6.115 1.6136404357332441e-09
6.12 1.7084887727690242e-09
6.125 1.5617325574261942e-09
6.13 1.5608218515106183e-09
6.135 1.6158224839922751e-09
6.140000000000001 1.6299044060341476e-09
6.1450000000000005 1.5583441575370651e-09
6.15 1.5801785968399676e-09
6.155 1.5320678794907846e-09
6.16 1.59624916348694e-09
6.165 1.521063174144776e-09
6.17 1.7115575698622684e-09
6.175 1.4829683882616005e-09
6.18 1.683426588354655e-09
6.1850000000000005 1.6977142920362395e-09
6.19 1.597469888102067e-09
6.195 1.6516776567529306e-09
6.2 1.6990232997266501e-09
6.205 1.5517905943624236e-09
6.21 1.5332695802093253e-09
6.215 1.5755030030254775e-09
6.22 1.550185257748645e-09
6.2250000000000005 1.552525446192156e-09
6.23 1.6535258057009142e-09
6.235 1.7208519435831841e-09
6.24 1.5575509460943017e-09
6.245 1.5083895394839495e-09
6.25 1.4575901943527862e-09
6.255 1.9918575600876833e-09
6.26 1.535410208631558e-09
6.265000000000001 1.5666957095913057e-09
6.2700000000000005 1.5262975273541997e-09
6.275 1.4409155170652336e-09
6.28 1.5375892106344474e-09
6.285 1.5163221752761283e-09
6.29 1.5125346648655512e-09
6.295 1.6039117181326084e-09
6.3 1.5498926431010005e-09
6.305 1.5048306972095913e-09
6.3100000000000005 1.5851396963694256e-09
6.315 1.594519219081751e-09
6.32 1.54016311738591e-09
6.325 1.5134578051493075e-09
6.33 1.567336232618491e-09
6.335 1.673286342940561e-09
6.34 1.4879916680408181e-09
6.345 1.5318074234234086e-09
6.3500000000000005 1.6007674218437533e-09
6.355 1.5974440058859877e-09
6.36 1.4983086125927705e-09
6.365 1.5028527224994817e-09
6.37 1.4004199013172923e-09
6.375 1.62595802725118e-09
6.38 1.4618893177842911e-09
6.385 1.4330669218432455e-09
6.390000000000001 1.471089709083434e-09
6.3950000000000005 1.5369316724311647e-09
6.4 1.5479837778666697e-09
6.405 1.4467414559367548e-09
6.41 1.4477590039215722e-09
6.415 1.46821914450179e-09
6.42 1.6442258117980658e-09
6.425 1.4961336809834902e-09
6.43 1.5343293453119762e-09
6.4350000000000005 1.5769976539586404e-09
6.44 1.506443439896832e-09
6.445 1.518113876230079e-09
6.45 1.4306802863237812e-09
6.455 1.4320991771523194e-09
6.46 1.6105503607872687e-09
6.465 1.4865793044074921e-09
6.47 1.59341422035766e-09
6.4750000000000005 1.6026903751101824e-09
6.48 1.5432905308585893e-09
6.485 1.631766443320118e-09
6.49 1.3840256844067814e-09
6.495 1.6393731754717327e-09
6.5 1.539875355787676e-09
6.505 1.4883749505006335e-09
6.51 1.504588765811331e-09
6.515000000000001 1.4782811814395214e-09
6.5200000000000005 1.3917567766846385e-09
6.525 1.567044494941639e-09
6.53 1.4886320613855932e-09
6.535 1.64976751645085e-09
6.54 1.5031939339106541e-09
6.545 1.4366693790093746e-09
6.55 1.5395201184603462e-09
6.555 1.4476821565147758e-09
6.5600000000000005 1.4349668533708393e-09
6.565 1.414154404817943e-09
6.57 1.5163059759813806e-09
6.575 1.4256532182392762e-09
6.58 1.376514420580679e-09
6.585 1.5454656674318304e-09
6.59 1.497850299893859e-09
6.595 1.5146302753330147e-09
6.6000000000000005 1.5437944665115072e-09
6.605 1.4167330043369423e-09
6.61 1.4851121405312029e-09
6.615 1.5455249851064377e-09
6.62 1.5483749935095456e-09
6.625 1.4032582619384327e-09
6.63 1.6759544296405754e-09
6.635 1.4613256226893204e-09
6.640000000000001 1.3688048896957803e-09
6.6450000000000005 1.3301136382151506e-09
6.65 1.4091962226739078e-09
6.655 1.4963559973731833e-09
6.66 1.506909753840508e-09
6.665 1.3691466024607564e-09
6.67 1.4120543251248092e-09
6.675 1.3697805011236146e-09
6.68 1.5001399635359446e-09
6.6850000000000005 1.4870480329929902e-09
6.69 1.3935811420547456e-09
6.695 1.5195471836777201e-09
6.7 1.3762866798959108e-09
6.705 1.346783377598044e-09
6.71 1.3772214950599477e-09
6.715 1.3972314648459254e-09
6.72 1.4654545312999657e-09
6.7250000000000005 1.3924083209570417e-09
6.73 1.3396219974651658e-09
6.735 1.411883776244011e-09
6.74 1.4054217589034096e-09
6.745 1.3624094900790039e-09
6.75 1.3633557797504474e-09
6.755 1.3127708522986471e-09
6.76 1.3623265732550101e-09
6.765000000000001 1.4129329248680416e-09
6.7700000000000005 1.4066810406426594e-09
6.775 1.2822828058660236e-09
6.78 1.3979290802480657e-09
6.785 1.3621014480852118e-09
6.79 1.437814019196863e-09
6.795 1.3180765938370472e-09
6.8 1.4618175136198883e-09
6.805 1.4165616052708282e-09
6.8100000000000005 1.4170980650787027e-09
6.815 1.3316562631264268e-09
6.82 1.4136685256519613e-09
6.825 1.4053672098532779e-09
6.83 1.2674541436768201e-09
6.835 1.3770299560333523e-09
6.84 1.3036470510362065e-09
6.845 1.3419137086064633e-09
6.8500000000000005 1.333981719749404e-09
6.855 1.3241589516662232e-09
6.86 1.379419841363402e-09
6.865 1.410376819510508e-09
6.87 1.3383200805759383e-09
6.875 1.3878822809239376e-09
6.88 1.3728251166627982e-09
6.885 1.3243001165485395e-09
6.890000000000001 1.348415273101228e-09
6.8950000000000005 1.3435664681610498e-09
6.9 1.30926384702112e-09
6.905 1.326037920706608e-09
6.91 1.4216706115180863e-09
6.915 1.4578566369253658e-09
6.92 1.3099423654623958e-09
6.925 1.360847055127262e-09
6.93 1.317503877776229e-09
6.9350000000000005 1.33492778536802e-09
6.94 1.3793119303430829e-09
6.945 1.3456456274417136e-09
6.95 1.3781407472430963e-09
6.955 1.3806552676789514e-09
6.96 1.3146101404857441e-09
6.965 1.3106720263556953e-09
6.97 1.3900827354731859e-09
6.9750000000000005 1.3735243562268318e-09
6.98 1.389531960499739e-09
6.985 1.4172174397849636e-09
6.99 1.3999203304804593e-09
6.995 1.3014179550131072e-09
7.0 1.4253531744927838e-09
7.005 1.2857057219606704e-09
7.01 1.2987954670671891e-09
7.015000000000001 1.360961697040609e-09
7.0200000000000005 1.4675963905764394e-09
7.025 1.4939348012473566e-09
7.03 1.3553839592048288e-09
7.035 1.324251252300491e-09
7.04 1.3475609262257544e-09
7.045 1.328894577742462e-09
7.05 1.2338052835990173e-09
7.055 1.4383779010643133e-09
7.0600000000000005 1.3309860234865752e-09
7.065 1.2868607876659263e-09
7.07 1.4407442327221267e-09
7.075 1.308211004905007e-09
7.08 1.3021777227383565e-09
7.085 1.264000231396607e-09
7.09 1.3907696633626845e-09
7.095 1.3741297253780577e-09
7.1000000000000005 1.314389874255217e-09
7.105 1.2762248521633944e-09
7.11 1.348081798495853e-09
7.115 1.3229439247058006e-09
7.12 1.2628884191616346e-09
7.125 1.238219545624608e-09
7.13 1.19676716170141e-09
7.135 1.2207147183490792e-09
7.140000000000001 1.2824897019978741e-09
7.1450000000000005 1.3963816403668366e-09
7.15 1.2428900017103368e-09
7.155 1.2950043973139627e-09
7.16 1.3097851008243225e-09
7.165 1.2666784659898363e-09
7.17 1.2458149808805393e-09
7.175 1.268602120449549e-09
7.18 1.3338072530665894e-09
7.1850000000000005 1.3412677424475513e-09
7.19 1.2835164767598187e-09
7.195 1.3570536473991844e-09
7.2 1.2401213765367232e-09
7.205 1.3067679232036933e-09
7.21 1.2075570997073326e-09
7.215 1.2503127124708074e-09
7.22 1.2455906984691187e-09
7.2250000000000005 1.2257544066796584e-09
7.23 1.3031259307283196e-09
7.235 1.2310197050074926e-09
7.24 1.2944022497720754e-09
7.245 1.3462778570521585e-09
7.25 1.2116526213532622e-09
7.255 1.321241376719309e-09
7.26 1.2389885768405303e-09
7.265000000000001 1.240742406726423e-09
7.2700000000000005 1.197931984806531e-09
7.275 1.2730351920545715e-09
7.28 1.2811498106918105e-09
7.285 1.2310426156190794e-09
7.29 1.2859813827971357e-09
7.295 1.2694650497346448e-09
7.3 1.270870660689895e-09
7.305 1.2458517209599443e-09
7.3100000000000005 1.1998368312350446e-09
7.315 1.2864159529981235e-09
7.32 1.2930683914122364e-09
7.325 1.3114269018401554e-09
7.33 1.2785410095064488e-09
7.335 1.288584037140082e-09
7.34 1.2167006184653904e-09
7.345 1.3150784427595275e-09
7.3500000000000005 1.3262639450185607e-09
7.355 1.173459853280134e-09
7.36 1.2579628735787728e-09
7.365 1.221259385937521e-09
7.37 1.1607677142046658e-09
7.375 1.193066000066852e-09
7.38 1.238318027394608e-09
7.385 1.297728400795668e-09
7.390000000000001 1.1929585596080566e-09
7.3950000000000005 1.2248253938174854e-09
7.4 1.2317373899831304e-09
7.405 1.1747444215326907e-09
7.41 1.1972359694601192e-09
7.415 1.2671280115329249e-09
7.42 1.1900067021068645e-09
7.425 1.178229769417128e-09
7.43 1.2274191086641722e-09
7.4350000000000005 1.1473404832580233e-09
7.44 1.2527174680057448e-09
7.445 1.268285983763595e-09
7.45 1.1735383151748632e-09
7.455 1.213945454003411e-09
7.46 1.1751000678481603e-09
7.465 1.2416581504616287e-09
7.47 1.1358359821856367e-09
7.4750000000000005 1.2089129821890373e-09
7.48 1.2075166023489327e-09
7.485 1.2683862100334542e-09
7.49 1.257040591631113e-09
7.495 1.2234360576480746e-09
7.5 1.174614622419374e-09
7.505 1.2297801094389624e-09
7.51 1.285273708538403e-09
7.515000000000001 1.1756804265116427e-09
7.5200000000000005 1.3105313504580844e-09
7.525 1.2366946879766476e-09
7.53 1.134646530663878e-09
7.535 1.192576321556043e-09
7.54 1.1667699770726858e-09
7.545 1.1456745774387826e-09
7.55 1.2031599522743455e-09
7.555 1.2515113279221042e-09
7.5600000000000005 1.1737674810229955e-09
7.565 1.2255740364989845e-09
7.57 1.1962424425218242e-09
7.575 1.1684417771464188e-09
7.58 1.1721406943487631e-09
7.585 1.2388714628023706e-09
7.59 1.2224794257357326e-09
7.595 1.1620861966829837e-09
7.6000000000000005 1.116890199452132e-09
7.605 1.0761367309554535e-09
7.61 1.1518647805462076e-09
7.615 1.1049028447220553e-09
7.62 1.1669354500495033e-09
7.625 1.136330616753477e-09
7.63 1.1653010451110938e-09
7.635 1.1411217961709355e-09
7.640000000000001 1.1372235649108566e-09
7.6450000000000005 1.2207121704617057e-09
7.65 1.2082246387876952e-09
7.655 1.1405206089510208e-09
7.66 1.1098580292429271e-09
7.665 1.1209457898713536e-09
7.67 1.1396016530338602e-09
7.675 1.1684096299812568e-09
7.68 1.1484533409371844e-09
7.6850000000000005 1.22097018222238e-09
7.69 1.1101426182000768e-09
7.695 1.1012074990606053e-09
7.7 1.1986359928448402e-09
7.705 1.2675107250386898e-09
7.71 1.132116484075878e-09
7.715 1.1761976115020258e-09
7.72 1.1615024495191828e-09
7.7250000000000005 1.159957210617429e-09
7.73 1.2164666508810115e-09
7.735 1.0873740545798865e-09
7.74 1.1785707161263462e-09
7.745 1.135164095024048e-09
7.75 1.238037699108692e-09
7.755 1.177975780798761e-09
7.76 1.1391900404652527e-09
7.765000000000001 1.1533137344655299e-09
7.7700000000000005 1.1183764607741378e-09
7.775 1.1940025243553453e-09
7.78 1.1595618773355972e-09
7.785 1.1036711000753515e-09
7.79 1.1662208269547816e-09
7.795 1.0936582734178616e-09
7.8 1.1305836559891774e-09
7.805000000000001 1.0864047028198251e-09
7.8100000000000005 1.119027289010719e-09
7.815 1.1593558136634793e-09
7.82 1.2347278671472629e-09
7.825 1.2015622088078268e-09
7.83 1.0718793592443307e-09
7.835 1.1499362117518806e-09
7.84 1.1168787497323473e-09
7.845 1.0690824468283215e-09
7.8500000000000005 1.1254196976702217e-09
7.855 1.2107350543605802e-09
7.86 1.132424636689606e-09
7.865 1.0941308515832902e-09
7.87 1.105936288891145e-09
7.875 1.1226678426614709e-09
7.88 1.1144854901392866e-09
7.885 1.0381380527065694e-09
7.890000000000001 1.104872347692159e-09
7.8950000000000005 1.123289899020808e-09
7.9 1.0628964135682872e-09
7.905 1.1675900932364514e-09
7.91 1.117171283543636e-09
7.915 1.1323677041526202e-09
7.92 1.109969710157261e-09
7.925 1.1125801112897307e-09
7.930000000000001 1.1528414754458452e-09
7.9350000000000005 1.0488047764888916e-09
7.94 1.0470534737765261e-09
7.945 1.0709980381184597e-09
7.95 1.0858033253759326e-09
7.955 1.0674362980170481e-09
7.96 1.1686786033398568e-09
7.965 1.0429803443150556e-09
7.97 1.1327411096202932e-09
7.9750000000000005 1.109651728941972e-09
7.98 1.1031741741095946e-09
7.985 1.0809847456236957e-09
7.99 1.1445907138939345e-09
7.995 1.0538228380750052e-09
8.0 1.1195185660309597e-09
8.25 5.345206406870028e-08
8.5 5.1251372959287126e-08
8.75 4.8818240668022623e-08
9.0 4.6120870637666955e-08
9.25 4.41353430690975e-08
9.5 4.196846499903528e-08
9.75 4.0213703251259744e-08
10.0 3.830861115161129e-08
10.25 3.6583039522231136e-08
10.5 3.477052533794868e-08
10.75 3.295356101400236e-08
11.0 3.144738890208453e-08
11.25 2.9569650642513196e-08
11.5 2.797400470203439e-08
11.75 2.647123549972668e-08
12.0 2.515888504816882e-08
12.25 2.381317675218694e-08
12.5 2.247246916407035e-08
12.75 2.131156899470458e-08
13.0 2.0139341852662674e-08
13.25 1.9137222464167457e-08
13.5 1.826841303498607e-08
13.75 1.6995676651072124e-08
14.0 1.629218156563619e-08
14.25 1.5580920387521524e-08
14.5 1.5057695445346677e-08
14.75 1.4302357109162755e-08
15.0 1.4029164253373423e-08
15.25 1.3002687717845903e-08
15.5 1.2640951874830467e-08
15.75 1.2040803721344824e-08
16.0 1.1346377404579468e-08
16.25 1.1112726208104474e-08
16.5 1.0228370041992225e-08
16.75 9.98266253831092e-09
17.0 9.693978101873862e-09
17.25 9.378285387614634e-09
17.5 8.894289797843313e-09
17.75 8.554857428890196e-09
18.0 8.056469815825084e-09
18.25 8.232795095047924e-09
18.5 7.617340532390501e-09
18.75 7.3047091295831474e-09
19.0 6.771116280458598e-09
19.25 6.600585441148924e-09
19.5 6.61910002327617e-09
19.75 6.0362997457624065e-09
20.0 6.167132651889241e-09
20.25 5.8287805520534295e-09
20.5 5.4650165668733405e-09
20.75 5.112819924750756e-09
21.0 4.972930848778977e-09
21.25 5.014605952755265e-09
21.5 4.781125887242435e-09
21.75 4.517743067442959e-09
22.0 4.493514487576316e-09
22.25 4.219812711404267e-09
22.5 4.258774860182247e-09
22.75 3.897005397542926e-09
23.0 3.849038473160248e-09
23.25 3.6555890321070447e-09
23.5 3.6812730029983376e-09
23.75 3.4668643688559604e-09
24.0 3.329298158215278e-09
24.25 3.1014605848175903e-09
24.5 3.2121636389478137e-09
24.75 3.1094349900205275e-09
25.0 2.666501706822175e-09
25.25 2.6403897141367633e-09
25.5 2.778744216087702e-09
25.75 2.5820452487616663e-09
26.0 2.36000169239303e-09
26.25 2.3307788565502867e-09
26.5 2.300760103157978e-09
26.75 2.274582615980609e-09
27.0 2.021829274500168e-09
27.25 2.1937044223837408e-09
27.5 1.931958073167553e-09
27.75 1.8875802845979234e-09
28.0 1.865363712411634e-09
28.25 1.806214451888967e-09
28.5 1.7560619803765007e-09
28.75 1.7625530206151962e-09
29.0 1.4363407962595146e-09
29.25 1.481826574513675e-09
29.5 1.3787098698205212e-09
29.75 1.543483438961041e-09
30.0 1.4919598385424232e-09
30.25 1.3317542170192986e-09
30.5 1.3262676594922157e-09
30.75 1.4186380263564457e-09
31.0 1.2524492655669995e-09
31.25 1.218317394393107e-09
31.5 1.1740858713816731e-09
31.75 1.081796945348461e-09
32.0 1.0899210382316801e-09
32.25 1.0580781136417282e-09
32.5 9.542565979178569e-10
32.75 8.918991611848061e-10
33.0 9.328210449084765e-10
33.25 8.453231627704045e-10
33.5 9.627107231048358e-10
33.75 9.192748135244737e-10
34.0 8.360353608311831e-10
34.25 8.830891562316755e-10
34.5 8.183737164227312e-10
34.75 8.049095943100742e-10
35.0 7.235229293814737e-10
35.25 6.987120565523974e-10
35.5 6.174942091360416e-10
35.75 6.476881287369009e-10
36.0 5.971396940054237e-10
36.25 7.086114510222997e-10
36.5 1.2054520600041594e-09
36.75 6.008528222576923e-10
37.0 6.15871359705162e-10
37.25 5.256091541893584e-10
37.5 5.880064614784424e-10
37.75 5.657941594845672e-10
38.0 5.47069369480408e-10
38.25 4.666201528304643e-10
38.5 4.770249474972e-10
38.75 4.801759783387748e-10
39.0 4.642878836616661e-10
39.25 5.38384510169334e-10
39.5 4.2484751754557464e-10
39.75 3.6386840727781385e-10
40.0 3.024784919125408e-10
40.25 3.2911634254550004e-10
40.5 4.201158717723611e-10
40.75 3.962876791791873e-10
41.0 3.5069101454935126e-10
41.25 2.5803009678089406e-10
41.5 3.369407857126527e-10
41.75 3.235948369802714e-10
42.0 2.465805330071207e-10
42.25 2.978146634121522e-10
42.5 3.3462714496620276e-10
42.75 2.2956693576950897e-10
43.0 2.991348068181232e-10
43.25 2.60011326003091e-10
43.5 2.268713266549168e-10
43.75 2.752904180005725e-10
44.0 2.0843261132824834e-10
44.25 2.482318170014371e-10
44.5 2.3016599251507713e-10
44.75 2.2677539417036618e-10
45.0 1.949559975563764e-10
45.25 1.4206555096088038e-10
45.5 1.6708961712444758e-10
45.75 1.9664630745134217e-10
46.0 1.6809379107175622e-10
46.25 1.518504187954145e-10
46.5 1.873848935296284e-10
46.75 1.9529254092980847e-10
47.0 1.722789559775562e-10
47.25 2.0562208933642466e-10
47.5 1.3910571187942163e-10
47.75 1.6068948071561065e-10
48.0 1.6389174533467703e-10
48.25 1.1537620404562326e-10
48.5 7.891279366195585e-11
48.75 8.448828221791561e-11
49.0 9.729870265926486e-11
49.25 1.0412997598801797e-10
49.5 7.717017287444208e-11
49.75 1.1899329876071673e-10
50.0 9.14187445895942e-11
50.25 1.1240193905541819e-10
50.5 6.169215914438281e-11
50.75 6.381087706860245e-11
51.0 1.285718492708495e-10
51.25 5.6272125509930755e-11
51.5 6.047025978441459e-11
51.75 5.720621821541435e-11
52.0 7.351197870805999e-11
52.25 4.804821692483971e-11
52.5 1.0512338288991046e-10
52.75 9.018275664476951e-11
53.0 5.4111689221633604e-11
53.25 5.302984128349664e-11
53.5 2.3169247922483756e-11
53.75 4.6970981415960474e-11
54.0 6.196392199116638e-11
54.25 5.5969373383144025e-11
54.5 4.9101661380613445e-11
54.75 4.3825846813866635e-11
55.0 6.47735771908586e-11
55.25 3.994302574528249e-11
55.5 3.25742261297813e-11
55.75 5.167777139972219e-11
56.0 2.2505537181146428e-11
56.25 5.820293372148117e-11
56.5 6.33935402622056e-11
56.75 1.4268449445105829e-11
57.0 6.340765782941501e-11
57.25 3.942781717551495e-11
57.5 2.4237109084894092e-11
57.75 3.336674227148252e-11
58.0 3.147613732500751e-11
58.25 2.7751353101420402e-11
58.5 5.255127270565588e-11
58.75 4.0022406068699334e-11
59.0 5.1387653245593845e-11
59.25 4.718072795414072e-11
59.5 4.481851087436424e-11
59.75 2.4491318974460142e-11
60.0 4.1378400024108325e-11
60.25 1.637573248559402e-11
60.5 6.257724142799623e-11
60.75 1.5912515627903795e-11
61.0 0.0
61.25 5.996544352010215e-11
61.5 6.866415502823786e-12
61.75 1.8303719746883656e-11
62.0 0.0
62.25 0.0
62.5 0.0
62.75 1.3477477868335602e-11
63.0 0.0
63.25 1.3250227432584473e-11
63.5 0.0
63.75 0.0
64.0 1.7452996497413076e-11
64.25 1.5811946069681152e-11
64.5 9.566833838441204e-12
64.75 0.0
65.0 0.0
65.25 1.9372308973374473e-11
65.5 0.0
65.75 0.0
66.0 0.0
66.25 0.0
66.5 0.0
66.75 1.651060495494051e-11
67.0 0.0
67.25 0.0
67.5 1.090472413835947e-11
67.75 0.0
68.0 1.4228735015539924e-11
68.25 2.3838115695419096e-11
68.5 0.0
68.75 1.7911631216817962e-11
69.0 1.139510772563893e-11
69.25 0.0
69.5 1.031198603673165e-11
69.75 0.0
70.0 7.380933047204535e-12
70.25 0.0
70.5 0.0
70.75 0.0
71.0 1.4083481317515635e-11
71.25 0.0
71.5 0.0
71.75 0.0
72.0 0.0
72.25 0.0
72.5 0.0
72.75 1.2324597144197758e-11
73.0 0.0
73.25 0.0
73.5 0.0
73.75 0.0
74.0 0.0
74.25 0.0
74.5 0.0
74.75 0.0
75.0 0.0
75.25 0.0
75.5 0.0
75.75 0.0
76.0 0.0
76.25 0.0
76.5 0.0
76.75 0.0
77.0 0.0
77.25 0.0
77.5 0.0
77.75 0.0
78.0 0.0
78.25 0.0
78.5 0.0
78.75 0.0
79.0 0.0
79.25 0.0
79.5 0.0
79.75 0.0
80.0 0.0
80.25 0.0
80.5 0.0
80.75 0.0
81.0 0.0
81.25 0.0
81.5 0.0
81.75 0.0
82.0 0.0
82.25 0.0
82.5 0.0
82.75 0.0
83.0 0.0
83.25 0.0
83.5 0.0
83.75 0.0
84.0 0.0
84.25 0.0
84.5 0.0
84.75 0.0
85.0 0.0
85.25 0.0
85.5 0.0
85.75 0.0
86.0 0.0
86.25 0.0
86.5 0.0
86.75 0.0
87.0 0.0
87.25 0.0
87.5 0.0
87.75 0.0
88.0 0.0
88.25 0.0
88.5 0.0
88.75 0.0
89.0 0.0
89.25 0.0
89.5 0.0
89.75 0.0
90.0 0.0
90.25 0.0
90.5 0.0
90.75 0.0
91.0 0.0
91.25 0.0
91.5 0.0
91.75 0.0
92.0 0.0
92.25 0.0
92.5 0.0
92.75 0.0
93.0 0.0
93.25 0.0
93.5 0.0
93.75 0.0
94.0 0.0
94.25 0.0
94.5 0.0
94.75 0.0
95.0 0.0
95.25 0.0
95.5 0.0
95.75 0.0
96.0 0.0
96.25 0.0
96.5 0.0
96.75 0.0
97.0 0.0
97.25 0.0
97.5 0.0
97.75 0.0
98.0 0.0
98.25 0.0
98.5 0.0
98.75 0.0
99.0 0.0
99.25 0.0
99.5 0.0
99.75 0.0
100.0 0.0
100.25 0.0
100.5 0.0
100.75 0.0
101.0 0.0
101.25 0.0
101.5 0.0
101.75 0.0
102.0 0.0
102.25 0.0
102.5 0.0
102.75 0.0
103.0 0.0
103.25 0.0
103.5 0.0
103.75 0.0
104.0 0.0
104.25 0.0
104.5 0.0
104.75 0.0
105.0 0.0
105.25 0.0
105.5 0.0
105.75 0.0
106.0 0.0
106.25 0.0
106.5 0.0
106.75 0.0
107.0 0.0
107.25 0.0
107.5 0.0
107.75 0.0
108.0 0.0
108.25 0.0
108.5 0.0
108.75 0.0
109.0 0.0
109.25 0.0
109.5 0.0
109.75 0.0
110.0 0.0
110.25 0.0
110.5 0.0
110.75 0.0
111.0 0.0
111.25 0.0
111.5 0.0
111.75 0.0
112.0 0.0
112.25 0.0
112.5 0.0
112.75 0.0
113.0 0.0
113.25 0.0
113.5 0.0
113.75 0.0
114.0 0.0
114.25 0.0
114.5 0.0
114.75 0.0
115.0 0.0
115.25 0.0
115.5 0.0
115.75 0.0
116.0 0.0
116.25 0.0
116.5 0.0
116.75 0.0
117.0 0.0
117.25 0.0
117.5 0.0
117.75 0.0
118.0 0.0
118.25 0.0
118.5 0.0
118.75 0.0
119.0 0.0
119.25 0.0
119.5 0.0
