0.125 5.6318813728440124e-06
0.375 1.0417700553102533e-05
0.625 1.9272042905415577e-05
0.875 2.8007099691537704e-05
1.125 3.57903267310465e-05
1.375 4.0554839452520596e-05
1.625 4.452781457485963e-05
1.875 5.0491488578401926e-05
2.125 5.3504839640444596e-05
2.375 5.526970506013442e-05
2.625 5.581996806220483e-05
2.875 5.184431415765199e-05
3.125 4.4944269821109224e-05
3.375 3.754891428356779e-05
3.625 2.9792849600185775e-05
3.875 2.15062303712819e-05
4.125 1.3898195667658523e-05
4.375 8.265879622150646e-06
4.625 4.8679952925013386e-06
4.875 3.1813315231210796e-06
5.125 2.411423234679072e-06
5.375 2.0182205638377344e-06
5.625 1.7583565948524544e-06
5.875 1.5626790013625786e-06
6.125 1.4074317118828245e-06
6.375 1.286654251908664e-06
6.625 1.2023811898887025e-06
6.875 1.1275247486840996e-06
7.125 1.0713612662788129e-06
7.375 1.0264344750107218e-06
7.625 9.798775539970792e-07
7.875 9.446165717115717e-07
8.125 9.172927707415439e-07
8.375 8.884059097896751e-07
8.625 8.590136850244249e-07
8.875 8.380472847998547e-07
9.125 8.191828162143222e-07
9.375 7.97804476924142e-07
9.625 7.764527344402629e-07
9.875 7.518949662524159e-07
10.125 7.317414297087696e-07
10.375 7.168504291672238e-07
10.625 6.917039677547528e-07
10.875 6.766292312419894e-07
11.125 6.560703210265534e-07
11.375 6.380793497425875e-07
11.625 6.215332015475058e-07
11.875 6.051458953687351e-07
12.125 5.913938712110167e-07
12.375 5.816471009211295e-07
12.625 5.650264085297546e-07
12.875 5.508839922410478e-07
13.125 5.407771228415914e-07
13.375 5.211595626953581e-07
13.625 5.047128877606702e-07
13.875 4.875125447364389e-07
14.125 4.6857190343285373e-07
14.375 4.4406394230702305e-07
14.625 4.2219191169874267e-07
14.875 3.991258202509131e-07
15.125 3.7651311709851163e-07
15.375 3.518652272389304e-07
15.625 3.310292268889262e-07
15.875 3.119628782187345e-07
16.125 2.935286554681957e-07
16.375 2.717146100318646e-07
16.625 2.580960238392038e-07
16.875 2.4177872098436933e-07
17.125 2.2621616167349558e-07
17.375 2.16146448622078e-07
17.625 2.0466690132941095e-07
17.875 1.935696146548335e-07
18.125 1.8477223895752313e-07
18.375 1.7734666480560812e-07
18.625 1.6959697480590022e-07
18.875 1.6166718108384174e-07
19.125 1.554691475565107e-07
19.375 1.4952193932002305e-07
19.625 1.4666773418212846e-07
19.875 1.392514924566341e-07
20.125 1.3714169360279338e-07
20.375 1.3100224073138028e-07
20.625 1.2891002952081688e-07
20.875 1.2283849895458208e-07
21.125 1.1831830430851834e-07
21.375 1.1389499193128154e-07
21.625 1.1313981905087601e-07
21.875 1.0801744110487511e-07
22.125 1.0446475197458793e-07
22.375 1.0250539311935593e-07
22.625 9.790148877401887e-08
22.875 9.360397860114038e-08
23.125 9.246138790296348e-08
23.375 8.849442716162183e-08
23.625 8.638024558046957e-08
23.875 8.402681493518366e-08
24.125 8.180697618710514e-08
24.375 7.975114510562908e-08
24.625 7.583614891011187e-08
24.875 7.354391758353609e-08
25.125 7.308585511577385e-08
25.375 7.012905784903659e-08
25.625 6.588198006268146e-08
25.875 6.505487773903001e-08
26.125 6.387829397952972e-08
26.375 6.11784596067044e-08
26.625 5.837255105561713e-08
26.875 5.888391106467389e-08
27.125 5.721488069928219e-08
27.375 5.462784291321756e-08
27.625 5.3651072902375054e-08
27.875 5.0337249161589335e-08
28.125 4.91517329207033e-08
28.375 4.7804840894862984e-08
28.625 4.62945688167346e-08
28.875 4.536088315668969e-08
29.125 4.3075515153350745e-08
29.375 4.287639963737162e-08
29.625 4.153460851843627e-08
29.875 4.0233614538797305e-08
30.125 4.009231624787611e-08
30.375 3.8928318188077503e-08
30.625 3.761036325946215e-08
30.875 3.5757483872166286e-08
31.125 3.542540459855896e-08
31.375 3.4133109392023766e-08
31.625 3.4109135201264595e-08
31.875 3.285379002862887e-08
32.125 3.127503262945219e-08
32.375 3.104068745272964e-08
32.625 3.0507580723698627e-08
32.875 2.986754369462593e-08
33.125 2.9138263375898194e-08
33.375 2.8124541310682124e-08
33.625 2.7986396296514237e-08
33.875 2.696764062008147e-08
34.125 2.6030625653331547e-08
34.375 2.5229308571331703e-08
34.625 2.454254595537839e-08
34.875 2.409646263984043e-08
35.125 2.470270287926503e-08
35.375 2.343714579170377e-08
35.625 2.3199382360137042e-08
35.875 2.3228510576626998e-08
36.125 2.2021781863999586e-08
36.375 2.0950492525420602e-08
36.625 2.1345393007265564e-08
36.875 2.057989575296165e-08
37.125 1.958951271140897e-08
37.375 1.8842340325126946e-08
37.625 1.9200367510441623e-08
37.875 1.89215409576481e-08
38.125 1.8355417964546664e-08
38.375 1.8398654648263203e-08
38.625 1.7604200688793433e-08
38.875 1.7468079019842634e-08
39.125 1.6740242284668173e-08
39.375 1.6194110129093236e-08
39.625 1.6228178169478447e-08
39.875 1.577975228352582e-08
40.125 1.523377033656044e-08
40.375 1.5105969339644442e-08
40.625 1.4458307487908166e-08
40.875 1.5058202534244313e-08
41.125 1.3730946673746854e-08
41.375 1.4251172044164857e-08
41.625 1.3390793241100797e-08
41.875 1.3102099365114704e-08
42.125 1.3031668847558452e-08
42.375 1.285412115843003e-08
42.625 1.2180166202813736e-08
42.875 1.23932154593708e-08
43.125 1.1840388366015875e-08
43.375 1.183447288802602e-08
43.625 1.1359374442241728e-08
43.875 1.1063491347179132e-08
44.125 1.0913252190058957e-08
44.375 1.0847612234408597e-08
44.625 1.0502827808197351e-08
44.875 1.0515911888725981e-08
45.125 1.0332305006877743e-08
45.375 9.834184922713906e-09
45.625 9.363932120327914e-09
45.875 9.544166469393404e-09
46.125 8.910245240848517e-09
46.375 9.021174741157349e-09
46.625 9.332231713832594e-09
46.875 8.70156686382021e-09
47.125 8.611631653168832e-09
47.375 8.39971668777236e-09
47.625 8.307113974839541e-09
47.875 7.994283028989593e-09
48.125 7.915279535197023e-09
48.375 7.525969384480408e-09
48.625 7.612986430901265e-09
48.875 7.172327470629058e-09
49.125 7.211950121092442e-09
49.375 7.073234359148812e-09
49.625 6.93222811314734e-09
49.875 6.948855436163836e-09
50.125 6.737867758782318e-09
50.375 6.557083641972067e-09
50.625 6.331206032130215e-09
50.875 6.270265492086485e-09
51.125 6.0832055292288496e-09
51.375 6.089495261025483e-09
51.625 5.986565088789586e-09
51.875 5.917519623593865e-09
52.125 6.027213145081432e-09
52.375 5.3878807923706444e-09
52.625 5.624313395722818e-09
52.875 5.239738592216688e-09
53.125 5.3837073631553785e-09
53.375 5.407174362535616e-09
53.625 5.004968104801963e-09
53.875 4.793533668135471e-09
54.125 4.578840324784005e-09
54.375 4.819032540836001e-09
54.625 4.875678319668917e-09
54.875 4.664631073528882e-09
55.125 4.602379816702685e-09
55.375 4.1802445547764124e-09
55.625 4.591240769232001e-09
55.875 4.264564763780892e-09
56.125 4.031275959875896e-09
56.375 3.911021143297489e-09
56.625 4.053226368144503e-09
56.875 3.866862639106197e-09
57.125 3.4193029230475937e-09
57.375 3.4227360055600765e-09
57.625 3.469262315687753e-09
57.875 3.4228902107212753e-09
58.125 3.6263786017562405e-09
58.375 3.3910400625853672e-09
58.625 3.4102610290829855e-09
58.875 3.002988173146857e-09
59.125 2.801628374039344e-09
59.375 3.091677292963184e-09
59.625 3.16107691624764e-09
59.875 3.031197686896627e-09
60.125 2.899769543616085e-09
60.375 2.6216807654195125e-09
60.625 2.563513626185898e-09
60.875 2.6572514482784785e-09
61.125 2.496119407931112e-09
61.375 2.7689326185000957e-09
61.625 2.3423292362246944e-09
61.875 2.5264583159674924e-09
62.125 2.3210159146114605e-09
62.375 2.2376026848094226e-09
62.625 2.14992867858927e-09
62.875 2.3262827284832534e-09
63.125 2.3730907742054107e-09
63.375 2.1436900517021306e-09
63.625 2.189747422699431e-09
63.875 2.1670979670580916e-09
64.125 1.856083727920879e-09
64.375 1.871635598291274e-09
64.625 1.82911708471434e-09
64.875 1.8161123989266306e-09
65.125 1.7640758075273521e-09
65.375 1.7316242443038389e-09
65.625 1.5569410908310488e-09
65.875 1.547764016867015e-09
66.125 1.7052111672726416e-09
66.375 1.7865643465825825e-09
66.625 1.5838762737501708e-09
66.875 1.517288590738664e-09
67.125 1.5339876875394469e-09
67.375 1.3935490139185185e-09
67.625 1.4397966698786063e-09
67.875 1.3527050564394409e-09
68.125 1.3167762121049312e-09
68.375 1.4088325037531062e-09
68.625 1.131146690687933e-09
68.875 1.1841261520936973e-09
69.125 1.126197789608378e-09
69.375 1.2524221880842492e-09
69.625 9.533927422892192e-10
69.875 1.063858845532758e-09
70.125 9.803165184185837e-10
70.375 8.958458714331568e-10
70.625 9.990214927696231e-10
70.875 1.0138553558526989e-09
71.125 1.055550844984121e-09
71.375 1.001171459637423e-09
71.625 9.544063667576234e-10
71.875 7.481450501289844e-10
72.125 7.383580659978313e-10
72.375 8.328386480041492e-10
72.625 6.974001482034722e-10
72.875 8.395480729790948e-10
73.125 6.896636067905162e-10
73.375 8.972035463567674e-10
73.625 7.295459915682097e-10
73.875 6.861012987220466e-10
74.125 6.183100937211153e-10
74.375 5.765545974878816e-10
74.625 6.68303282136808e-10
74.875 5.895909697113371e-10
75.125 7.491433527773375e-10
75.375 5.073993055669302e-10
75.625 6.525862761425992e-10
75.875 5.224295606458365e-10
76.125 5.903991884912619e-10
76.375 5.233951851825018e-10
76.625 4.051443106881935e-10
76.875 4.1293837508694767e-10
77.125 4.823010040772312e-10
77.375 5.052452803434614e-10
77.625 5.26299328653525e-10
77.875 4.611128532651308e-10
78.125 4.3318046734231225e-10
78.375 3.730172167580589e-10
78.625 3.3183357441282345e-10
78.875 4.1056686346075756e-10
79.125 3.544943344713844e-10
79.375 3.231092900169854e-10
79.625 3.4492110784231655e-10
