0.005 2.1278539434131656e-11
0.01 1.234743257268044e-10
0.015 2.598933408359463e-10
0.02 3.956056356541403e-10
0.025 5.216915274058791e-10
0.03 6.387637661364717e-10
0.035 7.479697701027094e-10
0.04 8.70385320182593e-10
0.045 9.41566047079326e-10
0.05 1.007539837501979e-09
0.055 1.0514280158980048e-09
0.06 1.0853940409279444e-09
0.065 1.100934694590336e-09
0.07 1.124718607527575e-09
0.075 1.1236369139459898e-09
0.08 1.1012107869749012e-09
0.085 1.0775140278660236e-09
0.09 1.0686032105349675e-09
0.095 1.0201177386005984e-09
0.1 9.858774547588661e-10
0.105 9.457216031291792e-10
0.11 9.258248853558725e-10
0.115 9.019752875109041e-10
0.12 8.578718425051601e-10
0.125 8.300378404400512e-10
0.13 7.989772973924695e-10
0.135 8.073174711094871e-10
0.14 8.083040898023577e-10
0.145 7.918471477943286e-10
0.15 7.861625725436554e-10
0.155 7.914593298519606e-10
0.16 7.987944674999703e-10
0.165 7.884380956863375e-10
0.17 7.917195973768857e-10
0.17500000000000002 7.852947744200003e-10
0.18 7.896761645177508e-10
0.185 8.042568298753589e-10
0.19 8.296378121755042e-10
0.195 8.020288383327461e-10
0.2 8.234156690510883e-10
0.20500000000000002 8.24519013048846e-10
0.21 8.348706612343762e-10
0.215 8.351530359452759e-10
0.22 8.539861536204216e-10
0.225 8.490811769736205e-10
0.23 8.48250203868283e-10
0.23500000000000001 8.857428821907621e-10
0.24 8.829063605510842e-10
0.245 8.772399195230604e-10
0.25 8.896178314498398e-10
0.255 8.916297394625266e-10
0.26 8.909731246715256e-10
0.265 9.040526593574631e-10
0.27 9.191414787280775e-10
0.275 9.010570795388503e-10
0.28 9.232500173647043e-10
0.28500000000000003 8.961244997588722e-10
0.29 9.01596065882669e-10
0.295 9.043366448285885e-10
0.3 8.930379495725246e-10
0.305 9.052654995353505e-10
0.31 9.094927503581756e-10
0.315 9.304204418356675e-10
0.32 9.240581105050039e-10
0.325 9.149905778600056e-10
0.33 8.873634615220132e-10
0.335 8.921226776364081e-10
0.34 9.074064628334968e-10
0.34500000000000003 9.245935015919072e-10
0.35000000000000003 8.982813573684325e-10
0.355 9.33078912021819e-10
0.36 9.19270841985057e-10
0.365 9.240562316834948e-10
0.37 9.277198832928131e-10
0.375 8.77702535305218e-10
0.38 8.795732136578873e-10
0.385 9.161562452801985e-10
0.39 9.23313887430535e-10
0.395 9.382599968975313e-10
0.4 9.008961871552261e-10
0.405 9.243241867295933e-10
0.41000000000000003 9.034476330511337e-10
0.41500000000000004 9.249906559449603e-10
0.42 9.06482074095679e-10
0.425 8.869672500599217e-10
0.43 8.779410086657909e-10
0.435 8.769123586900769e-10
0.44 8.834749999090247e-10
0.445 8.92993192132063e-10
0.45 8.575651896506092e-10
0.455 8.933522242857538e-10
0.46 8.991439709695488e-10
0.465 8.434677719494448e-10
0.47000000000000003 8.778492653337441e-10
0.47500000000000003 8.72589815561976e-10
0.48 8.408333567050056e-10
0.485 8.86832968332002e-10
0.49 8.360924394012528e-10
0.495 8.504093043667099e-10
0.5 8.894389141090997e-10
0.505 8.558019133632814e-10
0.51 8.604381325853835e-10
0.515 8.690235741657816e-10
0.52 9.11480236281652e-10
0.525 8.427122133149901e-10
0.53 8.128214882148594e-10
0.535 8.769163472234609e-10
0.54 8.677986008187785e-10
0.545 8.205678151503317e-10
0.55 8.525564510877524e-10
0.555 8.609992440817381e-10
0.56 8.295910485382759e-10
0.5650000000000001 8.379950982996768e-10
0.5700000000000001 8.763175983357445e-10
0.5750000000000001 8.200026019395084e-10
0.58 8.534316633134601e-10
0.585 8.700815226581593e-10
0.59 9.00137975753763e-10
0.595 8.503489934680533e-10
0.6 8.351899454641173e-10
0.605 8.496410439399663e-10
0.61 8.711548049485448e-10
0.615 8.440652942416179e-10
0.62 8.639756398910435e-10
0.625 8.095700022124613e-10
0.63 8.326201841218123e-10
0.635 8.594119685387317e-10
0.64 8.521487406518137e-10
0.645 8.872420605082913e-10
0.65 8.172692851632507e-10
0.655 8.28041075418194e-10
0.66 8.296953820470217e-10
0.665 7.879728006624404e-10
0.67 7.946946686607062e-10
0.675 8.872489017408145e-10
0.68 8.076639292905748e-10
0.685 7.882136913558584e-10
0.6900000000000001 8.031988776236976e-10
0.6950000000000001 8.430130281550355e-10
0.7000000000000001 8.207383361677615e-10
0.705 7.961561014269163e-10
0.71 8.246677146627223e-10
0.715 8.040586527797696e-10
0.72 7.813721646498137e-10
0.725 8.344467007818647e-10
0.73 8.517294788645268e-10
0.735 8.41087184962688e-10
0.74 7.959912278457232e-10
0.745 8.021881923743408e-10
0.75 8.377876334470797e-10
0.755 8.121115954663737e-10
0.76 8.404753629831754e-10
0.765 7.589428653066185e-10
0.77 8.260706656371524e-10
0.775 8.041215830922039e-10
0.78 8.566111954192888e-10
0.785 8.422180366812125e-10
0.79 8.415062399563427e-10
0.795 8.18250761892577e-10
0.8 8.01260419798171e-10
0.805 7.85618939033651e-10
0.81 8.448121988686272e-10
0.8150000000000001 7.844502386668821e-10
0.8200000000000001 7.746867898876147e-10
0.8250000000000001 7.960679066806647e-10
0.8300000000000001 8.041882802821451e-10
0.835 8.036217923221398e-10
0.84 8.072392092069709e-10
0.845 8.706801221194764e-10
0.85 8.0385336588759e-10
0.855 8.034869539082749e-10
0.86 7.873501573506088e-10
0.865 8.38686375604166e-10
0.87 8.074115943518391e-10
0.875 7.375235436129865e-10
0.88 7.683939295283464e-10
0.885 8.149467331523795e-10
0.89 8.035255822612194e-10
0.895 7.818728864827297e-10
0.9 7.71213753068338e-10
0.905 8.508616550345502e-10
0.91 7.621698065494073e-10
0.915 8.676515690241121e-10
0.92 8.178861948082492e-10
0.925 8.389493626235463e-10
0.93 7.441958069382314e-10
0.935 7.882864560013994e-10
0.9400000000000001 7.775745477270179e-10
0.9450000000000001 8.122326374796983e-10
0.9500000000000001 8.662822111467614e-10
0.9550000000000001 7.89883525990396e-10
0.96 8.141455572569039e-10
0.965 8.199333558513577e-10
0.97 7.839017525000028e-10
0.975 8.103984244254729e-10
0.98 8.062852662725091e-10
0.985 7.809075949548132e-10
0.99 7.815551630565233e-10
0.995 7.69095792409065e-10
1.0 7.662878784547566e-10
1.0050000000000001 8.418109826145707e-10
1.01 7.869674498974071e-10
1.0150000000000001 7.972159515066477e-10
1.02 8.012184639513015e-10
1.025 8.449610919658557e-10
1.03 7.643252516406092e-10
1.035 8.5590085253486e-10
1.04 7.873120874682128e-10
1.045 8.04932655780344e-10
1.05 7.714099376961801e-10
1.055 7.94119770888756e-10
1.06 8.692685837698372e-10
1.065 7.840238304609206e-10
1.07 7.689998149830473e-10
1.075 7.935016637830233e-10
1.08 7.243778326961066e-10
1.085 7.916092294237547e-10
1.09 8.070985684629304e-10
1.095 7.563667907007679e-10
1.1 7.493984667628961e-10
1.105 7.732467041529377e-10
1.11 7.905648097657992e-10
1.115 7.564681183071927e-10
1.12 7.665587922848478e-10
1.125 7.935847799717758e-10
1.1300000000000001 7.822763042763901e-10
1.135 7.854160184238158e-10
1.1400000000000001 7.300322784714953e-10
1.145 8.045423292653355e-10
1.1500000000000001 7.496707610706373e-10
1.155 7.925368828701675e-10
1.16 8.075457253179585e-10
1.165 7.80938833219947e-10
1.17 7.68057053636336e-10
1.175 8.542885615359692e-10
1.18 7.527031028908368e-10
1.185 7.689998980346836e-10
1.19 7.460211192566082e-10
1.195 7.947216879963449e-10
1.2 7.760521809104253e-10
1.205 7.617693778534745e-10
1.21 7.440073741828562e-10
1.215 7.482598918949713e-10
1.22 8.091030738957496e-10
1.225 7.54028983745874e-10
1.23 8.074816497052695e-10
1.235 7.717371935606773e-10
1.24 8.036026550456319e-10
1.245 7.752522358893674e-10
1.25 7.629706595235206e-10
1.2550000000000001 7.797658728270413e-10
1.26 7.902670232659609e-10
1.2650000000000001 7.737573244940769e-10
1.27 7.685580895477189e-10
1.2750000000000001 7.502980811312831e-10
1.28 7.813435154954687e-10
1.285 8.196843115772285e-10
1.29 8.085636983993099e-10
1.295 8.073822063523994e-10
1.3 7.618540180884748e-10
1.305 7.57927805231234e-10
1.31 7.891451990808379e-10
1.315 7.675040213983877e-10
1.32 8.114631106763304e-10
1.325 7.372080603147387e-10
1.33 7.542494903043801e-10
1.335 7.969634315752975e-10
1.34 7.997736105542888e-10
1.345 8.380061751067821e-10
1.35 7.783900419628564e-10
1.355 8.092037601766288e-10
1.36 7.219541129543009e-10
1.365 8.272502122877696e-10
1.37 8.086183122874763e-10
1.375 8.132540132516589e-10
1.3800000000000001 7.682308303747466e-10
1.385 7.457449328524092e-10
1.3900000000000001 7.557335742185799e-10
1.395 7.549529645359419e-10
1.4000000000000001 7.34693943153411e-10
1.405 7.464011881865939e-10
1.41 7.830543432540125e-10
1.415 7.692689809556187e-10
1.42 7.337874862290963e-10
1.425 7.646425942442284e-10
1.43 7.349461412757373e-10
1.435 7.581241371369372e-10
1.44 7.888099281818097e-10
1.445 7.93775857879817e-10
1.45 8.169982674943082e-10
1.455 7.637565570686801e-10
1.46 7.723889565646609e-10
1.465 7.718808552245189e-10
1.47 8.026762666766975e-10
1.475 8.121283363604346e-10
1.48 7.562231050017554e-10
1.485 7.773168700977917e-10
1.49 7.352593903252388e-10
1.495 8.022434554380841e-10
1.5 8.092574317646505e-10
1.5050000000000001 7.472292431144148e-10
1.51 7.502055916875677e-10
1.5150000000000001 7.711490436811967e-10
1.52 7.795337592708412e-10
1.5250000000000001 7.778967362390703e-10
1.53 7.624372574296902e-10
1.5350000000000001 7.598281449685368e-10
1.54 7.58182286845278e-10
1.545 8.074292759755517e-10
1.55 7.576000623906271e-10
1.555 7.781494184710039e-10
1.56 8.208316730213883e-10
1.565 7.469721451782215e-10
1.57 7.849651179100615e-10
1.575 8.027114671310526e-10
1.58 8.177562992860192e-10
1.585 7.442020792506785e-10
1.59 7.983684224348511e-10
1.595 7.922546362737516e-10
1.6 8.274449573975667e-10
1.605 7.561184695958666e-10
1.61 7.705745580455853e-10
1.615 8.17661108759346e-10
1.62 7.565357420516562e-10
1.625 8.022516700899468e-10
1.6300000000000001 8.107193549225786e-10
1.635 7.913572285365874e-10
1.6400000000000001 8.073463445440693e-10
1.645 7.688642673388629e-10
1.6500000000000001 8.33417870407807e-10
1.655 7.479213696071964e-10
1.6600000000000001 7.833264704551031e-10
1.665 8.076347329018316e-10
1.67 7.448887613121622e-10
1.675 8.075028365634396e-10
1.68 8.137649601450272e-10
1.685 7.859246188520034e-10
1.69 7.535342497776944e-10
1.695 7.778758368307121e-10
1.7 7.687391403762798e-10
1.705 7.597090825767666e-10
1.71 7.656405965766183e-10
1.715 7.556704937327806e-10
1.72 8.057629782626378e-10
1.725 7.889516375719357e-10
1.73 7.623473993513561e-10
1.735 7.72352717803264e-10
1.74 7.610868705281114e-10
1.745 8.106629086607796e-10
1.75 7.913597952220101e-10
1.7550000000000001 8.06800432713433e-10
1.76 7.343321951693809e-10
1.7650000000000001 7.663692420579635e-10
1.77 7.803712679519656e-10
1.7750000000000001 7.888331586466831e-10
1.78 7.546353194595907e-10
1.7850000000000001 7.848084491184025e-10
1.79 7.71062896004823e-10
1.795 7.348858538815607e-10
1.8 7.644658873035125e-10
1.805 7.803573749582856e-10
1.81 8.145656792722788e-10
1.815 7.712388728876761e-10
1.82 7.738177729355247e-10
1.825 8.705675941019923e-10
1.83 7.695149597077828e-10
1.835 7.464247996222739e-10
1.84 7.329882536773858e-10
1.845 7.48605290971379e-10
1.85 7.289646108284409e-10
1.855 7.649523886274605e-10
1.86 7.748006329243433e-10
1.865 7.268846089684232e-10
1.87 7.829652439575614e-10
1.875 7.891825009243474e-10
1.8800000000000001 8.57975988546269e-10
1.885 7.345588760846496e-10
1.8900000000000001 7.006440319380384e-10
1.895 8.144377603235309e-10
1.9000000000000001 8.262697081632432e-10
1.905 7.418043876475029e-10
1.9100000000000001 7.715271920265973e-10
1.915 7.227862802088917e-10
1.92 7.980412731196283e-10
1.925 7.249452083973921e-10
1.93 8.170405939641965e-10
1.935 7.866696699814143e-10
1.94 7.622989789670769e-10
1.945 7.774491262308809e-10
1.95 7.714816792603813e-10
1.955 7.575107399770247e-10
1.96 7.791399446307625e-10
1.965 7.660962476729493e-10
1.97 7.469356348212623e-10
1.975 7.718599798985666e-10
1.98 7.624649163752289e-10
1.985 7.91049457420877e-10
1.99 7.65731210012386e-10
1.995 7.778270543431783e-10
2.0 7.443888663506147e-10
2.005 7.842644225774659e-10
2.0100000000000002 7.796881123343111e-10
2.015 7.442260628944071e-10
2.02 8.154593081293483e-10
2.025 7.598407722996606e-10
2.0300000000000002 8.448671725874568e-10
2.035 7.896553682557641e-10
2.04 8.079337201365439e-10
2.045 7.825774546163963e-10
2.05 7.88017707689849e-10
2.055 7.849006103015759e-10
2.06 7.641555498808657e-10
2.065 8.121229532028817e-10
2.07 7.248184314925768e-10
2.075 7.815927633826561e-10
2.08 7.808338079039714e-10
2.085 7.42549367096421e-10
2.09 7.932230541316444e-10
2.095 7.435687152455742e-10
2.1 7.5089264054162e-10
2.105 7.547918506052997e-10
2.11 7.537202825194714e-10
2.115 7.904000955869063e-10
2.12 7.497226393195498e-10
2.125 7.77275044743197e-10
2.13 7.416520324271372e-10
2.1350000000000002 7.602264262210409e-10
2.14 8.26104590639777e-10
2.145 7.900563299310326e-10
2.15 8.134609906235348e-10
2.1550000000000002 7.328587369468068e-10
2.16 7.756036110077755e-10
2.165 7.731129191929141e-10
2.17 7.788925820170153e-10
2.1750000000000003 7.570666659579242e-10
2.18 7.383929355946135e-10
2.185 7.745110887637217e-10
2.19 8.059585513957203e-10
2.195 8.06654650443914e-10
2.2 8.301547931986684e-10
2.205 8.182408221769299e-10
2.21 7.902457103197915e-10
2.215 7.567783811877105e-10
2.22 7.740362854987578e-10
2.225 7.906600586273252e-10
2.23 7.530956846517798e-10
2.235 7.751990257073184e-10
2.24 7.2660610611918e-10
2.245 7.432906745665172e-10
2.25 7.175125164435566e-10
2.255 7.208113290571127e-10
2.2600000000000002 7.863925003988322e-10
2.265 8.041028671091488e-10
2.27 7.659711186563369e-10
2.275 7.384557486635484e-10
2.2800000000000002 7.83284442741716e-10
2.285 8.243460298668101e-10
2.29 7.518735042812809e-10
2.295 7.116162891685721e-10
2.3000000000000003 8.391691409232398e-10
2.305 7.71586970675132e-10
2.31 7.589856925278124e-10
2.315 7.598151944220535e-10
2.32 8.528036148667177e-10
2.325 7.386738421940574e-10
2.33 7.778251572435624e-10
2.335 7.224062774812389e-10
2.34 7.330523126196765e-10
2.345 7.568792250645995e-10
2.35 7.413626702074627e-10
2.355 8.057641085653905e-10
2.36 7.70071133359099e-10
2.365 7.504275312963334e-10
2.37 7.021734678041921e-10
2.375 8.261890275145387e-10
2.38 7.655611299045248e-10
2.3850000000000002 7.352415945385954e-10
2.39 8.183957123861502e-10
2.395 7.898066396182222e-10
2.4 7.642093376087153e-10
2.4050000000000002 7.225101122684691e-10
2.41 7.529414461598324e-10
2.415 7.010925845942053e-10
2.42 7.483070904372068e-10
2.4250000000000003 7.393391717785645e-10
2.43 7.608234576174919e-10
2.435 7.650434228511035e-10
2.44 7.873083411372671e-10
2.445 7.43787847901704e-10
2.45 7.299965543124467e-10
2.455 7.654096772761464e-10
2.46 7.579553830184093e-10
2.465 7.545983288050424e-10
2.47 7.385174850738749e-10
2.475 7.623548981550377e-10
2.48 7.145075480731403e-10
2.485 7.044899793367812e-10
2.49 8.073163683853419e-10
2.495 7.526289918513862e-10
2.5 8.224412940164258e-10
2.505 7.709794005977412e-10
2.5100000000000002 7.631195367873766e-10
2.515 7.649539478734518e-10
2.52 7.191062276264256e-10
2.525 7.047958615780308e-10
2.5300000000000002 8.006742483935898e-10
2.535 7.646278066558151e-10
2.54 7.606101026096695e-10
2.545 7.531889991285223e-10
2.5500000000000003 7.603030335001801e-10
2.555 8.043840563037491e-10
2.56 7.96895254391353e-10
2.565 7.003839976687267e-10
2.57 7.286383646621981e-10
2.575 7.663031857095954e-10
2.58 7.034749844592269e-10
2.585 8.172174894247966e-10
2.59 7.682232709960093e-10
2.595 7.566435404439404e-10
2.6 7.840243630371193e-10
2.605 7.478541538282519e-10
2.61 7.390323457427088e-10
2.615 7.577205680596358e-10
2.62 7.326451321203127e-10
2.625 7.905656691908278e-10
2.63 7.693484670867759e-10
2.6350000000000002 7.493295378417876e-10
2.64 7.219356629002344e-10
2.645 7.437934453474364e-10
2.65 7.989852053968901e-10
2.6550000000000002 7.409874106936835e-10
2.66 7.394867995365388e-10
2.665 7.745926917516149e-10
2.67 7.54501906671537e-10
2.6750000000000003 7.469803676572742e-10
2.68 7.639207611264683e-10
2.685 6.929776527302078e-10
2.69 8.696612984314535e-10
2.695 7.685003345109046e-10
2.7 7.486489971992012e-10
2.705 7.356811675946651e-10
2.71 7.279148409083692e-10
2.715 7.093543952127176e-10
2.72 7.987790272754291e-10
2.725 7.399362763402647e-10
2.73 7.577574210003461e-10
2.735 7.451431243229132e-10
2.74 7.721019279532475e-10
2.745 7.393279457512736e-10
2.75 7.966491381565539e-10
2.755 7.667598668390649e-10
2.7600000000000002 7.006787792345033e-10
2.765 7.463435003042559e-10
2.77 7.487598321312165e-10
2.775 7.30133543871864e-10
2.7800000000000002 7.537958110621334e-10
2.785 7.557010089892025e-10
2.79 7.109603787488935e-10
2.795 7.19191917322962e-10
2.8000000000000003 7.371101344725503e-10
2.805 7.794820302214814e-10
2.81 7.222377633594716e-10
2.815 7.173533659748109e-10
2.82 7.379436141523155e-10
2.825 7.155249258768224e-10
2.83 7.244326214673024e-10
2.835 7.578091630738858e-10
2.84 7.554346650486958e-10
2.845 6.881291559484164e-10
2.85 7.269530484598855e-10
2.855 6.938645154106123e-10
2.86 7.705321106682511e-10
2.865 7.488462518438908e-10
2.87 7.202045730747681e-10
2.875 7.945785191995341e-10
2.88 7.031004158076516e-10
2.8850000000000002 7.675553091277791e-10
2.89 7.434392836416775e-10
2.895 7.591137723549816e-10
2.9 6.839882472339309e-10
2.9050000000000002 7.912904598937215e-10
2.91 7.328214963600264e-10
2.915 7.504171138564065e-10
2.92 7.38358787559744e-10
2.9250000000000003 7.026658622174356e-10
2.93 7.506354112262244e-10
2.935 7.226569147270341e-10
2.94 7.018663167930302e-10
2.945 7.467243920595573e-10
2.95 7.45836548678146e-10
2.955 7.245165041632554e-10
2.96 7.142106473116311e-10
2.965 7.509440385025699e-10
2.97 7.593454409231486e-10
2.975 8.222189363048219e-10
2.98 6.845549248564745e-10
2.985 6.63583705932376e-10
2.99 7.589131574434518e-10
2.995 7.315373837652575e-10
3.0 7.220359139413804e-10
3.005 7.745133550287193e-10
3.0100000000000002 7.294817254902476e-10
3.015 7.658519699403107e-10
3.02 7.455629306551318e-10
3.025 7.096860670929778e-10
3.0300000000000002 6.921319425966122e-10
3.035 7.243935000310867e-10
3.04 7.076205303138092e-10
3.045 7.208449084901071e-10
3.0500000000000003 7.340986829850905e-10
3.055 7.026452616846432e-10
3.06 7.472623821009862e-10
3.065 7.641599446905844e-10
3.0700000000000003 7.377629749527605e-10
3.075 7.4554335213415e-10
3.08 7.154750072749347e-10
3.085 7.267039310925048e-10
3.09 7.688441786548452e-10
3.095 7.462566053184342e-10
3.1 7.386063750955561e-10
3.105 6.903131846186786e-10
3.11 7.857036018967464e-10
3.115 7.52665343034652e-10
3.12 6.709488599618797e-10
3.125 7.228621159085476e-10
3.13 6.873160720337199e-10
3.1350000000000002 7.112535150497005e-10
3.14 7.172198443605821e-10
3.145 7.529203449348709e-10
3.15 6.908320104594507e-10
3.1550000000000002 7.018339025983736e-10
3.16 7.504977217751242e-10
3.165 7.721012556655891e-10
3.17 7.3075755864046e-10
3.1750000000000003 6.94982187550013e-10
3.18 7.21663673814378e-10
3.185 7.004508434496514e-10
3.19 7.243665744552224e-10
3.1950000000000003 7.166432755518363e-10
3.2 7.399430242857823e-10
3.205 6.784433059286527e-10
3.21 7.49325894406432e-10
3.215 6.68112221165602e-10
3.22 7.342567193650089e-10
3.225 7.220362687428856e-10
3.23 6.50361906103658e-10
3.235 7.205455262875786e-10
3.24 6.703915667165656e-10
3.245 7.237271165525132e-10
3.25 7.503145037503462e-10
3.255 7.344243103120718e-10
3.2600000000000002 7.150623968523217e-10
3.265 7.113977034679644e-10
3.27 7.055802706855505e-10
3.275 7.670528755862639e-10
3.2800000000000002 7.228002194190917e-10
3.285 7.145138532203462e-10
3.29 7.018469486425426e-10
3.295 7.377724103761512e-10
3.3000000000000003 7.342049037213241e-10
3.305 7.337253466187026e-10
3.31 6.816297810177925e-10
3.315 7.068370049938814e-10
3.3200000000000003 7.576997696192771e-10
3.325 6.945254671037198e-10
3.33 6.908645837322121e-10
3.335 7.223651364157594e-10
3.34 7.52820767070143e-10
3.345 7.340941828327271e-10
3.35 7.930987613390732e-10
3.355 6.509139164805654e-10
3.36 7.200827788224212e-10
3.365 6.655929395094871e-10
3.37 7.237180841673221e-10
3.375 6.611068503797496e-10
3.38 7.776715029863305e-10
3.3850000000000002 6.921022165833041e-10
3.39 7.670512326037537e-10
3.395 6.697843249496213e-10
3.4 6.924070076775947e-10
3.4050000000000002 7.251796665004083e-10
3.41 6.766092168085445e-10
3.415 7.632113688160053e-10
3.42 7.491722586580145e-10
3.4250000000000003 6.944097693838062e-10
3.43 6.83639357208229e-10
3.435 7.263581546497373e-10
3.44 6.784060603374885e-10
3.4450000000000003 6.68088134212317e-10
3.45 6.550732366369575e-10
3.455 6.811570880349625e-10
3.46 7.572295123366131e-10
3.465 6.937743495909792e-10
3.47 7.170775380536566e-10
3.475 6.913734821232905e-10
3.48 6.818601260430941e-10
3.485 6.7296172586306e-10
3.49 7.132482030119031e-10
3.495 6.753406132557864e-10
3.5 7.06005026914533e-10
3.505 7.418911631495759e-10
3.5100000000000002 6.73931516861976e-10
3.515 6.754813437518557e-10
3.52 7.175700648566596e-10
3.525 6.685590313591429e-10
3.5300000000000002 6.552139787974483e-10
3.535 7.053883982171274e-10
3.54 6.918956293623174e-10
3.545 7.047581355770892e-10
3.5500000000000003 7.451152226455478e-10
3.555 7.239324004506175e-10
3.56 6.952668321714829e-10
3.565 7.30597564916782e-10
3.5700000000000003 7.318376183997525e-10
3.575 6.810626107447385e-10
3.58 7.925156803111167e-10
3.585 6.827025161256747e-10
3.59 7.039753799222311e-10
3.595 7.52029205060174e-10
3.6 6.827145653999083e-10
3.605 6.929175787973423e-10
3.61 6.864529202253191e-10
3.615 6.936117268293136e-10
3.62 7.296020719098572e-10
3.625 6.976650161712434e-10
3.63 7.071819265489902e-10
3.6350000000000002 7.013340832391773e-10
3.64 7.1680741459346e-10
3.645 6.968656044582617e-10
3.65 7.122254463139136e-10
3.6550000000000002 6.61855480169738e-10
3.66 6.942479208879977e-10
3.665 6.58475319675681e-10
3.67 7.13521236991028e-10
3.6750000000000003 6.372975070613027e-10
3.68 6.573420930592657e-10
3.685 7.141639120958459e-10
3.69 7.058137945981083e-10
3.6950000000000003 6.602168871535422e-10
3.7 7.671616075296056e-10
3.705 6.696079125060209e-10
3.71 7.097558725406927e-10
3.715 6.435343092313596e-10
3.72 7.399382679096484e-10
3.725 7.188724576751454e-10
3.73 7.000429750739705e-10
3.735 7.394056258604406e-10
3.74 7.032877736043981e-10
3.745 6.682986678997039e-10
3.75 7.406013149413425e-10
3.755 6.835825046477862e-10
3.7600000000000002 6.932806007473896e-10
3.765 6.844024657403676e-10
3.77 6.790593806545896e-10
3.775 6.891892359089229e-10
3.7800000000000002 7.284193077112608e-10
3.785 7.078283033420252e-10
3.79 6.494810024430032e-10
3.795 6.991278872335453e-10
3.8000000000000003 6.846261674696661e-10
3.805 6.510248559093118e-10
3.81 6.600030855315196e-10
3.815 6.591396447788566e-10
3.8200000000000003 6.867762622823912e-10
3.825 6.576976306515144e-10
3.83 7.156405410062994e-10
3.835 7.7727686316142e-10
3.84 6.618633485258782e-10
3.845 7.379712971403354e-10
3.85 7.029060134119634e-10
3.855 7.040958876376525e-10
3.86 6.49021307900473e-10
3.865 7.092809250079956e-10
3.87 6.5864759128821e-10
3.875 6.613853043303784e-10
3.88 6.816414791995235e-10
3.8850000000000002 6.650694388418794e-10
3.89 6.863569587827365e-10
3.895 6.571168527144167e-10
3.9 6.3849459854821e-10
3.9050000000000002 6.512233029117327e-10
3.91 6.587087178243151e-10
3.915 6.681475854058024e-10
3.92 6.964427901958862e-10
3.9250000000000003 6.731481992186463e-10
3.93 7.29232367440381e-10
3.935 6.873671494146259e-10
3.94 6.85362713398415e-10
3.9450000000000003 6.76978861866453e-10
3.95 7.250725436877419e-10
3.955 6.389232874738873e-10
3.96 6.788993917890131e-10
3.9650000000000003 6.759175901409135e-10
3.97 7.276696904712843e-10
3.975 6.901040178890463e-10
3.98 6.996825952261264e-10
3.985 6.554811852743121e-10
3.99 7.138761801723026e-10
3.995 6.778266517242484e-10
4.0 6.740859247233018e-10
4.005 7.089988590949167e-10
4.01 6.676072180572295e-10
4.015 7.436081865014263e-10
4.0200000000000005 6.88134984569691e-10
4.025 6.466064144544781e-10
4.03 6.864212807578579e-10
4.035 7.203658124892062e-10
4.04 6.446873142713699e-10
4.045 6.84685108029849e-10
4.05 7.205648270777495e-10
4.055 6.768756760993809e-10
4.0600000000000005 6.87357641367141e-10
4.065 6.764392210233326e-10
4.07 7.241062892520389e-10
4.075 6.859879156072769e-10
4.08 6.447321556073556e-10
4.085 6.724489839842643e-10
4.09 6.514760425757589e-10
4.095 6.58246823183848e-10
4.1 6.924218783462454e-10
4.105 6.460011508317601e-10
4.11 6.816702800882981e-10
4.115 6.973668138637818e-10
4.12 6.83264245895047e-10
4.125 6.784107942849204e-10
4.13 6.472532670341753e-10
4.135 6.513643752113602e-10
4.14 6.654144422472834e-10
4.1450000000000005 6.854663596410774e-10
4.15 6.5042799582181e-10
4.155 6.403998555402208e-10
4.16 6.626490334835953e-10
4.165 6.252490504284195e-10
4.17 6.458001650828933e-10
4.175 6.527153078507363e-10
4.18 7.129789537886596e-10
4.1850000000000005 7.143769529552219e-10
4.19 6.584865190897481e-10
4.195 6.743716197268583e-10
4.2 6.197216369538336e-10
4.205 6.520527975513821e-10
4.21 6.900674412214464e-10
4.215 6.344887076473888e-10
4.22 6.654749205469459e-10
4.225 6.618334751568051e-10
4.23 6.651954347328443e-10
4.235 6.212361245865426e-10
4.24 6.904312256346177e-10
4.245 6.669988857063297e-10
4.25 6.660122254033583e-10
4.255 6.462129781557793e-10
4.26 6.64007150732517e-10
4.265 6.785449490696008e-10
4.2700000000000005 6.857309305327193e-10
4.275 6.484571939943135e-10
4.28 6.404118883236519e-10
4.285 7.254138180233009e-10
4.29 6.938393623504082e-10
4.295 6.464196684541112e-10
4.3 7.537332629402537e-10
4.305 6.897974930142886e-10
4.3100000000000005 6.203107547480915e-10
4.315 6.676386720167319e-10
4.32 6.679350523569321e-10
4.325 6.708294396865606e-10
4.33 6.42722284890555e-10
4.335 6.761532186602481e-10
4.34 6.676589131885099e-10
4.345 6.544390836242215e-10
4.3500000000000005 6.711264450418233e-10
4.355 6.427156020009045e-10
4.36 6.527363613119294e-10
4.365 6.505527591712665e-10
4.37 7.130327493199546e-10
4.375 7.641061286393792e-10
4.38 6.753802890381772e-10
4.385 7.244551516478955e-10
4.39 6.750544450836124e-10
4.3950000000000005 6.690966129560745e-10
4.4 6.746826912365907e-10
4.405 6.810851477758337e-10
4.41 6.456510907678558e-10
4.415 6.575565730742523e-10
4.42 6.784999472232987e-10
4.425 6.787838988361849e-10
4.43 6.523853200206847e-10
4.4350000000000005 6.344077486179038e-10
4.44 6.816712156927813e-10
4.445 6.278271454875563e-10
4.45 6.665372471903795e-10
4.455 6.648500434719186e-10
4.46 6.723930308922384e-10
4.465 6.311959854796973e-10
4.47 6.460399578480988e-10
4.4750000000000005 7.046832045868766e-10
4.48 6.582648029967202e-10
4.485 6.133483510064751e-10
4.49 6.117226974143415e-10
4.495 6.530353884055124e-10
4.5 6.460435515352682e-10
4.505 7.095251973391926e-10
4.51 6.389962211487737e-10
4.515 6.373688613736539e-10
4.5200000000000005 6.301877794747679e-10
4.525 6.800023484133932e-10
4.53 6.751945794593173e-10
4.535 6.425341418469819e-10
4.54 6.329536890659605e-10
4.545 6.439185843064658e-10
4.55 6.092159978064495e-10
4.555 7.009751506639749e-10
4.5600000000000005 6.677549122336549e-10
4.565 6.732329452268357e-10
4.57 6.573966221372881e-10
4.575 6.719086517300602e-10
4.58 6.583299326685254e-10
4.585 6.498901825969042e-10
4.59 7.137105891927627e-10
4.595 6.757922198327084e-10
4.6000000000000005 6.784327078951901e-10
4.605 6.359436184499711e-10
4.61 6.869369832368962e-10
4.615 6.582671874373027e-10
4.62 6.212493245717093e-10
4.625 6.722272375056425e-10
4.63 6.772793519544208e-10
4.635 6.559350661387546e-10
4.64 6.460267788743388e-10
4.6450000000000005 6.10581137140416e-10
4.65 6.523477424211739e-10
4.655 6.299878963750925e-10
4.66 7.037245544611708e-10
4.665 6.215643914325718e-10
4.67 6.61773678788003e-10
4.675 6.091618439925666e-10
4.68 6.55394302677905e-10
4.6850000000000005 6.160191854577837e-10
4.69 6.633193662273406e-10
4.695 6.686195514365511e-10
4.7 6.778164542569082e-10
4.705 6.634330863592758e-10
4.71 6.292492655674139e-10
4.715 6.311987500243915e-10
4.72 6.157729625958733e-10
4.7250000000000005 6.417722546887993e-10
4.73 6.20966126812916e-10
4.735 6.302085374870797e-10
4.74 6.392838615610462e-10
4.745 6.45056285471539e-10
4.75 6.338028274180685e-10
4.755 6.788039185932919e-10
4.76 6.928893409764905e-10
4.765 6.583046184577318e-10
4.7700000000000005 6.212780518274659e-10
4.775 6.044643878681965e-10
4.78 6.087540081422382e-10
4.785 6.658332956500646e-10
4.79 6.723256225669273e-10
4.795 6.554624707834694e-10
4.8 6.447840930226997e-10
4.805 6.574685414618179e-10
4.8100000000000005 6.67318025744487e-10
4.815 6.617160599024748e-10
4.82 6.421595669153118e-10
4.825 7.257108564397613e-10
4.83 6.38450500454287e-10
4.835 6.342925488462056e-10
4.84 6.14194447608309e-10
4.845 6.346679067634186e-10
4.8500000000000005 6.343073907752717e-10
4.855 5.957084119214586e-10
4.86 6.499060353446488e-10
4.865 6.893546944927042e-10
4.87 6.454646836303082e-10
4.875 6.303837827366525e-10
4.88 6.476577010774712e-10
4.885 6.41812595515855e-10
4.89 6.289367711594068e-10
4.8950000000000005 6.719578774269862e-10
4.9 6.373347517058812e-10
4.905 6.778501186741843e-10
4.91 6.374205191072064e-10
4.915 6.319085797340487e-10
4.92 6.291088131428154e-10
4.925 5.951815421752139e-10
4.93 6.029573535562165e-10
4.9350000000000005 6.324826352228323e-10
4.94 6.056123966396244e-10
4.945 6.472383844002311e-10
4.95 6.581754974096476e-10
4.955 6.353494785002856e-10
4.96 6.11773508035663e-10
4.965 6.271408249043227e-10
4.97 6.372135996030758e-10
4.9750000000000005 6.294106477766094e-10
4.98 6.361363320943289e-10
4.985 6.219589516921305e-10
4.99 6.136426694044046e-10
4.995 6.312890315103176e-10
5.0 6.429046117366642e-10
5.005 6.263296361091495e-10
5.01 6.499935933578658e-10
5.015 6.372173803671419e-10
5.0200000000000005 6.077712294762568e-10
5.025 6.020526796045366e-10
5.03 6.435926425695334e-10
5.035 6.269529402199057e-10
5.04 6.28567885458732e-10
5.045 5.90459773959697e-10
5.05 6.529112036910415e-10
5.055 6.109649323274369e-10
5.0600000000000005 6.225153264390343e-10
5.065 6.704292778090115e-10
5.07 6.174536856825505e-10
5.075 6.841061737578802e-10
5.08 6.609681997853058e-10
5.085 6.727169150083703e-10
5.09 6.569664674683583e-10
5.095 6.062753415639532e-10
5.1000000000000005 5.976961213553274e-10
5.105 6.441204400272598e-10
5.11 6.100188349667249e-10
5.115 6.272510967556844e-10
5.12 6.135344813404371e-10
5.125 6.126514415544233e-10
5.13 6.259418180100325e-10
5.135 6.328748165855487e-10
5.14 6.225269351753811e-10
5.1450000000000005 6.550497358352942e-10
5.15 6.279658596053165e-10
5.155 6.324790705435205e-10
5.16 6.247272214278408e-10
5.165 6.194205111695039e-10
5.17 5.891387130737896e-10
5.175 6.07879618671133e-10
5.18 6.9702407213006e-10
5.1850000000000005 6.226405993392691e-10
5.19 6.215487658936687e-10
5.195 6.391737142311972e-10
5.2 6.679723548511665e-10
5.205 6.397335939253822e-10
5.21 6.520664646365607e-10
5.215 5.891344770039121e-10
5.22 6.418142296781215e-10
5.2250000000000005 6.021934921066241e-10
5.23 6.065027188228276e-10
5.235 6.538687624517587e-10
5.24 6.185467489291338e-10
5.245 5.84114521284291e-10
5.25 6.32819082416947e-10
5.255 6.251997056966625e-10
5.26 5.985128016958357e-10
5.265 6.480752773561051e-10
5.2700000000000005 6.255759912503698e-10
5.275 6.285066509081372e-10
5.28 6.637650915474803e-10
5.285 5.893901473634526e-10
5.29 6.062878845479129e-10
5.295 6.449699762350555e-10
5.3 6.002065800745128e-10
5.305 6.068885943402437e-10
5.3100000000000005 6.443436386945821e-10
5.315 6.259780019505409e-10
5.32 6.538582240433246e-10
5.325 6.287961339120667e-10
5.33 6.002527544174521e-10
5.335 6.435473457078077e-10
5.34 6.265718851410305e-10
5.345 6.30693790478717e-10
5.3500000000000005 5.992460736029102e-10
5.355 6.026604090222205e-10
5.36 6.154544719873831e-10
5.365 6.251915413049328e-10
5.37 6.221025780805931e-10
5.375 6.241791852867748e-10
5.38 6.171195505621784e-10
5.385 6.641604287513149e-10
5.39 6.345920354790885e-10
5.3950000000000005 5.904631647426633e-10
5.4 6.219927395342573e-10
5.405 6.143058670758257e-10
5.41 5.906300359661678e-10
5.415 6.078566882644449e-10
5.42 6.048269029022333e-10
5.425 5.969411062116057e-10
5.43 7.039338863491878e-10
5.4350000000000005 6.182238038621902e-10
5.44 6.249456865844513e-10
5.445 5.821265843061476e-10
5.45 6.280769527172806e-10
5.455 6.070010322133568e-10
5.46 6.530783518564365e-10
5.465 5.963132306031673e-10
5.47 6.057520327307661e-10
5.4750000000000005 6.337578287658008e-10
5.48 6.229160879046431e-10
5.485 6.35986602531525e-10
5.49 5.716370620492119e-10
5.495 6.048629243068552e-10
5.5 5.923978183664879e-10
5.505 6.094311240156745e-10
5.51 5.832189484023314e-10
5.515 6.286628333436934e-10
5.5200000000000005 6.067916681233148e-10
5.525 5.531875915337372e-10
5.53 5.918294759646411e-10
5.535 6.168826156913334e-10
5.54 6.835726964503653e-10
5.545 6.480394284693493e-10
5.55 6.200503903452449e-10
5.555 6.155443311182571e-10
5.5600000000000005 6.178478539151794e-10
5.565 6.504531430027222e-10
5.57 5.65301726969798e-10
5.575 6.232254417557935e-10
5.58 6.006612129183799e-10
5.585 6.186766051472909e-10
5.59 6.30620741368674e-10
5.595 6.011624042128606e-10
5.6000000000000005 6.440305667795481e-10
5.605 6.219964508324964e-10
5.61 6.128897743181407e-10
5.615 5.790266002424689e-10
5.62 5.975068903708003e-10
5.625 5.712098092759694e-10
5.63 5.846695922436791e-10
5.635 5.71662649299522e-10
5.64 6.398201255786448e-10
5.6450000000000005 5.811612186275695e-10
5.65 5.624958723761676e-10
5.655 6.178344327638353e-10
5.66 5.878731653274699e-10
5.665 6.202071507318344e-10
5.67 6.060871072643362e-10
5.675 6.165477731584264e-10
5.68 6.355091549995797e-10
5.6850000000000005 6.168847151749462e-10
5.69 5.585585526837154e-10
5.695 5.947850008989159e-10
5.7 6.610238977884618e-10
5.705 5.955510944034391e-10
5.71 6.286793236509944e-10
5.715 6.276118367082924e-10
5.72 6.578605635687272e-10
5.7250000000000005 6.102481273793346e-10
5.73 6.146314052658205e-10
5.735 5.876213323149546e-10
5.74 5.797040249622148e-10
5.745 6.058621765243281e-10
5.75 6.076255949216044e-10
5.755 6.116364788456992e-10
5.76 5.616078669762944e-10
5.765 5.718458447066323e-10
5.7700000000000005 6.506311126998074e-10
5.775 6.032155758426452e-10
5.78 5.70157673879665e-10
5.785 6.149537306796467e-10
5.79 5.538921586823602e-10
5.795 5.976959093219953e-10
5.8 5.541124810827646e-10
5.805 6.132747802677587e-10
5.8100000000000005 5.741959247404281e-10
5.815 6.098209622707165e-10
5.82 5.867000749331472e-10
5.825 5.793972549394304e-10
5.83 5.685345602510239e-10
5.835 5.545397552618977e-10
5.84 5.486200645599869e-10
5.845 5.638551218582938e-10
5.8500000000000005 5.810772355412764e-10
5.855 6.087813601023913e-10
5.86 5.917208712719358e-10
5.865 6.140258555095283e-10
5.87 5.933941517713969e-10
5.875 6.339483799556304e-10
5.88 5.715111201445386e-10
5.885 5.804494999420825e-10
5.89 5.846154820042178e-10
5.8950000000000005 5.789484688854782e-10
5.9 5.84710785715567e-10
5.905 5.863660356368733e-10
5.91 5.522355912842931e-10
5.915 5.714707760051787e-10
5.92 5.913845030775668e-10
5.925 5.654809358457782e-10
5.93 5.644785466391349e-10
5.9350000000000005 5.778713694562367e-10
5.94 6.103843206120495e-10
5.945 6.009951511849813e-10
5.95 5.794817100676358e-10
5.955 5.824196349343654e-10
5.96 5.753030529493167e-10
5.965 5.36521335506396e-10
5.97 6.105729849374924e-10
5.9750000000000005 5.901644560322006e-10
5.98 6.196164331871857e-10
5.985 5.339535179805549e-10
5.99 5.577210297701459e-10
5.995 5.823577068419979e-10
6.0 5.301959944851167e-10
6.005 5.961549898883782e-10
6.01 5.718193541458148e-10
6.015000000000001 5.99234457394121e-10
6.0200000000000005 5.880031652736598e-10
6.025 5.639224857095831e-10
6.03 5.635659446129244e-10
6.035 5.522189168443222e-10
6.04 5.697292969706921e-10
6.045 5.545634708481799e-10
6.05 5.496929332077715e-10
6.055 5.766403943391976e-10
6.0600000000000005 5.711785097076605e-10
6.065 5.369630218979168e-10
6.07 5.737914148683455e-10
6.075 5.501281194792495e-10
6.08 5.555298651754654e-10
6.085 5.440588649607641e-10
6.09 5.539084755879309e-10
6.095 5.785590415484486e-10
6.1000000000000005 5.598407814859087e-10
6.105 6.001421314595693e-10
6.11 5.706031454206348e-10
6.115 5.572530874426126e-10
6.12 5.483314238864597e-10
6.125 5.597349637306996e-10
6.13 5.56936869867419e-10
6.135 5.791055992181857e-10
6.140000000000001 5.813185684170663e-10
6.1450000000000005 5.706612842385465e-10
6.15 5.911536824996585e-10
6.155 5.800488801359592e-10
6.16 5.640549054989127e-10
6.165 5.512405113073636e-10
6.17 5.435583971449182e-10
6.175 6.137894474619594e-10
6.18 5.604619040057967e-10
6.1850000000000005 6.269585441660482e-10
6.19 5.648820353537238e-10
6.195 5.632167258354692e-10
6.2 6.3933497469752e-10
6.205 5.3494183883177e-10
6.21 5.636734166439464e-10
6.215 6.085601348489261e-10
6.22 5.470805357653042e-10
6.2250000000000005 6.247392346176307e-10
6.23 5.779238576853232e-10
6.235 5.791341222458014e-10
6.24 5.976256106112435e-10
6.245 5.798048773740692e-10
6.25 5.978700482422393e-10
6.255 5.99889102485741e-10
6.26 5.50473512642619e-10
6.265000000000001 5.727485901120892e-10
6.2700000000000005 5.976624050889352e-10
6.275 5.520565558501119e-10
6.28 5.696607966517097e-10
6.285 5.753706508856022e-10
6.29 5.637785936283437e-10
6.295 5.685905480176312e-10
6.3 5.525926453237031e-10
6.305 5.747480696245969e-10
6.3100000000000005 5.931455616150213e-10
6.315 5.697199623118726e-10
6.32 5.540846588985124e-10
6.325 5.660173987017234e-10
6.33 5.95111543890145e-10
6.335 5.569192741688633e-10
6.34 6.009697577767216e-10
6.345 6.107782632239951e-10
6.3500000000000005 5.4336022292378e-10
6.355 5.458728149792008e-10
6.36 5.868169567344049e-10
6.365 5.774062309764693e-10
6.37 5.781431648804558e-10
6.375 6.084120422050326e-10
6.38 5.528277145022517e-10
6.385 6.350314341704375e-10
6.390000000000001 5.503600566766925e-10
6.3950000000000005 5.556212946021876e-10
6.4 5.9715261033923e-10
6.405 5.805759303393683e-10
6.41 5.855931122366307e-10
6.415 5.543214314976268e-10
6.42 5.488926832224207e-10
6.425 5.225164357261467e-10
6.43 5.462949247340308e-10
6.4350000000000005 5.600484796027977e-10
6.44 6.042543450608413e-10
6.445 5.409707813456044e-10
6.45 5.569758224692832e-10
6.455 5.552151263536606e-10
6.46 5.22481598503846e-10
6.465 5.771161279932745e-10
6.47 5.668882116231827e-10
6.4750000000000005 5.215226670276178e-10
6.48 5.675667207839674e-10
6.485 5.376546585401144e-10
6.49 5.576973073911002e-10
6.495 5.337093463999835e-10
6.5 5.533037077032742e-10
6.505 5.481606458308474e-10
6.51 5.741566105398868e-10
6.515000000000001 5.424664696420447e-10
6.5200000000000005 5.390361363783144e-10
6.525 5.538905822605192e-10
6.53 5.589335303951367e-10
6.535 5.754501848783971e-10
6.54 5.329358437135139e-10
6.545 5.12917398644187e-10
6.55 5.850401383069621e-10
6.555 4.886897909922085e-10
6.5600000000000005 5.472266547172224e-10
6.565 5.497869810698402e-10
6.57 5.432566448317747e-10
6.575 5.766301766286437e-10
6.58 6.044526706997754e-10
6.585 5.498261836946453e-10
6.59 5.277038972297599e-10
6.595 5.371353829240732e-10
6.6000000000000005 5.513283578273252e-10
6.605 5.321558859592963e-10
6.61 5.461114175232719e-10
6.615 5.433977990801938e-10
6.62 5.769527249273198e-10
6.625 5.360321206384528e-10
6.63 5.815253057351549e-10
6.635 5.012403447332425e-10
6.640000000000001 5.442984882541149e-10
6.6450000000000005 5.403382536156558e-10
6.65 5.495927002160759e-10
6.655 5.832347425572607e-10
6.66 5.681388231095182e-10
6.665 5.124610632562285e-10
6.67 5.316614064689588e-10
6.675 5.377939504215214e-10
6.68 5.335161605520085e-10
6.6850000000000005 5.641603356792911e-10
6.69 5.124423337843408e-10
6.695 5.611640275767162e-10
6.7 5.3262817244104e-10
6.705 5.920339077220069e-10
6.71 5.815966109046551e-10
6.715 5.10082382343403e-10
6.72 5.102547139368616e-10
6.7250000000000005 6.029157337273775e-10
6.73 5.431004678176846e-10
6.735 5.348666199767616e-10
6.74 6.073504053019217e-10
6.745 5.125226352176484e-10
6.75 5.385701739958729e-10
6.755 5.285296059682957e-10
6.76 5.111979148077124e-10
6.765000000000001 5.287226303199468e-10
6.7700000000000005 5.546626193332291e-10
6.775 5.543085506489955e-10
6.78 5.467458905009199e-10
6.785 5.119671413176352e-10
6.79 5.211790234065875e-10
6.795 5.226670840677437e-10
6.8 5.221406055112e-10
6.805 5.116303010731568e-10
6.8100000000000005 5.124392085793985e-10
6.815 5.491873009496669e-10
6.82 5.495450877359442e-10
6.825 5.263417126674091e-10
6.83 5.658843266088028e-10
6.835 5.363602761385344e-10
6.84 5.466272934005597e-10
6.845 5.090067791024715e-10
6.8500000000000005 4.973406147929605e-10
6.855 5.516237424312666e-10
6.86 5.306873048979928e-10
6.865 5.559426327909323e-10
6.87 5.431748800241425e-10
6.875 5.037133499570295e-10
6.88 5.529911656885169e-10
6.885 5.193786639074461e-10
6.890000000000001 5.49248792737278e-10
6.8950000000000005 5.457859399435743e-10
6.9 5.248476074061814e-10
6.905 5.215208841729173e-10
6.91 5.600688126179365e-10
6.915 5.203832465139018e-10
6.92 5.232012820633484e-10
6.925 5.029269273482538e-10
6.93 5.30723743475336e-10
6.9350000000000005 5.161754894580169e-10
6.94 5.157010976693482e-10
6.945 5.371311981667389e-10
6.95 5.138908836478246e-10
6.955 5.302015302638476e-10
6.96 5.108226589143906e-10
6.965 5.690628355595015e-10
6.97 5.260120488011767e-10
6.9750000000000005 5.7390171477836e-10
6.98 5.089343174748787e-10
6.985 5.619654268298419e-10
6.99 4.940197747249403e-10
6.995 4.883752255173232e-10
7.0 5.017689896012914e-10
7.005 5.255933922311274e-10
7.01 5.029000255014557e-10
7.015000000000001 4.990619116841077e-10
7.0200000000000005 5.13023703261786e-10
7.025 5.747324812786425e-10
7.03 5.032223632759188e-10
7.035 5.616028423332659e-10
7.04 5.361228905904843e-10
7.045 5.294968946999657e-10
7.05 5.307157403913282e-10
7.055 5.009612934693232e-10
7.0600000000000005 4.919532771100597e-10
7.065 5.115052017564187e-10
7.07 5.473845682947558e-10
7.075 4.971301558090612e-10
7.08 5.51588845625828e-10
7.085 5.350746512921831e-10
7.09 5.796037972983658e-10
7.095 5.505588768893153e-10
7.1000000000000005 5.045003397622362e-10
7.105 4.925769756193616e-10
7.11 5.258363423760312e-10
7.115 5.053248329196452e-10
7.12 4.974914602631936e-10
7.125 5.49350609470927e-10
7.13 4.941439770553685e-10
7.135 5.077305911406805e-10
7.140000000000001 4.716032055336956e-10
7.1450000000000005 5.164665178799011e-10
7.15 5.584242148843802e-10
7.155 5.733327523560459e-10
7.16 5.624359066923457e-10
7.165 4.924853219585078e-10
7.17 5.345899082232026e-10
7.175 4.788686931078691e-10
7.18 5.32926287213284e-10
7.1850000000000005 4.95190012035902e-10
7.19 4.981926207001125e-10
7.195 5.252493489579063e-10
7.2 4.950357330791526e-10
7.205 5.137216934234462e-10
7.21 5.023131254811278e-10
7.215 5.233759764946676e-10
7.22 4.821865552337735e-10
7.2250000000000005 5.153940964542159e-10
7.23 5.599230609491374e-10
7.235 5.056546685522437e-10
7.24 5.339165692010589e-10
7.245 5.125415147383727e-10
7.25 5.082801287998281e-10
7.255 5.183713968080735e-10
7.26 4.969687893526428e-10
7.265000000000001 5.264099051623303e-10
7.2700000000000005 5.103028370924986e-10
7.275 5.000528379487399e-10
7.28 5.454881006019883e-10
7.285 4.970383466425774e-10
7.29 5.168615834497055e-10
7.295 5.354708729719076e-10
7.3 5.186215356515621e-10
7.305 4.989242746426098e-10
7.3100000000000005 5.884056507229707e-10
7.315 5.149233683802163e-10
7.32 5.106119982379455e-10
7.325 5.115704477031907e-10
7.33 4.787380832567882e-10
7.335 5.009857319896068e-10
7.34 5.005958492346727e-10
7.345 5.212851837060567e-10
7.3500000000000005 4.91445801666157e-10
7.355 4.801801779961598e-10
7.36 5.154228879513943e-10
7.365 4.761643908704917e-10
7.37 4.836415133513089e-10
7.375 5.038000184336247e-10
7.38 4.874549024976048e-10
7.385 4.801460456623611e-10
7.390000000000001 5.20717444978407e-10
7.3950000000000005 5.042956469394585e-10
7.4 5.092361900563303e-10
7.405 5.328293610437837e-10
7.41 4.970914921542532e-10
7.415 4.87906393617075e-10
7.42 5.34050689790529e-10
7.425 5.22599129433782e-10
7.43 4.789328815503761e-10
7.4350000000000005 4.987529833767234e-10
7.44 5.006147332286209e-10
7.445 5.057435280056896e-10
7.45 4.860334086683607e-10
7.455 4.740615960655259e-10
7.46 4.973292021813836e-10
7.465 5.071946923746527e-10
7.47 5.286191015270856e-10
7.4750000000000005 5.115492431839327e-10
7.48 5.257392579266317e-10
7.485 4.788176169555819e-10
7.49 5.345208051024918e-10
7.495 4.919974012077261e-10
7.5 4.884407003818602e-10
7.505 4.814340273822844e-10
7.51 4.891577837507096e-10
7.515000000000001 4.849893792429864e-10
7.5200000000000005 5.174886233194216e-10
7.525 4.719428507981051e-10
7.53 5.118678575993536e-10
7.535 5.019252143833323e-10
7.54 5.25344366720652e-10
7.545 5.185090151312341e-10
7.55 5.014010564985949e-10
7.555 4.573208455014084e-10
7.5600000000000005 4.792795744132462e-10
7.565 5.097130035938607e-10
7.57 4.895087187077195e-10
7.575 5.133467779075616e-10
7.58 4.757048447915429e-10
7.585 4.6432608468794665e-10
7.59 5.10947035325193e-10
7.595 4.613294334037715e-10
7.6000000000000005 5.001738083496849e-10
7.605 5.153334653763056e-10
7.61 4.901493838990669e-10
7.615 4.802904354318845e-10
7.62 4.5763195174523984e-10
7.625 4.687398397081454e-10
7.63 4.5633178954517063e-10
7.635 4.891731066493348e-10
7.640000000000001 4.976503441232151e-10
7.6450000000000005 4.945487245323721e-10
7.65 4.810169955489507e-10
7.655 4.821059750133488e-10
7.66 5.178298358563995e-10
7.665 5.26293594739546e-10
7.67 4.916595105559835e-10
7.675 4.854331915142085e-10
7.68 5.048368821889408e-10
7.6850000000000005 5.017883037580453e-10
7.69 5.06823570367961e-10
7.695 4.978441646833024e-10
7.7 4.719948268934108e-10
7.705 4.959864169362343e-10
7.71 5.09927249039876e-10
7.715 5.115736423624451e-10
7.72 4.811267746174521e-10
7.7250000000000005 4.803540849063975e-10
7.73 4.69481672196586e-10
7.735 4.945287136521515e-10
7.74 4.875527572262356e-10
7.745 4.712563812364138e-10
7.75 4.880611959618788e-10
7.755 4.909970003474591e-10
7.76 4.686378343991507e-10
7.765000000000001 4.720280933826512e-10
7.7700000000000005 4.490208301702e-10
7.775 4.714183361599333e-10
7.78 4.464942592887925e-10
7.785 4.85378228810528e-10
7.79 4.6561310141801e-10
7.795 4.82853440621402e-10
7.8 4.529311900990201e-10
7.805000000000001 4.477935971924262e-10
7.8100000000000005 4.987181166144197e-10
7.815 4.951693466038301e-10
7.82 4.684390439627134e-10
7.825 4.530906771320694e-10
7.83 4.740961633626829e-10
7.835 5.082414563060465e-10
7.84 4.542968181818703e-10
7.845 4.483913152799129e-10
7.8500000000000005 4.893177884854254e-10
7.855 4.733357286013613e-10
7.86 4.592937039522176e-10
7.865 4.679255001541886e-10
7.87 4.566563357477867e-10
7.875 4.5100024411977074e-10
7.88 4.581209152820131e-10
7.885 4.676478906604457e-10
7.890000000000001 4.861722120980597e-10
7.8950000000000005 4.4839625097095687e-10
7.9 4.5968958099393307e-10
7.905 4.846114071734417e-10
7.91 4.81722636599373e-10
7.915 4.660881138235781e-10
7.92 4.777201268017298e-10
7.925 4.659335361219373e-10
7.930000000000001 4.720126357684104e-10
7.9350000000000005 4.799142669938866e-10
7.94 5.052472294973556e-10
7.945 4.625358775642368e-10
7.95 4.799680368569378e-10
7.955 4.291687695174671e-10
7.96 4.828241676704496e-10
7.965 4.972970264849494e-10
7.97 4.722114706433712e-10
7.9750000000000005 5.099829553319214e-10
7.98 4.80174129659816e-10
7.985 4.673619357431725e-10
7.99 4.745951888438854e-10
7.995 4.866267040437069e-10
8.0 4.1378212466032624e-10
8.25 2.2922640942959492e-08
8.5 2.2267764927230125e-08
8.75 2.1584034590564434e-08
9.0 2.0876081221569072e-08
9.25 2.0144518728525022e-08
9.5 1.931969759100768e-08
9.75 1.8782738816583055e-08
10.0 1.8179710131641458e-08
10.25 1.7330373822576936e-08
10.5 1.6763409229253676e-08
10.75 1.6408981937693543e-08
11.0 1.5717833364723445e-08
11.25 1.516967637364075e-08
11.5 1.4599966756447617e-08
11.75 1.36825553218901e-08
12.0 1.3282370908600973e-08
12.25 1.2810404951357165e-08
12.5 1.2394785066857269e-08
12.75 1.1768856504154956e-08
13.0 1.1328165208854107e-08
13.25 1.096711936580542e-08
13.5 1.0421694549771594e-08
13.75 1.0062642862052685e-08
14.0 9.482018867745243e-09
14.25 9.27219185874353e-09
14.5 8.706472955276257e-09
14.75 8.764213223589537e-09
15.0 8.093520461787454e-09
15.25 7.759171611889446e-09
15.5 7.42508703422118e-09
15.75 7.350744903389127e-09
16.0 6.875821778785453e-09
16.25 6.685722765492325e-09
16.5 6.386221053933861e-09
16.75 6.177954279641527e-09
17.0 5.8322037690985094e-09
17.25 5.817092499772629e-09
17.5 5.268673980577814e-09
17.75 5.238513239116474e-09
18.0 4.8687310684947484e-09
18.25 4.948171853906846e-09
18.5 4.741000520663382e-09
18.75 4.525199506919354e-09
19.0 4.5126867025253525e-09
19.25 4.093254133329963e-09
19.5 4.010400965479019e-09
19.75 3.6953062003215782e-09
20.0 3.6560572175509886e-09
20.25 3.585999051405942e-09
20.5 3.3583507311186193e-09
20.75 3.2542979985763204e-09
21.0 3.185431438506351e-09
21.25 3.0228534791934476e-09
21.5 2.8602637773778657e-09
21.75 2.685585675684425e-09
22.0 2.681333067316858e-09
22.25 2.728406606582576e-09
22.5 2.331044818889614e-09
22.75 2.3352073104742053e-09
23.0 2.3633513091344965e-09
23.25 2.1193499456622902e-09
23.5 2.107318594954544e-09
23.75 2.2254581372681945e-09
24.0 1.997133800980107e-09
24.25 1.8334147962501563e-09
24.5 1.969792987412714e-09
24.75 1.7358616319341477e-09
25.0 1.6249450772979858e-09
25.25 1.539423194340789e-09
25.5 1.5116207739334069e-09
25.75 1.5911322382272557e-09
26.0 1.492247771547273e-09
26.25 1.424697044303397e-09
26.5 1.2027336785843173e-09
26.75 1.23301071219353e-09
27.0 1.1315526977215013e-09
27.25 1.088130054883893e-09
27.5 1.1159211657569393e-09
27.75 1.1595964885968788e-09
28.0 1.0049132922940396e-09
28.25 9.88884948377223e-10
28.5 8.489418173145699e-10
28.75 8.938093099977179e-10
29.0 9.461166901374536e-10
29.25 8.116723705582713e-10
29.5 8.15548737880562e-10
29.75 7.462662714875769e-10
30.0 7.261562361609105e-10
30.25 7.313016769637621e-10
30.5 6.508705863902574e-10
30.75 6.263630533656663e-10
31.0 5.711411690671363e-10
31.25 6.119641151837552e-10
31.5 5.688920660169663e-10
31.75 5.287659550039448e-10
32.0 6.100602215377502e-10
32.25 5.272123709912255e-10
32.5 5.107555594160432e-10
32.75 5.005453862987325e-10
33.0 4.5347951530662456e-10
33.25 5.105314393877421e-10
33.5 4.787727966473302e-10
33.75 5.056372397213646e-10
34.0 3.6819143153481275e-10
34.25 4.853867705392087e-10
34.5 3.471359246417844e-10
34.75 3.9445486549522024e-10
35.0 3.449520356252483e-10
35.25 3.157985764167685e-10
35.5 3.2654214187338093e-10
35.75 2.864703053960272e-10
36.0 2.9062107309148883e-10
36.25 3.574109939425146e-10
36.5 2.718892213204715e-10
36.75 2.3877520575653584e-10
37.0 1.9043954114717617e-10
37.25 2.4155667788351534e-10
37.5 2.332528882545258e-10
37.75 2.438573455897754e-10
38.0 2.024209289964189e-10
38.25 1.5832029397780633e-10
38.5 2.5037713844739967e-10
38.75 2.108658781648435e-10
39.0 2.459593857368889e-10
39.25 1.0089982496129555e-10
39.5 1.4114271621133806e-10
39.75 1.4010754691061415e-10
40.0 1.7789775688309063e-10
40.25 1.9044034752380304e-10
40.5 1.2378115942069485e-10
40.75 1.8919203802034215e-10
41.0 1.2578081508111898e-10
41.25 1.1583990349269713e-10
41.5 1.4153212047158465e-10
41.75 1.258504759876603e-10
42.0 1.0659014408981918e-10
42.25 1.0921597001531626e-10
42.5 1.4574759329063065e-10
42.75 1.5233544882367628e-10
43.0 6.111941949606241e-11
43.25 8.427358050572358e-11
43.5 8.117541766863794e-11
43.75 9.686603827699538e-11
44.0 5.546194476340052e-11
44.25 8.373443356926188e-11
44.5 8.066312088238742e-11
44.75 6.980709638599325e-11
45.0 7.630176621955137e-11
45.25 1.3169675796692795e-10
45.5 4.153263942896615e-11
45.75 7.143121535016713e-11
46.0 8.244936662201669e-11
46.25 6.81001974322584e-11
46.5 5.08882886484344e-11
46.75 5.7782624693260966e-11
47.0 5.0272595706381014e-11
47.25 1.1935747851879224e-11
47.5 4.27077624504855e-11
47.75 6.109770456374964e-11
48.0 4.7523497314226964e-11
48.25 4.770547536001743e-11
48.5 1.7316330948443054e-11
48.75 5.125061535549878e-11
49.0 1.3944020319852858e-11
49.25 4.398617759244111e-11
49.5 3.846405204176849e-11
49.75 3.388172739543678e-11
50.0 3.472424973772016e-11
50.25 1.5211495119149243e-11
50.5 5.474973601074306e-11
50.75 2.70361894702082e-11
51.0 2.775295558210219e-11
51.25 2.2324307830930134e-11
51.5 9.408203848236892e-12
51.75 2.186444724678796e-11
52.0 1.4184539625294768e-11
52.25 2.041516109107682e-11
52.5 4.2980477669762805e-11
52.75 1.3531562435537309e-11
53.0 1.937637755275371e-11
53.25 2.9508029713923576e-11
53.5 7.581989532768515e-12
53.75 1.6287721720919394e-11
54.0 3.0194927954908895e-11
54.25 9.153371737611802e-12
54.5 6.108964068835853e-12
54.75 1.4503377792713115e-11
55.0 1.4006383480031834e-11
55.25 2.0166605929793416e-11
55.5 0.0
55.75 2.329468520700197e-11
56.0 1.2978349472583181e-11
56.25 1.1493981531712405e-11
56.5 0.0
56.75 0.0
57.0 2.3253888016684555e-11
57.25 1.2092253562036595e-11
57.5 2.484592050174968e-11
57.75 1.6134246679098425e-11
58.0 0.0
58.25 8.891460651815501e-12
58.5 3.6711411989970205e-11
58.75 7.430968968735747e-12
59.0 1.5579937466915136e-11
59.25 8.705955568391905e-12
59.5 1.3996604949030302e-11
59.75 7.642693003904311e-12
60.0 0.0
60.25 0.0
60.5 0.0
60.75 0.0
61.0 1.1221486596637627e-11
61.25 1.4681032396392545e-11
61.5 0.0
61.75 0.0
62.0 3.257521966722093e-11
62.25 0.0
62.5 0.0
62.75 1.841654254807865e-11
63.0 0.0
63.25 0.0
63.5 5.612285963751015e-12
63.75 8.531546429810753e-12
64.0 0.0
64.25 0.0
64.5 0.0
64.75 0.0
65.0 0.0
65.25 0.0
65.5 0.0
65.75 8.569934655612926e-12
66.0 0.0
66.25 0.0
66.5 0.0
66.75 0.0
67.0 0.0
67.25 0.0
67.5 0.0
67.75 0.0
68.0 0.0
68.25 0.0
68.5 0.0
68.75 0.0
69.0 0.0
69.25 0.0
69.5 0.0
69.75 7.453525755362352e-12
70.0 0.0
70.25 0.0
70.5 0.0
70.75 0.0
71.0 0.0
71.25 0.0
71.5 0.0
71.75 0.0
72.0 0.0
72.25 0.0
72.5 0.0
72.75 0.0
73.0 0.0
73.25 0.0
73.5 0.0
73.75 0.0
74.0 0.0
74.25 0.0
74.5 0.0
74.75 0.0
75.0 0.0
75.25 0.0
75.5 0.0
75.75 0.0
76.0 0.0
76.25 0.0
76.5 0.0
76.75 0.0
77.0 0.0
77.25 0.0
77.5 0.0
77.75 0.0
78.0 0.0
78.25 0.0
78.5 0.0
78.75 0.0
79.0 0.0
79.25 0.0
79.5 0.0
79.75 0.0
80.0 0.0
80.25 0.0
80.5 0.0
80.75 0.0
81.0 0.0
81.25 0.0
81.5 0.0
81.75 0.0
82.0 0.0
82.25 0.0
82.5 0.0
82.75 0.0
83.0 0.0
83.25 0.0
83.5 0.0
83.75 0.0
84.0 0.0
84.25 0.0
84.5 0.0
84.75 0.0
85.0 0.0
85.25 0.0
85.5 0.0
85.75 0.0
86.0 0.0
86.25 0.0
86.5 0.0
86.75 0.0
87.0 0.0
87.25 0.0
87.5 0.0
87.75 0.0
88.0 0.0
88.25 0.0
88.5 0.0
88.75 0.0
89.0 0.0
89.25 0.0
89.5 0.0
89.75 0.0
90.0 0.0
90.25 0.0
90.5 0.0
90.75 0.0
91.0 0.0
91.25 0.0
91.5 0.0
91.75 0.0
92.0 0.0
92.25 0.0
92.5 0.0
92.75 0.0
93.0 0.0
93.25 0.0
93.5 0.0
93.75 0.0
94.0 0.0
94.25 0.0
94.5 0.0
94.75 0.0
95.0 0.0
95.25 0.0
95.5 0.0
95.75 0.0
96.0 0.0
96.25 0.0
96.5 0.0
96.75 0.0
97.0 0.0
97.25 0.0
97.5 0.0
97.75 0.0
98.0 0.0
98.25 0.0
98.5 0.0
98.75 0.0
99.0 0.0
99.25 0.0
99.5 0.0
99.75 0.0
100.0 0.0
100.25 0.0
100.5 0.0
100.75 0.0
101.0 0.0
101.25 0.0
101.5 0.0
101.75 0.0
102.0 0.0
102.25 0.0
102.5 0.0
102.75 0.0
103.0 0.0
103.25 0.0
103.5 0.0
103.75 0.0
104.0 0.0
104.25 0.0
104.5 0.0
104.75 0.0
105.0 0.0
105.25 0.0
105.5 0.0
105.75 0.0
106.0 0.0
106.25 0.0
106.5 0.0
106.75 0.0
107.0 0.0
107.25 0.0
107.5 0.0
107.75 0.0
108.0 0.0
108.25 0.0
108.5 0.0
108.75 0.0
109.0 0.0
109.25 0.0
109.5 0.0
109.75 0.0
110.0 0.0
110.25 0.0
110.5 0.0
110.75 0.0
111.0 0.0
111.25 0.0
111.5 0.0
111.75 0.0
112.0 0.0
112.25 0.0
112.5 0.0
112.75 0.0
113.0 0.0
113.25 0.0
113.5 0.0
113.75 0.0
114.0 0.0
114.25 0.0
114.5 0.0
114.75 0.0
115.0 0.0
115.25 0.0
115.5 0.0
115.75 0.0
116.0 0.0
116.25 0.0
116.5 0.0
116.75 0.0
117.0 0.0
117.25 0.0
117.5 0.0
117.75 0.0
118.0 0.0
118.25 0.0
118.5 0.0
118.75 0.0
119.0 0.0
119.25 0.0
119.5 0.0
