0.005 4.154131333346069e-11
0.01 3.717535869683799e-09
0.015 1.8906529754196916e-08
0.02 3.1643845812863104e-08
0.025 4.2384430670591215e-08
0.03 5.268786753038259e-08
0.035 6.194121417083015e-08
0.04 7.04136086020432e-08
0.045 7.819239826733284e-08
0.05 8.536919299028474e-08
0.055 9.193986608702397e-08
0.06 9.845137697942669e-08
0.065 1.0495611074483782e-07
0.07 1.120363946507811e-07
0.075 1.1330765582195273e-07
0.08 1.1246888415756608e-07
0.085 1.1192529237530094e-07
0.09 1.1190896235437462e-07
0.095 1.1260991998988983e-07
0.1 1.1414272532919201e-07
0.105 1.1594555927186416e-07
0.11 1.1832246977896146e-07
0.115 1.212896985228078e-07
0.12 1.2446844401874812e-07
0.125 1.280868655935046e-07
0.13 1.3191009463672768e-07
0.135 1.3562166995095834e-07
0.14 1.3906287575163756e-07
0.145 1.4263223651392486e-07
0.15 1.4579486588294064e-07
0.155 1.488039432696133e-07
0.16 1.5173457275638429e-07
0.165 1.5454737595436568e-07
0.17 1.5761223830970332e-07
0.17500000000000002 1.6058768387049242e-07
0.18 1.6412059137953473e-07
0.185 1.6767602660010634e-07
0.19 1.7134006314886055e-07
0.195 1.7536782554086657e-07
0.2 1.791769366713639e-07
0.20500000000000002 1.8345517340131343e-07
0.21 1.8750449812323097e-07
0.215 1.9191973102855697e-07
0.22 1.9629416775061452e-07
0.225 2.0040498177521674e-07
0.23 2.0519997025171287e-07
0.23500000000000001 2.1001725384621335e-07
0.24 2.146156596942372e-07
0.245 2.1979118426158963e-07
0.25 2.251907075094141e-07
0.255 2.304863568723114e-07
0.26 2.3622612471728562e-07
0.265 2.4267861367300987e-07
0.27 2.484069599805777e-07
0.275 2.5542711636212154e-07
0.28 2.622631476800351e-07
0.28500000000000003 2.694158221435366e-07
0.29 2.7725597085466485e-07
0.295 2.85045380973289e-07
0.3 2.937628949274574e-07
0.305 3.0204456059688405e-07
0.31 3.117726613736773e-07
0.315 3.2184576263577374e-07
0.32 3.32211141414883e-07
0.325 3.4407168061415457e-07
0.33 3.55882957197376e-07
0.335 3.677240544520294e-07
0.34 3.8120577182214074e-07
0.34500000000000003 3.9539387641373285e-07
0.35000000000000003 4.1010186935527913e-07
0.355 4.2591321034808065e-07
0.36 4.4219378798939917e-07
0.365 4.59145462697794e-07
0.37 4.764786476676e-07
0.375 4.943869264842985e-07
0.38 5.116520202516634e-07
0.385 5.284597750906187e-07
0.39 5.450851491198508e-07
0.395 5.611026566301267e-07
0.4 5.755428041178599e-07
0.405 5.905654665366449e-07
0.41000000000000003 6.061115876567542e-07
0.41500000000000004 6.209418618754565e-07
0.42 6.332258011739791e-07
0.425 6.454796452795961e-07
0.43 6.575351475820317e-07
0.435 6.694475698484181e-07
0.44 6.797867300448288e-07
0.445 6.898612048848686e-07
0.45 6.992923626584288e-07
0.455 7.079862360722232e-07
0.46 7.158439169138023e-07
0.465 7.223189308852329e-07
0.47000000000000003 7.295121391819143e-07
0.47500000000000003 7.346342944419386e-07
0.48 7.391634134615436e-07
0.485 7.43375402624207e-07
0.49 7.476052618384498e-07
0.495 7.496690431634923e-07
0.5 7.512596261227811e-07
0.505 7.533432777341306e-07
0.51 7.548294474512389e-07
0.515 7.559697873123488e-07
0.52 7.54986250719447e-07
0.525 7.55342464034682e-07
0.53 7.539200028727898e-07
0.535 7.500096025808577e-07
0.54 7.479540172229573e-07
0.545 7.446933573122208e-07
0.55 7.424376194916159e-07
0.555 7.365898670382901e-07
0.56 7.333306404117776e-07
0.5650000000000001 7.265871635043389e-07
0.5700000000000001 7.215913847466105e-07
0.5750000000000001 7.128421737551451e-07
0.58 7.056643723014095e-07
0.585 6.973668501208439e-07
0.59 6.882059027880141e-07
0.595 6.777448488199493e-07
0.6 6.68747757046792e-07
0.605 6.553602804912444e-07
0.61 6.432582757430647e-07
0.615 6.321130123269113e-07
0.62 6.172591525683583e-07
0.625 6.061174008244252e-07
0.63 5.896202389202466e-07
0.635 5.759233113773962e-07
0.64 5.614881419042646e-07
0.645 5.454547559010844e-07
0.65 5.315951879231138e-07
0.655 5.159367171032941e-07
0.66 5.027408797226476e-07
0.665 4.851638957788297e-07
0.67 4.714124426084584e-07
0.675 4.561259223240001e-07
0.68 4.4159648327066317e-07
0.685 4.288026409563776e-07
0.6900000000000001 4.1414418818894195e-07
0.6950000000000001 4.0118863002161243e-07
0.7000000000000001 3.878718601757062e-07
0.705 3.7554250223659484e-07
0.71 3.6289974849637125e-07
0.715 3.511512751529867e-07
0.72 3.3931760052672445e-07
0.725 3.2858256128819266e-07
0.73 3.180626503526795e-07
0.735 3.0836587238014284e-07
0.74 2.9877001169813663e-07
0.745 2.9046536113726607e-07
0.75 2.8030838202969603e-07
0.755 2.72123989900406e-07
0.76 2.6326165501696253e-07
0.765 2.560865405473066e-07
0.77 2.489945647975121e-07
0.775 2.4132382402207097e-07
0.78 2.3355490856483478e-07
0.785 2.273673440626931e-07
0.79 2.1986073067255876e-07
0.795 2.1416575424570999e-07
0.8 2.084595406308608e-07
0.805 2.0332931255890633e-07
0.81 1.9780385918418068e-07
0.8150000000000001 1.9197561901700246e-07
0.8200000000000001 1.859604284266266e-07
0.8250000000000001 1.8083915411510892e-07
0.8300000000000001 1.7772867650641813e-07
0.835 1.721888535285623e-07
0.84 1.6765340013665804e-07
0.845 1.6263443374750926e-07
0.85 1.596664187183292e-07
0.855 1.5467251811463082e-07
0.86 1.520639447826477e-07
0.865 1.4734342974033943e-07
0.87 1.434009437372462e-07
0.875 1.399509897840151e-07
0.88 1.371578492664371e-07
0.885 1.334904119546355e-07
0.89 1.2960074144760433e-07
0.895 1.2646603531367132e-07
0.9 1.2375175409760775e-07
0.905 1.209427325093496e-07
0.91 1.1862306882728824e-07
0.915 1.1519286188519472e-07
0.92 1.1211940292553608e-07
0.925 1.1041605177502294e-07
0.93 1.0791968000583904e-07
0.935 1.0526431818921484e-07
0.9400000000000001 1.033814866901121e-07
0.9450000000000001 1.0039789148321479e-07
0.9500000000000001 9.860847496949339e-08
0.9550000000000001 9.598341251310091e-08
0.96 9.362279615765408e-08
0.965 9.203226660649053e-08
0.97 8.962737392636498e-08
0.975 8.774335283992443e-08
0.98 8.609242424355075e-08
0.985 8.390782845415476e-08
0.99 8.266897797623148e-08
0.995 8.02431138443477e-08
1.0 7.870707355940198e-08
1.0050000000000001 7.702280880200276e-08
1.01 7.536030385184022e-08
1.0150000000000001 7.327487669030448e-08
1.02 7.209212064319023e-08
1.025 6.989517542394534e-08
1.03 6.907007654963164e-08
1.035 6.701514353927001e-08
1.04 6.562435266307281e-08
1.045 6.427928795324566e-08
1.05 6.273251950967009e-08
1.055 6.14663354156791e-08
1.06 6.031265719031698e-08
1.065 5.9078904514547056e-08
1.07 5.82067368673743e-08
1.075 5.669226440691265e-08
1.08 5.474213104980804e-08
1.085 5.388762003688024e-08
1.09 5.314777978939164e-08
1.095 5.208097772291069e-08
1.1 5.093553734900181e-08
1.105 4.946119181123599e-08
1.11 4.820305809057864e-08
1.115 4.782878894992404e-08
1.12 4.641360922407524e-08
1.125 4.53039636549465e-08
1.1300000000000001 4.4802648946280745e-08
1.135 4.374528460860754e-08
1.1400000000000001 4.312412114953966e-08
1.145 4.222237794578222e-08
1.1500000000000001 4.121403800354526e-08
1.155 4.0956907180012614e-08
1.16 3.9979259000639996e-08
1.165 3.929639313349778e-08
1.17 3.819575087359887e-08
1.175 3.808033421710227e-08
1.18 3.703912970992566e-08
1.185 3.619922665945973e-08
1.19 3.558186830834809e-08
1.195 3.5230003020721076e-08
1.2 3.439227961811073e-08
1.205 3.357192954442847e-08
1.21 3.3604581502349854e-08
1.215 3.2532080240224277e-08
1.22 3.220487668402381e-08
1.225 3.176161303103938e-08
1.23 3.133694386160876e-08
1.235 3.070646150778428e-08
1.24 3.060667775937457e-08
1.245 2.9786159077753277e-08
1.25 2.9801029661430455e-08
1.2550000000000001 2.9010614665553336e-08
1.26 2.856358679410324e-08
1.2650000000000001 2.8065960034630335e-08
1.27 2.7549706411491826e-08
1.2750000000000001 2.7454144986997682e-08
1.28 2.7210394014411352e-08
1.285 2.6814297464075845e-08
1.29 2.5808796541244853e-08
1.295 2.5931441100773664e-08
1.3 2.5287739985897376e-08
1.305 2.493207529165788e-08
1.31 2.5000487068850956e-08
1.315 2.5205573260187e-08
1.32 2.48896092501092e-08
1.325 2.440808204438508e-08
1.33 2.443408375797387e-08
1.335 2.4070665613348608e-08
1.34 2.369247511417948e-08
1.345 2.330199429325522e-08
1.35 2.330920611087064e-08
1.355 2.3122237251201556e-08
1.36 2.2577774106376435e-08
1.365 2.2420294974958384e-08
1.37 2.2193319832031532e-08
1.375 2.1918072033643604e-08
1.3800000000000001 2.1871515375376567e-08
1.385 2.1466493696897284e-08
1.3900000000000001 2.1668377070090865e-08
1.395 2.135285654485587e-08
1.4000000000000001 2.0942361664403514e-08
1.405 2.070675337434002e-08
1.41 2.0680749840727304e-08
1.415 2.04421899961348e-08
1.42 2.0013773147530862e-08
1.425 1.964572285938076e-08
1.43 1.993411657177598e-08
1.435 1.937103923170651e-08
1.44 1.977518975638063e-08
1.445 1.934285315547838e-08
1.45 1.8782385330188315e-08
1.455 1.8997492248935627e-08
1.46 1.8497295558097242e-08
1.465 1.8604141033367438e-08
1.47 1.8366231404536104e-08
1.475 1.827679250005203e-08
1.48 1.7705744026670554e-08
1.485 1.7903529639027283e-08
1.49 1.7768745525048827e-08
1.495 1.746718104680489e-08
1.5 1.7391129868257593e-08
1.5050000000000001 1.710762522309575e-08
1.51 1.7420225438579292e-08
1.5150000000000001 1.7142765671518348e-08
1.52 1.7134602105711177e-08
1.5250000000000001 1.652607667919181e-08
1.53 1.667410938792397e-08
1.5350000000000001 1.664889787768636e-08
1.54 1.6074213966055966e-08
1.545 1.6032692299237986e-08
1.55 1.6032690463351423e-08
1.555 1.608074279545045e-08
1.56 1.578565665327982e-08
1.565 1.5700849725332763e-08
1.57 1.553025773156731e-08
1.575 1.564947968149516e-08
1.58 1.5672960067734086e-08
1.585 1.5083185404005264e-08
1.59 1.4899785591054353e-08
1.595 1.5164948471611878e-08
1.6 1.4785528984664703e-08
1.605 1.4822343372421968e-08
1.61 1.4876413393957262e-08
1.615 1.4695632436131602e-08
1.62 1.4703348216855067e-08
1.625 1.41239426504316e-08
1.6300000000000001 1.4440250777876938e-08
1.635 1.4443293659262654e-08
1.6400000000000001 1.410854921359794e-08
1.645 1.4239442575478249e-08
1.6500000000000001 1.3830721285892844e-08
1.655 1.4146431211501144e-08
1.6600000000000001 1.3907858098637141e-08
1.665 1.3681753162348168e-08
1.67 1.3565319558732231e-08
1.675 1.3314147035996217e-08
1.68 1.320962978814019e-08
1.685 1.343938732888196e-08
1.69 1.3371480713426225e-08
1.695 1.3248545453290283e-08
1.7 1.3110246514132679e-08
1.705 1.3172828201596184e-08
1.71 1.3084148056483696e-08
1.715 1.2630068623574254e-08
1.72 1.2869743605679708e-08
1.725 1.239634998166269e-08
1.73 1.2444204937929753e-08
1.735 1.236972240767559e-08
1.74 1.2523099660389647e-08
1.745 1.2518477869295408e-08
1.75 1.2228235296846372e-08
1.7550000000000001 1.2649530937338602e-08
1.76 1.2271745484362846e-08
1.7650000000000001 1.239410619803884e-08
1.77 1.1708757831819588e-08
1.7750000000000001 1.2125327393536344e-08
1.78 1.1615838855105543e-08
1.7850000000000001 1.1809540863854057e-08
1.79 1.1810487015912943e-08
1.795 1.1582461701751605e-08
1.8 1.1712902738663895e-08
1.805 1.131102673567787e-08
1.81 1.1367972404310383e-08
1.815 1.1160952137681724e-08
1.82 1.136798385093272e-08
1.825 1.1313847826385335e-08
1.83 1.1637655085675183e-08
1.835 1.1309037486889273e-08
1.84 1.1194322740938214e-08
1.845 1.1240102785732044e-08
1.85 1.1148775709340155e-08
1.855 1.1003278175854894e-08
1.86 1.0925943208975311e-08
1.865 1.0898718782080906e-08
1.87 1.0915001540254836e-08
1.875 1.079067803869427e-08
1.8800000000000001 1.0781221096808987e-08
1.885 1.0314048541077509e-08
1.8900000000000001 1.0495483329574866e-08
1.895 1.0614346015551786e-08
1.9000000000000001 1.0583825501512842e-08
1.905 1.041563435929063e-08
1.9100000000000001 1.0443636812059283e-08
1.915 1.0273497031061176e-08
1.92 1.0151077860607121e-08
1.925 1.0287592027880202e-08
1.93 1.0143899418615293e-08
1.935 1.0136668521928456e-08
1.94 9.947344907045746e-09
1.945 1.0094999961393994e-08
1.95 9.952124480556485e-09
1.955 1.0112836313624209e-08
1.96 9.688156821647365e-09
1.965 9.907732807567365e-09
1.97 9.888332271819211e-09
1.975 9.966981634109451e-09
1.98 9.95556397224811e-09
1.985 9.707855592601075e-09
1.99 9.878553870197575e-09
1.995 9.759275664453966e-09
2.0 9.29535972204915e-09
2.005 9.67526986377839e-09
2.0100000000000002 9.449761752145379e-09
2.015 9.253750825939331e-09
2.02 9.712661641021121e-09
2.025 9.573978650317253e-09
2.0300000000000002 9.21443685948739e-09
2.035 9.465503061809565e-09
2.04 9.467686387910999e-09
2.045 9.330199547662776e-09
2.05 9.303198991517706e-09
2.055 9.184297703277785e-09
2.06 9.291591748883221e-09
2.065 9.146507303554785e-09
2.07 9.423142807508195e-09
2.075 9.026254203039033e-09
2.08 9.263567649791707e-09
2.085 9.282900442740195e-09
2.09 9.248722895633626e-09
2.095 8.854860221375572e-09
2.1 8.74196871537977e-09
2.105 9.018560624213251e-09
2.11 9.032685825328263e-09
2.115 8.9383004650713e-09
2.12 8.80070701704378e-09
2.125 8.651894855475627e-09
2.13 8.541321556271934e-09
2.1350000000000002 8.95856782401875e-09
2.14 8.856783087861184e-09
2.145 8.572672521984455e-09
2.15 8.699069900908168e-09
2.1550000000000002 8.841862042874677e-09
2.16 8.638102776823407e-09
2.165 8.590093125588974e-09
2.17 8.58687501312826e-09
2.1750000000000003 8.50551991101301e-09
2.18 8.627952600456201e-09
2.185 8.587225245123192e-09
2.19 8.641503081135777e-09
2.195 8.719681717036738e-09
2.2 8.637330371310765e-09
2.205 8.589095115595717e-09
2.21 8.699534511229583e-09
2.215 8.474688007269807e-09
2.22 8.338451719784911e-09
2.225 8.341158452839718e-09
2.23 8.426105720417897e-09
2.235 8.42185314581718e-09
2.24 8.477761517990914e-09
2.245 8.446639095260374e-09
2.25 8.472319777268639e-09
2.255 8.68812867071789e-09
2.2600000000000002 8.294185287751717e-09
2.265 8.303973614296731e-09
2.27 8.305285170473602e-09
2.275 8.166128998882322e-09
2.2800000000000002 8.228847635731815e-09
2.285 8.143329215622186e-09
2.29 8.12259247189158e-09
2.295 8.112671772035058e-09
2.3000000000000003 8.261786809935231e-09
2.305 8.146921762106446e-09
2.31 8.318464732455907e-09
2.315 8.079313829552508e-09
2.32 8.254425134720616e-09
2.325 8.023673729351395e-09
2.33 8.102944842319073e-09
2.335 8.192398057310047e-09
2.34 8.234815576357353e-09
2.345 8.163002275753684e-09
2.35 8.280978107679696e-09
2.355 8.061051615439364e-09
2.36 8.122944189852553e-09
2.365 8.156617105828983e-09
2.37 8.055987395875569e-09
2.375 7.867279711995386e-09
2.38 8.013185569887739e-09
2.3850000000000002 8.062287810306942e-09
2.39 7.947390826021119e-09
2.395 7.973555067943348e-09
2.4 7.985175156057924e-09
2.4050000000000002 8.013940377113993e-09
2.41 7.849954305484649e-09
2.415 7.898805943026049e-09
2.42 7.91660370157451e-09
2.4250000000000003 7.953070989029176e-09
2.43 8.022378318552012e-09
2.435 7.624747822767158e-09
2.44 8.163281100244836e-09
2.445 7.815820747816571e-09
2.45 7.976572102693586e-09
2.455 7.93298419425913e-09
2.46 7.814093024427856e-09
2.465 7.78872678066017e-09
2.47 7.58156652616985e-09
2.475 7.86071014091429e-09
2.48 7.779847711201429e-09
2.485 7.595420484636875e-09
2.49 7.735714908238203e-09
2.495 7.684239087949889e-09
2.5 7.617875839928519e-09
2.505 7.776078276561157e-09
2.5100000000000002 7.519514607746796e-09
2.515 7.863205146011842e-09
2.52 7.636069275306723e-09
2.525 7.742577117458502e-09
2.5300000000000002 7.800924892840127e-09
2.535 7.752114456381654e-09
2.54 7.672760801386778e-09
2.545 7.605955507326978e-09
2.5500000000000003 7.568948770443e-09
2.555 7.707838591388464e-09
2.56 7.808273588351253e-09
2.565 7.539732077306332e-09
2.57 7.833886034717277e-09
2.575 7.810762458119854e-09
2.58 7.477018007074483e-09
2.585 7.832047127085613e-09
2.59 7.690951114289008e-09
2.595 7.646191654360158e-09
2.6 7.515029149448866e-09
2.605 7.6736000585033e-09
2.61 7.723583002607508e-09
2.615 7.684466318123151e-09
2.62 7.542688367789625e-09
2.625 7.591526697358489e-09
2.63 7.737576549906004e-09
2.6350000000000002 7.642851248947466e-09
2.64 7.59551493491601e-09
2.645 7.493710913854602e-09
2.65 7.534128260140763e-09
2.6550000000000002 7.66881131039985e-09
2.66 7.478984650164757e-09
2.665 7.495864028694404e-09
2.67 7.529883780883679e-09
2.6750000000000003 7.805033863440786e-09
2.68 7.686057745889974e-09
2.685 7.643647101217488e-09
2.69 7.770008344059417e-09
2.695 7.608708927566461e-09
2.7 7.707517203600994e-09
2.705 7.545327891176573e-09
2.71 7.61459843021972e-09
2.715 7.733109324275703e-09
2.72 7.71029778659851e-09
2.725 7.616978909360784e-09
2.73 7.671628850744124e-09
2.735 7.470966513392665e-09
2.74 7.659605805490359e-09
2.745 7.569439045612144e-09
2.75 7.595322623728875e-09
2.755 7.559770436089153e-09
2.7600000000000002 7.576976719293071e-09
2.765 7.4417130555836595e-09
2.77 7.479921156191593e-09
2.775 7.436693162392118e-09
2.7800000000000002 7.4477601012709055e-09
2.785 7.596867942955776e-09
2.79 7.659895235612599e-09
2.795 7.474464032939088e-09
2.8000000000000003 7.589405450650287e-09
2.805 7.582602470988264e-09
2.81 7.498523064282298e-09
2.815 7.566425396458363e-09
2.82 7.553201808762349e-09
2.825 7.661863008294066e-09
2.83 7.531858691179982e-09
2.835 7.638695339355667e-09
2.84 7.775466558352793e-09
2.845 7.753096791392044e-09
2.85 7.58258383959091e-09
2.855 7.67285138863732e-09
2.86 7.690610806070309e-09
2.865 7.765730036640638e-09
2.87 7.633292415849552e-09
2.875 7.845645734576327e-09
2.88 7.588347544618857e-09
2.8850000000000002 7.74146509655937e-09
2.89 7.692348788450402e-09
2.895 7.53690096289063e-09
2.9 7.495279746406902e-09
2.9050000000000002 7.646922514394101e-09
2.91 7.592933845196253e-09
2.915 7.4769092789483e-09
2.92 7.6818740488655e-09
2.9250000000000003 7.637591377229641e-09
2.93 7.751245826281963e-09
2.935 7.506119525061158e-09
2.94 7.49758255809153e-09
2.945 7.752338510476414e-09
2.95 7.853498054233386e-09
2.955 7.678594338423468e-09
2.96 7.637328861129425e-09
2.965 7.75321408371543e-09
2.97 7.658862490847303e-09
2.975 7.589394269384741e-09
2.98 7.574647267407641e-09
2.985 7.721538647102154e-09
2.99 7.608095345931291e-09
2.995 7.731225720143475e-09
3.0 7.759773055159818e-09
3.005 7.629265408363355e-09
3.0100000000000002 7.622684400055646e-09
3.015 7.623024407741378e-09
3.02 7.660413618661257e-09
3.025 7.732108413087591e-09
3.0300000000000002 7.820843170910256e-09
3.035 7.817542350020138e-09
3.04 7.669829081959704e-09
3.045 7.665025041615744e-09
3.0500000000000003 7.580158852953348e-09
3.055 7.748722361451727e-09
3.06 7.803092177444674e-09
3.065 7.772728947994673e-09
3.0700000000000003 7.825784615174105e-09
3.075 7.748881358600954e-09
3.08 8.008959772012878e-09
3.085 7.77834947693632e-09
3.09 7.976748720945398e-09
3.095 7.932409107668615e-09
3.1 7.886289702834298e-09
3.105 7.893524855985399e-09
3.11 7.798965880063859e-09
3.115 7.831810624372767e-09
3.12 7.871316678249135e-09
3.125 7.823836843408662e-09
3.13 7.866057578943791e-09
3.1350000000000002 8.019900840920873e-09
3.14 7.895880694752833e-09
3.145 7.909071358700513e-09
3.15 7.95037782614651e-09
3.1550000000000002 7.849482585292576e-09
3.16 7.856355420889702e-09
3.165 7.84616041472816e-09
3.17 7.95104865602684e-09
3.1750000000000003 7.990392551406552e-09
3.18 7.919079083989441e-09
3.185 8.032474843816534e-09
3.19 8.077449395228276e-09
3.1950000000000003 7.99650249329468e-09
3.2 8.046068584564573e-09
3.205 7.894937621251212e-09
3.21 7.934359934251422e-09
3.215 8.10016122921968e-09
3.22 8.150680162074998e-09
3.225 8.185988992489211e-09
3.23 8.190201929381782e-09
3.235 8.073428073808555e-09
3.24 8.174254487363456e-09
3.245 8.324259495237523e-09
3.25 8.138503359328504e-09
3.255 8.184842947964342e-09
3.2600000000000002 8.139340481972984e-09
3.265 8.236037921469043e-09
3.27 8.14693984104301e-09
3.275 8.241623702286254e-09
3.2800000000000002 8.169657507456108e-09
3.285 8.40693818271989e-09
3.29 8.471258347246889e-09
3.295 8.303192768317752e-09
3.3000000000000003 8.373455368187742e-09
3.305 8.227169839242543e-09
3.31 8.242546877952582e-09
3.315 8.317735359694694e-09
3.3200000000000003 8.439690576352283e-09
3.325 8.419981603726532e-09
3.33 8.367739941137178e-09
3.335 8.56405069901814e-09
3.34 8.47798901335826e-09
3.345 8.556352788272168e-09
3.35 8.525690950095106e-09
3.355 8.53547624428419e-09
3.36 8.688520882639398e-09
3.365 8.545813316054784e-09
3.37 8.46895808299077e-09
3.375 8.477930448561655e-09
3.38 8.65339222211368e-09
3.3850000000000002 8.518994874073946e-09
3.39 8.652144961400479e-09
3.395 8.757332182191101e-09
3.4 8.53429099977735e-09
3.4050000000000002 8.691395496368887e-09
3.41 8.616788045960506e-09
3.415 8.727921137509827e-09
3.42 8.716214859606626e-09
3.4250000000000003 8.632992153788138e-09
3.43 8.635875098288885e-09
3.435 8.78431956362328e-09
3.44 8.761190538933683e-09
3.4450000000000003 8.744148618812542e-09
3.45 8.847718108878032e-09
3.455 8.919340726333156e-09
3.46 8.894429091850692e-09
3.465 8.815110698849225e-09
3.47 8.99297302895761e-09
3.475 8.969663015095557e-09
3.48 8.978418746421183e-09
3.485 8.97245531237027e-09
3.49 8.952172222268797e-09
3.495 9.062561560525896e-09
3.5 9.002879645567376e-09
3.505 8.85770820490488e-09
3.5100000000000002 9.011269667372212e-09
3.515 9.09543865381996e-09
3.52 9.105365641827708e-09
3.525 9.009578759888269e-09
3.5300000000000002 9.019054993840676e-09
3.535 8.96776337972e-09
3.54 9.130065924170481e-09
3.545 9.193120170473955e-09
3.5500000000000003 9.165205998259126e-09
3.555 9.151530347094897e-09
3.56 9.181026956324242e-09
3.565 9.352344056141051e-09
3.5700000000000003 9.338342270096927e-09
3.575 9.216475887721864e-09
3.58 9.248677861249161e-09
3.585 9.269322683025551e-09
3.59 9.313349922497697e-09
3.595 9.29295826375873e-09
3.6 9.517675837388212e-09
3.605 9.368364486076089e-09
3.61 9.519843546882855e-09
3.615 9.446978482303895e-09
3.62 9.52720231030103e-09
3.625 9.546518419419775e-09
3.63 9.485149655710424e-09
3.6350000000000002 9.421624802946511e-09
3.64 9.529445265709254e-09
3.645 9.514940377859716e-09
3.65 9.621693101170722e-09
3.6550000000000002 9.679153550608837e-09
3.66 9.700641304456032e-09
3.665 9.766274496870424e-09
3.67 9.734204877293247e-09
3.6750000000000003 9.825441257661732e-09
3.68 9.649439829921411e-09
3.685 9.70771688800404e-09
3.69 9.876177460056218e-09
3.6950000000000003 9.794245925167255e-09
3.7 9.674670028972093e-09
3.705 9.888762105029088e-09
3.71 9.896009237499471e-09
3.715 9.825470787343205e-09
3.72 9.953171680450372e-09
3.725 9.84573460946584e-09
3.73 9.877597489849167e-09
3.735 9.962023859510021e-09
3.74 9.945004630516543e-09
3.745 1.0085424814604888e-08
3.75 1.0135046421864039e-08
3.755 9.997426436908387e-09
3.7600000000000002 1.0039010076848111e-08
3.765 1.0031484002219092e-08
3.77 1.0044629786273174e-08
3.775 1.009531321983412e-08
3.7800000000000002 1.0202930262948792e-08
3.785 1.0121520790803099e-08
3.79 1.0220898073560555e-08
3.795 1.0233091864282656e-08
3.8000000000000003 1.0169941891252445e-08
3.805 1.0254863054971011e-08
3.81 1.0246750211069763e-08
3.815 1.0378913803133318e-08
3.8200000000000003 1.0256948699787741e-08
3.825 1.0237416302438146e-08
3.83 1.0389952263841507e-08
3.835 1.034439766480071e-08
3.84 1.0403938193965407e-08
3.845 1.0418506842683298e-08
3.85 1.043375583050219e-08
3.855 1.041570079558658e-08
3.86 1.0487033518275201e-08
3.865 1.0488902031984302e-08
3.87 1.054020355174569e-08
3.875 1.049935569743311e-08
3.88 1.0433690929961359e-08
3.8850000000000002 1.0504150112239437e-08
3.89 1.0557554473550248e-08
3.895 1.058092675767598e-08
3.9 1.0618989962091804e-08
3.9050000000000002 1.0601347021708788e-08
3.91 1.0587703615168908e-08
3.915 1.0646435476078072e-08
3.92 1.0517829161603717e-08
3.9250000000000003 1.0678636302910247e-08
3.93 1.07538059995773e-08
3.935 1.0679978246598087e-08
3.94 1.0698450242500681e-08
3.9450000000000003 1.0784903721732681e-08
3.95 1.0770137205377862e-08
3.955 1.0810437910725981e-08
3.96 1.0842395027318702e-08
3.9650000000000003 1.0900044882409585e-08
3.97 1.0743973528823328e-08
3.975 1.0956350163199743e-08
3.98 1.083712414263675e-08
3.985 1.1001286852271148e-08
3.99 1.0854491207868215e-08
3.995 1.0918947152884009e-08
4.0 1.0979571169295102e-08
4.005 1.1051672891499457e-08
4.01 1.0943118240790948e-08
4.015 1.0986186387790907e-08
4.0200000000000005 1.1005371248530725e-08
4.025 1.0972623299779345e-08
4.03 1.0893424745036987e-08
4.035 1.0975370482052005e-08
4.04 1.1008161890000745e-08
4.045 1.1026287692641465e-08
4.05 1.1046171470367744e-08
4.055 1.1022762388689064e-08
4.0600000000000005 1.1063612859596565e-08
4.065 1.1137929390602036e-08
4.07 1.1150925438022652e-08
4.075 1.1188014591928041e-08
4.08 1.1136131430424515e-08
4.085 1.1301475272845324e-08
4.09 1.1207095830840747e-08
4.095 1.1212036904465526e-08
4.1 1.1265134699768886e-08
4.105 1.1117216696090173e-08
4.11 1.1231183269294854e-08
4.115 1.1200139853526175e-08
4.12 1.1186293664170655e-08
4.125 1.1204999644824717e-08
4.13 1.1300753769432375e-08
4.135 1.1240610676123722e-08
4.14 1.131466652487882e-08
4.1450000000000005 1.1205890623773372e-08
4.15 1.131963935235176e-08
4.155 1.1237402632873649e-08
4.16 1.1394043461428813e-08
4.165 1.1438375881821348e-08
4.17 1.135903441375277e-08
4.175 1.1245913092784896e-08
4.18 1.1362625527209888e-08
4.1850000000000005 1.1326333547699514e-08
4.19 1.1375986473645789e-08
4.195 1.1312573603694273e-08
4.2 1.1378149083296465e-08
4.205 1.1346701989745376e-08
4.21 1.1426985103832993e-08
4.215 1.1260155972416832e-08
4.22 1.1388598721233455e-08
4.225 1.1327744781722565e-08
4.23 1.1536115484890546e-08
4.235 1.1356552835459481e-08
4.24 1.146408506457833e-08
4.245 1.1381523383499634e-08
4.25 1.137773946074439e-08
4.255 1.1341002694916616e-08
4.26 1.1333947767128697e-08
4.265 1.1426529275958997e-08
4.2700000000000005 1.1457077959501361e-08
4.275 1.137924651640716e-08
4.28 1.140634887703854e-08
4.285 1.143138704764152e-08
4.29 1.1416214391713946e-08
4.295 1.1482522674300069e-08
4.3 1.1401856782770173e-08
4.305 1.1443982043398058e-08
4.3100000000000005 1.153448831421085e-08
4.315 1.1409945712778718e-08
4.32 1.1397606385619213e-08
4.325 1.143598488298613e-08
4.33 1.1411228809652654e-08
4.335 1.150609047657426e-08
4.34 1.1405047603945903e-08
4.345 1.1358154056242345e-08
4.3500000000000005 1.141833745485887e-08
4.355 1.138881727119533e-08
4.36 1.1313074815730322e-08
4.365 1.1396173436655507e-08
4.37 1.1245921663882672e-08
4.375 1.1411780421049731e-08
4.38 1.1432659685202208e-08
4.385 1.1351891919946016e-08
4.39 1.1294653162398315e-08
4.3950000000000005 1.1331621638991344e-08
4.4 1.1183961701587173e-08
4.405 1.1325482990896431e-08
4.41 1.1279665687936259e-08
4.415 1.1187467866642367e-08
4.42 1.1221656868380397e-08
4.425 1.1242275302500563e-08
4.43 1.1176582868743256e-08
4.4350000000000005 1.135540167764624e-08
4.44 1.1125473993766075e-08
4.445 1.1158299076496847e-08
4.45 1.1207228090753329e-08
4.455 1.1250909916505317e-08
4.46 1.112791883727445e-08
4.465 1.1131791752419434e-08
4.47 1.1238752424729479e-08
4.4750000000000005 1.1115268395748765e-08
4.48 1.1081379907860268e-08
4.485 1.1018318109027755e-08
4.49 1.112836322561133e-08
4.495 1.1080638324063414e-08
4.5 1.1016752774484005e-08
4.505 1.0937590263920041e-08
4.51 1.0928879694070488e-08
4.515 1.0923905243176458e-08
4.5200000000000005 1.10168409075195e-08
4.525 1.085123287122039e-08
4.53 1.075454316580855e-08
4.535 1.0884701433548122e-08
4.54 1.0835479286622208e-08
4.545 1.0768720992879475e-08
4.55 1.077852785852405e-08
4.555 1.0815587828617703e-08
4.5600000000000005 1.0584570475816103e-08
4.565 1.0692941096009301e-08
4.57 1.060047776469515e-08
4.575 1.0626128133886024e-08
4.58 1.0604474227118237e-08
4.585 1.0516876129788595e-08
4.59 1.0571126445279896e-08
4.595 1.0679648414889454e-08
4.6000000000000005 1.0597940545972664e-08
4.605 1.0473179650453274e-08
4.61 1.032679303651975e-08
4.615 1.0386656633202708e-08
4.62 1.0468084551054833e-08
4.625 1.0268033626471256e-08
4.63 1.030275192216008e-08
4.635 1.0196193658189039e-08
4.64 1.031938029880407e-08
4.6450000000000005 1.0243461943334928e-08
4.65 1.0037768110976532e-08
4.655 1.0118520820576314e-08
4.66 1.0175359381304486e-08
4.665 1.0081756858223395e-08
4.67 1.0087008609772102e-08
4.675 9.912868260289799e-09
4.68 9.929104099471368e-09
4.6850000000000005 1.0035918223482556e-08
4.69 9.893295732250887e-09
4.695 9.8958629023621e-09
4.7 9.843081976068226e-09
4.705 9.847116611459713e-09
4.71 9.68103560462781e-09
4.715 9.722627326026225e-09
4.72 9.566937887820428e-09
4.7250000000000005 9.67311512887601e-09
4.73 9.578626459752016e-09
4.735 9.535227159598082e-09
4.74 9.471058498762157e-09
4.745 9.436185338196428e-09
4.75 9.478247353580396e-09
4.755 9.409089544313108e-09
4.76 9.365038760161674e-09
4.765 9.262660433925204e-09
4.7700000000000005 9.269334116118647e-09
4.775 9.185083900363266e-09
4.78 9.113412118490164e-09
4.785 9.133714479551378e-09
4.79 9.102041128940862e-09
4.795 8.945890121045833e-09
4.8 9.023014201380916e-09
4.805 8.919239200354252e-09
4.8100000000000005 8.800077220439543e-09
4.815 8.770805629887388e-09
4.82 8.736455530105059e-09
4.825 8.826507469761776e-09
4.83 8.623493096718479e-09
4.835 8.665545330926182e-09
4.84 8.530450034679864e-09
4.845 8.545935362287268e-09
4.8500000000000005 8.421563015161439e-09
4.855 8.55429947999159e-09
4.86 8.546965959207513e-09
4.865 8.379794126752255e-09
4.87 8.353208547829733e-09
4.875 8.380345190181466e-09
4.88 8.229447095445106e-09
4.885 8.222233455733556e-09
4.89 8.04163565041397e-09
4.8950000000000005 8.05868045431358e-09
4.9 7.974509908755455e-09
4.905 7.999694482405555e-09
4.91 7.917323779568195e-09
4.915 7.850823344327086e-09
4.92 7.867924104432666e-09
4.925 7.750058375788321e-09
4.93 7.793167530780363e-09
4.9350000000000005 7.654884765991938e-09
4.94 7.685616608922224e-09
4.945 7.666074666999733e-09
4.95 7.631419636052092e-09
4.955 7.427435251620855e-09
4.96 7.49167711422389e-09
4.965 7.556600999550677e-09
4.97 7.414053108479799e-09
4.9750000000000005 7.30515695053853e-09
4.98 7.2404343484467675e-09
4.985 7.2713238759987425e-09
4.99 7.101506091181769e-09
4.995 7.185726283890447e-09
5.0 7.100258773935815e-09
5.005 7.0949718783383295e-09
5.01 6.99598105864799e-09
5.015 6.915215143841806e-09
5.0200000000000005 6.967546144064515e-09
5.025 6.811246407609575e-09
5.03 6.8704392521231616e-09
5.035 6.8174145370821674e-09
5.04 6.7310314721007085e-09
5.045 6.654445722318827e-09
5.05 6.739751079764084e-09
5.055 6.6418925949910604e-09
5.0600000000000005 6.645255215543537e-09
5.065 6.530318771934169e-09
5.07 6.423643982534709e-09
5.075 6.421859875248671e-09
5.08 6.363927668523181e-09
5.085 6.312552094391526e-09
5.09 6.299605919055331e-09
5.095 6.3006253287983445e-09
5.1000000000000005 6.162659203959044e-09
5.105 6.171521820923963e-09
5.11 6.118911555065298e-09
5.115 6.1245157873936514e-09
5.12 6.0644598251861515e-09
5.125 6.068388393436376e-09
5.13 6.0500756330279724e-09
5.135 5.965951305602182e-09
5.14 5.86358924718266e-09
5.1450000000000005 5.797730736152946e-09
5.15 5.883967783753762e-09
5.155 5.8558849131155816e-09
5.16 5.720727637600567e-09
5.165 5.743600189404562e-09
5.17 5.67898353192564e-09
5.175 5.623959000822511e-09
5.18 5.587616242672549e-09
5.1850000000000005 5.618884045107248e-09
5.19 5.595881718572869e-09
5.195 5.539777757673839e-09
5.2 5.425739827176089e-09
5.205 5.465520819314874e-09
5.21 5.397137898713877e-09
5.215 5.317204277205081e-09
5.22 5.391210411707232e-09
5.2250000000000005 5.284648703895843e-09
5.23 5.302567296750165e-09
5.235 5.25209057963098e-09
5.24 5.182405016481726e-09
5.245 5.158421092378661e-09
5.25 5.082095112027315e-09
5.255 5.131524053221906e-09
5.26 5.101159877134146e-09
5.265 5.083044683491149e-09
5.2700000000000005 5.05794151897651e-09
5.275 5.037639765395203e-09
5.28 4.970223645279477e-09
5.285 4.962260603276747e-09
5.29 4.8842432005721044e-09
5.295 4.933780680101341e-09
5.3 4.893415141278579e-09
5.305 4.803653503896821e-09
5.3100000000000005 4.781722947576512e-09
5.315 4.762667569752011e-09
5.32 4.754744289336114e-09
5.325 4.7258127958841175e-09
5.33 4.69415987400161e-09
5.335 4.662904567985365e-09
5.34 4.65457741969592e-09
5.345 4.6385297557359616e-09
5.3500000000000005 4.677023371270819e-09
5.355 4.517897894099575e-09
5.36 4.629573154556786e-09
5.365 4.495160048708464e-09
5.37 4.479784128841102e-09
5.375 4.481726277795144e-09
5.38 4.3864791916518105e-09
5.385 4.3859226497731404e-09
5.39 4.3876618943810125e-09
5.3950000000000005 4.425078526795099e-09
5.4 4.272215338925253e-09
5.405 4.337783011966755e-09
5.41 4.27869542644449e-09
5.415 4.255263902930773e-09
5.42 4.196236607869511e-09
5.425 4.2875208176065215e-09
5.43 4.185895760963907e-09
5.4350000000000005 4.161630324843039e-09
5.44 4.11555434605832e-09
5.445 4.149701398028547e-09
5.45 4.1122234970372375e-09
5.455 4.114075898059122e-09
5.46 4.108022426287707e-09
5.465 4.0532128327806035e-09
5.47 4.017798384198022e-09
5.4750000000000005 4.028372608132224e-09
5.48 3.996388384362625e-09
5.485 4.016514472142753e-09
5.49 3.9311743340001795e-09
5.495 3.895655161632659e-09
5.5 3.886350380480295e-09
5.505 3.9028363873157e-09
5.51 3.80463495457832e-09
5.515 3.871076688335276e-09
5.5200000000000005 3.830276909933403e-09
5.525 3.788635007338654e-09
5.53 3.81377265817906e-09
5.535 3.773682588362927e-09
5.54 3.744160817839995e-09
5.545 3.807649017406674e-09
5.55 3.674506304920062e-09
5.555 3.6993126297815388e-09
5.5600000000000005 3.6499054868666728e-09
5.565 3.609881342904716e-09
5.57 3.6726862666861922e-09
5.575 3.6212483027379463e-09
5.58 3.6403578109227e-09
5.585 3.6384221212516184e-09
5.59 3.555707243917173e-09
5.595 3.56150718444962e-09
5.6000000000000005 3.537864674485642e-09
5.605 3.5223203716041515e-09
5.61 3.4750712896284084e-09
5.615 3.5022815505558543e-09
5.62 3.4650735471235954e-09
5.625 3.482776332770618e-09
5.63 3.4233041863405147e-09
5.635 3.379333086530783e-09
5.64 3.3861583682435744e-09
5.6450000000000005 3.3853318398450028e-09
5.65 3.432531590702889e-09
5.655 3.3836007983741654e-09
5.66 3.3557502206376966e-09
5.665 3.3829396771990868e-09
5.67 3.298899402627259e-09
5.675 3.290111475921817e-09
5.68 3.275697546063765e-09
5.6850000000000005 3.306002833890894e-09
5.69 3.210334138878853e-09
5.695 3.2834920569009685e-09
5.7 3.163644552708297e-09
5.705 3.2209546429786626e-09
5.71 3.1901013169975326e-09
5.715 3.2072803886064604e-09
5.72 3.2087097726480787e-09
5.7250000000000005 3.122203997228587e-09
5.73 3.160533809727418e-09
5.735 3.0713517495628655e-09
5.74 3.1139272081076668e-09
5.745 3.0548761680350653e-09
5.75 3.012370986182326e-09
5.755 3.100494442204802e-09
5.76 3.0847472828520456e-09
5.765 3.0172707114150206e-09
5.7700000000000005 2.997745079563071e-09
5.775 2.995479866242962e-09
5.78 2.9699630148040933e-09
5.785 2.993771200735345e-09
5.79 2.9805519461573223e-09
5.795 2.9828978490970656e-09
5.8 2.8837960604186127e-09
5.805 2.9035774609493104e-09
5.8100000000000005 2.863857754453774e-09
5.815 2.875170596453822e-09
5.82 2.8772140506990126e-09
5.825 2.8729543352531872e-09
5.83 2.8100537167669e-09
5.835 2.826795196546053e-09
5.84 2.7935574389710413e-09
5.845 2.8357095704649713e-09
5.8500000000000005 2.761454922311254e-09
5.855 2.8112902463638577e-09
5.86 2.7670112007042673e-09
5.865 2.772258896322659e-09
5.87 2.7506050924519306e-09
5.875 2.7272311859450118e-09
5.88 2.7638291331623016e-09
5.885 2.6805846087435527e-09
5.89 2.683674726429606e-09
5.8950000000000005 2.659526993873658e-09
5.9 2.655609606864361e-09
5.905 2.6862306074502974e-09
5.91 2.7052736136001633e-09
5.915 2.6142183407615332e-09
5.92 2.621982873069869e-09
5.925 2.5853608028099244e-09
5.93 2.5872528744110977e-09
5.9350000000000005 2.564040180985399e-09
5.94 2.564275070109814e-09
5.945 2.6198001142831953e-09
5.95 2.5611871226225128e-09
5.955 2.5259136440598224e-09
5.96 2.5352894444413633e-09
5.965 2.529359216804736e-09
5.97 2.4944386236105883e-09
5.9750000000000005 2.4843146246289056e-09
5.98 2.461719409803961e-09
5.985 2.471362322608443e-09
5.99 2.4286420312612483e-09
5.995 2.432488178290834e-09
6.0 2.465813359538017e-09
6.005 2.436240084254823e-09
6.01 2.425414780598325e-09
6.015000000000001 2.387727959596674e-09
6.0200000000000005 2.4025961761263875e-09
6.025 2.361895697457113e-09
6.03 2.342980226679843e-09
6.035 2.366100268509413e-09
6.04 2.341276853893963e-09
6.045 2.3789229284182742e-09
6.05 2.2848997435759207e-09
6.055 2.35737454977605e-09
6.0600000000000005 2.369350965106105e-09
6.065 2.293277833432482e-09
6.07 2.2796829952476164e-09
6.075 2.272236283933121e-09
6.08 2.2430423306106516e-09
6.085 2.260777475687245e-09
6.09 2.217886450758159e-09
6.095 2.2366338570104503e-09
6.1000000000000005 2.2348991406355085e-09
6.105 2.197258903845254e-09
6.11 2.2107066633173588e-09
6.115 2.2020353764453866e-09
6.12 2.2146585699238406e-09
6.125 2.1575756099667775e-09
6.13 2.165721965384928e-09
6.135 2.16252019156148e-09
6.140000000000001 2.127228554002757e-09
6.1450000000000005 2.102011520202733e-09
6.15 2.0955794990109167e-09
6.155 2.119012181960583e-09
6.16 2.127595334435927e-09
6.165 2.0790727007814172e-09
6.17 2.1160514387915158e-09
6.175 2.0880088718368334e-09
6.18 2.0640940024109483e-09
6.1850000000000005 2.0483377146798123e-09
6.19 2.0156701833295255e-09
6.195 2.055886445530401e-09
6.2 2.0225615655990077e-09
6.205 2.0665908056814353e-09
6.21 2.005757497284926e-09
6.215 2.0276839638781648e-09
6.22 1.9885236707381463e-09
6.2250000000000005 1.9714002145310455e-09
6.23 2.0471580849841267e-09
6.235 1.9602995052511065e-09
6.24 1.9698104959909323e-09
6.245 1.9574582067703288e-09
6.25 1.9105137387092913e-09
6.255 1.935486343699609e-09
6.26 1.903749969515674e-09
6.265000000000001 1.9392268429739704e-09
6.2700000000000005 1.9387768870989843e-09
6.275 1.8608951068553358e-09
6.28 1.9246798637893655e-09
6.285 1.8477182462095964e-09
6.29 1.8632477961190943e-09
6.295 1.8749986672960036e-09
6.3 1.9010996665496725e-09
6.305 1.866363913563148e-09
6.3100000000000005 1.8186984355428084e-09
6.315 1.8589660325053489e-09
6.32 1.8290606772090368e-09
6.325 1.8247008991210548e-09
6.33 1.8034725398841725e-09
6.335 1.839796373829556e-09
6.34 1.7614279281788172e-09
6.345 1.8007046117633684e-09
6.3500000000000005 1.7802570103764459e-09
6.355 1.7834248642117737e-09
6.36 1.7872650647789031e-09
6.365 1.795586927199155e-09
6.37 1.7828008857954793e-09
6.375 1.7481939702885103e-09
6.38 1.7979737610115957e-09
6.385 1.7290824973673872e-09
6.390000000000001 1.7176403478009916e-09
6.3950000000000005 1.7284431407995497e-09
6.4 1.6844539701730563e-09
6.405 1.7146068698176131e-09
6.41 1.6981473835996591e-09
6.415 1.6428559691459833e-09
6.42 1.6700434963292614e-09
6.425 1.7116377504100154e-09
6.43 1.650748703904463e-09
6.4350000000000005 1.6679822994864976e-09
6.44 1.626227166721277e-09
6.445 1.6507580237753343e-09
6.45 1.6432700664382622e-09
6.455 1.6173527799468536e-09
6.46 1.655264471820028e-09
6.465 1.598222209712699e-09
6.47 1.5801838637709252e-09
6.4750000000000005 1.6147907586254449e-09
6.48 1.6136527480677236e-09
6.485 1.5420785799420916e-09
6.49 1.5727027871906463e-09
6.495 1.5640457242745434e-09
6.5 1.5565502773502807e-09
6.505 1.5441393406723969e-09
6.51 1.6152003277815266e-09
6.515000000000001 1.5618224014634784e-09
6.5200000000000005 1.5162273578006594e-09
6.525 1.509885519356487e-09
6.53 1.5089696968832088e-09
6.535 1.5051086673502765e-09
6.54 1.5022722454379909e-09
6.545 1.5135757365627617e-09
6.55 1.4689121681458449e-09
6.555 1.491810109901919e-09
6.5600000000000005 1.4775432142328094e-09
6.565 1.4736566149193375e-09
6.57 1.4655572614840973e-09
6.575 1.4866214602443103e-09
6.58 1.4966381247912506e-09
6.585 1.4326502541075567e-09
6.59 1.4869176392872134e-09
6.595 1.425976589778267e-09
6.6000000000000005 1.4487370643738002e-09
6.605 1.4636256051333262e-09
6.61 1.4189948794136033e-09
6.615 1.4122539926933596e-09
6.62 1.3738500446203868e-09
6.625 1.390492202603296e-09
6.63 1.3987768694884896e-09
6.635 1.376402658771729e-09
6.640000000000001 1.4041036112645847e-09
6.6450000000000005 1.404168624702871e-09
6.65 1.3861640287482113e-09
6.655 1.3660805764732236e-09
6.66 1.4005283826281165e-09
6.665 1.3597815283488617e-09
6.67 1.3406538738844842e-09
6.675 1.3454043921498408e-09
6.68 1.33095440122866e-09
6.6850000000000005 1.357219059282351e-09
6.69 1.3384936535885605e-09
6.695 1.3050130187064722e-09
6.7 1.3083107478234618e-09
6.705 1.3060012767272284e-09
6.71 1.2816668501593754e-09
6.715 1.3462748261877363e-09
6.72 1.3373875638273196e-09
6.7250000000000005 1.2840159323722617e-09
6.73 1.2868429620897405e-09
6.735 1.2443637324048118e-09
6.74 1.2736123989064865e-09
6.745 1.2481307357566566e-09
6.75 1.2805443567791084e-09
6.755 1.3146571260486212e-09
6.76 1.251231241319477e-09
6.765000000000001 1.226872978696437e-09
6.7700000000000005 1.2643226988001407e-09
6.775 1.2570642083185574e-09
6.78 1.221024521802284e-09
6.785 1.250230216152372e-09
6.79 1.2348109147507575e-09
6.795 1.2322174309021778e-09
6.8 1.2221392718621847e-09
6.805 1.2086212839496816e-09
6.8100000000000005 1.222526642397072e-09
6.815 1.201921862840384e-09
6.82 1.2221498487883282e-09
6.825 1.2046138897321564e-09
6.83 1.2040555582499068e-09
6.835 1.1859308988986342e-09
6.84 1.1561743923069778e-09
6.845 1.1628295132163281e-09
6.8500000000000005 1.161433967760308e-09
6.855 1.1627646850333744e-09
6.86 1.154810845270022e-09
6.865 1.1579094147956413e-09
6.87 1.171048401639225e-09
6.875 1.159036080750366e-09
6.88 1.1154797010675172e-09
6.885 1.1352874214035942e-09
6.890000000000001 1.1315034190292887e-09
6.8950000000000005 1.101058527548087e-09
6.9 1.1378228921320125e-09
6.905 1.126302990793367e-09
6.91 1.0806198468769576e-09
6.915 1.0832614331577775e-09
6.92 1.1052927177894102e-09
6.925 1.090073636293491e-09
6.93 1.0332253242170222e-09
6.9350000000000005 1.1145892571117314e-09
6.94 1.0836304025350125e-09
6.945 1.0427414072166668e-09
6.95 1.0689426966465398e-09
6.955 1.03883912247394e-09
6.96 1.0676261608028408e-09
6.965 1.0438077103806938e-09
6.97 1.062525746470865e-09
6.9750000000000005 1.0457680270709802e-09
6.98 1.0558229182826136e-09
6.985 1.0541525955348248e-09
6.99 1.0480662903471246e-09
6.995 1.0726069281537933e-09
7.0 1.0412105254310102e-09
7.005 1.0263455898406665e-09
7.01 1.0052714429569945e-09
7.015000000000001 1.0145190526029009e-09
7.0200000000000005 1.0137461784397526e-09
7.025 1.0082825051916665e-09
7.03 1.0501914808029668e-09
7.035 1.0097430837540547e-09
7.04 1.0234291096429064e-09
7.045 9.904807221497843e-10
7.05 1.0741056212497422e-09
7.055 9.847769292847358e-10
7.0600000000000005 9.686302576192167e-10
7.065 9.898251875943298e-10
7.07 9.937090354901287e-10
7.075 9.832744549838947e-10
7.08 9.493923302914013e-10
7.085 9.727216702583214e-10
7.09 9.86946326050509e-10
7.095 9.68443368276459e-10
7.1000000000000005 9.807215597630523e-10
7.105 9.783856793736013e-10
7.11 9.424347885156735e-10
7.115 9.476252198518676e-10
7.12 9.583145534394209e-10
7.125 9.57625676703249e-10
7.13 9.26896647094862e-10
7.135 9.579407305292974e-10
7.140000000000001 9.333528690592308e-10
7.1450000000000005 9.278592358664766e-10
7.15 8.917468364448426e-10
7.155 9.022900506294135e-10
7.16 9.08245838121347e-10
7.165 8.902254684864172e-10
7.17 9.183192906554996e-10
7.175 8.935398928522552e-10
7.18 8.785833509943654e-10
7.1850000000000005 8.981823485238914e-10
7.19 8.93893406936058e-10
7.195 9.028397050645345e-10
7.2 8.685568290405892e-10
7.205 9.009992435655014e-10
7.21 8.667846055583827e-10
7.215 8.646332478278328e-10
7.22 8.814182085410906e-10
7.2250000000000005 8.687866966273719e-10
7.23 8.625907141049886e-10
7.235 8.665613109790729e-10
7.24 8.604414175315543e-10
7.245 8.709841398942665e-10
7.25 8.423404646147951e-10
7.255 8.611166128499615e-10
7.26 8.661770434664388e-10
7.265000000000001 8.746986139013848e-10
7.2700000000000005 8.554162055545017e-10
7.275 8.648898000378546e-10
7.28 8.378746800983914e-10
7.285 8.286277761033036e-10
7.29 8.301224503424528e-10
7.295 8.298006690554242e-10
7.3 8.178811426423386e-10
7.305 8.003214005210708e-10
7.3100000000000005 8.077764323852906e-10
7.315 8.305008679011774e-10
7.32 8.19167953897729e-10
7.325 7.983162260438053e-10
7.33 8.020020584240952e-10
7.335 8.206873326583888e-10
7.34 7.981399605264892e-10
7.345 7.843567198824146e-10
7.3500000000000005 7.891046197231952e-10
7.355 8.081993758543892e-10
7.36 7.804375340054156e-10
7.365 7.911559629056435e-10
7.37 7.899831718177825e-10
7.375 7.966185125719883e-10
7.38 7.96243848951058e-10
7.385 7.82265829559046e-10
7.390000000000001 7.749542486787547e-10
7.3950000000000005 8.092184023866789e-10
7.4 7.70098726332521e-10
7.405 7.466319289398835e-10
7.41 7.444624760915461e-10
7.415 7.806943586373641e-10
7.42 7.65322947865024e-10
7.425 7.714141047556491e-10
7.43 7.42652286277106e-10
7.4350000000000005 7.421569992819932e-10
7.44 7.358640522838019e-10
7.445 7.550942786835135e-10
7.45 7.326286946300361e-10
7.455 7.718218085593786e-10
7.46 7.64141658842264e-10
7.465 7.405264222603842e-10
7.47 7.454749525747604e-10
7.4750000000000005 7.344823299353591e-10
7.48 7.355950668205236e-10
7.485 7.270532295126453e-10
7.49 7.307463381950976e-10
7.495 6.920350732797692e-10
7.5 6.885116319763242e-10
7.505 7.147720221928153e-10
7.51 7.288605812106852e-10
7.515000000000001 6.900643207161038e-10
7.5200000000000005 7.382920081416646e-10
7.525 7.081607033046446e-10
7.53 7.164051124975217e-10
7.535 7.167199407310976e-10
7.54 7.154385464679907e-10
7.545 7.095249641020282e-10
7.55 7.262049092680627e-10
7.555 6.969943787471403e-10
7.5600000000000005 6.957512234721314e-10
7.565 7.099359094216581e-10
7.57 6.926863448085524e-10
7.575 7.09183518660741e-10
7.58 6.672583511871342e-10
7.585 7.049936620621527e-10
7.59 6.484749663519434e-10
7.595 6.854209955826716e-10
7.6000000000000005 6.730597901297979e-10
7.605 6.797845336701369e-10
7.61 6.548556108021232e-10
7.615 6.639211124685758e-10
7.62 6.318587665101772e-10
7.625 6.398860176209396e-10
7.63 6.766733104156618e-10
7.635 6.790457066022274e-10
7.640000000000001 6.633853563130317e-10
7.6450000000000005 6.44909397529043e-10
7.65 6.775828120822668e-10
7.655 6.438254081443726e-10
7.66 6.734474420713154e-10
7.665 6.447442941223697e-10
7.67 6.642726836579137e-10
7.675 6.246841130508137e-10
7.68 6.336079842619032e-10
7.6850000000000005 6.425444954177586e-10
7.69 6.249045304414299e-10
7.695 6.218671453186471e-10
7.7 6.258715379449085e-10
7.705 6.240053885975353e-10
7.71 6.353643352810605e-10
7.715 6.04811479323247e-10
7.72 6.032945202678557e-10
7.7250000000000005 6.548459369217988e-10
7.73 6.03508051856308e-10
7.735 5.978464655188096e-10
7.74 6.212250337190335e-10
7.745 6.077354066875489e-10
7.75 6.107049954986644e-10
7.755 5.797734797581078e-10
7.76 6.154901877700927e-10
7.765000000000001 6.328306620763992e-10
7.7700000000000005 6.210152321800584e-10
7.775 5.941926995468606e-10
7.78 5.814528478819441e-10
7.785 5.804185886756372e-10
7.79 5.991219126358306e-10
7.795 5.947836844991338e-10
7.8 5.933649514436551e-10
7.805000000000001 5.893818767435276e-10
7.8100000000000005 5.94745432621041e-10
7.815 5.600242714665459e-10
7.82 5.721267447284124e-10
7.825 5.793084627819146e-10
7.83 5.868028275483435e-10
7.835 5.552795451807194e-10
7.84 5.715878690866005e-10
7.845 5.919688692460439e-10
7.8500000000000005 5.911852268588649e-10
7.855 5.932431563214139e-10
7.86 5.61269142890646e-10
7.865 5.763340176803432e-10
7.87 5.536700554413956e-10
7.875 5.47240311383418e-10
7.88 5.522091898401372e-10
7.885 5.564884233101643e-10
7.890000000000001 5.803105855913987e-10
7.8950000000000005 5.515723288595322e-10
7.9 5.483850983988418e-10
7.905 5.943411148418497e-10
7.91 5.61604664642177e-10
7.915 5.482775012457123e-10
7.92 5.813956765661275e-10
7.925 5.479542357380941e-10
7.930000000000001 5.441622048704596e-10
7.9350000000000005 5.56237375714874e-10
7.94 5.330815773094271e-10
7.945 5.358250653795249e-10
7.95 5.542553903952307e-10
7.955 5.428771208684044e-10
7.96 5.341109468132019e-10
7.965 5.478803068245964e-10
7.97 5.425447016573748e-10
7.9750000000000005 5.507622607672548e-10
7.98 5.81310123552531e-10
7.985 5.139874236881049e-10
7.99 5.250304544202899e-10
7.995 5.270301005595919e-10
8.0 5.530199928414103e-10
8.25 2.411848216446899e-08
8.5 2.058247975989411e-08
8.75 1.760257733398458e-08
9.0 1.534279569654978e-08
9.25 1.339724386660666e-08
9.5 1.1374465322729045e-08
9.75 9.875786713056535e-09
10.0 8.720225043767033e-09
10.25 7.473672787642186e-09
10.5 6.609552249484914e-09
10.75 5.767499209467818e-09
11.0 4.992999903904688e-09
11.25 4.559866354656475e-09
11.5 3.943643973945374e-09
11.75 3.440361675456708e-09
12.0 3.1000435138940277e-09
12.25 2.8026710232605055e-09
12.5 2.4504297938096025e-09
12.75 2.2293760500009752e-09
13.0 1.9729175698622728e-09
13.25 1.7824228485042405e-09
13.5 1.5515986315726842e-09
13.75 1.4503764734931828e-09
14.0 1.33119613129193e-09
14.25 1.1817841814621373e-09
14.5 1.0481828086943687e-09
14.75 9.547592355435047e-10
15.0 8.601085149614961e-10
15.25 8.216051420923463e-10
15.5 7.150401925487371e-10
15.75 6.730402137234668e-10
16.0 5.901239062634736e-10
16.25 5.182107140273417e-10
16.5 4.677498454659714e-10
16.75 4.4553670486505835e-10
17.0 4.102581368585345e-10
17.25 3.513568942824558e-10
17.5 3.2436485519001804e-10
17.75 3.165644723855372e-10
18.0 2.8377962889942217e-10
18.25 2.4908687662235513e-10
18.5 2.206532078706882e-10
18.75 2.187053823819184e-10
19.0 2.0849036146159177e-10
19.25 2.0759319920810755e-10
19.5 1.8795099018495122e-10
19.75 1.565958285048955e-10
