0.125 1.2442080986280933e-07
0.375 2.577333117125274e-07
0.625 2.3518307315716982e-07
0.875 1.438299219812772e-07
1.125 9.28745547632903e-08
1.375 7.674599334731792e-08
1.625 7.245252053462099e-08
1.875 7.017682389533947e-08
2.125 6.735176749587585e-08
2.375 6.300555303069299e-08
2.625 5.742087975748952e-08
2.875 5.1026519549821063e-08
3.125 4.3505234459650694e-08
3.375 3.6474371630885474e-08
3.625 2.932128856087735e-08
3.875 2.33241057443334e-08
4.125 1.8011588032308342e-08
4.375 1.4137761153052541e-08
4.625 1.1065563471003974e-08
4.875 8.847460517987763e-09
5.125 7.146407201166945e-09
5.375 5.827342303281876e-09
5.625 4.80764701888264e-09
5.875 4.028611103448453e-09
6.125 3.42006558652458e-09
6.375 2.8541878972368518e-09
6.625 2.3806809550691737e-09
6.875 2.022070850893359e-09
7.125 1.7209898518018893e-09
7.375 1.4591961653547785e-09
7.625 1.2161240573680838e-09
7.875 1.0828992483314773e-09
8.125 8.817981853397545e-10
8.375 7.769796720909846e-10
8.625 6.820566284782779e-10
8.875 5.784210659505103e-10
9.125 4.917149955721414e-10
9.375 4.309159148948405e-10
9.625 3.818693503037231e-10
9.875 3.1783713106133445e-10
10.125 2.835613398842547e-10
10.375 2.523429997818206e-10
10.625 2.4015560118954995e-10
10.875 1.9890448380019345e-10
11.125 1.6584337507053983e-10
11.375 1.4165434405632107e-10
11.625 1.236759433784621e-10
11.875 1.0697819303474875e-10
12.125 9.602946320531058e-11
12.375 8.925061420964944e-11
12.625 7.565234897672927e-11
12.875 6.75145810852607e-11
13.125 5.4293857335450565e-11
13.375 4.612025901222976e-11
13.625 4.252732501053113e-11
13.875 3.78892461691799e-11
14.125 4.248600416160637e-11
14.375 3.8700344785707164e-11
14.625 3.360288130580056e-11
14.875 2.4251407306541837e-11
15.125 2.3845662556346206e-11
15.375 2.1988624666926428e-11
15.625 1.8653040834118152e-11
15.875 2.2825241555343423e-11
16.125 1.4595364015788812e-11
16.375 1.3430173372115408e-11
16.625 9.454082722545389e-12
16.875 1.1838797919297089e-11
17.125 9.880470205800186e-12
17.375 1.0931508331017558e-11
17.625 9.176273973129807e-12
17.875 8.834983199645724e-12
18.125 2.577290019542721e-12
18.375 7.55823098662496e-12
18.625 4.188390361462644e-12
18.875 3.4297493663659013e-12
19.125 6.553023449883169e-13
19.375 3.706225888749363e-12
19.625 2.3182862124980028e-12
19.875 3.360413399875509e-12
20.125 2.2660867363108384e-12
20.375 2.707479985998331e-12
20.625 3.1905752132522852e-12
20.875 2.5179248406250845e-12
21.125 1.6087819494383553e-12
21.375 2.3383899521723553e-12
21.625 1.4929508806696879e-12
21.875 1.071710988389343e-12
22.125 1.7924933748100428e-12
22.375 3.3286749489230397e-12
22.625 0.0
22.875 0.0
23.125 1.2443200640996004e-12
23.375 0.0
23.625 1.207180691612326e-12
23.875 0.0
24.125 0.0
24.375 8.641993325141859e-13
24.625 0.0
24.875 0.0
25.125 0.0
25.375 0.0
25.625 1.4851616764229478e-12
25.875 0.0
26.125 0.0
26.375 0.0
26.625 0.0
26.875 0.0
27.125 0.0
27.375 1.1517209741167068e-12
27.625 0.0
27.875 1.2225467665332994e-12
28.125 0.0
28.375 1.6093702436920953e-12
28.625 1.5928126516742104e-12
28.875 0.0
29.125 0.0
29.375 0.0
29.625 0.0
29.875 0.0
30.125 0.0
30.375 0.0
30.625 0.0
30.875 0.0
31.125 0.0
31.375 0.0
31.625 0.0
31.875 1.8578616494346678e-12
32.125 0.0
32.375 0.0
32.625 0.0
32.875 0.0
33.125 0.0
33.375 0.0
33.625 0.0
33.875 0.0
34.125 0.0
34.375 0.0
34.625 0.0
34.875 0.0
35.125 0.0
35.375 0.0
35.625 0.0
35.875 0.0
36.125 0.0
36.375 0.0
36.625 0.0
36.875 0.0
37.125 0.0
37.375 0.0
37.625 0.0
37.875 0.0
38.125 0.0
38.375 0.0
38.625 0.0
38.875 0.0
39.125 0.0
39.375 0.0
39.625 0.0
39.875 0.0
40.125 0.0
40.375 0.0
40.625 0.0
40.875 0.0
41.125 0.0
41.375 0.0
41.625 0.0
41.875 0.0
42.125 0.0
42.375 0.0
42.625 0.0
42.875 0.0
43.125 0.0
43.375 0.0
43.625 0.0
43.875 0.0
44.125 0.0
44.375 0.0
44.625 0.0
44.875 0.0
45.125 0.0
45.375 0.0
45.625 0.0
45.875 0.0
46.125 0.0
46.375 0.0
46.625 0.0
46.875 0.0
47.125 0.0
47.375 0.0
47.625 0.0
47.875 0.0
48.125 0.0
48.375 0.0
48.625 0.0
48.875 0.0
49.125 0.0
49.375 0.0
49.625 0.0
49.875 0.0
50.125 0.0
50.375 0.0
50.625 0.0
50.875 0.0
51.125 0.0
51.375 0.0
51.625 0.0
51.875 0.0
52.125 0.0
52.375 0.0
52.625 0.0
52.875 0.0
53.125 0.0
53.375 0.0
53.625 0.0
53.875 0.0
54.125 0.0
54.375 0.0
54.625 0.0
54.875 0.0
55.125 0.0
55.375 0.0
55.625 0.0
55.875 0.0
56.125 0.0
56.375 0.0
56.625 0.0
56.875 0.0
57.125 0.0
57.375 0.0
57.625 0.0
57.875 0.0
58.125 0.0
58.375 0.0
58.625 0.0
58.875 0.0
59.125 0.0
59.375 0.0
59.625 0.0
59.875 0.0
60.125 0.0
60.375 0.0
60.625 0.0
60.875 0.0
61.125 0.0
61.375 0.0
61.625 0.0
61.875 0.0
62.125 0.0
62.375 0.0
62.625 0.0
62.875 0.0
63.125 0.0
63.375 0.0
63.625 0.0
63.875 0.0
64.125 0.0
64.375 0.0
64.625 0.0
64.875 0.0
65.125 0.0
65.375 0.0
65.625 0.0
65.875 0.0
66.125 0.0
66.375 0.0
66.625 0.0
66.875 0.0
67.125 0.0
67.375 0.0
67.625 0.0
67.875 0.0
68.125 0.0
68.375 0.0
68.625 0.0
68.875 0.0
69.125 0.0
69.375 0.0
69.625 0.0
69.875 0.0
70.125 0.0
70.375 0.0
70.625 0.0
70.875 0.0
71.125 0.0
71.375 0.0
71.625 0.0
71.875 0.0
72.125 0.0
72.375 0.0
72.625 0.0
72.875 0.0
73.125 0.0
73.375 0.0
73.625 0.0
73.875 0.0
74.125 0.0
74.375 0.0
74.625 0.0
74.875 0.0
75.125 0.0
75.375 0.0
75.625 0.0
75.875 0.0
76.125 0.0
76.375 0.0
76.625 0.0
76.875 0.0
77.125 0.0
77.375 0.0
77.625 0.0
77.875 0.0
78.125 0.0
78.375 0.0
78.625 0.0
78.875 0.0
79.125 0.0
79.375 0.0
79.625 0.0
