0.125 4.161572399270188e-08
0.375 4.4008885501802336e-08
0.625 3.896736956132351e-08
0.875 3.550384573333708e-08
1.125 3.425389414420594e-08
1.375 3.3119090565206844e-08
1.625 3.197546512677151e-08
1.875 3.016398699877146e-08
2.125 2.8203641759385227e-08
2.375 2.5799603954753362e-08
2.625 2.3253525416915177e-08
2.875 2.0616199917904417e-08
3.125 1.777496357912313e-08
3.375 1.5533589482588247e-08
3.625 1.3269345572454031e-08
3.875 1.1566148040424123e-08
4.125 9.913632110573577e-09
4.375 8.492393893916256e-09
4.625 7.353312608868723e-09
4.875 6.298288879815686e-09
5.125 5.384089010365481e-09
5.375 4.660993803697334e-09
5.625 4.045498711499036e-09
5.875 3.4571341112350286e-09
6.125 3.011375294102629e-09
6.375 2.546867662476466e-09
6.625 2.2594070227932137e-09
6.875 1.9115004968451026e-09
7.125 1.6658601431083122e-09
7.375 1.4908039054457771e-09
7.625 1.2701851612369654e-09
7.875 1.1181824145154069e-09
8.125 9.763744864751964e-10
8.375 8.499145677685027e-10
8.625 7.418263204402708e-10
8.875 6.429433708679883e-10
9.125 5.695121883437301e-10
9.375 5.084442727990167e-10
9.625 4.2913679783990643e-10
9.875 3.9623387863069095e-10
10.125 3.3321463397281523e-10
10.375 3.231953408882903e-10
10.625 2.7028925189144315e-10
10.875 2.486251922007389e-10
11.125 2.0893224083744838e-10
11.375 1.9939427719662805e-10
11.625 1.80285209536259e-10
11.875 1.496152165453295e-10
12.125 1.3925162280238735e-10
12.375 1.2640090821256252e-10
12.625 9.864075193354249e-11
12.875 8.975912093943705e-11
13.125 8.510700925959695e-11
13.375 7.269038806996482e-11
13.625 5.783134388440347e-11
13.875 5.356321842923722e-11
14.125 6.203486436301463e-11
14.375 4.342561266560421e-11
14.625 5.234947877003176e-11
14.875 3.71447274798387e-11
15.125 3.29014793157294e-11
15.375 3.815600371193627e-11
15.625 2.6803219767062432e-11
15.875 2.523965204091323e-11
16.125 3.190538187377571e-11
16.375 2.703113221030906e-11
16.625 1.6177924296023995e-11
16.875 2.067802067725247e-11
17.125 1.628393451414376e-11
17.375 1.4563548046960092e-11
17.625 1.8125635422162098e-11
17.875 1.2719681320584588e-11
18.125 1.0792952957160684e-11
18.375 8.52887672403471e-12
18.625 1.202733940452046e-11
18.875 1.432542670969631e-11
19.125 6.342298628532484e-12
19.375 3.5609396593226137e-12
19.625 7.986498858834991e-12
19.875 3.826846531196008e-12
20.125 4.90932922651868e-12
20.375 3.1433557927563996e-12
20.625 3.852330214080932e-12
20.875 0.0
21.125 2.2762721979338014e-12
21.375 2.5829634781381836e-12
21.625 7.57063072309794e-13
21.875 4.407918282954119e-12
22.125 1.6093077508849119e-12
22.375 8.699650898952523e-13
22.625 4.30278632425249e-12
22.875 0.0
23.125 2.1928172723372692e-12
23.375 0.0
23.625 0.0
23.875 0.0
24.125 2.1178394800612014e-12
24.375 7.581808972366037e-13
24.625 0.0
24.875 0.0
25.125 0.0
25.375 0.0
25.625 0.0
25.875 0.0
26.125 0.0
26.375 0.0
26.625 0.0
26.875 0.0
27.125 1.171141558683816e-12
27.375 0.0
27.625 0.0
27.875 0.0
28.125 0.0
28.375 0.0
28.625 1.2189096146230589e-12
28.875 0.0
29.125 0.0
29.375 0.0
29.625 1.6486006768388934e-12
29.875 0.0
30.125 0.0
30.375 0.0
30.625 0.0
30.875 0.0
31.125 0.0
31.375 0.0
31.625 0.0
31.875 0.0
32.125 0.0
32.375 0.0
32.625 0.0
32.875 0.0
33.125 0.0
33.375 0.0
33.625 0.0
33.875 0.0
34.125 0.0
34.375 0.0
34.625 0.0
34.875 0.0
35.125 0.0
35.375 0.0
35.625 0.0
35.875 0.0
36.125 0.0
36.375 0.0
36.625 0.0
36.875 0.0
37.125 0.0
37.375 0.0
37.625 0.0
37.875 0.0
38.125 0.0
38.375 0.0
38.625 0.0
38.875 0.0
39.125 0.0
39.375 0.0
39.625 0.0
39.875 0.0
40.125 0.0
40.375 0.0
40.625 0.0
40.875 0.0
41.125 0.0
41.375 0.0
41.625 0.0
41.875 0.0
42.125 0.0
42.375 0.0
42.625 0.0
42.875 0.0
43.125 0.0
43.375 0.0
43.625 0.0
43.875 0.0
44.125 0.0
44.375 0.0
44.625 0.0
44.875 0.0
45.125 0.0
45.375 0.0
45.625 0.0
45.875 0.0
46.125 0.0
46.375 0.0
46.625 0.0
46.875 0.0
47.125 0.0
47.375 0.0
47.625 0.0
47.875 0.0
48.125 0.0
48.375 0.0
48.625 0.0
48.875 0.0
49.125 0.0
49.375 0.0
49.625 0.0
49.875 0.0
50.125 0.0
50.375 0.0
50.625 0.0
50.875 0.0
51.125 0.0
51.375 0.0
51.625 0.0
51.875 0.0
52.125 0.0
52.375 0.0
52.625 0.0
52.875 0.0
53.125 0.0
53.375 0.0
53.625 0.0
53.875 0.0
54.125 0.0
54.375 0.0
54.625 0.0
54.875 0.0
55.125 0.0
55.375 0.0
55.625 0.0
55.875 0.0
56.125 0.0
56.375 0.0
56.625 0.0
56.875 0.0
57.125 0.0
57.375 0.0
57.625 0.0
57.875 0.0
58.125 0.0
58.375 0.0
58.625 0.0
58.875 0.0
59.125 0.0
59.375 0.0
59.625 0.0
59.875 0.0
60.125 0.0
60.375 0.0
60.625 0.0
60.875 0.0
61.125 0.0
61.375 0.0
61.625 0.0
61.875 0.0
62.125 0.0
62.375 0.0
62.625 0.0
62.875 0.0
63.125 0.0
63.375 0.0
63.625 0.0
63.875 0.0
64.125 0.0
64.375 0.0
64.625 0.0
64.875 0.0
65.125 0.0
65.375 0.0
65.625 0.0
65.875 0.0
66.125 0.0
66.375 0.0
66.625 0.0
66.875 0.0
67.125 0.0
67.375 0.0
67.625 0.0
67.875 0.0
68.125 0.0
68.375 0.0
68.625 0.0
68.875 0.0
69.125 0.0
69.375 0.0
69.625 0.0
69.875 0.0
70.125 0.0
70.375 0.0
70.625 0.0
70.875 0.0
71.125 0.0
71.375 0.0
71.625 0.0
71.875 0.0
72.125 0.0
72.375 0.0
72.625 0.0
72.875 0.0
73.125 0.0
73.375 0.0
73.625 0.0
73.875 0.0
74.125 0.0
74.375 0.0
74.625 0.0
74.875 0.0
75.125 0.0
75.375 0.0
75.625 0.0
75.875 0.0
76.125 0.0
76.375 0.0
76.625 0.0
76.875 0.0
77.125 0.0
77.375 0.0
77.625 0.0
77.875 0.0
78.125 0.0
78.375 0.0
78.625 0.0
78.875 0.0
79.125 0.0
79.375 0.0
79.625 0.0
