0.005 1.9142730998489088e-11
0.01 1.1348011388397323e-10
0.015 2.4413254384918464e-10
0.02 3.84484692556103e-10
0.025 5.314098452386844e-10
0.03 6.660559831703476e-10
0.035 8.162435951897598e-10
0.04 9.695801359992771e-10
0.045 1.0938788255199089e-09
0.05 1.2472065923724152e-09
0.055 1.3844447156153383e-09
0.06 1.506757776901358e-09
0.065 1.605463782106121e-09
0.07 1.760444688671253e-09
0.075 1.8504870303256218e-09
0.08 1.9177628714894234e-09
0.085 2.027711515752636e-09
0.09 2.0980197592827285e-09
0.095 2.1834674254620967e-09
0.1 2.279745610394471e-09
0.105 2.3389142899467718e-09
0.11 2.4473482039931165e-09
0.115 2.5438711372656754e-09
0.12 2.5294020314865425e-09
0.125 2.5641140252330124e-09
0.13 2.6204776901728815e-09
0.135 2.770434568662043e-09
0.14 2.8360918089184186e-09
0.145 2.879981459877443e-09
0.15 2.925116510085198e-09
0.155 2.9658252276041325e-09
0.16 3.0930577013350473e-09
0.165 3.1182638977372875e-09
0.17 3.2753968248933e-09
0.17500000000000002 3.3616674567014274e-09
0.18 3.395567366186554e-09
0.185 3.448126616299387e-09
0.19 3.5136079320687137e-09
0.195 3.5731718643491788e-09
0.2 3.593680317022054e-09
0.20500000000000002 3.7503874120785615e-09
0.21 3.864002508078969e-09
0.215 3.785709936382244e-09
0.22 3.819012139411222e-09
0.225 3.942494386395712e-09
0.23 4.05033062977598e-09
0.23500000000000001 4.104333724815032e-09
0.24 4.132793501114075e-09
0.245 4.208877751593408e-09
0.25 4.268830708546782e-09
0.255 4.283099625743989e-09
0.26 4.405380491236278e-09
0.265 4.4498217419352095e-09
0.27 4.551528610108392e-09
0.275 4.518344197464294e-09
0.28 4.657493198210153e-09
0.28500000000000003 4.584053434157072e-09
0.29 4.7542696815894046e-09
0.295 4.648595344262417e-09
0.3 4.835439975681572e-09
0.305 4.796314239006497e-09
0.31 4.896567519927307e-09
0.315 4.844999326792396e-09
0.32 4.9006635469567055e-09
0.325 4.888365143738411e-09
0.33 4.971867890834956e-09
0.335 5.065290718538761e-09
0.34 4.999688484158353e-09
0.34500000000000003 5.148457310973066e-09
0.35000000000000003 5.1759756893782e-09
0.355 5.236822891566572e-09
0.36 5.1166200372772955e-09
0.365 5.2987860524106405e-09
0.37 5.308942392720327e-09
0.375 5.195977308202905e-09
0.38 5.303436906149927e-09
0.385 5.326929400749846e-09
0.39 5.343655887476072e-09
0.395 5.453787418048226e-09
0.4 5.506537836838095e-09
0.405 5.352708509473606e-09
0.41000000000000003 5.341275195992553e-09
0.41500000000000004 5.432863096305183e-09
0.42 5.557168506087299e-09
0.425 5.390923181535999e-09
0.43 5.431629075951166e-09
0.435 5.4080035834339545e-09
0.44 5.565146518035655e-09
0.445 5.5669725621665544e-09
0.45 5.55219804410895e-09
0.455 5.426069054479367e-09
0.46 5.431702575408322e-09
0.465 5.51897398430436e-09
0.47000000000000003 5.466604078076782e-09
0.47500000000000003 5.494400453574994e-09
0.48 5.448010728414867e-09
0.485 5.516740365544262e-09
0.49 5.47334497729737e-09
0.495 5.466982812243945e-09
0.5 5.423882107958841e-09
0.505 5.359601504534387e-09
0.51 5.258693023860957e-09
0.515 5.425094268407475e-09
0.52 5.416230470222104e-09
0.525 5.42343121026204e-09
0.53 5.424328353935047e-09
0.535 5.262786166234314e-09
0.54 5.298499953441044e-09
0.545 5.3013027432395574e-09
0.55 5.321410546968788e-09
0.555 5.235036669309512e-09
0.56 5.274107471921016e-09
0.5650000000000001 5.102896152238309e-09
0.5700000000000001 5.196950080226615e-09
0.5750000000000001 5.08144812729203e-09
0.58 5.061906397546807e-09
0.585 5.056209788959674e-09
0.59 5.017701690619483e-09
0.595 5.028027087852986e-09
0.6 4.975436352139842e-09
0.605 4.900970219527613e-09
0.61 4.903822594366011e-09
0.615 4.9426941105501114e-09
0.62 4.769599489980068e-09
0.625 4.78523075874523e-09
0.63 4.769695573938785e-09
0.635 4.742743264009538e-09
0.64 4.5926890189134254e-09
0.645 4.596169526799762e-09
0.65 4.644515922373318e-09
0.655 4.523655752124334e-09
0.66 4.473629257717004e-09
0.665 4.447621008802498e-09
0.67 4.381661355626842e-09
0.675 4.411577892948556e-09
0.68 4.310902984969956e-09
0.685 4.317695146795905e-09
0.6900000000000001 4.318446087441841e-09
0.6950000000000001 4.304312674702862e-09
0.7000000000000001 4.204830299536056e-09
0.705 4.043872876198604e-09
0.71 4.06269222513051e-09
0.715 4.103369408798334e-09
0.72 4.001665238896841e-09
0.725 3.876126705769032e-09
0.73 3.9748300445287044e-09
0.735 3.9001452915155615e-09
0.74 3.763890650325479e-09
0.745 3.8689571758748525e-09
0.75 3.7239625410502172e-09
0.755 3.7225798860647655e-09
0.76 3.7477941385719436e-09
0.765 3.6629436047634206e-09
0.77 3.5635907856462073e-09
0.775 3.6098749372588754e-09
0.78 3.4612277286984326e-09
0.785 3.5470943383684118e-09
0.79 3.287959459958082e-09
0.795 3.312470075708199e-09
0.8 3.401890717975206e-09
0.805 3.2800196612060617e-09
0.81 3.4139461597163855e-09
0.8150000000000001 3.158563237975712e-09
0.8200000000000001 3.170415736450879e-09
0.8250000000000001 3.1381375006067826e-09
0.8300000000000001 3.123602224584363e-09
0.835 3.088218318869705e-09
0.84 3.06064954119889e-09
0.845 3.1165887874009597e-09
0.85 3.034514086842625e-09
0.855 3.0522959253109383e-09
0.86 2.9575301102570593e-09
0.865 2.8940960692033385e-09
0.87 2.861589626303123e-09
0.875 2.900601440521072e-09
0.88 2.7476269175219446e-09
0.885 2.7599794488044478e-09
0.89 2.746972599844342e-09
0.895 2.63975095193507e-09
0.9 2.676339756567735e-09
0.905 2.7283761419312403e-09
0.91 2.632811347876159e-09
0.915 2.6593684019189114e-09
0.92 2.584946170829356e-09
0.925 2.6700098528569585e-09
0.93 2.5805544734265126e-09
0.935 2.483959132516748e-09
0.9400000000000001 2.550112386062812e-09
0.9450000000000001 2.3751758300952936e-09
0.9500000000000001 2.4284127503480937e-09
0.9550000000000001 2.3990608664564473e-09
0.96 2.42952051206015e-09
0.965 2.317027487988078e-09
0.97 2.2510055694340658e-09
0.975 2.316889328492659e-09
0.98 2.295629778097506e-09
0.985 2.186607183554754e-09
0.99 2.2084724411384363e-09
0.995 2.2885690237422485e-09
1.0 2.304549528315763e-09
1.0050000000000001 2.188483181250241e-09
1.01 2.202710160631833e-09
1.0150000000000001 2.1652563159233443e-09
1.02 2.1434471882302464e-09
1.025 2.130971478019744e-09
1.03 2.1168976891638137e-09
1.035 2.026577723645445e-09
1.04 2.1302747490225635e-09
1.045 2.0067482324712998e-09
1.05 2.0867922227102696e-09
1.055 1.9928072362512026e-09
1.06 2.0675786256907773e-09
1.065 1.952089504571236e-09
1.07 1.970485805349047e-09
1.075 1.9023712707581925e-09
1.08 1.9670237038228653e-09
1.085 1.958035185946406e-09
1.09 1.9243521789158223e-09
1.095 1.8943740944005795e-09
1.1 1.895043268420467e-09
1.105 1.8969194446923935e-09
1.11 1.8436747920977161e-09
1.115 1.8226306843536899e-09
1.12 1.8059816903003454e-09
1.125 1.9163026828371927e-09
1.1300000000000001 1.788586851927926e-09
1.135 1.8145887885694886e-09
1.1400000000000001 1.790497011187955e-09
1.145 1.7641636956367645e-09
1.1500000000000001 1.8318775622337537e-09
1.155 1.780410793979197e-09
1.16 1.7975035532060929e-09
1.165 1.7341110356879356e-09
1.17 1.7356759948577053e-09
1.175 1.7893502652731978e-09
1.18 1.7247072037437056e-09
1.185 1.7436086750687242e-09
1.19 1.7238627379689938e-09
1.195 1.7341477603435116e-09
1.2 1.7216524854347932e-09
1.205 1.6514973331696813e-09
1.21 1.6281881844192926e-09
1.215 1.6690150428146461e-09
1.22 1.6542737648375771e-09
1.225 1.6743567956972881e-09
1.23 1.625814943196572e-09
1.235 1.6699051517575716e-09
1.24 1.6086169809850606e-09
1.245 1.5541374228534996e-09
1.25 1.6561756189626194e-09
1.2550000000000001 1.6589823554469011e-09
1.26 1.5972033048187051e-09
1.2650000000000001 1.6568317236402215e-09
1.27 1.5932470305872605e-09
1.2750000000000001 1.543131942547941e-09
1.28 1.5725950495905921e-09
1.285 1.5660091585289195e-09
1.29 1.6031879662196001e-09
1.295 1.5691971489294085e-09
1.3 1.5893615381678766e-09
1.305 1.5762172076119235e-09
1.31 1.5443364907254187e-09
1.315 1.5275780803611065e-09
1.32 1.5390853124810372e-09
1.325 1.5440443826081305e-09
1.33 1.5351935448722956e-09
1.335 1.5623403092579515e-09
1.34 1.62445205958249e-09
1.345 1.5544158573722828e-09
1.35 1.5409624451789678e-09
1.355 1.517431587632495e-09
1.36 1.5728550657482115e-09
1.365 1.525603470518509e-09
1.37 1.529708139014659e-09
1.375 1.4807162690179074e-09
1.3800000000000001 1.5178485208849465e-09
1.385 1.562414126694011e-09
1.3900000000000001 1.514442110063559e-09
1.395 1.4865107560118258e-09
1.4000000000000001 1.5315926885381035e-09
1.405 1.5417839083389532e-09
1.41 1.48787069465641e-09
1.415 1.5216523376400954e-09
1.42 1.5158854750868592e-09
1.425 1.4865550457000794e-09
1.43 1.498891890293053e-09
1.435 1.5074708340522504e-09
1.44 1.560376443654638e-09
1.445 1.518219656298628e-09
1.45 1.482565038684299e-09
1.455 1.4920783102100995e-09
1.46 1.507892774789645e-09
1.465 1.4880290101629622e-09
1.47 1.5063517115855386e-09
1.475 1.4738740332852915e-09
1.48 1.4901310546696825e-09
1.485 1.4669624700435156e-09
1.49 1.502363579872784e-09
1.495 1.4831105027608164e-09
1.5 1.4764329328790382e-09
1.5050000000000001 1.445567939062399e-09
1.51 1.499704340741489e-09
1.5150000000000001 1.4582474462964508e-09
1.52 1.5271464788225527e-09
1.5250000000000001 1.4823062348816051e-09
1.53 1.4788775669794215e-09
1.5350000000000001 1.4684195242436164e-09
1.54 1.4463719601264198e-09
1.545 1.451969154400262e-09
1.55 1.4699570560281859e-09
1.555 1.4667435531518693e-09
1.56 1.4437427350586602e-09
1.565 1.454387206763757e-09
1.57 1.4311523777634635e-09
1.575 1.4566637510972042e-09
1.58 1.428025502823567e-09
1.585 1.4404224878337563e-09
1.59 1.463688511111929e-09
1.595 1.404051652571376e-09
1.6 1.4703792959157666e-09
1.605 1.4471431028883821e-09
1.61 1.4717533485361265e-09
1.615 1.4410457869890348e-09
1.62 1.463807612937016e-09
1.625 1.4598589297658985e-09
1.6300000000000001 1.4437966614949068e-09
1.635 1.4696245406770497e-09
1.6400000000000001 1.4557671201177198e-09
1.645 1.437734938750092e-09
1.6500000000000001 1.4404453755765367e-09
1.655 1.404681650745245e-09
1.6600000000000001 1.4477915060392395e-09
1.665 1.5042721508675486e-09
1.67 1.434908695125611e-09
1.675 1.4397767810539678e-09
1.68 1.4438243883677297e-09
1.685 1.4237153820850399e-09
1.69 1.4543427791915556e-09
1.695 1.4190707222704493e-09
1.7 1.4279484909162908e-09
1.705 1.4546075887484925e-09
1.71 1.4379231520483872e-09
1.715 1.4067230823964381e-09
1.72 1.4387735407438914e-09
1.725 1.421807054695063e-09
1.73 1.4505285379538563e-09
1.735 1.4307687671078758e-09
1.74 1.4291061559013789e-09
1.745 1.4333183543088651e-09
1.75 1.4298295606475696e-09
1.7550000000000001 1.4335438211027691e-09
1.76 1.430816625158251e-09
1.7650000000000001 1.450224146657709e-09
1.77 1.433300749826238e-09
1.7750000000000001 1.4223107806563531e-09
1.78 1.43884604194387e-09
1.7850000000000001 1.3953558329804931e-09
1.79 1.4034556043799713e-09
1.795 1.4391219935761093e-09
1.8 1.3993056111938564e-09
1.805 1.4706525576795776e-09
1.81 1.4236300629929295e-09
1.815 1.4231387838031205e-09
1.82 1.431727638630623e-09
1.825 1.4037256489959904e-09
1.83 1.3962889973410613e-09
1.835 1.4058454931292334e-09
1.84 1.4244204808959607e-09
1.845 1.4069649001206933e-09
1.85 1.3883677178218097e-09
1.855 1.4156087208014515e-09
1.86 1.394795987479011e-09
1.865 1.4218081608747608e-09
1.87 1.391409037585369e-09
1.875 1.3995232991761903e-09
1.8800000000000001 1.4292489468613331e-09
1.885 1.4212582051347042e-09
1.8900000000000001 1.4139318071407771e-09
1.895 1.3985327233348378e-09
1.9000000000000001 1.3945424786971609e-09
1.905 1.3795845030041164e-09
1.9100000000000001 1.4040257946052795e-09
1.915 1.3813027115258333e-09
1.92 1.3698366899461874e-09
1.925 1.3908870238473164e-09
1.93 1.370259793758716e-09
1.935 1.404570521391909e-09
1.94 1.3914447111133133e-09
1.945 1.3626983042780693e-09
1.95 1.3939803550971226e-09
1.955 1.3764885088890603e-09
1.96 1.374184829060217e-09
1.965 1.3987033252843842e-09
1.97 1.3702884724835023e-09
1.975 1.4097393998636326e-09
1.98 1.3961047488110338e-09
1.985 1.3726848866750281e-09
1.99 1.3793676021194725e-09
1.995 1.3670216882795168e-09
2.0 1.3819471693335463e-09
2.005 1.3560847582922466e-09
2.0100000000000002 1.3864244787711816e-09
2.015 1.3693517147974583e-09
2.02 1.3373452995978098e-09
2.025 1.36022115002249e-09
2.0300000000000002 1.3682423314154757e-09
2.035 1.3880303181397202e-09
2.04 1.3613053915239567e-09
2.045 1.3574402577071103e-09
2.05 1.3630266573015623e-09
2.055 1.3966489613746636e-09
2.06 1.3733932475036766e-09
2.065 1.3635630729316112e-09
2.07 1.3627418619206503e-09
2.075 1.3767808634082815e-09
2.08 1.3297173346924028e-09
2.085 1.3406422678781428e-09
2.09 1.3662383961132825e-09
2.095 1.3580375614737758e-09
2.1 1.3499881096171153e-09
2.105 1.3385528342051607e-09
2.11 1.3779079848085555e-09
2.115 1.3744006450464028e-09
2.12 1.3569312772548368e-09
2.125 1.3733553907963736e-09
2.13 1.305391624769838e-09
2.1350000000000002 1.334771028993777e-09
2.14 1.3333432218818522e-09
2.145 1.3326232460332195e-09
2.15 1.3599528819458446e-09
2.1550000000000002 1.3674229323573748e-09
2.16 1.349060416538287e-09
2.165 1.367535595835704e-09
2.17 1.3432788224190106e-09
2.1750000000000003 1.3367709296180501e-09
2.18 1.3203174061719189e-09
2.185 1.357656534499135e-09
2.19 1.3511987915182723e-09
2.195 1.3253605699406342e-09
2.2 1.307919029589576e-09
2.205 1.3685329175039422e-09
2.21 1.3098598615648515e-09
2.215 1.2948803686423129e-09
2.22 1.3198031946124611e-09
2.225 1.3136502838328453e-09
2.23 1.3240049627640111e-09
2.235 1.3073960247721738e-09
2.24 1.300657441346038e-09
2.245 1.3316842872229675e-09
2.25 1.302322954907834e-09
2.255 1.299002603365154e-09
2.2600000000000002 1.3071255122023252e-09
2.265 1.2981864276019995e-09
2.27 1.2946313200994085e-09
2.275 1.290772882941791e-09
2.2800000000000002 1.2601077257736897e-09
2.285 1.3284187140041513e-09
2.29 1.2692385346318679e-09
2.295 1.279111656778497e-09
2.3000000000000003 1.2902616551924102e-09
2.305 1.2844345310875727e-09
2.31 1.2858143849028103e-09
2.315 1.3050439384850241e-09
2.32 1.2687582735789704e-09
2.325 1.2892794114253788e-09
2.33 1.2650707690065259e-09
2.335 1.2364725489740172e-09
2.34 1.2942245304080943e-09
2.345 1.268847282883199e-09
2.35 1.2541704284128347e-09
2.355 1.2801731538130467e-09
2.36 1.2853975413693302e-09
2.365 1.2641436942590844e-09
2.37 1.2452480478279302e-09
2.375 1.2710458099744118e-09
2.38 1.2369468118857088e-09
2.3850000000000002 1.2605843993987377e-09
2.39 1.2812841158534547e-09
2.395 1.2553004875572659e-09
2.4 1.2456405630342355e-09
2.4050000000000002 1.2531556284927477e-09
2.41 1.3023363284287182e-09
2.415 1.237417772410153e-09
2.42 1.244708285974454e-09
2.4250000000000003 1.2362039153747197e-09
2.43 1.260045202635118e-09
2.435 1.2373530850919323e-09
2.44 1.2449658060814666e-09
2.445 1.2203197444064315e-09
2.45 1.2327337830801353e-09
2.455 1.2204344610324276e-09
2.46 1.2171790827930624e-09
2.465 1.245299866422193e-09
2.47 1.220461813292533e-09
2.475 1.2256042629430236e-09
2.48 1.2318928528689904e-09
2.485 1.1994347962088856e-09
2.49 1.2453254463910255e-09
2.495 1.2203945629813974e-09
2.5 1.2155485770546457e-09
2.505 1.218243708785227e-09
2.5100000000000002 1.2395604807052063e-09
2.515 1.201393004019851e-09
2.52 1.1998626578676542e-09
2.525 1.20661761795597e-09
2.5300000000000002 1.1793183097684791e-09
2.535 1.2075032211000051e-09
2.54 1.2077901362360588e-09
2.545 1.178172670283889e-09
2.5500000000000003 1.1837650272143379e-09
2.555 1.1964324434358238e-09
2.56 1.2171099240977835e-09
2.565 1.1802010964227086e-09
2.57 1.1744993489607477e-09
2.575 1.1774198796699083e-09
2.58 1.1679294704893526e-09
2.585 1.179285062312514e-09
2.59 1.1517221614466526e-09
2.595 1.1360346481309793e-09
2.6 1.1822328040069225e-09
2.605 1.1649971832821342e-09
2.61 1.1704895859699607e-09
2.615 1.1371131814541441e-09
2.62 1.1332805685831073e-09
2.625 1.1666652108917466e-09
2.63 1.1500790593447914e-09
2.6350000000000002 1.1485331194330275e-09
2.64 1.1365570204361149e-09
2.645 1.1326667494652132e-09
2.65 1.1252020153409322e-09
2.6550000000000002 1.1335493738898728e-09
2.66 1.138860353491167e-09
2.665 1.1303270497321143e-09
2.67 1.1149633062320452e-09
2.6750000000000003 1.1128972165937172e-09
2.68 1.153146917380542e-09
2.685 1.1101039026140348e-09
2.69 1.0838451252476937e-09
2.695 1.1159567388278686e-09
2.7 1.1102136083559547e-09
2.705 1.0925344647312659e-09
2.71 1.110392627133456e-09
2.715 1.089040621868241e-09
2.72 1.095762605603877e-09
2.725 1.1128803961271088e-09
2.73 1.0888562455526437e-09
2.735 1.0990727865507853e-09
2.74 1.0931660462747926e-09
2.745 1.0869800635962074e-09
2.75 1.0976529405748908e-09
2.755 1.0768133547775501e-09
2.7600000000000002 1.0660048698485559e-09
2.765 1.0717317331695547e-09
2.77 1.0773896235492096e-09
2.775 1.0820539995304313e-09
2.7800000000000002 1.062116946457603e-09
2.785 1.097931151453729e-09
2.79 1.0932174740842667e-09
2.795 1.0723795386779822e-09
2.8000000000000003 1.0371011668587321e-09
2.805 1.049290136376509e-09
2.81 1.0528992717082487e-09
2.815 1.0415346791988704e-09
2.82 1.0289953719657409e-09
2.825 1.067695603834587e-09
2.83 1.0343328917131179e-09
2.835 1.0224353186673739e-09
2.84 1.0603761549305929e-09
2.845 1.0377070638951297e-09
2.85 1.0475569230786322e-09
2.855 1.0507855279316194e-09
2.86 1.0159909870828003e-09
2.865 1.029178389466204e-09
2.87 1.0325718353752406e-09
2.875 1.0200133082213348e-09
2.88 1.0095712110274835e-09
2.8850000000000002 1.0121861120358443e-09
2.89 1.0132306583640672e-09
2.895 9.73444307936963e-10
2.9 1.012250334759178e-09
2.9050000000000002 1.0237387992028234e-09
2.91 9.888868337606923e-10
2.915 1.004620912545598e-09
2.92 9.89072433540872e-10
2.9250000000000003 1.0038233718274885e-09
2.93 9.910481313943496e-10
2.935 9.808406370156515e-10
2.94 9.71362668183637e-10
2.945 1.0274460445161097e-09
2.95 9.9999004186497e-10
2.955 9.73118528616188e-10
2.96 9.739868414650416e-10
2.965 1.0116144328139984e-09
2.97 9.72953020875025e-10
2.975 9.752064903303576e-10
2.98 9.621047569983784e-10
2.985 9.836103464582252e-10
2.99 9.609465629397028e-10
2.995 9.476614499543736e-10
3.0 9.35701299540405e-10
3.005 9.49412538582082e-10
3.0100000000000002 9.377491652718733e-10
3.015 9.444139863939012e-10
3.02 9.260002857483129e-10
3.025 9.28509934035414e-10
3.0300000000000002 9.343813935002607e-10
3.035 9.278467568554343e-10
3.04 9.324678455152868e-10
3.045 9.118368259643242e-10
3.0500000000000003 9.327279491935896e-10
3.055 9.204311907576341e-10
3.06 9.076283043331908e-10
3.065 9.016660140612031e-10
3.0700000000000003 9.154644014277131e-10
3.075 8.796917784962541e-10
3.08 9.150243421502471e-10
3.085 8.738306022218756e-10
3.09 8.80593311857775e-10
3.095 8.864498667845933e-10
3.1 8.831184287953049e-10
3.105 8.776166781162991e-10
3.11 9.083546350084391e-10
3.115 8.669276694934505e-10
3.12 8.539898008533857e-10
3.125 8.522112539601789e-10
3.13 8.615227471464579e-10
3.1350000000000002 8.513669380449862e-10
3.14 8.647583151905083e-10
3.145 8.493136740930645e-10
3.15 8.845558637785524e-10
3.1550000000000002 8.5005401774858e-10
3.16 8.557274069603271e-10
3.165 8.665479398690704e-10
3.17 8.514035398037999e-10
3.1750000000000003 8.646061974532938e-10
3.18 8.314458097302352e-10
3.185 8.341275808074927e-10
3.19 8.048401577330342e-10
3.1950000000000003 8.244385756037699e-10
3.2 8.174873297684235e-10
3.205 8.234051103176057e-10
3.21 8.084444881580352e-10
3.215 8.581711814579832e-10
3.22 8.123218663269936e-10
3.225 7.981526052245822e-10
3.23 8.249907517925849e-10
3.235 7.946592367023352e-10
3.24 8.064708742027992e-10
3.245 8.051193497832083e-10
3.25 8.129579425749585e-10
3.255 8.335214775706799e-10
3.2600000000000002 7.832567579722741e-10
3.265 8.134040605396245e-10
3.27 7.709599727156496e-10
3.275 7.977465795597636e-10
3.2800000000000002 7.854865389582319e-10
3.285 7.721183786482695e-10
3.29 7.577185565914742e-10
3.295 7.715051532124241e-10
3.3000000000000003 7.815787044272713e-10
3.305 7.639873352913715e-10
3.31 7.551531612543659e-10
3.315 7.87095463046891e-10
3.3200000000000003 7.714000576508918e-10
3.325 7.659783249125976e-10
3.33 7.665235239197592e-10
3.335 7.345469678525288e-10
3.34 7.446286879177139e-10
3.345 7.466887432791464e-10
3.35 7.460091131100372e-10
3.355 7.344052759937626e-10
3.36 7.403326573338097e-10
3.365 7.340951816627929e-10
3.37 7.25897282923969e-10
3.375 7.397408319276201e-10
3.38 7.44535331210016e-10
3.3850000000000002 7.390159991198216e-10
3.39 7.213163574794463e-10
3.395 7.013319227245271e-10
3.4 7.375051290747335e-10
3.4050000000000002 7.122350072532088e-10
3.41 7.08152200335307e-10
3.415 7.04894650947404e-10
3.42 7.034700546765091e-10
3.4250000000000003 7.029299215505481e-10
3.43 6.855512570077325e-10
3.435 7.01923615252716e-10
3.44 6.995938066090858e-10
3.4450000000000003 7.145574349839423e-10
3.45 6.897246363591051e-10
3.455 6.601203937355009e-10
3.46 6.783980509006247e-10
3.465 6.777945273195302e-10
3.47 6.90782583097615e-10
3.475 6.520737147294709e-10
3.48 6.728847643456642e-10
3.485 6.622254992946489e-10
3.49 6.737615746960891e-10
3.495 6.542601628231604e-10
3.5 6.615542470861562e-10
3.505 6.317807926941337e-10
3.5100000000000002 6.468529802656686e-10
3.515 6.356300846871121e-10
3.52 6.207133021768398e-10
3.525 6.400816679802117e-10
3.5300000000000002 6.430450388664651e-10
3.535 6.627722179634288e-10
3.54 6.363190091439141e-10
3.545 6.278907685285791e-10
3.5500000000000003 6.280695876767632e-10
3.555 6.185714933630141e-10
3.56 6.125169895585554e-10
3.565 6.468137023552796e-10
3.5700000000000003 6.179085708141633e-10
3.575 6.053132182333423e-10
3.58 6.24000980506139e-10
3.585 6.243589010089283e-10
3.59 6.024976593663028e-10
3.595 6.027364143191408e-10
3.6 5.964865346948209e-10
3.605 5.970729820408162e-10
3.61 5.945670136493108e-10
3.615 5.989884900568824e-10
3.62 5.948327136022947e-10
3.625 6.055837867793665e-10
3.63 5.493558585882746e-10
3.6350000000000002 5.922021100832159e-10
3.64 5.771384161618481e-10
3.645 5.811015521841567e-10
3.65 5.62819162514263e-10
3.6550000000000002 5.751431658012117e-10
3.66 5.638485611261667e-10
3.665 5.659112453196732e-10
3.67 5.576683838488903e-10
3.6750000000000003 5.514598630682653e-10
3.68 5.602072736191027e-10
3.685 5.600678881313064e-10
3.69 5.527780971809118e-10
3.6950000000000003 5.564751931258293e-10
3.7 5.337982681971122e-10
3.705 5.423619029376695e-10
3.71 5.497529627778709e-10
3.715 5.24577695385491e-10
3.72 5.280827658268584e-10
3.725 5.476662517676598e-10
3.73 5.3182806673938e-10
3.735 5.357969521090667e-10
3.74 5.304958956014311e-10
3.745 5.380839798417983e-10
3.75 5.372621486084236e-10
3.755 5.222996758482683e-10
3.7600000000000002 5.128727229503288e-10
3.765 5.251106397801383e-10
3.77 5.080879964659256e-10
3.775 5.296386450767191e-10
3.7800000000000002 5.245176557678097e-10
3.785 5.15918704728128e-10
3.79 5.057638366030456e-10
3.795 5.022162391494661e-10
3.8000000000000003 5.134351939011782e-10
3.805 5.07109283435243e-10
3.81 4.935387679562724e-10
3.815 4.686531040803541e-10
3.8200000000000003 5.016921564313475e-10
3.825 4.839478586832366e-10
3.83 4.864782822850464e-10
3.835 4.807059660269014e-10
3.84 4.897918406418124e-10
3.845 4.806275844769204e-10
3.85 4.833805028150046e-10
3.855 4.903798915556515e-10
3.86 4.673846812296009e-10
3.865 4.651537072752744e-10
3.87 4.643969230968432e-10
3.875 4.6562261653243403e-10
3.88 4.73297709499488e-10
3.8850000000000002 4.505360468324243e-10
3.89 4.4961279474204213e-10
3.895 4.633619657788389e-10
3.9 4.3503463417448767e-10
3.9050000000000002 4.4618327650491286e-10
3.91 4.477765188514435e-10
3.915 4.720123538524331e-10
3.92 4.4454905361117276e-10
3.9250000000000003 4.684657487957814e-10
3.93 4.41199528269462e-10
3.935 4.5548996304900917e-10
3.94 4.2333881744257926e-10
3.9450000000000003 4.3745490276985593e-10
3.95 4.2341931012135024e-10
3.955 4.378669716653516e-10
3.96 4.1617598531707193e-10
3.9650000000000003 4.277573956255407e-10
3.97 4.25552162306613e-10
3.975 4.3781953239324937e-10
3.98 4.119644922390995e-10
3.985 4.087298340121861e-10
3.99 4.138860598333791e-10
3.995 4.2002291536865224e-10
4.0 4.0387329448402274e-10
4.005 4.0309897383666416e-10
4.01 4.0670725570191037e-10
4.015 3.9782008357997697e-10
4.0200000000000005 3.9612844373907323e-10
4.025 4.030684360613622e-10
4.03 3.8412328265145243e-10
4.035 3.948814875208015e-10
4.04 3.9131604474211327e-10
4.045 3.8392511041945866e-10
4.05 3.9608624751973333e-10
4.055 3.8273074157754894e-10
4.0600000000000005 3.762227258680721e-10
4.065 3.797459918566059e-10
4.07 3.7337220481764604e-10
4.075 3.8067230024423733e-10
4.08 3.7865047048609647e-10
4.085 3.6835793304592855e-10
4.09 3.5842837653049943e-10
4.095 3.644917346091937e-10
4.1 3.665171048971134e-10
4.105 3.5951635551018733e-10
4.11 3.807305660736577e-10
4.115 3.6880009813824494e-10
4.12 3.630946763520289e-10
4.125 3.6266677269203437e-10
4.13 3.595344721501411e-10
4.135 3.6065373528390874e-10
4.14 3.6289316677470475e-10
4.1450000000000005 3.5110436271215296e-10
4.15 3.4318692061333893e-10
4.155 3.4480333240193194e-10
4.16 3.478661788835835e-10
4.165 3.5707041600525805e-10
4.17 3.479456623000436e-10
4.175 3.5899392009807173e-10
4.18 3.5105519284604234e-10
4.1850000000000005 3.3793583101518595e-10
4.19 3.47577391428064e-10
4.195 3.3633810266634434e-10
4.2 3.3602868942653634e-10
4.205 3.303206311739071e-10
4.21 3.283544031960665e-10
4.215 3.346981795731477e-10
4.22 3.2399274253423106e-10
4.225 3.3702496824480127e-10
4.23 3.2595656178091025e-10
4.235 3.3142114800101133e-10
4.24 3.1020359561364814e-10
4.245 3.0487217582170765e-10
4.25 3.2060283329195685e-10
4.255 3.0699762106100893e-10
4.26 3.2537222164995654e-10
4.265 3.1767450892034823e-10
4.2700000000000005 3.183679045097506e-10
4.275 3.1072742493612483e-10
4.28 2.951887002233006e-10
4.285 3.111733983227521e-10
4.29 3.107523524170093e-10
4.295 2.96802330920735e-10
4.3 3.0376885686005007e-10
4.305 3.1941671510347064e-10
4.3100000000000005 2.988099703050513e-10
4.315 3.0611633692753926e-10
4.32 2.920443035699345e-10
4.325 2.959057797681977e-10
4.33 3.077634948308661e-10
4.335 2.9331979695779216e-10
4.34 2.887813089063433e-10
4.345 2.8150718474074036e-10
4.3500000000000005 2.903936771217098e-10
4.355 2.9922659705904847e-10
4.36 2.8134863555496254e-10
4.365 2.882100053363026e-10
4.37 2.8233154497417015e-10
4.375 2.769720982619813e-10
4.38 2.866691179076674e-10
4.385 2.831330422036216e-10
4.39 2.7464453429936684e-10
4.3950000000000005 2.875463710807873e-10
4.4 2.745290167343558e-10
4.405 2.571937339804724e-10
4.41 2.775690777136529e-10
4.415 2.7125029696342624e-10
4.42 2.718015686944069e-10
4.425 2.757800790855271e-10
4.43 2.739119537625554e-10
4.4350000000000005 2.6989673698757713e-10
4.44 2.646741866060761e-10
4.445 2.57082160991269e-10
4.45 2.5701793584795464e-10
4.455 2.4643032649881823e-10
4.46 2.53339526970289e-10
4.465 2.6245215271891214e-10
4.47 2.653498183463954e-10
4.4750000000000005 2.565273971757143e-10
4.48 2.598788463982279e-10
4.485 2.586222125624744e-10
4.49 2.468744615056697e-10
4.495 2.649660560155245e-10
4.5 2.416477727626539e-10
4.505 2.431719925769025e-10
4.51 2.457552333763038e-10
4.515 2.44209353119078e-10
4.5200000000000005 2.3259169628092394e-10
4.525 2.4485111168431956e-10
4.53 2.3826738941825106e-10
4.535 2.448832424431557e-10
4.54 2.405741422412801e-10
4.545 2.407731849606111e-10
4.55 2.431773665046377e-10
4.555 2.279125598313634e-10
4.5600000000000005 2.2599993030487566e-10
4.565 2.3057079446381226e-10
4.57 2.3316659060727035e-10
4.575 2.440025167174036e-10
4.58 2.2623448177439496e-10
4.585 2.309783350480152e-10
4.59 2.2466633054362387e-10
4.595 2.2238827372572365e-10
4.6000000000000005 2.1700006475746142e-10
4.605 2.1887257585920435e-10
4.61 2.2659730184543324e-10
4.615 2.2598696031688642e-10
4.62 2.2244199890289554e-10
4.625 2.2171735313403565e-10
4.63 2.239087455738977e-10
4.635 2.0871185540446267e-10
4.64 2.239787874912292e-10
4.6450000000000005 2.1928210646665852e-10
4.65 2.192663553408732e-10
4.655 2.21837767693105e-10
4.66 2.0948872892201918e-10
4.665 2.2306970553999272e-10
4.67 2.2115179446619397e-10
4.675 2.121620661024246e-10
4.68 2.11219988684517e-10
4.6850000000000005 2.0812555744034375e-10
4.69 2.1062224896658014e-10
4.695 2.062918950624465e-10
4.7 2.0150145388269499e-10
4.705 2.0612828152260056e-10
4.71 1.9639219398976123e-10
4.715 2.0687990443337505e-10
4.72 2.271113549183826e-10
4.7250000000000005 1.9261113214813678e-10
4.73 2.0696887825250877e-10
4.735 1.9937575691380337e-10
4.74 2.0840683294451798e-10
4.745 1.9460221406790662e-10
4.75 1.896770843376793e-10
4.755 1.9716319281694381e-10
4.76 1.9504552663171505e-10
4.765 1.9492113870179976e-10
4.7700000000000005 2.1258019767231178e-10
4.775 1.9550248859980007e-10
4.78 2.0237606852382586e-10
4.785 1.8670714592875867e-10
4.79 1.8411943193388683e-10
4.795 1.8334430076109117e-10
4.8 1.80920046190244e-10
4.805 1.8937308660317405e-10
4.8100000000000005 1.96673392436607e-10
4.815 1.8200187113912702e-10
4.82 1.7076489680801956e-10
4.825 1.9798989467481535e-10
4.83 1.8700860111697753e-10
4.835 1.800537278650646e-10
4.84 1.7851304564184015e-10
4.845 1.8627918420133586e-10
4.8500000000000005 1.815601745863297e-10
4.855 1.7681174260964787e-10
4.86 1.7552828338339975e-10
4.865 1.8264169070487116e-10
4.87 1.8941082478167315e-10
4.875 1.814755335174309e-10
4.88 1.7408155620082327e-10
4.885 1.815674763505257e-10
4.89 1.7163660837280539e-10
4.8950000000000005 1.7530880095757097e-10
4.9 1.7425986597852018e-10
4.905 1.747308880335103e-10
4.91 1.793769600046838e-10
4.915 1.5668788178460448e-10
4.92 1.6765022183580356e-10
4.925 1.6374414054794083e-10
4.93 1.711803291069483e-10
4.9350000000000005 1.7091328103678044e-10
4.94 1.736097828302878e-10
4.945 1.6812400352996746e-10
4.95 1.5968484016146272e-10
4.955 1.654736435192924e-10
4.96 1.6192725725999744e-10
4.965 1.58582193372775e-10
4.97 1.5621440145122027e-10
4.9750000000000005 1.555156966623889e-10
4.98 1.625634869974335e-10
4.985 1.5679569987388374e-10
4.99 1.608169828416396e-10
4.995 1.5885061119686286e-10
5.0 1.593984202493458e-10
5.005 1.6258377259920566e-10
5.01 1.5009359619567625e-10
5.015 1.6579459387411948e-10
5.0200000000000005 1.5982478337655314e-10
5.025 1.6572287286937564e-10
5.03 1.708580672721871e-10
5.035 1.6104798341373905e-10
5.04 1.4496582590370196e-10
5.045 1.643459152191302e-10
5.05 1.490877854848101e-10
5.055 1.4910745457868613e-10
5.0600000000000005 1.4990695773494886e-10
5.065 1.5651554767295515e-10
5.07 1.4954559361323159e-10
5.075 1.4858628404506072e-10
5.08 1.4428030168910634e-10
5.085 1.4207902784519472e-10
5.09 1.4448466126418318e-10
5.095 1.3874745580378936e-10
5.1000000000000005 1.4565699849664537e-10
5.105 1.4048454799997475e-10
5.11 1.470029225349629e-10
5.115 1.3375811093447237e-10
5.12 1.4123312099088462e-10
5.125 1.4114919720224343e-10
5.13 1.3879539687495095e-10
5.135 1.4174473556112326e-10
5.14 1.437589365800377e-10
5.1450000000000005 1.3781177842760956e-10
5.15 1.4301156858134125e-10
5.155 1.28358850913402e-10
5.16 1.4319668740584628e-10
5.165 1.3886273102112124e-10
5.17 1.2504282820691074e-10
5.175 1.4393313817061314e-10
5.18 1.355970353713071e-10
5.1850000000000005 1.318704076738498e-10
5.19 1.38005239231548e-10
5.195 1.2774471704766385e-10
5.2 1.419744851403535e-10
5.205 1.3282196677345308e-10
5.21 1.3311336174839258e-10
5.215 1.2526417277250027e-10
5.22 1.2525351704399113e-10
5.2250000000000005 1.2415977040722176e-10
5.23 1.374967454871117e-10
5.235 1.3538084241934062e-10
5.24 1.2974546430330817e-10
5.245 1.345079312947292e-10
5.25 1.4209151409437744e-10
5.255 1.2314914405896338e-10
5.26 1.2669056487761701e-10
5.265 1.2885427737829907e-10
5.2700000000000005 1.2276777779540063e-10
5.275 1.245203822613389e-10
5.28 1.2468155685669925e-10
5.285 1.292326195421912e-10
5.29 1.2750739073687122e-10
5.295 1.2823411132651826e-10
5.3 1.2343770792429298e-10
5.305 1.216017424502845e-10
5.3100000000000005 1.1355953974679678e-10
5.315 1.2384371992442672e-10
5.32 1.1265191343820385e-10
5.325 1.3219676619503856e-10
5.33 1.2030354059171674e-10
5.335 1.232013149302386e-10
5.34 1.1437919973537684e-10
5.345 1.268445075496262e-10
5.3500000000000005 1.1791986003791862e-10
5.355 1.217397772036515e-10
5.36 1.0911985998031307e-10
5.365 1.1552896863075216e-10
5.37 1.1879802948329316e-10
5.375 1.1508902032146803e-10
5.38 1.2338759608020047e-10
5.385 1.0818537902311479e-10
5.39 1.1917413983151099e-10
5.3950000000000005 1.1412367027019922e-10
5.4 1.190012863421158e-10
5.405 1.0585122090904784e-10
5.41 1.1726379710879597e-10
5.415 1.1832176171780072e-10
5.42 1.1214796454990041e-10
5.425 1.1555484247232741e-10
5.43 9.922797765900368e-11
5.4350000000000005 1.075404982800727e-10
5.44 1.1599596169689389e-10
5.445 1.1462686987280026e-10
5.45 1.1402814048179469e-10
5.455 1.144018261528857e-10
5.46 1.1184311900221385e-10
5.465 1.0663091236587132e-10
5.47 1.1013039688079668e-10
5.4750000000000005 1.0925564813388315e-10
5.48 1.0827907988762128e-10
5.485 1.0096664808427158e-10
5.49 1.0199144268263825e-10
5.495 1.11156369270169e-10
5.5 1.0240246154864705e-10
5.505 1.0914378711614246e-10
5.51 1.0916615940653768e-10
5.515 1.0358550051129449e-10
5.5200000000000005 1.0291447904464045e-10
5.525 1.0166844499588663e-10
5.53 1.0828383312272745e-10
5.535 1.0546889357403808e-10
5.54 1.0114822353476318e-10
5.545 1.0643056377371885e-10
5.55 9.153483657100855e-11
5.555 1.0274317984038526e-10
5.5600000000000005 9.10766908320648e-11
5.565 1.0356811476634114e-10
5.57 9.841569174186661e-11
5.575 1.0001563234995153e-10
5.58 9.380669970186482e-11
5.585 1.0079079613038557e-10
5.59 8.564247900988479e-11
5.595 9.300924493244094e-11
5.6000000000000005 9.049984495022117e-11
5.605 9.880438441418696e-11
5.61 1.017704162937969e-10
5.615 9.050904155341086e-11
5.62 1.0001424422991544e-10
5.625 9.801230066967993e-11
5.63 9.765800828635874e-11
5.635 9.68101864663936e-11
5.64 9.674146698266909e-11
5.6450000000000005 9.987491424921925e-11
5.65 9.561446898768312e-11
5.655 9.854113468850766e-11
5.66 8.742789526136842e-11
5.665 9.307989046909445e-11
5.67 9.681894200889227e-11
5.675 9.529564000723002e-11
5.68 8.903518923775468e-11
5.6850000000000005 8.214406491580688e-11
5.69 1.0572237718900398e-10
5.695 8.92294604917343e-11
5.7 9.208477002637924e-11
5.705 9.39863879534101e-11
5.71 9.45919278837285e-11
5.715 9.128476640569196e-11
5.72 9.877464355386991e-11
5.7250000000000005 9.155347990725185e-11
5.73 8.820130090967615e-11
5.735 8.67212007712588e-11
5.74 7.601582496920213e-11
5.745 9.077316246932596e-11
5.75 9.164243172397423e-11
5.755 8.84137745800383e-11
5.76 7.990564679698917e-11
5.765 7.752413789188728e-11
5.7700000000000005 8.450890915745008e-11
5.775 8.970282375960856e-11
5.78 9.023838126452307e-11
5.785 8.482210773276399e-11
5.79 7.669775463749061e-11
5.795 9.211782417031748e-11
5.8 8.065680693728282e-11
5.805 8.185055019378037e-11
5.8100000000000005 9.157178670780872e-11
5.815 8.163807046425009e-11
5.82 7.977210973643145e-11
5.825 7.402090124584936e-11
5.83 8.538267400213407e-11
5.835 9.107079840962103e-11
5.84 9.126626802013096e-11
5.845 8.242309231791484e-11
5.8500000000000005 7.781619577858767e-11
5.855 8.846873294481676e-11
5.86 7.966553288210345e-11
5.865 8.060124740756839e-11
5.87 7.534660596227372e-11
5.875 8.169668006160408e-11
5.88 7.863233934589579e-11
5.885 8.152677334358401e-11
5.89 8.491610469243062e-11
5.8950000000000005 8.567620609447158e-11
5.9 8.123064373426894e-11
5.905 8.529858462286516e-11
5.91 7.861212482556054e-11
5.915 7.761610204733733e-11
5.92 8.642721598269253e-11
5.925 7.405533432722091e-11
5.93 7.287355184071585e-11
5.9350000000000005 7.514303033447688e-11
5.94 6.901057904956053e-11
5.945 8.080846660751175e-11
5.95 8.00045508171084e-11
5.955 7.228085758695837e-11
5.96 7.135402885349504e-11
5.965 7.725352662475517e-11
5.97 7.62429272662457e-11
5.9750000000000005 7.67886882163224e-11
5.98 7.612902671517328e-11
5.985 7.516151069303965e-11
5.99 7.72522164086161e-11
5.995 7.656799286681128e-11
6.0 7.056930748810804e-11
6.005 7.53746296187888e-11
6.01 8.052269680801883e-11
6.015000000000001 6.735945645775627e-11
6.0200000000000005 6.406462381121928e-11
6.025 7.114444153763317e-11
6.03 7.35314402506007e-11
6.035 7.106879100017774e-11
6.04 6.962200927789001e-11
6.045 7.801423570513128e-11
6.05 6.71375712991165e-11
6.055 6.71657513400408e-11
6.0600000000000005 7.704544452362854e-11
6.065 6.973693140247002e-11
6.07 7.218610566760875e-11
6.075 7.820472484997591e-11
6.08 8.03829239545379e-11
6.085 6.966467750052159e-11
6.09 7.245638092184423e-11
6.095 6.317167890597967e-11
6.1000000000000005 6.655086785115904e-11
6.105 7.178265519902458e-11
6.11 6.71127598545056e-11
6.115 7.910807782537566e-11
6.12 7.049965515501118e-11
6.125 6.413196804217558e-11
6.13 6.50791626656136e-11
6.135 7.72260432504059e-11
6.140000000000001 6.873930346025019e-11
6.1450000000000005 7.136437800749858e-11
6.15 6.632736359375845e-11
6.155 7.043490944689377e-11
6.16 6.248293278326221e-11
6.165 6.501996577553391e-11
6.17 6.259729418249588e-11
6.175 7.068524994577379e-11
6.18 6.085783425505774e-11
6.1850000000000005 6.171171094805282e-11
6.19 6.150818534955903e-11
6.195 6.30883713644448e-11
6.2 6.536701825944578e-11
6.205 6.261427384312342e-11
6.21 6.333245975832448e-11
6.215 6.723462155796214e-11
6.22 6.662992355081622e-11
6.2250000000000005 6.02733448077142e-11
6.23 6.531130296509121e-11
6.235 6.66410705096495e-11
6.24 6.331912555399826e-11
6.245 6.581943633478998e-11
6.25 5.93598055948724e-11
6.255 5.936378850648153e-11
6.26 5.992130059601805e-11
6.265000000000001 6.43335287952922e-11
6.2700000000000005 6.649859212515723e-11
6.275 6.014226002377137e-11
6.28 6.302755724203031e-11
6.285 5.916884366227311e-11
6.29 6.28505336412303e-11
6.295 5.442393489370567e-11
6.3 6.302878782165567e-11
6.305 6.050824992831746e-11
6.3100000000000005 5.538999260494403e-11
6.315 5.802327874137116e-11
6.32 5.494627080778889e-11
6.325 5.1777191747771767e-11
6.33 6.042067148410209e-11
6.335 5.923395108037993e-11
6.34 6.30170557241066e-11
6.345 6.127568612601825e-11
6.3500000000000005 6.15194214615979e-11
6.355 5.767383530146137e-11
6.36 5.61500316990366e-11
6.365 5.735835226089257e-11
6.37 5.1757629754701754e-11
6.375 5.160829081645831e-11
6.38 5.638789538216775e-11
6.385 5.95695130181387e-11
6.390000000000001 5.0341871820168846e-11
6.3950000000000005 6.104281702022209e-11
6.4 5.4238985204296564e-11
6.405 6.085508321921246e-11
6.41 6.224252310887292e-11
6.415 5.6908388472423476e-11
6.42 5.5940795568962196e-11
6.425 5.5047564702780076e-11
6.43 6.040369714725856e-11
6.4350000000000005 5.5070042895014847e-11
6.44 5.60217327832876e-11
6.445 5.2050081166747946e-11
6.45 5.3763669973877186e-11
6.455 5.299607916731357e-11
6.46 5.254741203474709e-11
6.465 5.08059993554315e-11
6.47 4.921718084312176e-11
6.4750000000000005 5.267085608042016e-11
6.48 5.317537192394222e-11
6.485 5.3030018704980485e-11
6.49 5.266379717394546e-11
6.495 6.432334797059e-11
6.5 4.945413565236438e-11
6.505 4.160384075548557e-11
6.51 5.1218531724102196e-11
6.515000000000001 5.324031849945696e-11
6.5200000000000005 5.1110612508630214e-11
6.525 5.120575697655054e-11
6.53 5.084195392163834e-11
6.535 4.705392874030045e-11
6.54 5.471788920308379e-11
6.545 5.272751657851382e-11
6.55 5.6770713300776286e-11
6.555 5.15706767504818e-11
6.5600000000000005 4.451217898957674e-11
6.565 5.0196308487405855e-11
6.57 4.86639801425495e-11
6.575 4.608834323370907e-11
6.58 4.7074340315380706e-11
6.585 4.330452431199532e-11
6.59 4.66072003247848e-11
6.595 4.459468681516057e-11
6.6000000000000005 5.123932982663423e-11
6.605 6.234508001671401e-11
6.61 4.429358888387559e-11
6.615 4.964313554287611e-11
6.62 4.5212283414173104e-11
6.625 5.577655818249255e-11
6.63 5.02386939409462e-11
6.635 4.6244492244685546e-11
6.640000000000001 4.969036226194207e-11
6.6450000000000005 4.2448764519765345e-11
6.65 4.690064593991298e-11
6.655 4.919498413736064e-11
6.66 4.1368361186073276e-11
6.665 5.3754050136706395e-11
6.67 5.004194120276312e-11
6.675 4.379161724311012e-11
6.68 4.800069102886163e-11
6.6850000000000005 4.241764859710226e-11
6.69 4.7060098104712395e-11
6.695 4.550213176201693e-11
6.7 4.7476634980634005e-11
6.705 3.88691139010616e-11
6.71 4.438048852740442e-11
6.715 4.285412294395566e-11
6.72 4.7793889835451824e-11
6.7250000000000005 3.974307790801354e-11
6.73 4.7972564728235934e-11
6.735 4.501020994647669e-11
6.74 4.34409399692103e-11
6.745 4.149001168996754e-11
6.75 4.3382140886454854e-11
6.755 3.984866546025469e-11
6.76 4.530940733188562e-11
6.765000000000001 4.5408832110214875e-11
6.7700000000000005 3.8922656631924314e-11
6.775 4.4132903005335505e-11
6.78 4.3737685762389614e-11
6.785 4.5074339993194834e-11
6.79 4.3527093425894915e-11
6.795 4.0271236842109855e-11
6.8 3.799629526575138e-11
6.805 4.590137078637013e-11
6.8100000000000005 4.8019749488814444e-11
6.815 4.131302253613243e-11
6.82 4.094073919780132e-11
6.825 4.641201109285005e-11
6.83 3.612975016073391e-11
6.835 4.26599677127944e-11
6.84 3.9467691214356785e-11
6.845 4.9693606171404333e-11
6.8500000000000005 4.20701156680841e-11
6.855 3.2816113028350434e-11
6.86 4.5688427161667665e-11
6.865 3.8858101842777e-11
6.87 4.0347927632138514e-11
6.875 3.7314250776098063e-11
6.88 4.3810713246672277e-11
6.885 4.462487790218851e-11
6.890000000000001 4.5137060834705876e-11
6.8950000000000005 4.048760865644991e-11
6.9 3.965007282977387e-11
6.905 3.463606468766446e-11
6.91 3.844504265754781e-11
6.915 4.145338121940465e-11
6.92 3.8781412891863004e-11
6.925 4.140203359528735e-11
6.93 3.773248595638523e-11
6.9350000000000005 4.23615840008962e-11
6.94 4.2123242589602214e-11
6.945 3.3656898310427994e-11
6.95 3.827035534842149e-11
6.955 3.6427919665923456e-11
6.96 3.786193999276863e-11
6.965 3.850055911247883e-11
6.97 3.809613655662268e-11
6.9750000000000005 3.799565908329811e-11
6.98 3.244571228295472e-11
6.985 4.1508864572040666e-11
6.99 3.288543736034914e-11
6.995 3.537127435780465e-11
7.0 3.654255288249773e-11
7.005 4.2714488505640974e-11
7.01 4.257804529714862e-11
7.015000000000001 3.867992609580343e-11
7.0200000000000005 3.849728727103453e-11
7.025 3.6023040224637373e-11
7.03 3.532551757729147e-11
7.035 4.1627276815031546e-11
7.04 2.900466476694232e-11
7.045 2.7462302335924524e-11
7.05 3.5198951658311517e-11
7.055 3.2286795722123e-11
7.0600000000000005 3.934752539184622e-11
7.065 3.2819616227131835e-11
7.07 3.087040693691768e-11
7.075 3.633611570530787e-11
7.08 3.1683532353434666e-11
7.085 3.727567313924099e-11
7.09 3.8388564136495226e-11
7.095 2.697861931286418e-11
7.1000000000000005 3.419649185863408e-11
7.105 3.595582982767809e-11
7.11 4.1728472556226233e-11
7.115 3.673640589458119e-11
7.12 3.791285321911044e-11
7.125 3.2933822273344876e-11
7.13 3.456299372082434e-11
7.135 3.952305787588871e-11
7.140000000000001 3.7205016844983276e-11
7.1450000000000005 3.229487365809109e-11
7.15 3.5091553432041116e-11
7.155 3.022942700326803e-11
7.16 3.470347186093799e-11
7.165 3.3860417203548225e-11
7.17 3.556387053734702e-11
7.175 3.151671987285077e-11
7.18 3.245428908322285e-11
7.1850000000000005 3.2357834914050095e-11
7.19 3.588390433606135e-11
7.195 3.3263122583899934e-11
7.2 3.3935885849160776e-11
7.205 2.67760944719658e-11
7.21 4.077825227957636e-11
7.215 3.2758902797498514e-11
7.22 3.1996053122037053e-11
7.2250000000000005 3.238307037304412e-11
7.23 2.943192340864375e-11
7.235 3.174865689909423e-11
7.24 3.128336808983854e-11
7.245 2.640887329956079e-11
7.25 3.241599318175159e-11
7.255 3.279918513946095e-11
7.26 2.98653101918183e-11
7.265000000000001 3.042476529707583e-11
7.2700000000000005 2.925664830203368e-11
7.275 2.5654607882013298e-11
7.28 2.6583095345668315e-11
7.285 3.3494953932363453e-11
7.29 3.27344710893101e-11
7.295 3.064568585056126e-11
7.3 3.3106578110357505e-11
7.305 2.948040566512177e-11
7.3100000000000005 2.8716407586970806e-11
7.315 2.678707975461719e-11
7.32 3.346990649537435e-11
7.325 2.701454279656758e-11
7.33 3.090402902820544e-11
7.335 2.7050972628556535e-11
7.34 3.114649297396545e-11
7.345 3.608521231648767e-11
7.3500000000000005 2.952820807246211e-11
7.355 3.156033201811133e-11
7.36 2.8891637468442273e-11
7.365 2.8354633661978026e-11
7.37 2.997546760047067e-11
7.375 2.588207539576623e-11
7.38 2.8195584315161785e-11
7.385 3.1677338641166164e-11
7.390000000000001 2.9129896534515057e-11
7.3950000000000005 2.9347266033100045e-11
7.4 2.8955955498433392e-11
7.405 2.9379067940781136e-11
7.41 2.876944117998602e-11
7.415 3.01928326428535e-11
7.42 2.784686241207181e-11
7.425 2.799530619578006e-11
7.43 2.5673565866764126e-11
7.4350000000000005 3.112991316771092e-11
7.44 2.8174667922500086e-11
7.445 2.383985442775712e-11
7.45 2.3897971341198016e-11
7.455 3.1429223033796305e-11
7.46 2.607411650421809e-11
7.465 2.026989358570347e-11
7.47 2.9856887757171535e-11
7.4750000000000005 2.4278795875313007e-11
7.48 2.994463575808742e-11
7.485 3.147038299113724e-11
7.49 3.9630702147167194e-11
7.495 2.684021262825566e-11
7.5 2.5783086350388642e-11
7.505 3.027018987112414e-11
7.51 2.4486737572003e-11
7.515000000000001 2.601280786313957e-11
7.5200000000000005 2.5437981958040863e-11
7.525 2.4173771676606297e-11
7.53 2.3520276245416353e-11
7.535 2.463716631511062e-11
7.54 2.615680116912958e-11
7.545 2.8490336349241613e-11
7.55 2.234485118698033e-11
7.555 2.4032260574899362e-11
7.5600000000000005 2.7259879795962412e-11
7.565 2.3278191046053034e-11
7.57 2.8644545642422366e-11
7.575 2.6492124419114198e-11
7.58 2.1363306825064287e-11
7.585 2.0263366630884492e-11
7.59 2.226727643342398e-11
7.595 2.668234032880847e-11
7.6000000000000005 2.6123724027815525e-11
7.605 2.660131106578677e-11
7.61 2.539591600755021e-11
7.615 2.5678175586473738e-11
7.62 2.156809439453721e-11
7.625 2.629853332591669e-11
7.63 2.180122948666088e-11
7.635 2.5452240315487597e-11
7.640000000000001 2.5808932814598203e-11
7.6450000000000005 2.3458950303052452e-11
7.65 2.413453364569744e-11
7.655 2.3173868978340835e-11
7.66 2.257941378781381e-11
7.665 2.600170818169336e-11
7.67 2.802980218915865e-11
7.675 2.1003493718501435e-11
7.68 2.3950540718027417e-11
7.6850000000000005 2.3525183181854704e-11
7.69 2.9809420692869487e-11
7.695 2.0102524060504443e-11
7.7 2.3561795828107626e-11
7.705 2.8259236000979695e-11
7.71 2.093310651674535e-11
7.715 1.945649384455884e-11
7.72 2.3270751631122116e-11
7.7250000000000005 2.6730855088409093e-11
7.73 2.4086560678337222e-11
7.735 1.9240532224157044e-11
7.74 1.6433378449920224e-11
7.745 2.423598402241284e-11
7.75 2.360355469756815e-11
7.755 2.534368882834831e-11
7.76 1.9995614220119175e-11
7.765000000000001 2.01709963983991e-11
7.7700000000000005 2.4621596671178005e-11
7.775 2.2908357442806923e-11
7.78 2.5753626276398713e-11
7.785 1.814816100084846e-11
7.79 2.167459752009086e-11
7.795 2.5692018894238076e-11
7.8 2.122864241769118e-11
7.805000000000001 2.0946658299773064e-11
7.8100000000000005 1.933047554031488e-11
7.815 2.1819474548576988e-11
7.82 2.1791515830214332e-11
7.825 2.7100520275352188e-11
7.83 2.1095157684929713e-11
7.835 2.3214471935140303e-11
7.84 2.2056249216003466e-11
7.845 2.245853755958523e-11
7.8500000000000005 2.2813397844526473e-11
7.855 2.1043890045171706e-11
7.86 1.8857269433849627e-11
7.865 1.9730434109737717e-11
7.87 2.2226379066692665e-11
7.875 2.0554328441387982e-11
7.88 2.206346708880681e-11
7.885 2.317623766731783e-11
7.890000000000001 2.5293142267145487e-11
7.8950000000000005 2.322002977397611e-11
7.9 2.2202087526326194e-11
7.905 1.9260129587925706e-11
7.91 2.1675434071594725e-11
7.915 2.2782940606627506e-11
7.92 2.1071619631538945e-11
7.925 2.0426920212194827e-11
7.930000000000001 2.5106743287918835e-11
7.9350000000000005 2.1306441558595732e-11
7.94 1.7923036594362518e-11
7.945 2.3378604700635637e-11
7.95 2.209972235522421e-11
7.955 2.2289250714009957e-11
7.96 2.066050885096423e-11
7.965 2.2280370170168377e-11
7.97 2.0597479504170342e-11
7.9750000000000005 1.9593203767877263e-11
7.98 1.9354940845917163e-11
7.985 1.938945918523011e-11
7.99 2.026813284612392e-11
7.995 1.895601325691101e-11
8.0 1.7947272758538763e-11
8.25 8.817981853397545e-10
8.5 7.769796720909846e-10
8.75 6.820566284782779e-10
9.0 5.784210659505103e-10
9.25 4.917149955721414e-10
9.5 4.309159148948405e-10
9.75 3.818693503037231e-10
10.0 3.1783713106133445e-10
10.25 2.835613398842547e-10
10.5 2.523429997818206e-10
10.75 2.4015560118954995e-10
11.0 1.9890448380019345e-10
11.25 1.6584337507053983e-10
11.5 1.4165434405632107e-10
11.75 1.236759433784621e-10
12.0 1.0697819303474875e-10
12.25 9.602946320531058e-11
12.5 8.925061420964944e-11
12.75 7.565234897672927e-11
13.0 6.75145810852607e-11
13.25 5.4293857335450565e-11
13.5 4.612025901222976e-11
13.75 4.252732501053113e-11
14.0 3.78892461691799e-11
14.25 4.248600416160637e-11
14.5 3.8700344785707164e-11
14.75 3.360288130580056e-11
15.0 2.4251407306541837e-11
15.25 2.3845662556346206e-11
15.5 2.1988624666926428e-11
15.75 1.8653040834118152e-11
16.0 2.2825241555343423e-11
16.25 1.4595364015788812e-11
16.5 1.3430173372115408e-11
16.75 9.454082722545389e-12
17.0 1.1838797919297089e-11
17.25 9.880470205800186e-12
17.5 1.0931508331017558e-11
17.75 9.176273973129807e-12
18.0 8.834983199645724e-12
18.25 2.577290019542721e-12
18.5 7.55823098662496e-12
18.75 4.188390361462644e-12
19.0 3.4297493663659013e-12
19.25 6.553023449883169e-13
19.5 3.706225888749363e-12
19.75 2.3182862124980028e-12
