0.125 6.497540718537352e-06
0.375 2.4976798806704098e-05
0.625 2.8298796170694886e-05
0.875 7.536372216020538e-06
1.125 2.4001001969449453e-06
1.375 1.1141472924682742e-06
1.625 7.266629093066736e-07
1.875 5.400620440650894e-07
2.125 4.4504457789891604e-07
2.375 4.0129569625084254e-07
2.625 3.8260131714226904e-07
2.875 3.811799464003583e-07
3.125 3.9489539348162006e-07
3.375 4.2936365660161113e-07
3.625 4.752402471830999e-07
3.875 5.252120461333561e-07
4.125 5.612115417464712e-07
4.375 5.652171835357685e-07
4.625 5.139554504430295e-07
4.875 4.1230163065637207e-07
5.125 3.0203385151077294e-07
5.375 2.2380059834521508e-07
5.625 1.7296508930483672e-07
5.875 1.366376466423726e-07
6.125 1.0877000007814502e-07
6.375 8.731931517183704e-08
6.625 7.03023345813398e-08
6.875 5.719065559304857e-08
7.125 4.705695437367124e-08
7.375 3.9263464818481413e-08
7.625 3.322321612117402e-08
7.875 2.838126592114326e-08
8.125 2.411848216446899e-08
8.375 2.058247975989411e-08
8.625 1.760257733398458e-08
8.875 1.534279569654978e-08
9.125 1.339724386660666e-08
9.375 1.1374465322729045e-08
9.625 9.875786713056535e-09
9.875 8.720225043767033e-09
10.125 7.473672787642186e-09
10.375 6.609552249484914e-09
10.625 5.767499209467818e-09
10.875 4.992999903904688e-09
11.125 4.559866354656475e-09
11.375 3.943643973945374e-09
11.625 3.440361675456708e-09
11.875 3.1000435138940277e-09
12.125 2.8026710232605055e-09
12.375 2.4504297938096025e-09
12.625 2.2293760500009752e-09
12.875 1.9729175698622728e-09
13.125 1.7824228485042405e-09
13.375 1.5515986315726842e-09
13.625 1.4503764734931828e-09
13.875 1.33119613129193e-09
14.125 1.1817841814621373e-09
14.375 1.0481828086943687e-09
14.625 9.547592355435047e-10
14.875 8.601085149614961e-10
15.125 8.216051420923463e-10
15.375 7.150401925487371e-10
15.625 6.730402137234668e-10
15.875 5.901239062634736e-10
16.125 5.182107140273417e-10
16.375 4.677498454659714e-10
16.625 4.4553670486505835e-10
16.875 4.102581368585345e-10
17.125 3.513568942824558e-10
17.375 3.2436485519001804e-10
17.625 3.165644723855372e-10
17.875 2.8377962889942217e-10
18.125 2.4908687662235513e-10
18.375 2.206532078706882e-10
18.625 2.187053823819184e-10
18.875 2.0849036146159177e-10
19.125 2.0759319920810755e-10
19.375 1.8795099018495122e-10
19.625 1.565958285048955e-10
19.875 1.1248290951522369e-10
20.125 1.3180632975401029e-10
20.375 1.1717895894410154e-10
20.625 9.744612960189782e-11
20.875 7.924331986077169e-11
21.125 9.054233511431294e-11
21.375 9.095480301538657e-11
21.625 7.804127178898371e-11
21.875 7.594040850755771e-11
22.125 5.484756512104754e-11
22.375 4.974865425138368e-11
22.625 4.940183071645186e-11
22.875 5.289749876416258e-11
23.125 4.141406747046546e-11
23.375 4.231323972057541e-11
23.625 4.9165777529567033e-11
23.875 3.789979577999177e-11
24.125 3.6569316851065584e-11
24.375 3.2070766249576264e-11
24.625 3.06312148656672e-11
24.875 3.214790242582599e-11
25.125 2.859569734942898e-11
25.375 2.740686052622646e-11
25.625 2.4092203060626745e-11
25.875 1.81489712966423e-11
26.125 1.729226987080754e-11
26.375 1.7823010500611925e-11
26.625 1.8486089742221974e-11
26.875 1.4521985363087997e-11
27.125 1.237693077808325e-11
27.375 1.575523747858895e-11
27.625 1.2599986444878421e-11
27.875 1.420541317361048e-11
28.125 1.1712185532197809e-11
28.375 9.398035438493573e-12
28.625 8.835528117774818e-12
28.875 8.951545346151716e-12
29.125 5.252280786122314e-12
29.375 8.5035013821198e-12
29.625 4.348318443708909e-12
29.875 3.0400219688575637e-12
30.125 1.0135215186805525e-12
30.375 6.318272677476866e-12
30.625 5.410916599962308e-12
30.875 8.121546235648782e-12
31.125 4.6319045477099855e-12
31.375 0.0
31.625 3.607381531473492e-12
31.875 1.5561908380642738e-12
32.125 0.0
32.375 1.2173925569223033e-12
32.625 5.2963024274763204e-12
32.875 0.0
33.125 1.3766446655954671e-12
33.375 1.2715930721895945e-12
33.625 0.0
33.875 0.0
34.125 0.0
34.375 1.3446450843457044e-12
34.625 0.0
34.875 0.0
35.125 0.0
35.375 0.0
35.625 0.0
35.875 1.4493225020575453e-12
36.125 0.0
36.375 0.0
36.625 0.0
36.875 0.0
37.125 0.0
37.375 0.0
37.625 0.0
37.875 0.0
38.125 0.0
38.375 0.0
38.625 1.6678239670404943e-12
38.875 0.0
39.125 0.0
39.375 0.0
39.625 2.0277131331751333e-12
39.875 0.0
40.125 0.0
40.375 1.9696161899220326e-12
40.625 3.162671496295305e-12
40.875 0.0
41.125 0.0
41.375 0.0
41.625 0.0
41.875 0.0
42.125 0.0
42.375 0.0
42.625 0.0
42.875 0.0
43.125 0.0
43.375 0.0
43.625 0.0
43.875 0.0
44.125 0.0
44.375 0.0
44.625 0.0
44.875 0.0
45.125 0.0
45.375 0.0
45.625 2.4763394436915374e-12
45.875 0.0
46.125 0.0
46.375 0.0
46.625 0.0
46.875 0.0
47.125 0.0
47.375 0.0
47.625 0.0
47.875 0.0
48.125 0.0
48.375 0.0
48.625 0.0
48.875 0.0
49.125 0.0
49.375 0.0
49.625 0.0
49.875 0.0
50.125 0.0
50.375 0.0
50.625 0.0
50.875 0.0
51.125 0.0
51.375 0.0
51.625 0.0
51.875 0.0
52.125 0.0
52.375 0.0
52.625 0.0
52.875 0.0
53.125 0.0
53.375 0.0
53.625 0.0
53.875 0.0
54.125 0.0
54.375 0.0
54.625 0.0
54.875 0.0
55.125 0.0
55.375 0.0
55.625 0.0
55.875 0.0
56.125 0.0
56.375 0.0
56.625 0.0
56.875 0.0
57.125 0.0
57.375 0.0
57.625 0.0
57.875 0.0
58.125 0.0
58.375 0.0
58.625 0.0
58.875 0.0
59.125 0.0
59.375 0.0
59.625 0.0
59.875 0.0
60.125 0.0
60.375 0.0
60.625 0.0
60.875 0.0
61.125 0.0
61.375 0.0
61.625 0.0
61.875 0.0
62.125 0.0
62.375 0.0
62.625 0.0
62.875 0.0
63.125 0.0
63.375 0.0
63.625 0.0
63.875 0.0
64.125 0.0
64.375 0.0
64.625 0.0
64.875 0.0
65.125 0.0
65.375 0.0
65.625 0.0
65.875 0.0
66.125 0.0
66.375 0.0
66.625 0.0
66.875 0.0
67.125 0.0
67.375 0.0
67.625 0.0
67.875 0.0
68.125 0.0
68.375 0.0
68.625 0.0
68.875 0.0
69.125 0.0
69.375 0.0
69.625 0.0
69.875 0.0
70.125 0.0
70.375 0.0
70.625 0.0
70.875 0.0
71.125 0.0
71.375 0.0
71.625 0.0
71.875 0.0
72.125 0.0
72.375 0.0
72.625 0.0
72.875 0.0
73.125 0.0
73.375 0.0
73.625 0.0
73.875 0.0
74.125 0.0
74.375 0.0
74.625 0.0
74.875 0.0
75.125 0.0
75.375 0.0
75.625 0.0
75.875 0.0
76.125 0.0
76.375 0.0
76.625 0.0
76.875 0.0
77.125 0.0
77.375 0.0
77.625 0.0
77.875 0.0
78.125 0.0
78.375 0.0
78.625 0.0
78.875 0.0
79.125 0.0
79.375 0.0
79.625 0.0
