0.005 4.4231249364491e-11
0.01 4.550729031137552e-09
0.015 2.2252878337598426e-08
0.02 3.749001205967514e-08
0.025 5.165324347513487e-08
0.03 6.590918709812025e-08
0.035 8.031867687673488e-08
0.04 9.47928251569954e-08
0.045 1.089730647665081e-07
0.05 1.2146331220820155e-07
0.055 1.3031504693241325e-07
0.06 1.3592569908877214e-07
0.065 1.3816712432589108e-07
0.07 1.3527084244497944e-07
0.075 1.261318692320354e-07
0.08 1.1560330529828961e-07
0.085 1.0620130548799532e-07
0.09 9.837279908206626e-08
0.095 9.209905611081478e-08
0.1 8.688437342898226e-08
0.105 8.239806974223849e-08
0.11 7.846287765456866e-08
0.115 7.522653107054335e-08
0.12 7.244828860962978e-08
0.125 6.992691518468819e-08
0.13 6.798066214722009e-08
0.135 6.619445702060705e-08
0.14 6.481504814229483e-08
0.145 6.364198268684132e-08
0.15 6.253169669008827e-08
0.155 6.166832653895096e-08
0.16 6.102363720480552e-08
0.165 6.035634547286114e-08
0.17 5.967196414734506e-08
0.17500000000000002 5.912210232957711e-08
0.18 5.849522973907834e-08
0.185 5.800171570108104e-08
0.19 5.773556739447259e-08
0.195 5.7459778117377453e-08
0.2 5.693696206853009e-08
0.20500000000000002 5.6609645572628205e-08
0.21 5.642345576103765e-08
0.215 5.614164662330443e-08
0.22 5.577053050827199e-08
0.225 5.5354947143301274e-08
0.23 5.516767009091245e-08
0.23500000000000001 5.465604810738214e-08
0.24 5.4440591359921355e-08
0.245 5.400887756652408e-08
0.25 5.3807700969008807e-08
0.255 5.350168315905902e-08
0.26 5.339198451096748e-08
0.265 5.343712216071103e-08
0.27 5.305236230788777e-08
0.275 5.2853650214277676e-08
0.28 5.26568045178034e-08
0.28500000000000003 5.244534216697353e-08
0.29 5.2285014780658134e-08
0.295 5.2223393647711914e-08
0.3 5.2107494568121816e-08
0.305 5.208371267639483e-08
0.31 5.180522817445283e-08
0.315 5.1765835984923345e-08
0.32 5.180803843755235e-08
0.325 5.150915767311689e-08
0.33 5.112860790005946e-08
0.335 5.134238804160577e-08
0.34 5.090378749462307e-08
0.34500000000000003 5.083122293681598e-08
0.35000000000000003 5.081127766206846e-08
0.355 5.074204326768721e-08
0.36 5.068166840235433e-08
0.365 5.062991538730751e-08
0.37 5.0296116394835706e-08
0.375 5.042831602939314e-08
0.38 5.0116700848177846e-08
0.385 5.004224882073265e-08
0.39 5.033620747293967e-08
0.395 5.023531968148272e-08
0.4 4.9766349368031315e-08
0.405 4.970206994217054e-08
0.41000000000000003 4.9499411719319054e-08
0.41500000000000004 4.949877280019089e-08
0.42 4.953873811407594e-08
0.425 4.946270922099942e-08
0.43 4.914310267733476e-08
0.435 4.894050469279769e-08
0.44 4.8945810157045526e-08
0.445 4.8470284296056095e-08
0.45 4.8663304820824915e-08
0.455 4.869564612215682e-08
0.46 4.830131945306584e-08
0.465 4.8304955534323005e-08
0.47000000000000003 4.8023680411734005e-08
0.47500000000000003 4.8181125316589956e-08
0.48 4.7902197233000335e-08
0.485 4.753666508016768e-08
0.49 4.771731895061386e-08
0.495 4.748865966817518e-08
0.5 4.7253634227094863e-08
0.505 4.687624321737368e-08
0.51 4.666552012869045e-08
0.515 4.6501210023905237e-08
0.52 4.657370401792814e-08
0.525 4.6119834286344814e-08
0.53 4.5824592510272127e-08
0.535 4.548394493826367e-08
0.54 4.547856722552464e-08
0.545 4.5029790534955694e-08
0.55 4.496454422920952e-08
0.555 4.447557073137848e-08
0.56 4.454396733791341e-08
0.5650000000000001 4.412684828246289e-08
0.5700000000000001 4.3741245443066057e-08
0.5750000000000001 4.340620195771638e-08
0.58 4.276586088396495e-08
0.585 4.260012106833765e-08
0.59 4.239235892903529e-08
0.595 4.139526704246158e-08
0.6 4.125795081788433e-08
0.605 4.1018548709503086e-08
0.61 4.0331840427246207e-08
0.615 4.0257872594866535e-08
0.62 4.006761573077708e-08
0.625 3.95732298177349e-08
0.63 3.904869692278338e-08
0.635 3.851561833644148e-08
0.64 3.847277614613935e-08
0.645 3.821434360395124e-08
0.65 3.7414755405188606e-08
0.655 3.703204488305775e-08
0.66 3.664348190592601e-08
0.665 3.654603356021597e-08
0.67 3.5619870102076995e-08
0.675 3.588406978897727e-08
0.68 3.499577344103574e-08
0.685 3.505130097174288e-08
0.6900000000000001 3.4350311947370223e-08
0.6950000000000001 3.4158530289517685e-08
0.7000000000000001 3.34855254914469e-08
0.705 3.312652427943079e-08
0.71 3.29899416078172e-08
0.715 3.244871339193573e-08
0.72 3.21146743185004e-08
0.725 3.214991043110065e-08
0.73 3.184691099646894e-08
0.735 3.189808085813774e-08
0.74 3.1173579864717566e-08
0.745 3.047657469469059e-08
0.75 3.0736750581977014e-08
0.755 3.016562869793756e-08
0.76 3.005456427511234e-08
0.765 2.9875950036167486e-08
0.77 2.9659487990194503e-08
0.775 2.922338035189163e-08
0.78 2.8709417907228776e-08
0.785 2.8704900845199825e-08
0.79 2.8507234436147833e-08
0.795 2.8379322217565318e-08
0.8 2.774575850465888e-08
0.805 2.7790916435132727e-08
0.81 2.7468956616800222e-08
0.8150000000000001 2.7128972359671443e-08
0.8200000000000001 2.7231687859565397e-08
0.8250000000000001 2.6938488810908484e-08
0.8300000000000001 2.6594324804808997e-08
0.835 2.6257291642618544e-08
0.84 2.615512518122999e-08
0.845 2.6003420897860896e-08
0.85 2.601684463787679e-08
0.855 2.5356349389271902e-08
0.86 2.5395631809392665e-08
0.865 2.5209833985700948e-08
0.87 2.482443816555558e-08
0.875 2.4568808301459266e-08
0.88 2.4244476489563843e-08
0.885 2.430209387966881e-08
0.89 2.4031995137522563e-08
0.895 2.393448506220031e-08
0.9 2.3743763007296158e-08
0.905 2.356648710534707e-08
0.91 2.3614078899736053e-08
0.915 2.309112133783554e-08
0.92 2.2726730044134187e-08
0.925 2.267603060473795e-08
0.93 2.246278898330318e-08
0.935 2.2739257349239895e-08
0.9400000000000001 2.2094679989305667e-08
0.9450000000000001 2.222264799490718e-08
0.9500000000000001 2.1716619709780754e-08
0.9550000000000001 2.177130668242399e-08
0.96 2.151619652696036e-08
0.965 2.1023815428735226e-08
0.97 2.1125146697666164e-08
0.975 2.0926297520276098e-08
0.98 2.076179736534857e-08
0.985 2.0366515865315995e-08
0.99 2.0383268137318524e-08
0.995 2.006246696820489e-08
1.0 1.9909847443784928e-08
1.0050000000000001 1.965703873755112e-08
1.01 1.9727364864876105e-08
1.0150000000000001 1.9435400603673245e-08
1.02 1.9249969005388708e-08
1.025 1.93329757065035e-08
1.03 1.893747466901013e-08
1.035 1.8769505957264068e-08
1.04 1.8991645454437165e-08
1.045 1.8670768298416445e-08
1.05 1.8342779709417466e-08
1.055 1.8362995037515614e-08
1.06 1.8190940183731648e-08
1.065 1.801845818979507e-08
1.07 1.7899657596804636e-08
1.075 1.7687588483583908e-08
1.08 1.7576980178376774e-08
1.085 1.714953158888327e-08
1.09 1.694992721667758e-08
1.095 1.7454739399155448e-08
1.1 1.710233960199988e-08
1.105 1.667957909203582e-08
1.11 1.6716811404412472e-08
1.115 1.6723871086534782e-08
1.12 1.6788437520033954e-08
1.125 1.6491544596682566e-08
1.1300000000000001 1.6283246981529322e-08
1.135 1.5933522785692666e-08
1.1400000000000001 1.625432600508834e-08
1.145 1.5989667505877265e-08
1.1500000000000001 1.5378068116293325e-08
1.155 1.5390115959068057e-08
1.16 1.574803291351757e-08
1.165 1.541470312955261e-08
1.17 1.5222824454888248e-08
1.175 1.5021996570212425e-08
1.18 1.474653599830158e-08
1.185 1.4709081985525444e-08
1.19 1.4713836853716718e-08
1.195 1.46331459463924e-08
1.2 1.4543094056144489e-08
1.205 1.4371350252634633e-08
1.21 1.39939778235111e-08
1.215 1.4032244677216766e-08
1.22 1.3961616219523019e-08
1.225 1.3820501699388067e-08
1.23 1.416171906090958e-08
1.235 1.3703404304233898e-08
1.24 1.353180501607676e-08
1.245 1.3559858342718108e-08
1.25 1.3465526334301258e-08
1.2550000000000001 1.34760260900697e-08
1.26 1.3447164826953345e-08
1.2650000000000001 1.3392701881101534e-08
1.27 1.305906277108136e-08
1.2750000000000001 1.2959128820499261e-08
1.28 1.3022432376484135e-08
1.285 1.2860052939259419e-08
1.29 1.2885470502752586e-08
1.295 1.258332641139435e-08
1.3 1.250281988840914e-08
1.305 1.2273791399976969e-08
1.31 1.2200725029786734e-08
1.315 1.2201350342792029e-08
1.32 1.2219073592694002e-08
1.325 1.2040824255332719e-08
1.33 1.1807573201509578e-08
1.335 1.1789523401353506e-08
1.34 1.1935344544501514e-08
1.345 1.1513620398250423e-08
1.35 1.1588783202049614e-08
1.355 1.1421499336098497e-08
1.36 1.1567263188317475e-08
1.365 1.1443792356709772e-08
1.37 1.1265226738174794e-08
1.375 1.1209404822792468e-08
1.3800000000000001 1.135660722439082e-08
1.385 1.1122386724911988e-08
1.3900000000000001 1.1091495547619794e-08
1.395 1.1200694864221122e-08
1.4000000000000001 1.0929229898616475e-08
1.405 1.0748384113312792e-08
1.41 1.0491712705617071e-08
1.415 1.0371363398248416e-08
1.42 1.0644877682806691e-08
1.425 1.0233783558652e-08
1.43 1.0493082867176972e-08
1.435 1.028975788643273e-08
1.44 1.0216113879560397e-08
1.445 1.0076629991707588e-08
1.45 9.889861457922163e-09
1.455 9.807788661918958e-09
1.46 1.0018187573222083e-08
1.465 9.939775023217581e-09
1.47 9.866128554790925e-09
1.475 9.82038515425998e-09
1.48 9.849630847622125e-09
1.485 9.858172246304333e-09
1.49 9.543217222394368e-09
1.495 9.834915229541255e-09
1.5 9.51231165701805e-09
1.5050000000000001 9.375208733201789e-09
1.51 9.451265673360407e-09
1.5150000000000001 9.399517039011712e-09
1.52 9.254278947848677e-09
1.5250000000000001 9.363097141577961e-09
1.53 9.283770308552806e-09
1.5350000000000001 9.46980106345305e-09
1.54 8.975030953099573e-09
1.545 8.905692515962516e-09
1.55 9.10839634610457e-09
1.555 8.952345626800148e-09
1.56 9.098349423376746e-09
1.565 8.747203115614302e-09
1.57 9.028500764217646e-09
1.575 8.623987284161666e-09
1.58 8.863107942895157e-09
1.585 8.525370290276233e-09
1.59 8.773221204650328e-09
1.595 8.75681313524849e-09
1.6 8.755858328263549e-09
1.605 8.630113923112558e-09
1.61 8.521472236603436e-09
1.615 8.407564321818583e-09
1.62 8.68211538188254e-09
1.625 8.420639005500548e-09
1.6300000000000001 8.450033702905118e-09
1.635 8.243466421291549e-09
1.6400000000000001 8.354474320334148e-09
1.645 8.323424937879318e-09
1.6500000000000001 7.960560874760023e-09
1.655 8.048813851695319e-09
1.6600000000000001 8.230414718699223e-09
1.665 8.216727425144798e-09
1.67 8.276896308622182e-09
1.675 7.985173830528162e-09
1.68 8.095536958062638e-09
1.685 7.940735096371163e-09
1.69 7.903253159059888e-09
1.695 7.71069724481263e-09
1.7 7.748935841942194e-09
1.705 8.083309975132466e-09
1.71 7.965611965596328e-09
1.715 7.628345351246317e-09
1.72 7.82498784921572e-09
1.725 7.751465523387957e-09
1.73 7.67997161062758e-09
1.735 7.6713731367945e-09
1.74 7.808367823388882e-09
1.745 7.76830942730101e-09
1.75 7.473333133921347e-09
1.7550000000000001 7.521183838224745e-09
1.76 7.669790479468047e-09
1.7650000000000001 7.435041347636357e-09
1.77 7.341321161214169e-09
1.7750000000000001 7.361251276269106e-09
1.78 7.102597911568224e-09
1.7850000000000001 7.515744166314403e-09
1.79 7.249550228962553e-09
1.795 7.386489075586012e-09
1.8 6.986902696592945e-09
1.805 7.100813620095915e-09
1.81 7.395748220222783e-09
1.815 7.2909908627802715e-09
1.82 7.25590467106472e-09
1.825 6.998135141513323e-09
1.83 6.934460395393459e-09
1.835 7.089961598178906e-09
1.84 7.187750682561869e-09
1.845 6.927166151664739e-09
1.85 6.843488736721404e-09
1.855 6.855898257123686e-09
1.86 7.053540624313487e-09
1.865 6.876743197297079e-09
1.87 6.621839042287151e-09
1.875 6.609981503110272e-09
1.8800000000000001 6.744553252542008e-09
1.885 6.640046499151058e-09
1.8900000000000001 6.55804526581751e-09
1.895 6.581806080736084e-09
1.9000000000000001 6.454463823112794e-09
1.905 6.673472042453498e-09
1.9100000000000001 6.719762260599573e-09
1.915 6.633224692348273e-09
1.92 6.3064190859177165e-09
1.925 6.486859532117475e-09
1.93 6.466003821714608e-09
1.935 6.323052892042629e-09
1.94 6.351380227095712e-09
1.945 6.288981067545263e-09
1.95 6.134430381444008e-09
1.955 6.312998839279608e-09
1.96 6.250960560367463e-09
1.965 6.213101510540885e-09
1.97 5.92346170674709e-09
1.975 6.297714143430269e-09
1.98 6.117761864727207e-09
1.985 6.124436798836958e-09
1.99 6.155167453691684e-09
1.995 6.108146005458078e-09
2.0 5.971491959259988e-09
2.005 6.005870444092532e-09
2.0100000000000002 5.840680524520206e-09
2.015 5.9484582073449405e-09
2.02 5.8954388663706795e-09
2.025 5.780360965971623e-09
2.0300000000000002 6.052123658993106e-09
2.035 5.965706411775107e-09
2.04 5.6672795211635104e-09
2.045 5.78822030962295e-09
2.05 5.698976043939659e-09
2.055 5.872562476990419e-09
2.06 5.730966372465373e-09
2.065 5.7539859243024426e-09
2.07 5.547382600029352e-09
2.075 5.723783863597305e-09
2.08 5.720671992607578e-09
2.085 5.661435423275117e-09
2.09 5.704221269854738e-09
2.095 5.772069073925448e-09
2.1 5.472462223543803e-09
2.105 5.424930045045378e-09
2.11 5.298704003668328e-09
2.115 5.542999661414511e-09
2.12 5.42688291187487e-09
2.125 5.450739080494562e-09
2.13 5.5225092288602074e-09
2.1350000000000002 5.377754082469067e-09
2.14 5.279566778312351e-09
2.145 5.293960564580155e-09
2.15 5.420092872591494e-09
2.1550000000000002 5.265424377384555e-09
2.16 5.290992398682326e-09
2.165 5.304365237419219e-09
2.17 5.148423831251548e-09
2.1750000000000003 5.201359500149905e-09
2.18 5.224671195968407e-09
2.185 5.2608780446802e-09
2.19 5.1570815957695384e-09
2.195 5.056631902172944e-09
2.2 5.226820666064183e-09
2.205 5.0974535780860946e-09
2.21 5.095821354026096e-09
2.215 5.185938884830633e-09
2.22 5.18951306212983e-09
2.225 5.183951217775139e-09
2.23 5.327045564681992e-09
2.235 5.0841040828289e-09
2.24 4.912768433215411e-09
2.245 5.002269626291969e-09
2.25 4.8318966908250715e-09
2.255 4.9418140056160046e-09
2.2600000000000002 5.023267946731945e-09
2.265 4.989535198048783e-09
2.27 4.895203580360719e-09
2.275 4.9322459596003944e-09
2.2800000000000002 5.1733432716918666e-09
2.285 5.023001934961452e-09
2.29 4.7279523592624764e-09
2.295 4.879453393115327e-09
2.3000000000000003 4.679391082001151e-09
2.305 4.9778774886595836e-09
2.31 4.8026829824721155e-09
2.315 4.673516723808455e-09
2.32 4.836474408289387e-09
2.325 4.843228887169572e-09
2.33 4.803946943468791e-09
2.335 4.949951374130577e-09
2.34 4.7358346059856026e-09
2.345 4.686679381358654e-09
2.35 4.7709170672618674e-09
2.355 4.9029034411391105e-09
2.36 4.714271972977267e-09
2.365 4.688579802286929e-09
2.37 4.555638815614636e-09
2.375 4.703795286935388e-09
2.38 4.782267639968419e-09
2.3850000000000002 4.619094297691476e-09
2.39 4.531253436261055e-09
2.395 4.604347475500098e-09
2.4 4.486834839246677e-09
2.4050000000000002 4.7932711563667636e-09
2.41 4.6827027289879705e-09
2.415 4.479575625069017e-09
2.42 4.371365514628146e-09
2.4250000000000003 4.595103640557182e-09
2.43 4.596639614600406e-09
2.435 4.6885676304094756e-09
2.44 4.6544904826108825e-09
2.445 4.399123206542468e-09
2.45 4.418911386833382e-09
2.455 4.317388556476103e-09
2.46 4.43836854608805e-09
2.465 4.4035076713893185e-09
2.47 4.443473048310332e-09
2.475 4.517900725351159e-09
2.48 4.325323446397333e-09
2.485 4.41152761196985e-09
2.49 4.374507119625018e-09
2.495 4.492478662472188e-09
2.5 4.3803056039706795e-09
2.505 4.360028659266566e-09
2.5100000000000002 4.287572047371756e-09
2.515 4.290644735022456e-09
2.52 4.301597089348295e-09
2.525 4.356316354559051e-09
2.5300000000000002 4.517007188619188e-09
2.535 4.298115317231107e-09
2.54 4.328234643707292e-09
2.545 4.2577189903054885e-09
2.5500000000000003 4.3892853517254405e-09
2.555 4.286944259487735e-09
2.56 4.26032806148501e-09
2.565 4.15959726659879e-09
2.57 4.24291151202071e-09
2.575 4.226167111881445e-09
2.58 4.2022425370773905e-09
2.585 4.006014087999564e-09
2.59 4.312167817266137e-09
2.595 4.227529799371862e-09
2.6 4.076947182923654e-09
2.605 4.123024503020393e-09
2.61 3.939354517739649e-09
2.615 4.2323231357234846e-09
2.62 4.182262327940274e-09
2.625 4.182628016840149e-09
2.63 4.122743784728075e-09
2.6350000000000002 4.081447002550368e-09
2.64 4.0540565734113795e-09
2.645 4.058147086155294e-09
2.65 3.932064857923288e-09
2.6550000000000002 3.886622228843968e-09
2.66 4.158813436660268e-09
2.665 3.927083977343009e-09
2.67 3.973389177621953e-09
2.6750000000000003 3.811414745062701e-09
2.68 3.7802003614545175e-09
2.685 3.863701506280578e-09
2.69 3.984393248596271e-09
2.695 3.837194835802018e-09
2.7 3.899282442627686e-09
2.705 3.814035109987499e-09
2.71 3.744072124663945e-09
2.715 3.862483271630068e-09
2.72 3.8187525814890825e-09
2.725 3.7800454591358345e-09
2.73 3.642430238725841e-09
2.735 3.771170591996554e-09
2.74 3.7050787673383428e-09
2.745 3.743934861720474e-09
2.75 3.67530056777588e-09
2.755 3.4768401469552795e-09
2.7600000000000002 3.859761141162885e-09
2.765 3.4984656409382654e-09
2.77 3.5488834220859557e-09
2.775 3.6529233862100556e-09
2.7800000000000002 3.5029376487426735e-09
2.785 3.6242708213035757e-09
2.79 3.595696838681099e-09
2.795 3.4783014350069e-09
2.8000000000000003 3.431940608424735e-09
2.805 3.497327357178151e-09
2.81 3.5953961251839172e-09
2.815 3.5134007333894462e-09
2.82 3.5938399559417707e-09
2.825 3.5325134889630496e-09
2.83 3.6144884157470926e-09
2.835 3.6470944150855867e-09
2.84 3.462269020451656e-09
2.845 3.4395370951591627e-09
2.85 3.438248388123508e-09
2.855 3.5265167790819016e-09
2.86 3.4762288720819613e-09
2.865 3.566171918642249e-09
2.87 3.373850801671381e-09
2.875 3.4192347320626747e-09
2.88 3.4188085629793907e-09
2.8850000000000002 3.4506423454598326e-09
2.89 3.3697631414450267e-09
2.895 3.4733323079835816e-09
2.9 3.322645450403899e-09
2.9050000000000002 3.347624558935864e-09
2.91 3.305020395241893e-09
2.915 3.25068401476578e-09
2.92 3.2330868912350928e-09
2.9250000000000003 3.0719430448156718e-09
2.93 3.474317954727902e-09
2.935 3.382850806311887e-09
2.94 3.34523070999739e-09
2.945 3.3421013942385765e-09
2.95 3.2882619366696446e-09
2.955 3.185782105442632e-09
2.96 3.2377061750787546e-09
2.965 3.116073011055624e-09
2.97 3.325251064344387e-09
2.975 3.2243677343635946e-09
2.98 3.2711114153406264e-09
2.985 3.320443523730504e-09
2.99 3.197260457570119e-09
2.995 3.2972140013629786e-09
3.0 3.0918112883938862e-09
3.005 3.0179221404825506e-09
3.0100000000000002 3.173334478094819e-09
3.015 3.1204047727262897e-09
3.02 3.0270068518130075e-09
3.025 3.288712936886313e-09
3.0300000000000002 3.0498376217590923e-09
3.035 3.1210372041410983e-09
3.04 3.0515778948353e-09
3.045 3.084195905904984e-09
3.0500000000000003 2.9746492944300826e-09
3.055 3.123515287973736e-09
3.06 2.9443410563942324e-09
3.065 2.987665845093331e-09
3.0700000000000003 3.1432061420861666e-09
3.075 2.9531992448954067e-09
3.08 2.9912904820604676e-09
3.085 2.9894639135208517e-09
3.09 2.9084844233700704e-09
3.095 2.935942641056054e-09
3.1 2.881379640318169e-09
3.105 2.850993223024226e-09
3.11 3.0257409265956507e-09
3.115 2.821980677852462e-09
3.12 2.7250841211376273e-09
3.125 2.928304016936035e-09
3.13 2.8270782145124756e-09
3.1350000000000002 2.9990565330619656e-09
3.14 2.9887848805351916e-09
3.145 2.786200086491915e-09
3.15 2.878796991399738e-09
3.1550000000000002 2.785093005095543e-09
3.16 2.8586681868468177e-09
3.165 2.845062857018116e-09
3.17 2.8258516153385675e-09
3.1750000000000003 2.5360461803022072e-09
3.18 2.740330991915993e-09
3.185 2.8673747704940143e-09
3.19 2.838920456164433e-09
3.1950000000000003 2.748290308989362e-09
3.2 2.73758882150455e-09
3.205 2.825646177901221e-09
3.21 2.7893349936977732e-09
3.215 2.635044867562221e-09
3.22 2.8080562874692423e-09
3.225 2.637769194918547e-09
3.23 2.658228002527988e-09
3.235 2.8878819036459387e-09
3.24 2.7345384004897694e-09
3.245 2.696150476108439e-09
3.25 2.7105509433357667e-09
3.255 2.8638700196864068e-09
3.2600000000000002 2.732131364585541e-09
3.265 2.5891099125755122e-09
3.27 2.7263632830339833e-09
3.275 2.7281937135656212e-09
3.2800000000000002 2.5377341621574918e-09
3.285 2.6549139961546527e-09
3.29 2.637957191185542e-09
3.295 2.533936283358066e-09
3.3000000000000003 2.8275415802238073e-09
3.305 2.535580735614031e-09
3.31 2.662187838351594e-09
3.315 2.5041561592147025e-09
3.3200000000000003 2.6424491826956048e-09
3.325 2.7668755739337825e-09
3.33 2.6237295347944304e-09
3.335 2.6579061193067545e-09
3.34 2.5398120666468138e-09
3.345 2.3264299652202525e-09
3.35 2.548516060115477e-09
3.355 2.458599699140581e-09
3.36 2.3525710572205003e-09
3.365 2.6597152178448787e-09
3.37 2.605676533858082e-09
3.375 2.3549490988999132e-09
3.38 2.5573461580426987e-09
3.3850000000000002 2.420540575584979e-09
3.39 2.416062186775251e-09
3.395 2.3282431290987597e-09
3.4 2.4604707330599694e-09
3.4050000000000002 2.4723425868206754e-09
3.41 2.51767415517719e-09
3.415 2.472709339109786e-09
3.42 2.4130377659964615e-09
3.4250000000000003 2.4416297574662285e-09
3.43 2.3604895279515192e-09
3.435 2.6177480692568397e-09
3.44 2.5321815386175844e-09
3.4450000000000003 2.510169542239849e-09
3.45 2.5523424638043307e-09
3.455 2.382202009267097e-09
3.46 2.441014685700309e-09
3.465 2.421867118274433e-09
3.47 2.2997922754103795e-09
3.475 2.3697899801244405e-09
3.48 2.2609044961277592e-09
3.485 2.33131144390472e-09
3.49 2.2413701166794573e-09
3.495 2.429753119417999e-09
3.5 2.3502991715844184e-09
3.505 2.384408358646684e-09
3.5100000000000002 2.322656767261645e-09
3.515 2.216555032149566e-09
3.52 2.1793527601115873e-09
3.525 2.2533682608583113e-09
3.5300000000000002 2.3037395841854197e-09
3.535 2.4304884610294467e-09
3.54 2.2915060716730813e-09
3.545 2.2777596102611346e-09
3.5500000000000003 2.2240612202837498e-09
3.555 2.353048281930536e-09
3.56 2.1947801259191645e-09
3.565 2.2858932287645867e-09
3.5700000000000003 2.2013377901082217e-09
3.575 2.231406638928317e-09
3.58 2.2411941168724975e-09
3.585 2.231007210052333e-09
3.59 2.229657893233667e-09
3.595 2.296804604929623e-09
3.6 2.2207150330647647e-09
3.605 2.2444480548481294e-09
3.61 2.257209248893274e-09
3.615 2.1403109471947873e-09
3.62 2.3163006219427265e-09
3.625 2.2525025456269312e-09
3.63 2.1285937483413043e-09
3.6350000000000002 2.121694710976015e-09
3.64 2.1534498802033228e-09
3.645 2.123297282206633e-09
3.65 2.1615645797584797e-09
3.6550000000000002 2.216411102170808e-09
3.66 2.0466923220632743e-09
3.665 2.2242502727178378e-09
3.67 2.307678332606115e-09
3.6750000000000003 2.039163773688578e-09
3.68 2.1833297447726955e-09
3.685 2.054889765076444e-09
3.69 2.12361552558443e-09
3.6950000000000003 2.203880544111215e-09
3.7 2.1240060450218037e-09
3.705 2.1755569251633786e-09
3.71 2.145106777866448e-09
3.715 2.0212587152836413e-09
3.72 2.0734515215577116e-09
3.725 2.127848827536006e-09
3.73 2.110840986973482e-09
3.735 2.213185904182705e-09
3.74 2.0301958136236475e-09
3.745 2.020720984113535e-09
3.75 1.952603506407786e-09
3.755 2.0375855003603054e-09
3.7600000000000002 2.1301952344184125e-09
3.765 2.1081720103849027e-09
3.77 1.990339634977372e-09
3.775 2.0462647390875924e-09
3.7800000000000002 2.0289303389217682e-09
3.785 2.1058326968875687e-09
3.79 2.0231594553687828e-09
3.795 2.004729975154727e-09
3.8000000000000003 2.0113432234214987e-09
3.805 2.0300601023619575e-09
3.81 1.9823599493300513e-09
3.815 1.9559662491507625e-09
3.8200000000000003 1.978649754598448e-09
3.825 1.9553626380229713e-09
3.83 2.0560716199947777e-09
3.835 1.9503945823391014e-09
3.84 1.9484910300757656e-09
3.845 1.996225609145608e-09
3.85 1.9612496661468997e-09
3.855 2.0053202708364984e-09
3.86 2.0955679616205974e-09
3.865 1.9777708679452604e-09
3.87 1.9141492881625663e-09
3.875 1.9013846411492937e-09
3.88 2.002339077341525e-09
3.8850000000000002 1.8737366843309803e-09
3.89 1.940412280848213e-09
3.895 2.0532795728789286e-09
3.9 1.8485838130930168e-09
3.9050000000000002 1.875537259270129e-09
3.91 1.8378554827647993e-09
3.915 1.8139469062880564e-09
3.92 1.813368841259977e-09
3.9250000000000003 1.907620312930149e-09
3.93 1.8002402656468855e-09
3.935 1.7127014029359859e-09
3.94 1.9444364246556274e-09
3.9450000000000003 1.9220313597612927e-09
3.95 1.9533345447009215e-09
3.955 2.0204370647225758e-09
3.96 1.903313514692167e-09
3.9650000000000003 1.9548690585767864e-09
3.97 1.8797996241852105e-09
3.975 1.8639321868331297e-09
3.98 1.7917987815689386e-09
3.985 1.886556578185721e-09
3.99 1.7925880018729386e-09
3.995 1.9724109661539106e-09
4.0 1.7664775039851925e-09
4.005 1.7573260415076228e-09
4.01 1.8902408295599453e-09
4.015 1.8079066694238299e-09
4.0200000000000005 1.7406905627281743e-09
4.025 1.7040711080574626e-09
4.03 1.9097867611819273e-09
4.035 1.827580634982154e-09
4.04 1.7622008630993542e-09
4.045 1.7349958809258634e-09
4.05 1.7668814439074565e-09
4.055 1.7529823136098036e-09
4.0600000000000005 1.7078360609486901e-09
4.065 1.6720424211719298e-09
4.07 1.7818757207539112e-09
4.075 1.7513320738324056e-09
4.08 1.7042017446094744e-09
4.085 1.7141505153356058e-09
4.09 1.8452285292259582e-09
4.095 1.7501020769053636e-09
4.1 1.730726912195043e-09
4.105 1.7649834399805138e-09
4.11 1.6955055109532855e-09
4.115 1.6732702400520344e-09
4.12 1.696549291168672e-09
4.125 1.6539684465548345e-09
4.13 1.781181292957527e-09
4.135 1.7805730482250972e-09
4.14 1.6834346916248853e-09
4.1450000000000005 1.7634848150023126e-09
4.15 1.6646155134406655e-09
4.155 1.7342506015381244e-09
4.16 1.7776309447866205e-09
4.165 1.736759761783917e-09
4.17 1.554062644818239e-09
4.175 1.7717288022369905e-09
4.18 1.6943893450679614e-09
4.1850000000000005 1.764941537185328e-09
4.19 1.6804888913111084e-09
4.195 1.6202802171326833e-09
4.2 1.7082803940781023e-09
4.205 1.718594793434626e-09
4.21 1.5271017702067359e-09
4.215 1.5288366217010081e-09
4.22 1.66343048003024e-09
4.225 1.625575636895726e-09
4.23 1.636126546825869e-09
4.235 1.6945149421353873e-09
4.24 1.6096130799977187e-09
4.245 1.596949576677019e-09
4.25 1.6733729744997705e-09
4.255 1.6611333342523699e-09
4.26 1.7179094398183661e-09
4.265 1.6163067271409318e-09
4.2700000000000005 1.7322287889848243e-09
4.275 1.5567589457840831e-09
4.28 1.713634477785356e-09
4.285 1.5052362113925163e-09
4.29 1.6484858630149386e-09
4.295 1.6155846434691356e-09
4.3 1.626264713437048e-09
4.305 1.5821481355255482e-09
4.3100000000000005 1.5281784526031613e-09
4.315 1.6121806110138566e-09
4.32 1.5619054872638758e-09
4.325 1.495464232177473e-09
4.33 1.482821250470437e-09
4.335 1.5221732662277938e-09
4.34 1.7058204736527343e-09
4.345 1.5795727772921816e-09
4.3500000000000005 1.5459402451728626e-09
4.355 1.605988076707118e-09
4.36 1.5233809864967549e-09
4.365 1.616615844660106e-09
4.37 1.5757729325412197e-09
4.375 1.585584484286571e-09
4.38 1.5750587235863286e-09
4.385 1.5281262715763663e-09
4.39 1.48452338051268e-09
4.3950000000000005 1.56040004307371e-09
4.4 1.4118284344594114e-09
4.405 1.4837106918020047e-09
4.41 1.516062146621964e-09
4.415 1.4468062088037241e-09
4.42 1.5252251349304751e-09
4.425 1.518945278842582e-09
4.43 1.5239326137560979e-09
4.4350000000000005 1.4391320961210865e-09
4.44 1.4660821033028617e-09
4.445 1.4621065640530926e-09
4.45 1.442932375383878e-09
4.455 1.4403958828384806e-09
4.46 1.523986874659424e-09
4.465 1.5696696666055624e-09
4.47 1.5165519406947439e-09
4.4750000000000005 1.5279724946702812e-09
4.48 1.5011579589651696e-09
4.485 1.4272166746075065e-09
4.49 1.5870117718058863e-09
4.495 1.4602275226389104e-09
4.5 1.481201894559369e-09
4.505 1.5393575116942007e-09
4.51 1.4905863041276858e-09
4.515 1.4925876156629471e-09
4.5200000000000005 1.525747026879481e-09
4.525 1.4303478748136142e-09
4.53 1.4403193900267297e-09
4.535 1.4810625020874865e-09
4.54 1.4990467761872512e-09
4.545 1.3854921332215636e-09
4.55 1.3779649085314943e-09
4.555 1.422096023606916e-09
4.5600000000000005 1.391581828110683e-09
4.565 1.4233232136975716e-09
4.57 1.3857052854028185e-09
4.575 1.5067601408597435e-09
4.58 1.4275940861313973e-09
4.585 1.4795548252511953e-09
4.59 1.4889534986946749e-09
4.595 1.4526546369510343e-09
4.6000000000000005 1.4323437691903946e-09
4.605 1.352062202607218e-09
4.61 1.4464603395584694e-09
4.615 1.441404441303695e-09
4.62 1.3881119106999448e-09
4.625 1.4196665691974623e-09
4.63 1.4911112357513251e-09
4.635 1.4688085588329636e-09
4.64 1.4398819948703075e-09
4.6450000000000005 1.3796639382807987e-09
4.65 1.438774318428267e-09
4.655 1.3778293835481037e-09
4.66 1.3634182484679038e-09
4.665 1.3991217650054694e-09
4.67 1.3813897343924088e-09
4.675 1.3918563083977819e-09
4.68 1.3359347767804023e-09
4.6850000000000005 1.3053169813841734e-09
4.69 1.3781084160901794e-09
4.695 1.3533484765254092e-09
4.7 1.3512291090310252e-09
4.705 1.3716915701727025e-09
4.71 1.2728218841360257e-09
4.715 1.3401060707551986e-09
4.72 1.3476050083962146e-09
4.7250000000000005 1.2632791107506693e-09
4.73 1.2842030200663655e-09
4.735 1.391658362769613e-09
4.74 1.3359408020017695e-09
4.745 1.3619155010964269e-09
4.75 1.2927933217274883e-09
4.755 1.3026562893400453e-09
4.76 1.3063319281637518e-09
4.765 1.2673104902181908e-09
4.7700000000000005 1.3194155592503134e-09
4.775 1.2368504516275528e-09
4.78 1.3198683443013973e-09
4.785 1.281780502811575e-09
4.79 1.257013477798445e-09
4.795 1.2723186814803933e-09
4.8 1.2543674081942504e-09
4.805 1.3247362093961974e-09
4.8100000000000005 1.2833454701805886e-09
4.815 1.2475400757283047e-09
4.82 1.2661981115938007e-09
4.825 1.3969659001687692e-09
4.83 1.3029277890000768e-09
4.835 1.2569847341789151e-09
4.84 1.2393304395183416e-09
4.845 1.2362997802032228e-09
4.8500000000000005 1.2133582112102808e-09
4.855 1.2344063600394108e-09
4.86 1.2167067937064454e-09
4.865 1.241122481109219e-09
4.87 1.193599348699398e-09
4.875 1.242483525946202e-09
4.88 1.1273005546110066e-09
4.885 1.174720082710368e-09
4.89 1.2736640714762914e-09
4.8950000000000005 1.3103174200848778e-09
4.9 1.3235454038408734e-09
4.905 1.2626195698916187e-09
4.91 1.2141084534470636e-09
4.915 1.2168105977267704e-09
4.92 1.2367839162519082e-09
4.925 1.2330607398503776e-09
4.93 1.2387084352008942e-09
4.9350000000000005 1.2370416231499423e-09
4.94 1.1964869259288938e-09
4.945 1.1912747843511832e-09
4.95 1.160341213704163e-09
4.955 1.197664999259725e-09
4.96 1.2507784676916416e-09
4.965 1.1755523152321979e-09
4.97 1.2134570273741138e-09
4.9750000000000005 1.1470920183412348e-09
4.98 1.247906525396526e-09
4.985 1.2452856980432722e-09
4.99 1.2126528228283788e-09
4.995 1.2545121497841231e-09
5.0 1.2815233904400048e-09
5.005 1.1953113921066144e-09
5.01 1.1352156209805464e-09
5.015 1.167368982277443e-09
5.0200000000000005 1.160377015930066e-09
5.025 1.2362646577797692e-09
5.03 1.0592015871315974e-09
5.035 1.1472541882127216e-09
5.04 1.1835542029590453e-09
5.045 1.1137856147156303e-09
5.05 1.1396045483917813e-09
5.055 1.1260943835571346e-09
5.0600000000000005 1.1904384479640173e-09
5.065 1.209673415242968e-09
5.07 1.1964202477014332e-09
5.075 1.1774530728500228e-09
5.08 1.2290329945321264e-09
5.085 1.1209890264847036e-09
5.09 1.1121753475152145e-09
5.095 1.1284213941354708e-09
5.1000000000000005 1.1821154065560419e-09
5.105 1.06304658195585e-09
5.11 1.102786826131209e-09
5.115 1.0814555526517532e-09
5.12 1.0831956380478043e-09
5.125 1.1094349660958876e-09
5.13 1.1295766238475599e-09
5.135 1.2099843493409554e-09
5.14 1.0524854467610202e-09
5.1450000000000005 1.1376321696570998e-09
5.15 1.1098243280192274e-09
5.155 1.1012528592248433e-09
5.16 1.1517684288465935e-09
5.165 1.1330151623098123e-09
5.17 1.0482198597414561e-09
5.175 1.15334136030881e-09
5.18 1.103852859807272e-09
5.1850000000000005 1.1357018325729521e-09
5.19 1.073786535450064e-09
5.195 1.1715929129253106e-09
5.2 1.1223307724695236e-09
5.205 1.1099014200480075e-09
5.21 1.052458582028431e-09
5.215 1.0652408489990517e-09
5.22 1.0496205176474441e-09
5.2250000000000005 1.1090619466150494e-09
5.23 1.0560406682252698e-09
5.235 1.1028829970879154e-09
5.24 1.0231429754240589e-09
5.245 1.1055978984816584e-09
5.25 1.0600218675584708e-09
5.255 1.0464182498714405e-09
5.26 1.0718239115338757e-09
5.265 9.763784084285653e-10
5.2700000000000005 1.0699502310024017e-09
5.275 1.008897550006518e-09
5.28 1.0524026571411665e-09
5.285 1.0631736836065096e-09
5.29 1.0891689207681886e-09
5.295 1.0577236762695728e-09
5.3 1.0678395186300738e-09
5.305 1.0219969201970316e-09
5.3100000000000005 1.0871410956956308e-09
5.315 1.0405723914220835e-09
5.32 1.0695803858755284e-09
5.325 1.0023699205347307e-09
5.33 1.0237531170161837e-09
5.335 1.036264199860375e-09
5.34 1.0316228787971593e-09
5.345 9.969725272940908e-10
5.3500000000000005 9.782819278295103e-10
5.355 1.027335951455127e-09
5.36 1.0030987463896139e-09
5.365 1.0699345092026335e-09
5.37 9.240214040846034e-10
5.375 9.311703509396416e-10
5.38 9.573925361441527e-10
5.385 1.0204596541499348e-09
5.39 1.075864483333538e-09
5.3950000000000005 9.815144140093594e-10
5.4 9.456745324226545e-10
5.405 9.716354616482544e-10
5.41 9.389666928119832e-10
5.415 9.42969077995856e-10
5.42 9.780241289040232e-10
5.425 1.033027107768073e-09
5.43 1.0783823580885354e-09
5.4350000000000005 1.0070015127078736e-09
5.44 1.0351112094407421e-09
5.445 9.857669887972077e-10
5.45 9.822275947414225e-10
5.455 9.91271368286192e-10
5.46 9.883728182498433e-10
5.465 9.934921073604616e-10
5.47 9.55999106226844e-10
5.4750000000000005 9.322042054040185e-10
5.48 9.582482288035586e-10
5.485 1.012011218836521e-09
5.49 9.467180090572642e-10
5.495 8.753896780939509e-10
5.5 9.989341994188275e-10
5.505 9.713665647030368e-10
5.51 9.986076768300958e-10
5.515 9.768416269357182e-10
5.5200000000000005 9.275972730681231e-10
5.525 9.872289097286953e-10
5.53 9.512335815204103e-10
5.535 9.94893120246559e-10
5.54 8.572719522127226e-10
5.545 9.57475158504697e-10
5.55 9.61783399185145e-10
5.555 9.806855656069831e-10
5.5600000000000005 8.915928334436833e-10
5.565 9.851534387439216e-10
5.57 9.052349704569394e-10
5.575 9.700898972930433e-10
5.58 8.621476492358332e-10
5.585 9.163848111713352e-10
5.59 9.094377805025206e-10
5.595 9.63816081119206e-10
5.6000000000000005 8.880303068146188e-10
5.605 8.275253738598114e-10
5.61 9.168304508071347e-10
5.615 9.444732815721815e-10
5.62 8.845207482170038e-10
5.625 8.93499814782623e-10
5.63 9.467140737490448e-10
5.635 9.356862265180414e-10
5.64 8.794595538351185e-10
5.6450000000000005 8.728212387716086e-10
5.65 9.104213467323466e-10
5.655 8.83635055777819e-10
5.66 8.298249987940809e-10
5.665 8.937232673833767e-10
5.67 8.442245545788085e-10
5.675 8.309107002466846e-10
5.68 9.387163726282388e-10
5.6850000000000005 8.981172442555532e-10
5.69 9.659910684407992e-10
5.695 9.339548406664877e-10
5.7 8.855370148226728e-10
5.705 8.830017539143394e-10
5.71 8.445939320053367e-10
5.715 8.412103953154963e-10
5.72 9.05335250421962e-10
5.7250000000000005 8.410873480761194e-10
5.73 8.571929660067977e-10
5.735 8.036912802765341e-10
5.74 8.620270665716703e-10
5.745 8.064043803201944e-10
5.75 8.259734746312579e-10
5.755 8.590407256531795e-10
5.76 8.412568929366876e-10
5.765 8.070894467539511e-10
5.7700000000000005 8.488302878339102e-10
5.775 8.260384123984337e-10
5.78 8.980841216511775e-10
5.785 8.252359632777435e-10
5.79 8.590724096802385e-10
5.795 8.21626733972234e-10
5.8 8.270605325828009e-10
5.805 8.143461648217599e-10
5.8100000000000005 8.36236206057788e-10
5.815 8.54636534373862e-10
5.82 7.670506368474767e-10
5.825 8.213653129835356e-10
5.83 8.502075690019124e-10
5.835 8.479499982657926e-10
5.84 8.38705661318646e-10
5.845 7.90288645705984e-10
5.8500000000000005 8.366537330324735e-10
5.855 8.220106839013808e-10
5.86 8.382903575300618e-10
5.865 7.956149723670978e-10
5.87 9.116166042313091e-10
5.875 8.640610777694415e-10
5.88 8.647945358291466e-10
5.885 8.182543123840077e-10
5.89 7.852866859712779e-10
5.8950000000000005 8.981605914241044e-10
5.9 8.215923929068466e-10
5.905 7.792653753454442e-10
5.91 8.151982139381172e-10
5.915 8.574799635474381e-10
5.92 7.924701434617339e-10
5.925 8.509251850416961e-10
5.93 7.536037863937958e-10
5.9350000000000005 8.167528989785803e-10
5.94 8.135830572241147e-10
5.945 8.208756313803031e-10
5.95 7.943292232936087e-10
5.955 8.038791695286754e-10
5.96 7.758606891495139e-10
5.965 7.570685729545235e-10
5.97 8.517258395551104e-10
5.9750000000000005 7.3735926022625e-10
5.98 8.041756972800576e-10
5.985 7.830578777239559e-10
5.99 8.275659481002041e-10
5.995 7.25500385416105e-10
6.0 7.423140044989862e-10
6.005 8.239226640503061e-10
6.01 7.694221609263821e-10
6.015000000000001 7.816382911918903e-10
6.0200000000000005 7.787106949916497e-10
6.025 7.682963259785492e-10
6.03 7.540912940953265e-10
6.035 7.41920230781612e-10
6.04 7.854159784629866e-10
6.045 7.978737623681115e-10
6.05 7.725823196216318e-10
6.055 7.448887936677485e-10
6.0600000000000005 7.258491581023027e-10
6.065 7.145929568842887e-10
6.07 7.43116988008595e-10
6.075 7.43780399593307e-10
6.08 7.451004992419123e-10
6.085 7.548567522566331e-10
6.09 7.507356191188435e-10
6.095 7.282214946796812e-10
6.1000000000000005 7.255800619053783e-10
6.105 7.738566565464839e-10
6.11 7.012245378908223e-10
6.115 7.258777673144242e-10
6.12 7.730601413555573e-10
6.125 7.260992975749042e-10
6.13 7.401439614536105e-10
6.135 7.837421713691301e-10
6.140000000000001 7.298892526914616e-10
6.1450000000000005 7.338752354434948e-10
6.15 7.081647535624486e-10
6.155 7.455444204540943e-10
6.16 7.149030538623867e-10
6.165 7.469358347180186e-10
6.17 7.198351860445384e-10
6.175 7.12141447977294e-10
6.18 7.235197612635879e-10
6.1850000000000005 6.929739841890645e-10
6.19 7.19036483199243e-10
6.195 7.806908695968981e-10
6.2 7.049060416679188e-10
6.205 7.342116277028383e-10
6.21 7.51975049589264e-10
6.215 7.356535614084872e-10
6.22 7.034743280986493e-10
6.2250000000000005 7.225235563825679e-10
6.23 6.9863997490351e-10
6.235 6.811981225975332e-10
6.24 7.566543807592155e-10
6.245 7.111608001377433e-10
6.25 7.212751747742247e-10
6.255 7.050551878015165e-10
6.26 7.288598930444947e-10
6.265000000000001 7.092540689650456e-10
6.2700000000000005 7.315772745130144e-10
6.275 6.942060945818968e-10
6.28 7.88684303906872e-10
6.285 7.169142514401357e-10
6.29 7.249985588038029e-10
6.295 6.612534034297856e-10
6.3 6.984001583657688e-10
6.305 6.898173635214071e-10
6.3100000000000005 7.271535476076443e-10
6.315 6.327326468057376e-10
6.32 6.728425757460711e-10
6.325 6.639410649642138e-10
6.33 6.304417370672273e-10
6.335 6.748831219601194e-10
6.34 6.51449083353203e-10
6.345 7.204683587801973e-10
6.3500000000000005 6.655608309597705e-10
6.355 6.990759672792953e-10
6.36 6.729218496744403e-10
6.365 6.881844338706806e-10
6.37 6.86607155455762e-10
6.375 6.421360587358064e-10
6.38 6.739959911257225e-10
6.385 6.391608062410106e-10
6.390000000000001 6.688410500670528e-10
6.3950000000000005 6.639203822484122e-10
6.4 6.728493208098329e-10
6.405 6.415750082814007e-10
6.41 6.724168681307115e-10
6.415 6.666046838330258e-10
6.42 6.884021201344072e-10
6.425 6.352117443226198e-10
6.43 6.947423358960752e-10
6.4350000000000005 6.515431691932518e-10
6.44 6.941456951357638e-10
6.445 7.014131500080194e-10
6.45 7.045959351406533e-10
6.455 6.451725529232855e-10
6.46 6.656153163182593e-10
6.465 6.376276672888628e-10
6.47 6.226210905764766e-10
6.4750000000000005 6.189189300964204e-10
6.48 6.475403187917537e-10
6.485 5.942543228987079e-10
6.49 6.217005675031647e-10
6.495 6.664874196443148e-10
6.5 6.992951232646629e-10
6.505 6.877659982698108e-10
6.51 5.945621775120174e-10
6.515000000000001 6.496138045008283e-10
6.5200000000000005 6.473502613942643e-10
6.525 6.218688258982276e-10
6.53 6.73365849410588e-10
6.535 5.971729717017486e-10
6.54 6.928537451255316e-10
6.545 6.541102657594494e-10
6.55 6.178477972165688e-10
6.555 6.327609072107107e-10
6.5600000000000005 6.236304455104878e-10
6.565 6.611726779556703e-10
6.57 6.317110368792163e-10
6.575 6.008775118859273e-10
6.58 6.272528705750107e-10
6.585 6.29578716569403e-10
6.59 6.126321858401964e-10
6.595 6.309641934264129e-10
6.6000000000000005 6.30054613291932e-10
6.605 6.239023516066399e-10
6.61 5.63263482443579e-10
6.615 6.244411682175178e-10
6.62 6.489577301129145e-10
6.625 6.352974101031384e-10
6.63 5.947164668373075e-10
6.635 5.820513047991782e-10
6.640000000000001 6.158059486232034e-10
6.6450000000000005 5.944781612456474e-10
6.65 5.203412043541241e-10
6.655 6.216191768855935e-10
6.66 6.176532650835583e-10
6.665 5.882594709075935e-10
6.67 6.545273014646181e-10
6.675 6.371899857391713e-10
6.68 5.895617424687082e-10
6.6850000000000005 5.742405950193552e-10
6.69 6.166744055847208e-10
6.695 5.879716853753471e-10
6.7 5.733304824122712e-10
6.705 5.716598282300411e-10
6.71 5.791041026055054e-10
6.715 6.285641359650868e-10
6.72 5.918865341092663e-10
6.7250000000000005 5.586657178116897e-10
6.73 5.658061361757623e-10
6.735 6.245335180916916e-10
6.74 5.880229872066097e-10
6.745 5.64721262030639e-10
6.75 5.795220752387274e-10
6.755 5.723049240185989e-10
6.76 5.767731831082804e-10
6.765000000000001 5.224076669121765e-10
6.7700000000000005 5.696902967813564e-10
6.775 6.137150770446156e-10
6.78 5.657566985532811e-10
6.785 6.112761327897856e-10
6.79 5.818441877597061e-10
6.795 5.648081624616559e-10
6.8 5.696565227637502e-10
6.805 5.340289268110321e-10
6.8100000000000005 5.508220319590047e-10
6.815 5.848377726472906e-10
6.82 5.336181716084802e-10
6.825 5.747665585145617e-10
6.83 5.594360489946511e-10
6.835 5.453820604044779e-10
6.84 5.405614580161767e-10
6.845 5.830439248851531e-10
6.8500000000000005 5.345269145739805e-10
6.855 5.639754900470412e-10
6.86 5.375877016574666e-10
6.865 5.825516208781404e-10
6.87 5.245848044747598e-10
6.875 5.655468455143253e-10
6.88 5.507132621555718e-10
6.885 5.381914730313001e-10
6.890000000000001 5.276411862647029e-10
6.8950000000000005 4.800321155991685e-10
6.9 5.486205551684959e-10
6.905 5.396717858987191e-10
6.91 5.632440897992924e-10
6.915 5.474273494775455e-10
6.92 4.949613555419674e-10
6.925 5.092168101222832e-10
6.93 5.664922602370337e-10
6.9350000000000005 5.065463594005683e-10
6.94 6.017699738624198e-10
6.945 5.209599765863122e-10
6.95 5.655120784280361e-10
6.955 5.220002873596264e-10
6.96 4.997573778531735e-10
6.965 4.833240378308564e-10
6.97 5.397409306399671e-10
6.9750000000000005 4.993425164547149e-10
6.98 5.226694806102886e-10
6.985 5.00783557806304e-10
6.99 5.639301313905199e-10
6.995 5.352955465441645e-10
7.0 5.301081709796553e-10
7.005 5.169844736416635e-10
7.01 5.147359280696625e-10
7.015000000000001 5.422978264562574e-10
7.0200000000000005 4.966859175984729e-10
7.025 5.686839632412122e-10
7.03 5.357792440912917e-10
7.035 5.031291254951752e-10
7.04 5.465102091748495e-10
7.045 5.010417442580075e-10
7.05 5.352839536827665e-10
7.055 5.143352738025479e-10
7.0600000000000005 4.894466994013936e-10
7.065 4.755171276449867e-10
7.07 5.273058540548043e-10
7.075 5.039063540584845e-10
7.08 4.877470292931587e-10
7.085 5.033563339791579e-10
7.09 4.900154740854958e-10
7.095 4.967675376646759e-10
7.1000000000000005 5.331524240256987e-10
7.105 4.957673040104111e-10
7.11 5.473224789392951e-10
7.115 4.79946769278516e-10
7.12 4.59504981160244e-10
7.125 4.981977213575288e-10
7.13 4.644620251303478e-10
7.135 4.5607285534191346e-10
7.140000000000001 4.750211734337642e-10
7.1450000000000005 5.261409529272865e-10
7.15 4.829937865104623e-10
7.155 5.044123357530844e-10
7.16 4.971637008673059e-10
7.165 5.111896885732968e-10
7.17 4.64982323793248e-10
7.175 4.638065592625285e-10
7.18 5.133284951361793e-10
7.1850000000000005 4.853175088575746e-10
7.19 4.793864101794192e-10
7.195 4.68569651413448e-10
7.2 4.608549856164124e-10
7.205 4.769930163318058e-10
7.21 4.547535070979551e-10
7.215 4.545079315261891e-10
7.22 4.702922805487665e-10
7.2250000000000005 4.581621002793675e-10
7.23 4.673240345275167e-10
7.235 4.496680217881455e-10
7.24 4.73854131648847e-10
7.245 4.933933345398999e-10
7.25 4.5273736990009147e-10
7.255 4.5158506480494133e-10
7.26 4.795236151303431e-10
7.265000000000001 4.831309799062008e-10
7.2700000000000005 4.3619344768292166e-10
7.275 4.992419029219495e-10
7.28 5.170529648074893e-10
7.285 4.405713002484873e-10
7.29 4.799152557986896e-10
7.295 4.5351289479212004e-10
7.3 4.441654458156567e-10
7.305 4.5663239003482984e-10
7.3100000000000005 4.1837471604438055e-10
7.315 4.713256394251065e-10
7.32 4.4186075523375304e-10
7.325 4.659999360676489e-10
7.33 4.1071494296493234e-10
7.335 4.804919124518554e-10
7.34 4.391312475946497e-10
7.345 5.105522856933446e-10
7.3500000000000005 4.176950395829579e-10
7.355 4.580906938945371e-10
7.36 4.3524613466395914e-10
7.365 4.174072919600689e-10
7.37 4.85315637480765e-10
7.375 4.311578212574541e-10
7.38 4.4081752811944887e-10
7.385 4.701041525762122e-10
7.390000000000001 4.0264010555221494e-10
7.3950000000000005 4.3649960677656205e-10
7.4 4.5803462019229155e-10
7.405 4.202702207983427e-10
7.41 4.4377656248153514e-10
7.415 4.661493654423363e-10
7.42 4.043389797406883e-10
7.425 4.108948502352847e-10
7.43 4.698293851859373e-10
7.4350000000000005 5.264653502167594e-10
7.44 4.139232371306861e-10
7.445 4.205753656495702e-10
7.45 3.8166210667719774e-10
7.455 4.3821596814018676e-10
7.46 4.1086509043788036e-10
7.465 4.029550772625397e-10
7.47 4.2078224474737877e-10
7.4750000000000005 4.666208541685873e-10
7.48 4.1114291917129445e-10
7.485 4.3695747913692973e-10
7.49 4.254201185644817e-10
7.495 4.142614617816281e-10
7.5 4.5870171319118815e-10
7.505 4.2667112510965745e-10
7.51 4.233394961532536e-10
7.515000000000001 4.2980415137790566e-10
7.5200000000000005 3.629901572144067e-10
7.525 3.893656636552104e-10
7.53 3.6673105583660027e-10
7.535 3.8914424119724817e-10
7.54 4.2038752714833464e-10
7.545 4.231376332949632e-10
7.55 4.178779664671856e-10
7.555 4.465460866616586e-10
7.5600000000000005 4.3032050629167033e-10
7.565 4.4213164193537973e-10
7.57 4.1495181394341596e-10
7.575 3.8911948370020517e-10
7.58 4.09766663484637e-10
7.585 3.9760504700553293e-10
7.59 4.107362088370964e-10
7.595 3.637079880567842e-10
7.6000000000000005 4.183574501301035e-10
7.605 3.8750159427834274e-10
7.61 3.4627447669592686e-10
7.615 3.766413530191419e-10
7.62 4.0256779215447257e-10
7.625 3.957090772289485e-10
7.63 3.7397402287753607e-10
7.635 4.2804572283275533e-10
7.640000000000001 4.1838009293260146e-10
7.6450000000000005 3.463151563970551e-10
7.65 4.068283299039431e-10
7.655 4.1356745481405836e-10
7.66 3.660390432291587e-10
7.665 4.1128579691498037e-10
7.67 4.0584320961499116e-10
7.675 3.637325171176795e-10
7.68 3.6636534143828823e-10
7.6850000000000005 3.663373223576742e-10
7.69 3.7414341919493075e-10
7.695 4.0370169080390085e-10
7.7 3.7459508097170497e-10
7.705 3.6608038756160046e-10
7.71 3.8876212923059096e-10
7.715 4.0780245527755715e-10
7.72 4.085983905734929e-10
7.7250000000000005 3.9115849304372296e-10
7.73 4.1380769990107414e-10
7.735 3.804852516658011e-10
7.74 3.5277492030059806e-10
7.745 3.847521596195564e-10
7.75 3.829009201637765e-10
7.755 3.714057476990826e-10
7.76 3.5163112191089643e-10
7.765000000000001 3.89832157825243e-10
7.7700000000000005 3.8106061336113334e-10
7.775 3.651537656098593e-10
7.78 3.4001811974156725e-10
7.785 4.076823941684014e-10
7.79 3.927775067821206e-10
7.795 3.3372283501683067e-10
7.8 3.3200379691937184e-10
7.805000000000001 3.5276909561013795e-10
7.8100000000000005 3.4130393637475784e-10
7.815 3.483831957450563e-10
7.82 3.5015359758191024e-10
7.825 3.5538205973636166e-10
7.83 3.8157110054327847e-10
7.835 3.7116896604818467e-10
7.84 3.64043815416892e-10
7.845 3.4509002470707855e-10
7.8500000000000005 3.644665289348676e-10
7.855 3.3571496589094477e-10
7.86 3.4676624810641083e-10
7.865 3.575333144686969e-10
7.87 3.6277652525888007e-10
7.875 3.5899817466569546e-10
7.88 3.5551420513195724e-10
7.885 3.5460476338735926e-10
7.890000000000001 3.1050724767533844e-10
7.8950000000000005 3.282285398753058e-10
7.9 3.393864302309719e-10
7.905 3.1303403936792054e-10
7.91 3.0339679778859686e-10
7.915 3.467290963321541e-10
7.92 3.2244131214852375e-10
7.925 3.33510379392041e-10
7.930000000000001 3.4015894893302083e-10
7.9350000000000005 3.487127262365463e-10
7.94 3.297156354201874e-10
7.945 3.190708507438275e-10
7.95 3.598737242239525e-10
7.955 3.1368386189655457e-10
7.96 3.310337749750059e-10
7.965 3.3964424270495303e-10
7.97 3.300457451210032e-10
7.9750000000000005 3.500230126789438e-10
7.98 3.634747331075381e-10
7.985 3.197756954790681e-10
7.99 3.243376166211087e-10
7.995 3.7007110688042426e-10
8.0 3.3122221238488433e-10
8.25 1.5482096430042717e-08
8.5 1.3887304204864763e-08
8.75 1.2371543750871591e-08
9.0 1.1354245960620016e-08
9.25 1.0337182283024132e-08
9.5 9.588039463324127e-09
9.75 8.883450708916369e-09
10.0 8.016846690717302e-09
10.25 7.3701642092838825e-09
10.5 6.712919640616978e-09
10.75 6.219808237003169e-09
11.0 5.733089230035528e-09
11.25 5.307289707897144e-09
11.5 4.926731999965732e-09
11.75 4.658039729354721e-09
12.0 4.403295148721449e-09
12.25 4.024117108310412e-09
12.5 3.686123768267712e-09
12.75 3.404217714413055e-09
13.0 3.1185428024626866e-09
13.25 2.9038120304781086e-09
13.5 2.6839782471030327e-09
13.75 2.4704156131755583e-09
14.0 2.334781858229546e-09
14.25 2.208028599971828e-09
14.5 1.9921979268725123e-09
14.75 1.8336260711114006e-09
15.0 1.7718056977672238e-09
15.25 1.593238101053592e-09
15.5 1.4910326637797555e-09
15.75 1.3449465018848672e-09
16.0 1.2493420926468154e-09
16.25 1.2422619919697875e-09
16.5 1.0576454429219135e-09
16.75 1.0799815332295168e-09
17.0 9.405611420436064e-10
17.25 8.422063779722918e-10
17.5 8.32846393900906e-10
17.75 7.382979008607718e-10
18.0 6.958980702489152e-10
18.25 6.34016537065683e-10
18.5 6.271966099456283e-10
18.75 5.543534198227061e-10
19.0 5.255476234119508e-10
19.25 4.4856836171479035e-10
19.5 4.447341665184387e-10
19.75 4.3417767404330847e-10
