0.005 2.1458238496951145e-11
0.01 1.230777131540585e-10
0.015 2.616023141593335e-10
0.02 3.972672053805505e-10
0.025 5.22988353665352e-10
0.03 6.351930526883503e-10
0.035 7.551328007038171e-10
0.04 8.545323326716491e-10
0.045 9.286944312373409e-10
0.05 1.0003656947984559e-09
0.055 1.0506980573453352e-09
0.06 1.085262229616141e-09
0.065 1.1123576686458098e-09
0.07 1.1081221700964543e-09
0.075 1.1182208195808928e-09
0.08 1.1088226499680807e-09
0.085 1.0821626157661602e-09
0.09 1.0454618668273232e-09
0.095 1.026584873869235e-09
0.1 9.890431687826281e-10
0.105 9.42704736560323e-10
0.11 9.209357942342126e-10
0.115 8.977569487050758e-10
0.12 8.676859309706079e-10
0.125 8.607167003323503e-10
0.13 8.292434638453572e-10
0.135 8.264243765799256e-10
0.14 8.096832414511463e-10
0.145 8.131877054991273e-10
0.15 8.043542537358715e-10
0.155 7.945428906821603e-10
0.16 8.01501007881136e-10
0.165 7.924467212536183e-10
0.17 8.09555301477469e-10
0.17500000000000002 8.184074603075493e-10
0.18 8.112334763679658e-10
0.185 8.242220964901627e-10
0.19 8.155881464321593e-10
0.195 8.162464371070287e-10
0.2 8.270345589419008e-10
0.20500000000000002 8.485451094251069e-10
0.21 8.517223968245948e-10
0.215 8.66095332292262e-10
0.22 8.657847157104456e-10
0.225 8.696122979970786e-10
0.23 8.756687819871954e-10
0.23500000000000001 8.573746431608972e-10
0.24 8.789604325621293e-10
0.245 8.856471251470506e-10
0.25 9.057936512860519e-10
0.255 8.861944791218319e-10
0.26 9.03742111438373e-10
0.265 8.894426754446837e-10
0.27 8.945681144949048e-10
0.275 8.915751758004581e-10
0.28 9.141187944389626e-10
0.28500000000000003 9.190141547159971e-10
0.29 8.809349944818676e-10
0.295 9.070291880372382e-10
0.3 8.843332817412572e-10
0.305 8.92900167009315e-10
0.31 9.276919433292076e-10
0.315 9.164017940004134e-10
0.32 9.09710432418248e-10
0.325 9.221992413391918e-10
0.33 8.81241281560486e-10
0.335 9.120874324109242e-10
0.34 9.110386941458706e-10
0.34500000000000003 9.007631103748064e-10
0.35000000000000003 8.715208166543769e-10
0.355 9.252101286053893e-10
0.36 8.751312772954463e-10
0.365 8.811654920166174e-10
0.37 8.679994524831155e-10
0.375 8.875787595192019e-10
0.38 8.789234609027337e-10
0.385 8.779022870907096e-10
0.39 8.836379617106646e-10
0.395 8.764151090684024e-10
0.4 8.740392731573835e-10
0.405 9.09868230497679e-10
0.41000000000000003 8.609374499921057e-10
0.41500000000000004 8.61416708663316e-10
0.42 8.579276606548468e-10
0.425 8.724732026490201e-10
0.43 8.710365209483388e-10
0.435 8.809092447585279e-10
0.44 8.498905781658424e-10
0.445 8.762296457363182e-10
0.45 8.405792581349674e-10
0.455 8.428533006105903e-10
0.46 8.600582140500958e-10
0.465 8.365986117333164e-10
0.47000000000000003 8.423688946952482e-10
0.47500000000000003 8.616757179888287e-10
0.48 8.655792051910985e-10
0.485 8.222431750181811e-10
0.49 8.686796363546583e-10
0.495 8.34299409959073e-10
0.5 8.487497511921981e-10
0.505 8.202840729724203e-10
0.51 8.301748833736053e-10
0.515 7.869190649384947e-10
0.52 8.233278233701323e-10
0.525 8.199547957306901e-10
0.53 8.124391580620342e-10
0.535 8.17047127698079e-10
0.54 8.241447212285661e-10
0.545 8.221717488049946e-10
0.55 8.293083614563171e-10
0.555 8.331911914051725e-10
0.56 7.868292732442538e-10
0.5650000000000001 7.810628982819384e-10
0.5700000000000001 8.112693383859899e-10
0.5750000000000001 8.023985017952139e-10
0.58 8.012245629675818e-10
0.585 7.741329916779136e-10
0.59 7.785985869292629e-10
0.595 7.803721918207477e-10
0.6 7.659643108269987e-10
0.605 7.896710687245404e-10
0.61 7.58264192895976e-10
0.615 7.67435353357211e-10
0.62 7.777166700835919e-10
0.625 7.713078580252646e-10
0.63 7.747959178124287e-10
0.635 7.883192981608075e-10
0.64 7.760645754037275e-10
0.645 7.931891378530098e-10
0.65 7.551553204342949e-10
0.655 7.886812354241733e-10
0.66 7.745078504675174e-10
0.665 7.77417665777537e-10
0.67 7.454111107837775e-10
0.675 7.501599650459015e-10
0.68 7.569708672355034e-10
0.685 7.647586080105785e-10
0.6900000000000001 7.193117934163629e-10
0.6950000000000001 7.606640220907471e-10
0.7000000000000001 7.456331804808209e-10
0.705 7.610228448398869e-10
0.71 7.622684561638316e-10
0.715 7.737507441683618e-10
0.72 7.449495885588451e-10
0.725 7.537524696502755e-10
0.73 7.428702480232296e-10
0.735 7.608236722803715e-10
0.74 7.657543041998278e-10
0.745 7.283800053213467e-10
0.75 7.375459316633543e-10
0.755 7.400180711190739e-10
0.76 7.036688067726296e-10
0.765 7.159393068620704e-10
0.77 6.980789377697124e-10
0.775 7.343374328786822e-10
0.78 7.267899539223209e-10
0.785 7.139598434991426e-10
0.79 7.287659690138226e-10
0.795 7.337793276079048e-10
0.8 7.181599449582641e-10
0.805 7.276257170625706e-10
0.81 7.317798868258179e-10
0.8150000000000001 7.314547405261593e-10
0.8200000000000001 7.059649080386405e-10
0.8250000000000001 7.301185526616656e-10
0.8300000000000001 7.253763765169055e-10
0.835 7.135169992325947e-10
0.84 7.362467738986784e-10
0.845 7.179447974857411e-10
0.85 7.309388398311737e-10
0.855 7.355486208582688e-10
0.86 7.131144797886084e-10
0.865 6.971932694259144e-10
0.87 7.396158068917313e-10
0.875 6.868635908633896e-10
0.88 6.880681805392794e-10
0.885 6.758628249571605e-10
0.89 7.102821004954552e-10
0.895 7.073311382502626e-10
0.9 7.054198586266048e-10
0.905 7.094228874738934e-10
0.91 7.180354499617319e-10
0.915 7.405112268274168e-10
0.92 7.099807057505105e-10
0.925 6.936439943480012e-10
0.93 7.252428113397374e-10
0.935 6.95198734051939e-10
0.9400000000000001 7.018189081907428e-10
0.9450000000000001 6.689386961356291e-10
0.9500000000000001 7.085705608599424e-10
0.9550000000000001 7.190059044502069e-10
0.96 6.814644071872543e-10
0.965 6.862272864787063e-10
0.97 6.883109850144494e-10
0.975 6.732997746019454e-10
0.98 6.812531233233825e-10
0.985 6.775334556472639e-10
0.99 7.150644272921536e-10
0.995 7.119421974781217e-10
1.0 6.746151397438193e-10
1.0050000000000001 6.915932145401305e-10
1.01 6.796580380663002e-10
1.0150000000000001 6.870047492462532e-10
1.02 6.714242657822923e-10
1.025 6.687273357411973e-10
1.03 7.09913288597766e-10
1.035 6.674389192562441e-10
1.04 7.19380032778066e-10
1.045 6.736499572560403e-10
1.05 7.055855020030032e-10
1.055 6.86209662877458e-10
1.06 6.837898573182859e-10
1.065 6.793712686636185e-10
1.07 6.714521002114385e-10
1.075 6.736017161966555e-10
1.08 6.956762156193611e-10
1.085 6.884942390215003e-10
1.09 6.754893180342885e-10
1.095 6.820460109927158e-10
1.1 6.644588888102631e-10
1.105 7.095429751299248e-10
1.11 6.990891360257625e-10
1.115 6.927842452700232e-10
1.12 6.858724277344826e-10
1.125 6.545815756228076e-10
1.1300000000000001 6.957320425358372e-10
1.135 6.946002083310066e-10
1.1400000000000001 6.91252079982338e-10
1.145 6.765108463781019e-10
1.1500000000000001 6.910253517586617e-10
1.155 6.75994537483697e-10
1.16 6.771919152023113e-10
1.165 6.880587677732049e-10
1.17 7.018824616846424e-10
1.175 6.908425964167485e-10
1.18 6.668984663310973e-10
1.185 6.790004669579473e-10
1.19 6.756747958183633e-10
1.195 7.140679983008747e-10
1.2 6.895757275231031e-10
1.205 6.90847225092144e-10
1.21 6.809951901230472e-10
1.215 6.942694101099781e-10
1.22 6.821093664229067e-10
1.225 6.761018590435834e-10
1.23 6.958695539258791e-10
1.235 6.577200979440659e-10
1.24 7.160330331545467e-10
1.245 6.653738502620394e-10
1.25 6.694313548539324e-10
1.2550000000000001 6.674442430815142e-10
1.26 6.464042888013629e-10
1.2650000000000001 6.614240339584517e-10
1.27 6.807571200828022e-10
1.2750000000000001 6.857134122128737e-10
1.28 6.653936646802249e-10
1.285 6.771597024672369e-10
1.29 6.792637815753862e-10
1.295 6.641809620865377e-10
1.3 6.718735154271364e-10
1.305 6.673264036891861e-10
1.31 6.728416107959689e-10
1.315 6.736973075223551e-10
1.32 6.486437648344336e-10
1.325 6.731307811591133e-10
1.33 6.573274846460016e-10
1.335 6.602539682324873e-10
1.34 6.760484875994525e-10
1.345 6.714850157692689e-10
1.35 6.515456351404385e-10
1.355 6.66759370628017e-10
1.36 6.734527466406063e-10
1.365 6.568982059454417e-10
1.37 6.751621188953708e-10
1.375 6.513773084502255e-10
1.3800000000000001 6.601655392429901e-10
1.385 6.881321903040912e-10
1.3900000000000001 6.694863592485896e-10
1.395 6.537278657945498e-10
1.4000000000000001 6.606171861572357e-10
1.405 6.630545502418896e-10
1.41 6.723719211856047e-10
1.415 6.605259944644842e-10
1.42 6.653468472002489e-10
1.425 6.666914675225198e-10
1.43 6.585841871423791e-10
1.435 6.666067053574453e-10
1.44 6.543487702584801e-10
1.445 6.589601931687564e-10
1.45 6.522491370830843e-10
1.455 6.457818906853345e-10
1.46 6.519312754048125e-10
1.465 6.698070391977178e-10
1.47 6.492268273040919e-10
1.475 6.620796119262948e-10
1.48 6.444558684201416e-10
1.485 6.529058201983902e-10
1.49 6.219794860871121e-10
1.495 6.385721843117975e-10
1.5 6.559167129769137e-10
1.5050000000000001 6.433867388756766e-10
1.51 6.277353333745053e-10
1.5150000000000001 6.322277440510032e-10
1.52 6.276892528446983e-10
1.5250000000000001 6.661470907299661e-10
1.53 6.498467398911852e-10
1.5350000000000001 6.612163930415904e-10
1.54 6.360705210727206e-10
1.545 6.592268117810527e-10
1.55 6.323966577568195e-10
1.555 6.456916512266486e-10
1.56 6.675203868459435e-10
1.565 6.267545863442309e-10
1.57 6.351612450781308e-10
1.575 6.48899593671966e-10
1.58 6.550667689793541e-10
1.585 6.356289439404091e-10
1.59 6.429038805453777e-10
1.595 6.495424536680214e-10
1.6 6.358133390538953e-10
1.605 6.326812270164586e-10
1.61 6.527655352549798e-10
1.615 6.549756453912366e-10
1.62 6.485847438156228e-10
1.625 6.506727162639704e-10
1.6300000000000001 6.526082392661652e-10
1.635 6.28705175275377e-10
1.6400000000000001 6.388170410838419e-10
1.645 6.428391155751003e-10
1.6500000000000001 6.298309041355597e-10
1.655 6.558038549326094e-10
1.6600000000000001 6.297265380969746e-10
1.665 6.534580664937686e-10
1.67 6.213119010165815e-10
1.675 6.424470811314227e-10
1.68 6.270709086111071e-10
1.685 6.316089926677889e-10
1.69 6.287274261369522e-10
1.695 6.67758761679741e-10
1.7 6.337781159133757e-10
1.705 6.149359040567238e-10
1.71 6.179541465626853e-10
1.715 6.315947001350206e-10
1.72 6.323974827791517e-10
1.725 6.364677779698213e-10
1.73 6.214015050627002e-10
1.735 6.298031710216239e-10
1.74 6.152449840691019e-10
1.745 6.328407183953335e-10
1.75 6.397266141875203e-10
1.7550000000000001 6.215654906527925e-10
1.76 6.101841474222102e-10
1.7650000000000001 6.158694556716248e-10
1.77 6.348477765394244e-10
1.7750000000000001 6.175187950277051e-10
1.78 6.186779144688096e-10
1.7850000000000001 6.116181282049079e-10
1.79 6.240945675128433e-10
1.795 6.156773426000715e-10
1.8 5.997172356876653e-10
1.805 5.971206560557709e-10
1.81 5.982181331292978e-10
1.815 6.128297385817134e-10
1.82 6.242863070067789e-10
1.825 6.02916868177454e-10
1.83 6.116609459412484e-10
1.835 6.018071280431477e-10
1.84 6.069760280008184e-10
1.845 5.9184360239765e-10
1.85 6.167758028548893e-10
1.855 5.846037773308526e-10
1.86 6.002735877921425e-10
1.865 6.109608950945503e-10
1.87 6.213936116292053e-10
1.875 6.055171771024647e-10
1.8800000000000001 6.07833224302057e-10
1.885 6.0458483569468e-10
1.8900000000000001 6.113725191193421e-10
1.895 6.139342502339726e-10
1.9000000000000001 5.861778234814446e-10
1.905 6.012493102963883e-10
1.9100000000000001 5.893106231865578e-10
1.915 6.039364570904851e-10
1.92 5.873798930804801e-10
1.925 5.992553833625342e-10
1.93 6.030183062499092e-10
1.935 5.970786006797993e-10
1.94 5.986739056261563e-10
1.945 6.033731822647732e-10
1.95 5.838582285576689e-10
1.955 5.820709105439325e-10
1.96 6.013073330854747e-10
1.965 5.693313131960031e-10
1.97 5.972959931338648e-10
1.975 5.834058888928891e-10
1.98 6.087324273235349e-10
1.985 5.877523015068511e-10
1.99 6.036946099694598e-10
1.995 5.918823308227677e-10
2.0 5.905222341443938e-10
2.005 5.807981895553254e-10
2.0100000000000002 5.902327492434134e-10
2.015 5.801590892601695e-10
2.02 5.833833417134484e-10
2.025 5.819935167466412e-10
2.0300000000000002 5.707730805097931e-10
2.035 5.782415194018112e-10
2.04 5.856112313847382e-10
2.045 5.888199470373177e-10
2.05 5.689210724475551e-10
2.055 5.848876379085084e-10
2.06 5.917829620656064e-10
2.065 5.592841148744646e-10
2.07 5.59492960940222e-10
2.075 5.806308716054893e-10
2.08 5.864840667103818e-10
2.085 5.551732353802934e-10
2.09 5.870532809587175e-10
2.095 5.768556541528055e-10
2.1 5.534819384734504e-10
2.105 5.751527548230698e-10
2.11 5.578537452387119e-10
2.115 5.66204435206341e-10
2.12 5.798038583865834e-10
2.125 5.59045317898703e-10
2.13 5.500708398040953e-10
2.1350000000000002 5.627780773146778e-10
2.14 5.601165306089607e-10
2.145 5.536714872834745e-10
2.15 5.583264100752048e-10
2.1550000000000002 5.643586169623984e-10
2.16 5.733673317310395e-10
2.165 5.598553358917391e-10
2.17 5.65810305785362e-10
2.1750000000000003 5.514022247177312e-10
2.18 5.533882824905672e-10
2.185 5.610079620367354e-10
2.19 5.546540194869427e-10
2.195 5.468630823056637e-10
2.2 5.437030422526642e-10
2.205 5.482251356067037e-10
2.21 5.510437335459144e-10
2.215 5.664776890218634e-10
2.22 5.678532883476865e-10
2.225 5.390744351355479e-10
2.23 5.307651817957409e-10
2.235 5.488324675687309e-10
2.24 5.347187272475911e-10
2.245 5.45002827311295e-10
2.25 5.30154153133344e-10
2.255 5.52634621126807e-10
2.2600000000000002 5.523434315304466e-10
2.265 5.358556251064135e-10
2.27 5.242258040771236e-10
2.275 5.308493015769251e-10
2.2800000000000002 5.460752995844146e-10
2.285 5.244988438778409e-10
2.29 5.34203771146342e-10
2.295 5.491444735945803e-10
2.3000000000000003 5.519864324138612e-10
2.305 5.259343202143463e-10
2.31 5.265766722253302e-10
2.315 5.124599220549178e-10
2.32 5.237297465855009e-10
2.325 5.2358076971469e-10
2.33 5.422700109852321e-10
2.335 5.29782825058911e-10
2.34 5.197910825666224e-10
2.345 5.246143817716002e-10
2.35 5.269698362791007e-10
2.355 5.260329895394028e-10
2.36 5.275493558876336e-10
2.365 5.158958359944354e-10
2.37 5.115608669824534e-10
2.375 5.142312036104229e-10
2.38 4.901216436555125e-10
2.3850000000000002 5.218320608563849e-10
2.39 5.136708595877576e-10
2.395 5.217601776020731e-10
2.4 4.90229624775419e-10
2.4050000000000002 4.957310431968471e-10
2.41 5.175031675008459e-10
2.415 5.061476657876054e-10
2.42 5.13146552067503e-10
2.4250000000000003 5.060212169642125e-10
2.43 4.99283501816472e-10
2.435 5.058363369072011e-10
2.44 5.064934971652826e-10
2.445 4.961301114589358e-10
2.45 5.01264651678332e-10
2.455 4.943467759590503e-10
2.46 5.027582543309059e-10
2.465 4.897764371809544e-10
2.47 4.83068345388685e-10
2.475 4.985011075721258e-10
2.48 5.18249356820801e-10
2.485 4.881481130736705e-10
2.49 4.890023975401431e-10
2.495 5.051848310148281e-10
2.5 4.925988013464547e-10
2.505 4.831530902179177e-10
2.5100000000000002 4.830156310938081e-10
2.515 4.821048887563013e-10
2.52 4.724550830444914e-10
2.525 4.852322895712575e-10
2.5300000000000002 5.004435467917848e-10
2.535 4.844985396499072e-10
2.54 4.866731841754607e-10
2.545 4.790482104848208e-10
2.5500000000000003 4.69051015452665e-10
2.555 5.070929396542311e-10
2.56 4.740781086550981e-10
2.565 4.797267299282083e-10
2.57 4.831830132438513e-10
2.575 4.695992742906446e-10
2.58 4.81890125814601e-10
2.585 4.80246611843695e-10
2.59 4.625586990888401e-10
2.595 4.71676299786511e-10
2.6 4.754661346836222e-10
2.605 4.638322045954757e-10
2.61 4.691690917685134e-10
2.615 4.72687320734373e-10
2.62 4.602870417525162e-10
2.625 4.841595677907235e-10
2.63 4.772944702092307e-10
2.6350000000000002 4.564305267383195e-10
2.64 4.5730913819338925e-10
2.645 4.76178279372447e-10
2.65 4.5987149196882986e-10
2.6550000000000002 4.708384294480299e-10
2.66 4.6028320562623874e-10
2.665 4.5313700241759475e-10
2.67 4.69906406188955e-10
2.6750000000000003 4.631584422932613e-10
2.68 4.3874029269354826e-10
2.685 4.681246516374914e-10
2.69 4.3489387772952017e-10
2.695 4.397902747192652e-10
2.7 4.418950366813696e-10
2.705 4.4614856257133726e-10
2.71 4.3793709979205444e-10
2.715 4.438463707955088e-10
2.72 4.4145297753968873e-10
2.725 4.2091761864269425e-10
2.73 4.2614615595560987e-10
2.735 4.4766511570460596e-10
2.74 4.740827033954334e-10
2.745 4.4918297978479183e-10
2.75 4.3696566394663234e-10
2.755 4.341491497650215e-10
2.7600000000000002 4.422971697018881e-10
2.765 4.421938499888571e-10
2.77 4.3922880637224346e-10
2.775 4.232178268388536e-10
2.7800000000000002 4.1921398647383734e-10
2.785 4.4142964079665666e-10
2.79 4.1522623786402416e-10
2.795 4.2779326377693565e-10
2.8000000000000003 4.2987289765832203e-10
2.805 4.2477336912637494e-10
2.81 4.263742884006915e-10
2.815 4.3849492817835824e-10
2.82 4.33387879255435e-10
2.825 4.2006841010762874e-10
2.83 4.279031538163566e-10
2.835 4.3278299044610823e-10
2.84 4.143204976025174e-10
2.845 4.4450589281785785e-10
2.85 4.105164342099494e-10
2.855 4.258503104293807e-10
2.86 4.3503386297787324e-10
2.865 4.147499934774659e-10
2.87 4.049975535500404e-10
2.875 4.0782753896145476e-10
2.88 4.082083697220094e-10
2.8850000000000002 4.120375116502277e-10
2.89 4.078834980837469e-10
2.895 4.0536676219088175e-10
2.9 4.0296672500393257e-10
2.9050000000000002 4.150582052122605e-10
2.91 4.006180135404664e-10
2.915 4.151924868787649e-10
2.92 3.947669077941469e-10
2.9250000000000003 3.8790413537933814e-10
2.93 3.950020318909931e-10
2.935 4.0562630848517543e-10
2.94 3.9036171765369857e-10
2.945 4.1682563308889736e-10
2.95 3.8311870411058716e-10
2.955 3.904418104805196e-10
2.96 3.931968952544062e-10
2.965 4.0502054476507007e-10
2.97 3.911235044190388e-10
2.975 3.931422802861278e-10
2.98 3.89569243549181e-10
2.985 3.8457488353235856e-10
2.99 3.83011548331354e-10
2.995 3.775992254045447e-10
3.0 3.91373038602557e-10
3.005 3.855116653666502e-10
3.0100000000000002 3.826618340224954e-10
3.015 3.742338376124931e-10
3.02 3.630338614217529e-10
3.025 3.7367199433338994e-10
3.0300000000000002 3.860590932726647e-10
3.035 3.647394972255007e-10
3.04 3.685560320930347e-10
3.045 3.927210536237635e-10
3.0500000000000003 3.6997746612062296e-10
3.055 3.6996286090372103e-10
3.06 3.657260600228285e-10
3.065 3.7661547255138403e-10
3.0700000000000003 3.7157100675716796e-10
3.075 3.5594457261768165e-10
3.08 3.654092828766251e-10
3.085 3.606547027113088e-10
3.09 3.729929784868195e-10
3.095 3.6556220741622706e-10
3.1 3.521728270934071e-10
3.105 3.6878777297654953e-10
3.11 3.633019273260697e-10
3.115 3.537610516271962e-10
3.12 3.581565910916887e-10
3.125 3.5589404936007684e-10
3.13 3.527499494183934e-10
3.1350000000000002 3.5558701665541485e-10
3.14 3.5787299460860096e-10
3.145 3.7165118352640944e-10
3.15 3.4863525909926264e-10
3.1550000000000002 3.6159492338933667e-10
3.16 3.537698969191712e-10
3.165 3.374789173152188e-10
3.17 3.378701158409921e-10
3.1750000000000003 3.2373221449134454e-10
3.18 3.4138972651701793e-10
3.185 3.3573677135037173e-10
3.19 3.3340861537987166e-10
3.1950000000000003 3.3920908814961087e-10
3.2 3.2546649416992996e-10
3.205 3.414139519459164e-10
3.21 3.297463235066148e-10
3.215 3.368162418546103e-10
3.22 3.4123586283261416e-10
3.225 3.3424632583902814e-10
3.23 3.307466386174067e-10
3.235 3.4550858953238467e-10
3.24 3.4072563020236006e-10
3.245 3.3424134475958623e-10
3.25 3.4644980429054403e-10
3.255 3.393281548165673e-10
3.2600000000000002 3.365921164021271e-10
3.265 3.227139134787778e-10
3.27 3.391643104785699e-10
3.275 3.3921560141674784e-10
3.2800000000000002 3.244973719711067e-10
3.285 3.228914313977977e-10
3.29 3.2354528431974173e-10
3.295 3.1363373054368447e-10
3.3000000000000003 3.212660199644423e-10
3.305 3.352102218384675e-10
3.31 3.3347931702808165e-10
3.315 3.149844511845059e-10
3.3200000000000003 3.1742035572995975e-10
3.325 3.1909480717904115e-10
3.33 3.079710777154251e-10
3.335 3.089475671151236e-10
3.34 3.183767684018062e-10
3.345 3.139318031391987e-10
3.35 3.1956635458217645e-10
3.355 3.076873057746011e-10
3.36 3.06353586523142e-10
3.365 3.1173567740333736e-10
3.37 3.081260703013887e-10
3.375 3.1132685226049837e-10
3.38 3.036869871358219e-10
3.3850000000000002 3.0649620778733973e-10
3.39 3.128955903949981e-10
3.395 3.153477127542985e-10
3.4 2.971621997088856e-10
3.4050000000000002 3.135462037467097e-10
3.41 3.068463374319643e-10
3.415 2.88233093336441e-10
3.42 3.072346340373868e-10
3.4250000000000003 3.12051335287661e-10
3.43 2.928295364456759e-10
3.435 2.975064601322077e-10
3.44 2.9222074598120403e-10
3.4450000000000003 2.950306301168181e-10
3.45 3.2139100189249553e-10
3.455 2.9898343578020413e-10
3.46 3.0416817451764357e-10
3.465 3.0334371017540183e-10
3.47 2.940756197681276e-10
3.475 2.8899365459250684e-10
3.48 2.9892370791479257e-10
3.485 2.941282222773521e-10
3.49 2.881308295660116e-10
3.495 2.953460680861477e-10
3.5 2.8795723275383953e-10
3.505 2.873316164128749e-10
3.5100000000000002 2.8298009317443653e-10
3.515 2.802223219708245e-10
3.52 2.9627764318254e-10
3.525 2.8696655310213454e-10
3.5300000000000002 2.7923435609153584e-10
3.535 2.7044418976638305e-10
3.54 2.8733461310667215e-10
3.545 2.62200729807937e-10
3.5500000000000003 2.7769037845454924e-10
3.555 2.8914498023385327e-10
3.56 2.780675118156134e-10
3.565 2.653941411241202e-10
3.5700000000000003 2.776445520842777e-10
3.575 2.8510366029877903e-10
3.58 2.8445581855845e-10
3.585 2.7564622927671636e-10
3.59 2.6339895690499497e-10
3.595 2.650311999496325e-10
3.6 2.7435732030251507e-10
3.605 2.63428162776768e-10
3.61 2.7148982104815197e-10
3.615 2.7976149916658703e-10
3.62 2.673786253551957e-10
3.625 2.732407203481856e-10
3.63 2.6853900025815115e-10
3.6350000000000002 2.8212305160892496e-10
3.64 2.57778969804092e-10
3.645 2.631905305489865e-10
3.65 2.6173543302014465e-10
3.6550000000000002 2.606380961897759e-10
3.66 2.533733252786352e-10
3.665 2.681070103335649e-10
3.67 2.5810648530258997e-10
3.6750000000000003 2.6118699249310116e-10
3.68 2.5788819756684603e-10
3.685 2.4069964757731826e-10
3.69 2.5522574574655054e-10
3.6950000000000003 2.4420029422438026e-10
3.7 2.4970323766659405e-10
3.705 2.5270955399270467e-10
3.71 2.5013198462046353e-10
3.715 2.512568675439688e-10
3.72 2.2948519428365365e-10
3.725 2.4976564482036697e-10
3.73 2.50821559686576e-10
3.735 2.5400002075135373e-10
3.74 2.487540759330854e-10
3.745 2.3072927766049985e-10
3.75 2.449696812279779e-10
3.755 2.6515386996074013e-10
3.7600000000000002 2.4560022956048203e-10
3.765 2.4974369558260624e-10
3.77 2.38757863852347e-10
3.775 2.451782410900241e-10
3.7800000000000002 2.524066581217869e-10
3.785 2.492495632969973e-10
3.79 2.3409722352763277e-10
3.795 2.3853029838003914e-10
3.8000000000000003 2.3998725580309977e-10
3.805 2.4136382041823796e-10
3.81 2.4532915794513085e-10
3.815 2.493848324840333e-10
3.8200000000000003 2.384116932118664e-10
3.825 2.332239420307594e-10
3.83 2.3856983944387204e-10
3.835 2.341229128397015e-10
3.84 2.4222620897432455e-10
3.845 2.437066212910632e-10
3.85 2.3003680091222037e-10
3.855 2.410909525703219e-10
3.86 2.2282040929627928e-10
3.865 2.2977151666164675e-10
3.87 2.3313864324351567e-10
3.875 2.2812538521775257e-10
3.88 2.269551803079226e-10
3.8850000000000002 2.6146434826776834e-10
3.89 2.394779941412704e-10
3.895 2.33657189754646e-10
3.9 2.2565563412504598e-10
3.9050000000000002 2.2707613870131853e-10
3.91 2.2721630377116713e-10
3.915 2.2178272380159104e-10
3.92 2.2336351771040445e-10
3.9250000000000003 2.1307645987524612e-10
3.93 2.2675237968349474e-10
3.935 2.1305575095777147e-10
3.94 2.1781353031384192e-10
3.9450000000000003 2.285214122900369e-10
3.95 2.1766505125996658e-10
3.955 2.1237363996932302e-10
3.96 2.2963476380296123e-10
3.9650000000000003 2.183505910475809e-10
3.97 2.040397791764121e-10
3.975 2.1555324708057154e-10
3.98 2.2522541063769668e-10
3.985 2.1892484029657753e-10
3.99 2.0727143323598488e-10
3.995 2.0344903504406776e-10
4.0 2.1776404945497083e-10
4.005 2.1394690616693e-10
4.01 2.0069743760455235e-10
4.015 2.0166600099481986e-10
4.0200000000000005 2.15325759572366e-10
4.025 2.1386711616653e-10
4.03 2.0685900717431081e-10
4.035 2.0116376259176917e-10
4.04 2.0595445038969685e-10
4.045 2.0980152207672897e-10
4.05 2.0438137644308844e-10
4.055 2.0122961956415877e-10
4.0600000000000005 2.2164397547041048e-10
4.065 1.998101183250161e-10
4.07 1.918713678394126e-10
4.075 2.091865406942027e-10
4.08 2.0599339030452787e-10
4.085 2.0419713804474333e-10
4.09 2.215088544765405e-10
4.095 2.185950119176e-10
4.1 2.04618197423918e-10
4.105 1.8963322670014584e-10
4.11 1.9790190045449156e-10
4.115 2.085273860154122e-10
4.12 2.0728111405815862e-10
4.125 1.9273700693323092e-10
4.13 2.0026552532091241e-10
4.135 2.063667337011492e-10
4.14 1.90554514008413e-10
4.1450000000000005 1.9216234297505895e-10
4.15 1.9931437227435164e-10
4.155 1.964952325022471e-10
4.16 1.976673784348387e-10
4.165 1.9786952145279943e-10
4.17 1.9768663375160107e-10
4.175 2.101351911989457e-10
4.18 1.80924405626846e-10
4.1850000000000005 1.9301111974257975e-10
4.19 1.925125822039083e-10
4.195 1.8207432127036164e-10
4.2 1.86108802639434e-10
4.205 1.858577955011724e-10
4.21 1.9258957904954344e-10
4.215 1.8758320604651202e-10
4.22 1.8458615100996258e-10
4.225 1.843510632289181e-10
4.23 1.8630446179669105e-10
4.235 1.7224535581538407e-10
4.24 1.9060173242015294e-10
4.245 1.8414809704824256e-10
4.25 1.7381780415079182e-10
4.255 1.6922740603747256e-10
4.26 1.828948111279774e-10
4.265 1.7910063040176816e-10
4.2700000000000005 1.7479676708146083e-10
4.275 1.823941460515158e-10
4.28 1.7442613581898624e-10
4.285 1.9427119695657799e-10
4.29 1.7638881069993283e-10
4.295 1.8258799776772306e-10
4.3 1.8367676522958963e-10
4.305 1.7204078387558327e-10
4.3100000000000005 1.788328835911517e-10
4.315 1.726544471503522e-10
4.32 1.6555528790993897e-10
4.325 1.6913897677966426e-10
4.33 1.7579722748014685e-10
4.335 1.6425122448705957e-10
4.34 1.6688767699654849e-10
4.345 1.6810392488280092e-10
4.3500000000000005 1.7645795462832233e-10
4.355 2.0241170273958176e-10
4.36 1.6896110323085755e-10
4.365 1.8293784856244693e-10
4.37 1.7210446012670553e-10
4.375 1.7061924427660132e-10
4.38 1.7596865461924752e-10
4.385 1.7010398998439178e-10
4.39 1.7283296563886404e-10
4.3950000000000005 1.572224720413545e-10
4.4 1.6483477202551403e-10
4.405 1.7681930830768183e-10
4.41 1.882820529572822e-10
4.415 1.6138221693393044e-10
4.42 1.6376637080510573e-10
4.425 1.59393520590341e-10
4.43 1.63904582731064e-10
4.4350000000000005 1.5657759371204758e-10
4.44 1.6119511452603975e-10
4.445 1.6615955358343974e-10
4.45 1.6067930768842763e-10
4.455 1.680242524561666e-10
4.46 1.5391167893505338e-10
4.465 1.591000592831423e-10
4.47 1.6338986439299606e-10
4.4750000000000005 1.6370744797499533e-10
4.48 1.5966585683066267e-10
4.485 1.5570046634373024e-10
4.49 1.5321114659990554e-10
4.495 1.5595089584259238e-10
4.5 1.5409033522151413e-10
4.505 1.5350027845575124e-10
4.51 1.5841205632558695e-10
4.515 1.574020903965586e-10
4.5200000000000005 1.6299533914891555e-10
4.525 1.565745312249836e-10
4.53 1.5650559115001042e-10
4.535 1.5791943815386429e-10
4.54 1.4903456926475034e-10
4.545 1.4673081921598395e-10
4.55 1.553580539311571e-10
4.555 1.506484347272678e-10
4.5600000000000005 1.466648413356572e-10
4.565 1.553347362816219e-10
4.57 1.628324171771638e-10
4.575 1.4993122455555908e-10
4.58 1.4925051779197372e-10
4.585 1.5323140925336302e-10
4.59 1.515649741905518e-10
4.595 1.543494352619267e-10
4.6000000000000005 1.495369774991426e-10
4.605 1.443770461226314e-10
4.61 1.5016982033554546e-10
4.615 1.499930451163692e-10
4.62 1.3707806610989652e-10
4.625 1.5798047977862062e-10
4.63 1.4078921460442107e-10
4.635 1.5745745844383483e-10
4.64 1.4552756835407314e-10
4.6450000000000005 1.3789713796908081e-10
4.65 1.508189683477973e-10
4.655 1.4230850734036918e-10
4.66 1.4262869013107872e-10
4.665 1.5092577077408186e-10
4.67 1.5236442731048026e-10
4.675 1.3924420384863065e-10
4.68 1.375797128084578e-10
4.6850000000000005 1.4989118885228865e-10
4.69 1.5617815428325658e-10
4.695 1.3215362533031992e-10
4.7 1.319895009903167e-10
4.705 1.4578812949707754e-10
4.71 1.442911167978213e-10
4.715 1.3335510958574449e-10
4.72 1.4518008050151266e-10
4.7250000000000005 1.2830394268398422e-10
4.73 1.3748558778171737e-10
4.735 1.3466770046552784e-10
4.74 1.3337253549999092e-10
4.745 1.34508672965231e-10
4.75 1.3122941089677347e-10
4.755 1.4137272856896308e-10
4.76 1.2600437673580466e-10
4.765 1.339166158685765e-10
4.7700000000000005 1.3536953736930593e-10
4.775 1.2717400495037394e-10
4.78 1.3575386427411018e-10
4.785 1.3096679248363428e-10
4.79 1.2942027835506076e-10
4.795 1.3938702923858087e-10
4.8 1.3903771429341973e-10
4.805 1.2791536473426992e-10
4.8100000000000005 1.3773021088769175e-10
4.815 1.3299220681879793e-10
4.82 1.321878557154396e-10
4.825 1.2787742794530647e-10
4.83 1.352425127686587e-10
4.835 1.3092936036358282e-10
4.84 1.3086814818355595e-10
4.845 1.161110583562095e-10
4.8500000000000005 1.3177340437949245e-10
4.855 1.2589710458465501e-10
4.86 1.3219567396555392e-10
4.865 1.288822145385279e-10
4.87 1.2676108498538667e-10
4.875 1.2461609768498798e-10
4.88 1.1459926343308909e-10
4.885 1.3101588872302907e-10
4.89 1.2938976474863611e-10
4.8950000000000005 1.3481980534042015e-10
4.9 1.2867423112718235e-10
4.905 1.2220612431066156e-10
4.91 1.2653428195326818e-10
4.915 1.2214126205006063e-10
4.92 1.1910706615494004e-10
4.925 1.1602533645251477e-10
4.93 1.1851598135299338e-10
4.9350000000000005 1.286649244571592e-10
4.94 1.2053097765348826e-10
4.945 1.2159773197954184e-10
4.95 1.1514070450818217e-10
4.955 1.1290798607122622e-10
4.96 1.2115378641848235e-10
4.965 1.1228857512865571e-10
4.97 1.1684685461174336e-10
4.9750000000000005 1.2717690578608422e-10
4.98 1.1158219221757421e-10
4.985 1.1037364714897725e-10
4.99 1.224184028707294e-10
4.995 1.1638399721875647e-10
5.0 1.1781052004834234e-10
5.005 1.0861378520499987e-10
5.01 1.147343872041997e-10
5.015 1.2197982974807787e-10
5.0200000000000005 1.0768587059650106e-10
5.025 1.2068022274373862e-10
5.03 1.1969191985329073e-10
5.035 1.1510861105949786e-10
5.04 1.2248499129034605e-10
5.045 1.1677627626913883e-10
5.05 1.0680241205726346e-10
5.055 1.0810435142237556e-10
5.0600000000000005 1.0827887916300157e-10
5.065 1.1998649453150007e-10
5.07 1.0603651696937193e-10
5.075 1.1238618411860642e-10
5.08 9.506696058059959e-11
5.085 1.2026534838180973e-10
5.09 1.1542104073867599e-10
5.095 1.1051737598096627e-10
5.1000000000000005 1.0566478600250078e-10
5.105 1.0572109962114797e-10
5.11 1.0942642841579634e-10
5.115 1.0930641300632872e-10
5.12 1.0436494508123765e-10
5.125 1.0471301308191998e-10
5.13 1.0943181632636051e-10
5.135 1.0451052929075206e-10
5.14 1.0448267985757575e-10
5.1450000000000005 1.1252740267821338e-10
5.15 1.0744702434213785e-10
5.155 1.0518090998493111e-10
5.16 1.0415829255753669e-10
5.165 1.1940948833938372e-10
5.17 1.0856998510473839e-10
5.175 1.0410114335372349e-10
5.18 1.0656656269316574e-10
5.1850000000000005 1.0178455655372335e-10
5.19 9.608231750008596e-11
5.195 1.0665253901576144e-10
5.2 9.63926646389339e-11
5.205 1.0561452089630822e-10
5.21 1.0475034986137989e-10
5.215 9.529685221303255e-11
5.22 9.506842000981087e-11
5.2250000000000005 1.00096326647751e-10
5.23 1.0306750570701844e-10
5.235 1.0389202561184052e-10
5.24 1.0128551828357453e-10
5.245 9.726473546273906e-11
5.25 1.0063670031211047e-10
5.255 9.335305038652471e-11
5.26 9.677880632409827e-11
5.265 1.024508622102559e-10
5.2700000000000005 9.907961685213951e-11
5.275 9.920406942547314e-11
5.28 9.769475390674035e-11
5.285 8.760403784057568e-11
5.29 9.908651366898011e-11
5.295 9.831058362827542e-11
5.3 9.987741122727685e-11
5.305 8.811720894718479e-11
5.3100000000000005 9.609209666034161e-11
5.315 1.0034263767308683e-10
5.32 9.420904733802201e-11
5.325 8.557175538526534e-11
5.33 9.220095083997572e-11
5.335 9.918840982543097e-11
5.34 1.0169381565962768e-10
5.345 1.036904180531627e-10
5.3500000000000005 9.160482136074234e-11
5.355 9.910781251602292e-11
5.36 9.517297761277603e-11
5.365 9.451381400755249e-11
5.37 1.013542716500004e-10
5.375 8.88840816178017e-11
5.38 9.064824973950646e-11
5.385 1.0245884653699756e-10
5.39 9.841879375515146e-11
5.3950000000000005 9.015886165088755e-11
5.4 8.964875551900295e-11
5.405 8.704393124787536e-11
5.41 9.484740991492514e-11
5.415 8.868673160842993e-11
5.42 8.692495926665959e-11
5.425 8.727701879100336e-11
5.43 8.72385450568173e-11
5.4350000000000005 9.208559627065155e-11
5.44 9.63998866656842e-11
5.445 8.702607020472517e-11
5.45 8.678844824766837e-11
5.455 9.288385095677299e-11
5.46 9.111021257780574e-11
5.465 8.788876584089928e-11
5.47 9.445834001245651e-11
5.4750000000000005 9.008065867188669e-11
5.48 8.33611652953232e-11
5.485 8.759025926938969e-11
5.49 9.228885123709151e-11
5.495 8.439422536001309e-11
5.5 8.610154538237711e-11
5.505 8.1980236512649e-11
5.51 8.801291876062454e-11
5.515 9.141635023124853e-11
5.5200000000000005 8.547585037540798e-11
5.525 8.7569288132855e-11
5.53 7.7130906838266e-11
5.535 8.585150788838481e-11
5.54 8.774038219509256e-11
5.545 8.88298543586757e-11
5.55 7.88578400161951e-11
5.555 8.995041102702627e-11
5.5600000000000005 7.305824035011553e-11
5.565 9.410433797704628e-11
5.57 7.665845299697408e-11
5.575 7.33218276415322e-11
5.58 8.389514700979766e-11
5.585 8.118553233811218e-11
5.59 8.371011194174349e-11
5.595 8.632928789423798e-11
5.6000000000000005 7.904302117027217e-11
5.605 8.753093495887405e-11
5.61 8.018030116569096e-11
5.615 8.126485699616936e-11
5.62 7.977097336281842e-11
5.625 7.79720399769843e-11
5.63 8.551025301687577e-11
5.635 8.276673995449736e-11
5.64 7.729186814427895e-11
5.6450000000000005 8.094456502771699e-11
5.65 8.105467471212602e-11
5.655 9.009086730590627e-11
5.66 7.976925459417758e-11
5.665 8.563658307204666e-11
5.67 8.414121727083522e-11
5.675 7.499885200572379e-11
5.68 7.031428166832243e-11
5.6850000000000005 8.171785876483209e-11
5.69 7.496336436537027e-11
5.695 8.338089423856854e-11
5.7 7.489028200196426e-11
5.705 8.005830184405276e-11
5.71 7.75598406979335e-11
5.715 7.826822983479264e-11
5.72 7.895537491094526e-11
5.7250000000000005 7.352976574451789e-11
5.73 7.335448271180184e-11
5.735 7.499742808148537e-11
5.74 7.150636479035678e-11
5.745 7.542940291673162e-11
5.75 7.352735170638058e-11
5.755 7.820301659570186e-11
5.76 7.616122075503739e-11
5.765 7.263967852832088e-11
5.7700000000000005 7.949749796443235e-11
5.775 7.716283775035806e-11
5.78 6.961592629732269e-11
5.785 7.49126966831188e-11
5.79 6.911995809231766e-11
5.795 7.08474539889708e-11
5.8 7.315013148642817e-11
5.805 7.549489920829158e-11
5.8100000000000005 7.997783082964798e-11
5.815 7.160868088995894e-11
5.82 7.429499958084893e-11
5.825 7.268189401983742e-11
5.83 6.529268755576541e-11
5.835 7.484503127460778e-11
5.84 6.703809746181878e-11
5.845 6.795091590852359e-11
5.8500000000000005 6.983088147120805e-11
5.855 7.622733103446772e-11
5.86 6.92858192484364e-11
5.865 6.449564100233438e-11
5.87 7.476454455422614e-11
5.875 6.799501991435353e-11
5.88 7.701333101241627e-11
5.885 7.1612431422301e-11
5.89 6.621389165352162e-11
5.8950000000000005 6.916462028601455e-11
5.9 6.930714412733944e-11
5.905 6.783636882935128e-11
5.91 6.744825672180297e-11
5.915 6.68318598367593e-11
5.92 6.833520515365252e-11
5.925 6.7291715355504e-11
5.93 6.437015462025614e-11
5.9350000000000005 6.632525849607317e-11
5.94 6.496829902076892e-11
5.945 6.174945472131602e-11
5.95 6.676116351661192e-11
5.955 6.248995713725731e-11
5.96 6.813353450312621e-11
5.965 7.135238266591306e-11
5.97 6.325931651216779e-11
5.9750000000000005 6.237358094405452e-11
5.98 5.952076459715844e-11
5.985 6.272641334083016e-11
5.99 5.4791792284841705e-11
5.995 5.824270086478464e-11
6.0 6.591982151487025e-11
6.005 6.736681578256904e-11
6.01 6.56567469821056e-11
6.015000000000001 6.342657748653006e-11
6.0200000000000005 6.877837725137928e-11
6.025 6.101677482563372e-11
6.03 6.087511652132046e-11
6.035 6.33883269374432e-11
6.04 6.379603126874976e-11
6.045 6.311844550665337e-11
6.05 6.538472002578982e-11
6.055 6.126443426359322e-11
6.0600000000000005 6.59885826341429e-11
6.065 6.174719916848414e-11
6.07 5.6828232253852146e-11
6.075 6.508050194585006e-11
6.08 5.037404094893109e-11
6.085 6.420726184512564e-11
6.09 6.954723383335582e-11
6.095 6.037071229490255e-11
6.1000000000000005 5.4921593210456543e-11
6.105 5.959939087883392e-11
6.11 5.7573889584282913e-11
6.115 6.508387335540251e-11
6.12 5.6393678978544476e-11
6.125 6.407098653164178e-11
6.13 5.605436183843149e-11
6.135 5.848046710366825e-11
6.140000000000001 5.712798579856886e-11
6.1450000000000005 5.961164089641101e-11
6.15 5.988464464106365e-11
6.155 6.916332724298414e-11
6.16 6.36719908821423e-11
6.165 6.572227147950784e-11
6.17 6.635436652999881e-11
6.175 6.158650296492301e-11
6.18 5.953522604977145e-11
6.1850000000000005 5.577874173068414e-11
6.19 5.250368614428532e-11
6.195 6.087726462516159e-11
6.2 5.7668654283469333e-11
6.205 5.828877569313171e-11
6.21 5.510611811393747e-11
6.215 5.510975763741126e-11
6.22 5.384412042551244e-11
6.2250000000000005 5.579903779705298e-11
6.23 4.985161198590585e-11
6.235 5.2969618292218765e-11
6.24 6.03320869164477e-11
6.245 5.385465629497038e-11
6.25 5.633883441939509e-11
6.255 5.559572236212504e-11
6.26 5.67313106180135e-11
6.265000000000001 4.6251825133046045e-11
6.2700000000000005 6.054057355122137e-11
6.275 6.071434804477795e-11
6.28 5.404420568093859e-11
6.285 5.3726842841951116e-11
6.29 5.3414496034663977e-11
6.295 5.8134254463874865e-11
6.3 5.3276560993903454e-11
6.305 5.342181035087069e-11
6.3100000000000005 5.218602078027042e-11
6.315 5.950016881557267e-11
6.32 5.593443126685019e-11
6.325 5.413041793426874e-11
6.33 5.4486236942829997e-11
6.335 4.483058112716625e-11
6.34 3.8519263958651214e-11
6.345 5.2876400079336727e-11
6.3500000000000005 4.731810146232806e-11
6.355 4.94056742961744e-11
6.36 5.0964952402296964e-11
6.365 5.084885510266739e-11
6.37 5.05942626423327e-11
6.375 5.2587667203063044e-11
6.38 5.552120964767651e-11
6.385 4.396777979918974e-11
6.390000000000001 4.6654931746731726e-11
6.3950000000000005 4.727933817806015e-11
6.4 5.239751328345653e-11
6.405 5.26096708977561e-11
6.41 5.0534308479571e-11
6.415 5.123527759251947e-11
6.42 4.8555842329979196e-11
6.425 4.748312804974561e-11
6.43 4.4665440659309946e-11
6.4350000000000005 4.5466949184256177e-11
6.44 5.046120776119389e-11
6.445 5.0785763576138324e-11
6.45 5.2058392920897366e-11
6.455 5.3484552418133334e-11
6.46 5.159065200439973e-11
6.465 4.612220204354593e-11
6.47 4.524541676873035e-11
6.4750000000000005 4.616096063241527e-11
6.48 5.1008901781746256e-11
6.485 4.419372854341093e-11
6.49 4.836134904454345e-11
6.495 4.580616544949442e-11
6.5 5.5181995594368185e-11
6.505 4.343428735465797e-11
6.51 5.2065047132029294e-11
6.515000000000001 4.9356054834914365e-11
6.5200000000000005 5.175603306134297e-11
6.525 4.52522736948079e-11
6.53 4.4994669799180495e-11
6.535 5.3169663438505524e-11
6.54 4.613568324560077e-11
6.545 4.812536222522174e-11
6.55 3.944427565642067e-11
6.555 4.68970019952526e-11
6.5600000000000005 5.077401003442179e-11
6.565 4.9532160905204594e-11
6.57 4.697615990210183e-11
6.575 4.025236045838041e-11
6.58 4.641984557418002e-11
6.585 4.984012542138094e-11
6.59 4.3875876503160634e-11
6.595 4.765930600524249e-11
6.6000000000000005 5.188447870693017e-11
6.605 4.4914475350838745e-11
6.61 4.9000057436083595e-11
6.615 4.400075661412917e-11
6.62 4.180126467094193e-11
6.625 4.788909722758332e-11
6.63 4.3900283291009293e-11
6.635 4.296245047788643e-11
6.640000000000001 4.332295111356559e-11
6.6450000000000005 4.815830278308792e-11
6.65 4.083251997576117e-11
6.655 4.960394416725058e-11
6.66 4.749021361974708e-11
6.665 4.136010233324235e-11
6.67 3.92116127516989e-11
6.675 4.4715451635488517e-11
6.68 3.91918827843863e-11
6.6850000000000005 4.125548746988032e-11
6.69 4.6326897030495346e-11
6.695 4.48585167488855e-11
6.7 4.3274484948640434e-11
6.705 4.45729130940892e-11
6.71 4.4057307374249445e-11
6.715 3.810914909499942e-11
6.72 3.8420855811394055e-11
6.7250000000000005 4.4360661503530226e-11
6.73 4.4371246933558314e-11
6.735 4.1501264971103976e-11
6.74 3.8928570348688426e-11
6.745 4.616142822101932e-11
6.75 4.700819706104181e-11
6.755 4.3311044306515083e-11
6.76 3.961086340601066e-11
6.765000000000001 3.631780065112251e-11
6.7700000000000005 4.0152951049692535e-11
6.775 4.065666791736035e-11
6.78 4.280906636398212e-11
6.785 4.741056143731755e-11
6.79 4.062856165667717e-11
6.795 3.950217508709246e-11
6.8 4.2865757801532614e-11
6.805 3.4276074664946505e-11
6.8100000000000005 3.597578922593672e-11
6.815 4.0491462752906286e-11
6.82 3.570093321970762e-11
6.825 4.1310469594951236e-11
6.83 4.225653939168159e-11
6.835 5.253423510530075e-11
6.84 4.165349347999176e-11
6.845 3.599869285794042e-11
6.8500000000000005 3.478967839639043e-11
6.855 4.0983825730680515e-11
6.86 3.308458989260512e-11
6.865 3.754380827618296e-11
6.87 4.03494845291839e-11
6.875 4.2169209322832376e-11
6.88 3.649438103228137e-11
6.885 3.7722710298518756e-11
6.890000000000001 4.017509325504044e-11
6.8950000000000005 3.97100035719157e-11
6.9 4.478856585750524e-11
6.905 3.5490532952254847e-11
6.91 3.87999222072567e-11
6.915 3.420627904262313e-11
6.92 3.663884724647912e-11
6.925 3.184111000555117e-11
6.93 3.377291336431134e-11
6.9350000000000005 3.208813320717684e-11
6.94 4.177019908836629e-11
6.945 3.472084393093993e-11
6.95 4.2729679309866736e-11
6.955 2.8124361316290275e-11
6.96 3.19620052441827e-11
6.965 4.055887045904094e-11
6.97 3.398416789027438e-11
6.9750000000000005 4.333760670988337e-11
6.98 3.4700371033717395e-11
6.985 3.290955962283258e-11
6.99 3.374159637674842e-11
6.995 3.520876699279114e-11
7.0 3.364024071071199e-11
7.005 3.3782493721475276e-11
7.01 3.261367045689211e-11
7.015000000000001 3.539265172440973e-11
7.0200000000000005 3.24314447141467e-11
7.025 3.7083298381015824e-11
7.03 4.1074091025922725e-11
7.035 3.316478072706731e-11
7.04 3.678224612813071e-11
7.045 3.439928723477326e-11
7.05 3.8411563010334184e-11
7.055 3.533938089772299e-11
7.0600000000000005 3.6721351477284824e-11
7.065 3.314880600279622e-11
7.07 3.033013853856035e-11
7.075 3.4576313279295074e-11
7.08 3.5512496915304857e-11
7.085 3.3080367837260095e-11
7.09 3.6324097251843736e-11
7.095 3.51296548741633e-11
7.1000000000000005 3.6356266916609946e-11
7.105 3.1467263248208706e-11
7.11 3.3522204716263754e-11
7.115 2.878248675527174e-11
7.12 3.4082852854495084e-11
7.125 3.582764685714319e-11
7.13 3.191684287611933e-11
7.135 3.503510526845523e-11
7.140000000000001 3.158560750381192e-11
7.1450000000000005 3.237247395604496e-11
7.15 3.335293081795057e-11
7.155 3.1724210927305205e-11
7.16 3.273424660177808e-11
7.165 2.871158169477337e-11
7.17 3.506381053378474e-11
7.175 3.3110566390366816e-11
7.18 3.054134628360671e-11
7.1850000000000005 3.4042653490747904e-11
7.19 3.140012589436066e-11
7.195 2.6794693957635267e-11
7.2 3.379710384119243e-11
7.205 3.2219638119328737e-11
7.21 3.247067535189827e-11
7.215 3.228147423655777e-11
7.22 3.0050202435995724e-11
7.2250000000000005 2.8954010931431577e-11
7.23 2.8063311586109767e-11
7.235 4.238940717598817e-11
7.24 3.345330036590061e-11
7.245 3.0304538464892704e-11
7.25 2.815342885588389e-11
7.255 2.8671797436382922e-11
7.26 3.098767306231206e-11
7.265000000000001 2.969665432156427e-11
7.2700000000000005 2.9752984046604846e-11
7.275 3.251142050763134e-11
7.28 3.4313212959741445e-11
7.285 3.601711828677496e-11
7.29 3.251711242039002e-11
7.295 2.8510761408083284e-11
7.3 3.573693408132172e-11
7.305 3.120158182975334e-11
7.3100000000000005 3.3448240279666654e-11
7.315 3.184202842077766e-11
7.32 3.2680631980227424e-11
7.325 2.8697624020810604e-11
7.33 3.6413289280648926e-11
7.335 2.8224944839248313e-11
7.34 3.0738347791660964e-11
7.345 2.288182435324428e-11
7.3500000000000005 2.9822412452459824e-11
7.355 3.4460387817217836e-11
7.36 2.8229476615686353e-11
7.365 2.7882081924648963e-11
7.37 2.4881852101709913e-11
7.375 3.250516629336011e-11
7.38 2.731591806331151e-11
7.385 3.048431606968939e-11
7.390000000000001 3.392313085522642e-11
7.3950000000000005 3.045848377140617e-11
7.4 2.559240519441324e-11
7.405 3.3745584518797777e-11
7.41 2.753254919319619e-11
7.415 2.988421417022439e-11
7.42 3.3012148665201385e-11
7.425 2.9821547689046033e-11
7.43 2.863277764093567e-11
7.4350000000000005 2.9275245287388565e-11
7.44 2.925524793529992e-11
7.445 2.65358712062245e-11
7.45 2.8036288396936896e-11
7.455 2.4625010840489908e-11
7.46 2.297751341934352e-11
7.465 2.4465755001510215e-11
7.47 2.4223355025682403e-11
7.4750000000000005 3.322894419867968e-11
7.48 2.922689664452451e-11
7.485 2.8064124655019296e-11
7.49 2.7667284311071304e-11
7.495 2.4438218196037473e-11
7.5 3.575551596419298e-11
7.505 2.388631421445355e-11
7.51 3.001964290779438e-11
7.515000000000001 3.190426993796764e-11
7.5200000000000005 3.018102521196539e-11
7.525 2.3852860766090413e-11
7.53 2.582409625903554e-11
7.535 2.9616874457169795e-11
7.54 2.3473191579862926e-11
7.545 2.9643953926989674e-11
7.55 2.6909510997473544e-11
7.555 2.1880376129712237e-11
7.5600000000000005 2.5200942451612366e-11
7.565 2.364643425254383e-11
7.57 2.648311617760013e-11
7.575 2.4530605806366634e-11
7.58 2.370235833431861e-11
7.585 2.6716591913652932e-11
7.59 2.842306997288145e-11
7.595 2.15233037173547e-11
7.6000000000000005 2.4174849875280047e-11
7.605 2.2280089004141415e-11
7.61 2.75919528816047e-11
7.615 2.966178967397014e-11
7.62 2.2939520361579853e-11
7.625 2.365480847901281e-11
7.63 3.076767785366785e-11
7.635 2.3542751617962543e-11
7.640000000000001 2.912025610684087e-11
7.6450000000000005 2.419303364539043e-11
7.65 2.7592977021304607e-11
7.655 2.5066326271631045e-11
7.66 2.3417116845077067e-11
7.665 2.1250066655836243e-11
7.67 2.3719748399381295e-11
7.675 2.965594796116602e-11
7.68 2.305923273645606e-11
7.6850000000000005 2.3861746782206637e-11
7.69 2.210725632156152e-11
7.695 2.6016117157256484e-11
7.7 2.373614446837381e-11
7.705 1.9481385174983795e-11
7.71 2.1898455227147018e-11
7.715 2.6670619531214913e-11
7.72 2.4777306877988226e-11
7.7250000000000005 2.2255709100540053e-11
7.73 2.5469796629458095e-11
7.735 2.4659999865238393e-11
7.74 3.032517615703166e-11
7.745 2.315170256992558e-11
7.75 2.6667060968890516e-11
7.755 2.009804021304016e-11
7.76 1.9444393061493035e-11
7.765000000000001 2.4991729112916734e-11
7.7700000000000005 2.3962686389284105e-11
7.775 2.1735657684128874e-11
7.78 2.283392042090846e-11
7.785 1.6851879324962842e-11
7.79 2.7277094441384045e-11
7.795 2.214616235957458e-11
7.8 2.3883630933531163e-11
7.805000000000001 1.83539912790159e-11
7.8100000000000005 1.929625268518745e-11
7.815 2.432534412212983e-11
7.82 2.3493381465286498e-11
7.825 3.15398144514589e-11
7.83 2.4165870183763843e-11
7.835 2.54138120436884e-11
7.84 2.7935441402111725e-11
7.845 2.2910559002645732e-11
7.8500000000000005 2.4755951435330053e-11
7.855 2.059025207475198e-11
7.86 2.3090834452428722e-11
7.865 2.3601031758496202e-11
7.87 2.1248209382716944e-11
7.875 1.595403886029677e-11
7.88 1.849137529348068e-11
7.885 2.064238443936287e-11
7.890000000000001 2.4040967816207197e-11
7.8950000000000005 2.056102197471533e-11
7.9 2.1449959907198982e-11
7.905 2.1199675587578883e-11
7.91 2.0213034591337216e-11
7.915 2.5390670116081032e-11
7.92 2.4731601055593198e-11
7.925 2.325860104005411e-11
7.930000000000001 1.909606660398203e-11
7.9350000000000005 2.4110215647824623e-11
7.94 1.8629923564257538e-11
7.945 2.260379209812517e-11
7.95 1.9927018933980315e-11
7.955 2.4244845864352927e-11
7.96 2.11498117182738e-11
7.965 2.4712385624084803e-11
7.97 2.1038912352430024e-11
7.9750000000000005 1.964970109380099e-11
7.98 1.9319906932176788e-11
7.985 1.8280066164120375e-11
7.99 2.5803323552186133e-11
7.995 3.229452562265734e-11
8.0 1.744264838101188e-11
8.25 9.763744864751964e-10
8.5 8.499145677685027e-10
8.75 7.418263204402708e-10
9.0 6.429433708679883e-10
9.25 5.695121883437301e-10
9.5 5.084442727990167e-10
9.75 4.2913679783990643e-10
10.0 3.9623387863069095e-10
10.25 3.3321463397281523e-10
10.5 3.231953408882903e-10
10.75 2.7028925189144315e-10
11.0 2.486251922007389e-10
11.25 2.0893224083744838e-10
11.5 1.9939427719662805e-10
11.75 1.80285209536259e-10
12.0 1.496152165453295e-10
12.25 1.3925162280238735e-10
12.5 1.2640090821256252e-10
12.75 9.864075193354249e-11
13.0 8.975912093943705e-11
13.25 8.510700925959695e-11
13.5 7.269038806996482e-11
13.75 5.783134388440347e-11
14.0 5.356321842923722e-11
14.25 6.203486436301463e-11
14.5 4.342561266560421e-11
14.75 5.234947877003176e-11
15.0 3.71447274798387e-11
15.25 3.29014793157294e-11
15.5 3.815600371193627e-11
15.75 2.6803219767062432e-11
16.0 2.523965204091323e-11
16.25 3.190538187377571e-11
16.5 2.703113221030906e-11
16.75 1.6177924296023995e-11
17.0 2.067802067725247e-11
17.25 1.628393451414376e-11
17.5 1.4563548046960092e-11
17.75 1.8125635422162098e-11
18.0 1.2719681320584588e-11
18.25 1.0792952957160684e-11
18.5 8.52887672403471e-12
18.75 1.202733940452046e-11
19.0 1.432542670969631e-11
19.25 6.342298628532484e-12
19.5 3.5609396593226137e-12
19.75 7.986498858834991e-12
