0.125 1.2442080986280933e-07 6.497540718537352e-06 0.0 4.161572399270188e-08 3.5988988530568015e-06 0.0
0.375 2.577333117125274e-07 2.4976798806704098e-05 0.0 4.4008885501802336e-08 2.516488905126463e-06 0.0
0.625 2.3518307315716982e-07 2.8298796170694886e-05 0.0 3.896736956132351e-08 1.9558672447074647e-06 0.0
0.875 1.438299219812772e-07 7.536372216020538e-06 0.0 3.550384573333708e-08 1.238980650390572e-06 0.0
1.125 9.28745547632903e-08 2.4001001969449453e-06 0.0 3.425389414420594e-08 8.19492527175075e-07 0.0
1.375 7.674599334731792e-08 1.1141472924682742e-06 0.0 3.3119090565206844e-08 5.638724762898318e-07 0.0
1.625 7.245252053462099e-08 7.266629093066736e-07 0.0 3.197546512677151e-08 4.225169411953155e-07 0.0
1.875 7.017682389533947e-08 5.400620440650894e-07 0.0 3.016398699877146e-08 3.37450036653143e-07 0.0
2.125 6.735176749587585e-08 4.4504457789891604e-07 0.0 2.8203641759385227e-08 2.726882066479308e-07 0.0
2.375 6.300555303069299e-08 4.0129569625084254e-07 0.0 2.5799603954753362e-08 2.3371983758027156e-07 0.0
2.625 5.742087975748952e-08 3.8260131714226904e-07 0.0 2.3253525416915177e-08 2.0297482135405778e-07 0.0
2.875 5.1026519549821063e-08 3.811799464003583e-07 0.0 2.0616199917904417e-08 1.7070947348016942e-07 0.0
3.125 4.3505234459650694e-08 3.9489539348162006e-07 0.0 1.777496357912313e-08 1.4476561589071583e-07 0.0
3.375 3.6474371630885474e-08 4.2936365660161113e-07 0.0 1.5533589482588247e-08 1.2567219829487715e-07 0.0
3.625 2.932128856087735e-08 4.752402471830999e-07 0.0 1.3269345572454031e-08 1.0966380006077747e-07 0.0
3.875 2.33241057443334e-08 5.252120461333561e-07 0.0 1.1566148040424123e-08 9.732718454934653e-08 0.0
4.125 1.8011588032308342e-08 5.612115417464712e-07 0.0 9.913632110573577e-09 8.578665501626498e-08 0.0
4.375 1.4137761153052541e-08 5.652171835357685e-07 0.0 8.492393893916256e-09 7.733735515004284e-08 0.0
4.625 1.1065563471003974e-08 5.139554504430295e-07 0.0 7.353312608868723e-09 7.023859271215465e-08 0.0
4.875 8.847460517987763e-09 4.1230163065637207e-07 0.0 6.298288879815686e-09 6.233712757048253e-08 0.0
5.125 7.146407201166945e-09 3.0203385151077294e-07 0.0 5.384089010365481e-09 5.621900633530468e-08 0.0
5.375 5.827342303281876e-09 2.2380059834521508e-07 0.0 4.660993803697334e-09 5.033455182655334e-08 0.0
5.625 4.80764701888264e-09 1.7296508930483672e-07 0.0 4.045498711499036e-09 4.5243977671302444e-08 0.0
5.875 4.028611103448453e-09 1.366376466423726e-07 0.0 3.4571341112350286e-09 4.099344912650249e-08 0.0
6.125 3.42006558652458e-09 1.0877000007814502e-07 0.0 3.011375294102629e-09 3.7023783880456564e-08 0.0
6.375 2.8541878972368518e-09 8.731931517183704e-08 0.0 2.546867662476466e-09 3.3766070560507776e-08 0.0
6.625 2.3806809550691737e-09 7.03023345813398e-08 0.0 2.2594070227932137e-09 3.0633916492683213e-08 0.0
6.875 2.022070850893359e-09 5.719065559304857e-08 0.0 1.9115004968451026e-09 2.7321455852222427e-08 0.0
7.125 1.7209898518018893e-09 4.705695437367124e-08 0.0 1.6658601431083122e-09 2.4668809929450616e-08 0.0
7.375 1.4591961653547785e-09 3.9263464818481413e-08 0.0 1.4908039054457771e-09 2.2276793679636203e-08 0.0
7.625 1.2161240573680838e-09 3.322321612117402e-08 0.0 1.2701851612369654e-09 1.977766320961711e-08 0.0
7.875 1.0828992483314773e-09 2.838126592114326e-08 0.0 1.1181824145154069e-09 1.737960630686084e-08 0.0
8.125 8.817981853397545e-10 2.411848216446899e-08 0.0 9.763744864751964e-10 1.5482096430042717e-08 0.0
8.375 7.769796720909846e-10 2.058247975989411e-08 0.0 8.499145677685027e-10 1.3887304204864763e-08 0.0
8.625 6.820566284782779e-10 1.760257733398458e-08 0.0 7.418263204402708e-10 1.2371543750871591e-08 0.0
8.875 5.784210659505103e-10 1.534279569654978e-08 0.0 6.429433708679883e-10 1.1354245960620016e-08 0.0
9.125 4.917149955721414e-10 1.339724386660666e-08 0.0 5.695121883437301e-10 1.0337182283024132e-08 0.0
9.375 4.309159148948405e-10 1.1374465322729045e-08 0.0 5.084442727990167e-10 9.588039463324127e-09 0.0
9.625 3.818693503037231e-10 9.875786713056535e-09 0.0 4.2913679783990643e-10 8.883450708916369e-09 0.0
9.875 3.1783713106133445e-10 8.720225043767033e-09 0.0 3.9623387863069095e-10 8.016846690717302e-09 0.0
10.125 2.835613398842547e-10 7.473672787642186e-09 0.0 3.3321463397281523e-10 7.3701642092838825e-09 0.0
10.375 2.523429997818206e-10 6.609552249484914e-09 0.0 3.231953408882903e-10 6.712919640616978e-09 0.0
10.625 2.4015560118954995e-10 5.767499209467818e-09 0.0 2.7028925189144315e-10 6.219808237003169e-09 0.0
10.875 1.9890448380019345e-10 4.992999903904688e-09 0.0 2.486251922007389e-10 5.733089230035528e-09 0.0
11.125 1.6584337507053983e-10 4.559866354656475e-09 0.0 2.0893224083744838e-10 5.307289707897144e-09 0.0
11.375 1.4165434405632107e-10 3.943643973945374e-09 0.0 1.9939427719662805e-10 4.926731999965732e-09 0.0
11.625 1.236759433784621e-10 3.440361675456708e-09 0.0 1.80285209536259e-10 4.658039729354721e-09 0.0
11.875 1.0697819303474875e-10 3.1000435138940277e-09 0.0 1.496152165453295e-10 4.403295148721449e-09 0.0
12.125 9.602946320531058e-11 2.8026710232605055e-09 0.0 1.3925162280238735e-10 4.024117108310412e-09 0.0
12.375 8.925061420964944e-11 2.4504297938096025e-09 0.0 1.2640090821256252e-10 3.686123768267712e-09 0.0
12.625 7.565234897672927e-11 2.2293760500009752e-09 0.0 9.864075193354249e-11 3.404217714413055e-09 0.0
12.875 6.75145810852607e-11 1.9729175698622728e-09 0.0 8.975912093943705e-11 3.1185428024626866e-09 0.0
13.125 5.4293857335450565e-11 1.7824228485042405e-09 0.0 8.510700925959695e-11 2.9038120304781086e-09 0.0
13.375 4.612025901222976e-11 1.5515986315726842e-09 0.0 7.269038806996482e-11 2.6839782471030327e-09 0.0
13.625 4.252732501053113e-11 1.4503764734931828e-09 0.0 5.783134388440347e-11 2.4704156131755583e-09 0.0
13.875 3.78892461691799e-11 1.33119613129193e-09 0.0 5.356321842923722e-11 2.334781858229546e-09 0.0
14.125 4.248600416160637e-11 1.1817841814621373e-09 0.0 6.203486436301463e-11 2.208028599971828e-09 0.0
14.375 3.8700344785707164e-11 1.0481828086943687e-09 0.0 4.342561266560421e-11 1.9921979268725123e-09 0.0
14.625 3.360288130580056e-11 9.547592355435047e-10 0.0 5.234947877003176e-11 1.8336260711114006e-09 0.0
14.875 2.4251407306541837e-11 8.601085149614961e-10 0.0 3.71447274798387e-11 1.7718056977672238e-09 0.0
15.125 2.3845662556346206e-11 8.216051420923463e-10 0.0 3.29014793157294e-11 1.593238101053592e-09 0.0
15.375 2.1988624666926428e-11 7.150401925487371e-10 0.0 3.815600371193627e-11 1.4910326637797555e-09 0.0
15.625 1.8653040834118152e-11 6.730402137234668e-10 0.0 2.6803219767062432e-11 1.3449465018848672e-09 0.0
15.875 2.2825241555343423e-11 5.901239062634736e-10 0.0 2.523965204091323e-11 1.2493420926468154e-09 0.0
16.125 1.4595364015788812e-11 5.182107140273417e-10 0.0 3.190538187377571e-11 1.2422619919697875e-09 0.0
16.375 1.3430173372115408e-11 4.677498454659714e-10 0.0 2.703113221030906e-11 1.0576454429219135e-09 0.0
16.625 9.454082722545389e-12 4.4553670486505835e-10 0.0 1.6177924296023995e-11 1.0799815332295168e-09 0.0
16.875 1.1838797919297089e-11 4.102581368585345e-10 0.0 2.067802067725247e-11 9.405611420436064e-10 0.0
17.125 9.880470205800186e-12 3.513568942824558e-10 0.0 1.628393451414376e-11 8.422063779722918e-10 0.0
17.375 1.0931508331017558e-11 3.2436485519001804e-10 0.0 1.4563548046960092e-11 8.32846393900906e-10 0.0
17.625 9.176273973129807e-12 3.165644723855372e-10 0.0 1.8125635422162098e-11 7.382979008607718e-10 0.0
17.875 8.834983199645724e-12 2.8377962889942217e-10 0.0 1.2719681320584588e-11 6.958980702489152e-10 0.0
18.125 2.577290019542721e-12 2.4908687662235513e-10 0.0 1.0792952957160684e-11 6.34016537065683e-10 0.0
18.375 7.55823098662496e-12 2.206532078706882e-10 0.0 8.52887672403471e-12 6.271966099456283e-10 0.0
18.625 4.188390361462644e-12 2.187053823819184e-10 0.0 1.202733940452046e-11 5.543534198227061e-10 0.0
18.875 3.4297493663659013e-12 2.0849036146159177e-10 0.0 1.432542670969631e-11 5.255476234119508e-10 0.0
19.125 6.553023449883169e-13 2.0759319920810755e-10 0.0 6.342298628532484e-12 4.4856836171479035e-10 0.0
19.375 3.706225888749363e-12 1.8795099018495122e-10 0.0 3.5609396593226137e-12 4.447341665184387e-10 0.0
19.625 2.3182862124980028e-12 1.565958285048955e-10 0.0 7.986498858834991e-12 4.3417767404330847e-10 0.0
19.875 3.360413399875509e-12 1.1248290951522369e-10 0.0 3.826846531196008e-12 4.0447892548132306e-10 0.0
20.125 2.2660867363108384e-12 1.3180632975401029e-10 0.0 4.90932922651868e-12 3.713489916530118e-10 0.0
20.375 2.707479985998331e-12 1.1717895894410154e-10 0.0 3.1433557927563996e-12 3.286181528730242e-10 0.0
20.625 3.1905752132522852e-12 9.744612960189782e-11 0.0 3.852330214080932e-12 2.8889143960742936e-10 0.0
20.875 2.5179248406250845e-12 7.924331986077169e-11 0.0 0.0 2.854417479840159e-10 0.0
21.125 1.6087819494383553e-12 9.054233511431294e-11 0.0 2.2762721979338014e-12 2.6895293985563496e-10 0.0
21.375 2.3383899521723553e-12 9.095480301538657e-11 0.0 2.5829634781381836e-12 2.666207181687744e-10 0.0
21.625 1.4929508806696879e-12 7.804127178898371e-11 0.0 7.57063072309794e-13 2.3607687780966486e-10 0.0
21.875 1.071710988389343e-12 7.594040850755771e-11 0.0 4.407918282954119e-12 2.413511559421526e-10 0.0
22.125 1.7924933748100428e-12 5.484756512104754e-11 0.0 1.6093077508849119e-12 1.9826259844683284e-10 0.0
22.375 3.3286749489230397e-12 4.974865425138368e-11 0.0 8.699650898952523e-13 2.0738929186788313e-10 0.0
22.625 0.0 4.940183071645186e-11 0.0 4.30278632425249e-12 1.7067199503944885e-10 0.0
22.875 0.0 5.289749876416258e-11 0.0 0.0 1.6683368192128642e-10 0.0
23.125 1.2443200640996004e-12 4.141406747046546e-11 0.0 2.1928172723372692e-12 1.5439619120334228e-10 0.0
23.375 0.0 4.231323972057541e-11 0.0 0.0 1.3565690065629238e-10 0.0
23.625 1.207180691612326e-12 4.9165777529567033e-11 0.0 0.0 1.2575953998589893e-10 0.0
23.875 0.0 3.789979577999177e-11 0.0 0.0 1.1080133526490592e-10 0.0
24.125 0.0 3.6569316851065584e-11 0.0 2.1178394800612014e-12 1.2231324872483408e-10 0.0
24.375 8.641993325141859e-13 3.2070766249576264e-11 0.0 7.581808972366037e-13 1.203511322990478e-10 0.0
24.625 0.0 3.06312148656672e-11 0.0 0.0 1.0462200781202534e-10 0.0
24.875 0.0 3.214790242582599e-11 0.0 0.0 9.769567972495205e-11 0.0
25.125 0.0 2.859569734942898e-11 0.0 0.0 8.943054221518789e-11 0.0
25.375 0.0 2.740686052622646e-11 0.0 0.0 8.58296994703901e-11 0.0
25.625 1.4851616764229478e-12 2.4092203060626745e-11 0.0 0.0 8.172137493384901e-11 0.0
25.875 0.0 1.81489712966423e-11 0.0 0.0 7.526341687039084e-11 0.0
26.125 0.0 1.729226987080754e-11 0.0 0.0 7.263978451298831e-11 0.0
26.375 0.0 1.7823010500611925e-11 0.0 0.0 6.541916279563631e-11 0.0
26.625 0.0 1.8486089742221974e-11 0.0 0.0 5.464701665593732e-11 0.0
26.875 0.0 1.4521985363087997e-11 0.0 0.0 6.260868518072077e-11 0.0
27.125 0.0 1.237693077808325e-11 0.0 1.171141558683816e-12 5.8041403936771817e-11 0.0
27.375 1.1517209741167068e-12 1.575523747858895e-11 0.0 0.0 4.629911789786279e-11 0.0
27.625 0.0 1.2599986444878421e-11 0.0 0.0 4.3651080705178835e-11 0.0
27.875 1.2225467665332994e-12 1.420541317361048e-11 0.0 0.0 5.2764061129896145e-11 0.0
28.125 0.0 1.1712185532197809e-11 0.0 0.0 4.1066815239936206e-11 0.0
28.375 1.6093702436920953e-12 9.398035438493573e-12 0.0 0.0 4.574351819500366e-11 0.0
28.625 1.5928126516742104e-12 8.835528117774818e-12 0.0 1.2189096146230589e-12 2.9803621251162814e-11 0.0
28.875 0.0 8.951545346151716e-12 0.0 0.0 4.292263894762594e-11 0.0
29.125 0.0 5.252280786122314e-12 0.0 0.0 3.49475442481277e-11 0.0
29.375 0.0 8.5035013821198e-12 0.0 0.0 1.527517789725278e-11 0.0
29.625 0.0 4.348318443708909e-12 0.0 1.6486006768388934e-12 3.357742244778179e-11 0.0
29.875 0.0 3.0400219688575637e-12 0.0 0.0 2.540352683006752e-11 0.0
30.125 0.0 1.0135215186805525e-12 0.0 0.0 2.079678954243418e-11 0.0
30.375 0.0 6.318272677476866e-12 0.0 0.0 2.922077857461266e-11 0.0
30.625 0.0 5.410916599962308e-12 0.0 0.0 2.2574200019008033e-11 0.0
30.875 0.0 8.121546235648782e-12 0.0 0.0 2.667582773967407e-11 0.0
31.125 0.0 4.6319045477099855e-12 0.0 0.0 1.913695999314536e-11 0.0
31.375 0.0 0.0 0.0 0.0 1.2919175171600013e-11 0.0
31.625 0.0 3.607381531473492e-12 0.0 0.0 1.33807059906358e-11 0.0
31.875 1.8578616494346678e-12 1.5561908380642738e-12 0.0 0.0 1.5766268125557944e-11 0.0
32.125 0.0 0.0 0.0 0.0 9.88128060450947e-12 0.0
32.375 0.0 1.2173925569223033e-12 0.0 0.0 1.3813551534899489e-11 0.0
32.625 0.0 5.2963024274763204e-12 0.0 0.0 1.1541993084128512e-11 0.0
32.875 0.0 0.0 0.0 0.0 1.577749984548923e-11 0.0
33.125 0.0 1.3766446655954671e-12 0.0 0.0 2.7079278204938416e-12 0.0
33.375 0.0 1.2715930721895945e-12 0.0 0.0 6.779705535434203e-12 0.0
33.625 0.0 0.0 0.0 0.0 8.164215521086252e-12 0.0
33.875 0.0 0.0 0.0 0.0 9.702648581943983e-12 0.0
34.125 0.0 0.0 0.0 0.0 5.784103739151884e-12 0.0
34.375 0.0 1.3446450843457044e-12 0.0 0.0 2.8821988029664095e-12 0.0
34.625 0.0 0.0 0.0 0.0 5.555247927250791e-12 0.0
34.875 0.0 0.0 0.0 0.0 8.922086055731084e-12 0.0
35.125 0.0 0.0 0.0 0.0 2.87015684845423e-12 0.0
35.375 0.0 0.0 0.0 0.0 1.4169304457187997e-12 0.0
35.625 0.0 0.0 0.0 0.0 1.6140588204384639e-12 0.0
35.875 0.0 1.4493225020575453e-12 0.0 0.0 9.20705750267922e-12 0.0
36.125 0.0 0.0 0.0 0.0 4.8689454834547685e-12 0.0
36.375 0.0 0.0 0.0 0.0 3.337698234661537e-12 0.0
36.625 0.0 0.0 0.0 0.0 5.054235155046647e-12 0.0
36.875 0.0 0.0 0.0 0.0 1.605634072330674e-12 0.0
37.125 0.0 0.0 0.0 0.0 6.389364198905724e-12 0.0
37.375 0.0 0.0 0.0 0.0 1.794356266418305e-12 0.0
37.625 0.0 0.0 0.0 0.0 0.0 0.0
37.875 0.0 0.0 0.0 0.0 0.0 0.0
38.125 0.0 0.0 0.0 0.0 0.0 0.0
38.375 0.0 0.0 0.0 0.0 0.0 0.0
38.625 0.0 1.6678239670404943e-12 0.0 0.0 0.0 0.0
38.875 0.0 0.0 0.0 0.0 3.5082890756514912e-12 0.0
39.125 0.0 0.0 0.0 0.0 1.7902839904353924e-12 0.0
39.375 0.0 0.0 0.0 0.0 0.0 0.0
39.625 0.0 2.0277131331751333e-12 0.0 0.0 3.7843338702523925e-12 0.0
39.875 0.0 0.0 0.0 0.0 2.071224098135766e-12 0.0
40.125 0.0 0.0 0.0 0.0 0.0 0.0
40.375 0.0 1.9696161899220326e-12 0.0 0.0 0.0 0.0
40.625 0.0 3.162671496295305e-12 0.0 0.0 0.0 0.0
40.875 0.0 0.0 0.0 0.0 0.0 0.0
41.125 0.0 0.0 0.0 0.0 0.0 0.0
41.375 0.0 0.0 0.0 0.0 0.0 0.0
41.625 0.0 0.0 0.0 0.0 0.0 0.0
41.875 0.0 0.0 0.0 0.0 1.971424960078849e-12 0.0
42.125 0.0 0.0 0.0 0.0 2.2599549560529708e-12 0.0
42.375 0.0 0.0 0.0 0.0 0.0 0.0
42.625 0.0 0.0 0.0 0.0 0.0 0.0
42.875 0.0 0.0 0.0 0.0 2.320058746466138e-12 0.0
43.125 0.0 0.0 0.0 0.0 0.0 0.0
43.375 0.0 0.0 0.0 0.0 0.0 0.0
43.625 0.0 0.0 0.0 0.0 0.0 0.0
43.875 0.0 0.0 0.0 0.0 0.0 0.0
44.125 0.0 0.0 0.0 0.0 0.0 0.0
44.375 0.0 0.0 0.0 0.0 0.0 0.0
44.625 0.0 0.0 0.0 0.0 0.0 0.0
44.875 0.0 0.0 0.0 0.0 0.0 0.0
45.125 0.0 0.0 0.0 0.0 0.0 0.0
45.375 0.0 0.0 0.0 0.0 0.0 0.0
45.625 0.0 2.4763394436915374e-12 0.0 0.0 0.0 0.0
45.875 0.0 0.0 0.0 0.0 2.6764192359354085e-12 0.0
46.125 0.0 0.0 0.0 0.0 0.0 0.0
46.375 0.0 0.0 0.0 0.0 2.476988994257486e-12 0.0
46.625 0.0 0.0 0.0 0.0 0.0 0.0
46.875 0.0 0.0 0.0 0.0 0.0 0.0
47.125 0.0 0.0 0.0 0.0 0.0 0.0
47.375 0.0 0.0 0.0 0.0 0.0 0.0
47.625 0.0 0.0 0.0 0.0 0.0 0.0
47.875 0.0 0.0 0.0 0.0 0.0 0.0
48.125 0.0 0.0 0.0 0.0 0.0 0.0
48.375 0.0 0.0 0.0 0.0 0.0 0.0
48.625 0.0 0.0 0.0 0.0 0.0 0.0
48.875 0.0 0.0 0.0 0.0 0.0 0.0
49.125 0.0 0.0 0.0 0.0 0.0 0.0
49.375 0.0 0.0 0.0 0.0 0.0 0.0
49.625 0.0 0.0 0.0 0.0 0.0 0.0
49.875 0.0 0.0 0.0 0.0 0.0 0.0
50.125 0.0 0.0 0.0 0.0 0.0 0.0
50.375 0.0 0.0 0.0 0.0 0.0 0.0
50.625 0.0 0.0 0.0 0.0 0.0 0.0
50.875 0.0 0.0 0.0 0.0 0.0 0.0
51.125 0.0 0.0 0.0 0.0 0.0 0.0
51.375 0.0 0.0 0.0 0.0 0.0 0.0
51.625 0.0 0.0 0.0 0.0 0.0 0.0
51.875 0.0 0.0 0.0 0.0 0.0 0.0
52.125 0.0 0.0 0.0 0.0 0.0 0.0
52.375 0.0 0.0 0.0 0.0 0.0 0.0
52.625 0.0 0.0 0.0 0.0 0.0 0.0
52.875 0.0 0.0 0.0 0.0 0.0 0.0
53.125 0.0 0.0 0.0 0.0 0.0 0.0
53.375 0.0 0.0 0.0 0.0 0.0 0.0
53.625 0.0 0.0 0.0 0.0 0.0 0.0
53.875 0.0 0.0 0.0 0.0 0.0 0.0
54.125 0.0 0.0 0.0 0.0 0.0 0.0
54.375 0.0 0.0 0.0 0.0 0.0 0.0
54.625 0.0 0.0 0.0 0.0 0.0 0.0
54.875 0.0 0.0 0.0 0.0 0.0 0.0
55.125 0.0 0.0 0.0 0.0 0.0 0.0
55.375 0.0 0.0 0.0 0.0 0.0 0.0
55.625 0.0 0.0 0.0 0.0 0.0 0.0
55.875 0.0 0.0 0.0 0.0 0.0 0.0
56.125 0.0 0.0 0.0 0.0 0.0 0.0
56.375 0.0 0.0 0.0 0.0 0.0 0.0
56.625 0.0 0.0 0.0 0.0 0.0 0.0
56.875 0.0 0.0 0.0 0.0 0.0 0.0
57.125 0.0 0.0 0.0 0.0 0.0 0.0
57.375 0.0 0.0 0.0 0.0 0.0 0.0
57.625 0.0 0.0 0.0 0.0 0.0 0.0
57.875 0.0 0.0 0.0 0.0 0.0 0.0
58.125 0.0 0.0 0.0 0.0 0.0 0.0
58.375 0.0 0.0 0.0 0.0 0.0 0.0
58.625 0.0 0.0 0.0 0.0 0.0 0.0
58.875 0.0 0.0 0.0 0.0 0.0 0.0
59.125 0.0 0.0 0.0 0.0 0.0 0.0
59.375 0.0 0.0 0.0 0.0 0.0 0.0
59.625 0.0 0.0 0.0 0.0 0.0 0.0
59.875 0.0 0.0 0.0 0.0 0.0 0.0
60.125 0.0 0.0 0.0 0.0 0.0 0.0
60.375 0.0 0.0 0.0 0.0 0.0 0.0
60.625 0.0 0.0 0.0 0.0 0.0 0.0
60.875 0.0 0.0 0.0 0.0 0.0 0.0
61.125 0.0 0.0 0.0 0.0 0.0 0.0
61.375 0.0 0.0 0.0 0.0 0.0 0.0
61.625 0.0 0.0 0.0 0.0 0.0 0.0
61.875 0.0 0.0 0.0 0.0 0.0 0.0
62.125 0.0 0.0 0.0 0.0 0.0 0.0
62.375 0.0 0.0 0.0 0.0 0.0 0.0
62.625 0.0 0.0 0.0 0.0 0.0 0.0
62.875 0.0 0.0 0.0 0.0 0.0 0.0
63.125 0.0 0.0 0.0 0.0 0.0 0.0
63.375 0.0 0.0 0.0 0.0 0.0 0.0
63.625 0.0 0.0 0.0 0.0 0.0 0.0
63.875 0.0 0.0 0.0 0.0 0.0 0.0
64.125 0.0 0.0 0.0 0.0 0.0 0.0
64.375 0.0 0.0 0.0 0.0 0.0 0.0
64.625 0.0 0.0 0.0 0.0 0.0 0.0
64.875 0.0 0.0 0.0 0.0 0.0 0.0
65.125 0.0 0.0 0.0 0.0 0.0 0.0
65.375 0.0 0.0 0.0 0.0 0.0 0.0
65.625 0.0 0.0 0.0 0.0 0.0 0.0
65.875 0.0 0.0 0.0 0.0 0.0 0.0
66.125 0.0 0.0 0.0 0.0 0.0 0.0
66.375 0.0 0.0 0.0 0.0 0.0 0.0
66.625 0.0 0.0 0.0 0.0 0.0 0.0
66.875 0.0 0.0 0.0 0.0 0.0 0.0
67.125 0.0 0.0 0.0 0.0 0.0 0.0
67.375 0.0 0.0 0.0 0.0 0.0 0.0
67.625 0.0 0.0 0.0 0.0 0.0 0.0
67.875 0.0 0.0 0.0 0.0 0.0 0.0
68.125 0.0 0.0 0.0 0.0 0.0 0.0
68.375 0.0 0.0 0.0 0.0 0.0 0.0
68.625 0.0 0.0 0.0 0.0 0.0 0.0
68.875 0.0 0.0 0.0 0.0 0.0 0.0
69.125 0.0 0.0 0.0 0.0 0.0 0.0
69.375 0.0 0.0 0.0 0.0 0.0 0.0
69.625 0.0 0.0 0.0 0.0 0.0 0.0
69.875 0.0 0.0 0.0 0.0 0.0 0.0
70.125 0.0 0.0 0.0 0.0 0.0 0.0
70.375 0.0 0.0 0.0 0.0 0.0 0.0
70.625 0.0 0.0 0.0 0.0 0.0 0.0
70.875 0.0 0.0 0.0 0.0 0.0 0.0
71.125 0.0 0.0 0.0 0.0 0.0 0.0
71.375 0.0 0.0 0.0 0.0 0.0 0.0
71.625 0.0 0.0 0.0 0.0 0.0 0.0
71.875 0.0 0.0 0.0 0.0 0.0 0.0
72.125 0.0 0.0 0.0 0.0 0.0 0.0
72.375 0.0 0.0 0.0 0.0 0.0 0.0
72.625 0.0 0.0 0.0 0.0 0.0 0.0
72.875 0.0 0.0 0.0 0.0 0.0 0.0
73.125 0.0 0.0 0.0 0.0 0.0 0.0
73.375 0.0 0.0 0.0 0.0 0.0 0.0
73.625 0.0 0.0 0.0 0.0 0.0 0.0
73.875 0.0 0.0 0.0 0.0 0.0 0.0
74.125 0.0 0.0 0.0 0.0 0.0 0.0
74.375 0.0 0.0 0.0 0.0 0.0 0.0
74.625 0.0 0.0 0.0 0.0 0.0 0.0
74.875 0.0 0.0 0.0 0.0 0.0 0.0
75.125 0.0 0.0 0.0 0.0 0.0 0.0
75.375 0.0 0.0 0.0 0.0 0.0 0.0
75.625 0.0 0.0 0.0 0.0 0.0 0.0
75.875 0.0 0.0 0.0 0.0 0.0 0.0
76.125 0.0 0.0 0.0 0.0 0.0 0.0
76.375 0.0 0.0 0.0 0.0 0.0 0.0
76.625 0.0 0.0 0.0 0.0 0.0 0.0
76.875 0.0 0.0 0.0 0.0 0.0 0.0
77.125 0.0 0.0 0.0 0.0 0.0 0.0
77.375 0.0 0.0 0.0 0.0 0.0 0.0
77.625 0.0 0.0 0.0 0.0 0.0 0.0
77.875 0.0 0.0 0.0 0.0 0.0 0.0
78.125 0.0 0.0 0.0 0.0 0.0 0.0
78.375 0.0 0.0 0.0 0.0 0.0 0.0
78.625 0.0 0.0 0.0 0.0 0.0 0.0
78.875 0.0 0.0 0.0 0.0 0.0 0.0
79.125 0.0 0.0 0.0 0.0 0.0 0.0
79.375 0.0 0.0 0.0 0.0 0.0 0.0
79.625 0.0 0.0 0.0 0.0 0.0 0.0
