0 1
1 13 0 0 0 0 0 0 4.99948 5.0006 0.10566 -134.836 -143.476 -500 0
1 1
1 13 0 0 0 0 0 0 4.8944 4.89554 0.10566 -107.337 -103.005 -500 0
2 1
1 13 0 0 0 0 0 0 4.91495 4.91609 0.10566 97.7221 -91.9913 -500 0
3 1
1 13 0 0 0 0 0 0 4.47991 4.48115 0.10566 103.978 -68.2727 -500 0
4 1
1 13 0 0 0 0 0 0 3.63128 3.63281 0.10566 121.761 -96.0656 -500 0
5 1
1 13 0 0 0 0 0 0 3.33714 3.33882 0.10566 -9.78811 -121.537 -500 0
6 1
1 13 0 0 0 0 0 0 3.44334 3.44496 0.10566 -114.724 -193.933 -500 0
7 1
1 13 0 0 0 0 0 0 3.66708 3.6686 0.10566 -122.34 -11.2566 -500 0
8 1
1 13 0 0 0 0 0 0 4.15986 4.16121 0.10566 159.322 -66.8872 -500 0
9 1
1 13 0 0 0 0 0 0 3.99722 3.99862 0.10566 24.2513 -163.543 -500 0
10 1
1 13 0 0 0 0 0 0 3.59305 3.5946 0.10566 -153.036 -187.416 -500 0
11 1
1 13 0 0 0 0 0 0 4.29625 4.29755 0.10566 90.1674 -72.5738 -500 0
12 1
1 13 0 0 0 0 0 0 4.42777 4.42903 0.10566 -160.17 -60.1466 -500 0
13 1
1 13 0 0 0 0 0 0 3.21563 3.21736 0.10566 -148.303 -99.5194 -500 0
14 1
1 13 0 0 0 0 0 0 3.41556 3.41719 0.10566 -84.4359 -183.365 -500 0
15 1
1 13 0 0 0 0 0 0 3.25625 3.25796 0.10566 18.9486 -183.536 -500 0
16 1
1 13 0 0 0 0 0 0 3.58428 3.58584 0.10566 156.649 -154.576 -500 0
17 1
1 13 0 0 0 0 0 0 3.86369 3.86514 0.10566 -143.707 -119.922 -500 0
18 1
1 13 0 0 0 0 0 0 4.37389 4.37517 0.10566 -131.732 -111.836 -500 0
19 1
1 13 0 0 0 0 0 0 3.09067 3.09248 0.10566 -75.4814 -98.7638 -500 0
20 1
1 13 0 0 0 0 0 0 3.36482 3.36648 0.10566 4.41281 -51.8424 -500 0
21 1
1 13 0 0 0 0 0 0 3.73198 3.73347 0.10566 -135.676 -107.979 -500 0
22 1
1 13 0 0 0 0 0 0 4.25567 4.25698 0.10566 71.0415 -60.3607 -500 0
23 1
1 13 0 0 0 0 0 0 3.95707 3.95848 0.10566 -163.957 -132.254 -500 0
24 1
1 13 0 0 0 0 0 0 3.19043 3.19218 0.10566 -25.3832 -105.065 -500 0
25 1
1 13 0 0 0 0 0 0 3.83849 3.83995 0.10566 111.015 -75.0779 -500 0
26 1
1 13 0 0 0 0 0 0 4.96087 4.962 0.10566 -51.8279 -33.8375 -500 0
27 1
1 13 0 0 0 0 0 0 3.28161 3.28331 0.10566 97.6341 -34.0521 -500 0
28 1
1 13 0 0 0 0 0 0 3.78221 3.78368 0.10566 48.7826 -130.66 -500 0
29 1
1 13 0 0 0 0 0 0 3.09234 3.09414 0.10566 45.2265 -86.5252 -500 0
30 1
1 13 0 0 0 0 0 0 3.99779 3.99918 0.10566 89.5208 -171.09 -500 0
31 1
1 13 0 0 0 0 0 0 3.08461 3.08642 0.10566 -75.6852 -175.672 -500 0
32 1
1 13 0 0 0 0 0 0 3.48414 3.48574 0.10566 -47.5765 -111.974 -500 0
33 1
1 13 0 0 0 0 0 0 4.19959 4.20092 0.10566 57.8299 -113.475 -500 0
34 1
1 13 0 0 0 0 0 0 4.11194 4.11329 0.10566 86.7365 -71.5275 -500 0
35 1
1 13 0 0 0 0 0 0 4.37155 4.37283 0.10566 -161.537 -175.413 -500 0
36 1
1 13 0 0 0 0 0 0 3.11399 3.11579 0.10566 128.029 -174.892 -500 0
37 1
1 13 0 0 0 0 0 0 3.63149 3.63303 0.10566 -127.773 -171.555 -500 0
38 1
1 13 0 0 0 0 0 0 4.32886 4.33015 0.10566 74.0757 -161.8 -500 0
39 1
1 13 0 0 0 0 0 0 3.87269 3.87413 0.10566 185.784 -26.3673 -500 0
40 1
1 13 0 0 0 0 0 0 3.26176 3.26347 0.10566 -6.22309 -125.069 -500 0
41 1
1 13 0 0 0 0 0 0 4.80095 4.80211 0.10566 -128.537 -64.073 -500 0
42 1
1 13 0 0 0 0 0 0 4.24575 4.24706 0.10566 193.462 -111.857 -500 0
43 1
1 13 0 0 0 0 0 0 4.60947 4.61069 0.10566 197.938 -91.6898 -500 0
44 1
1 13 0 0 0 0 0 0 3.51181 3.5134 0.10566 55.5783 -84.8179 -500 0
45 1
1 13 0 0 0 0 0 0 3.51744 3.51903 0.10566 -123.363 -110.867 -500 0
46 1
1 13 0 0 0 0 0 0 3.29853 3.30022 0.10566 198.689 -175.648 -500 0
47 1
1 13 0 0 0 0 0 0 4.30308 4.30438 0.10566 -188.882 -122.004 -500 0
48 1
1 13 0 0 0 0 0 0 4.65583 4.65702 0.10566 -86.4744 -77.9593 -500 0
49 1
1 13 0 0 0 0 0 0 3.47283 3.47443 0.10566 -35.6716 -64.4571 -500 0
50 1
1 13 0 0 0 0 0 0 4.69425 4.69544 0.10566 59.7025 -183.723 -500 0
51 1
1 13 0 0 0 0 0 0 3.24166 3.24338 0.10566 -8.32029 -44.4243 -500 0
52 1
1 13 0 0 0 0 0 0 3.94396 3.94537 0.10566 177.335 -3.8398 -500 0
53 1
1 13 0 0 0 0 0 0 3.66911 3.67063 0.10566 -118.933 -131.432 -500 0
54 1
1 13 0 0 0 0 0 0 4.30709 4.30838 0.10566 73.1035 -78.0128 -500 0
55 1
1 13 0 0 0 0 0 0 3.19985 3.2016 0.10566 106.502 -52.8837 -500 0
56 1
1 13 0 0 0 0 0 0 3.48228 3.48388 0.10566 -94.7285 -7.82602 -500 0
57 1
1 13 0 0 0 0 0 0 3.84679 3.84824 0.10566 -65.5767 -199.95 -500 0
58 1
1 13 0 0 0 0 0 0 4.73768 4.73886 0.10566 -198.499 -166.831 -500 0
59 1
1 13 0 0 0 0 0 0 3.02364 3.02549 0.10566 42.582 -54.0056 -500 0
60 1
1 13 0 0 0 0 0 0 4.22765 4.22897 0.10566 186.307 -100.58 -500 0
61 1
1 13 0 0 0 0 0 0 4.05977 4.06115 0.10566 -15.357 -57.3933 -500 0
62 1
1 13 0 0 0 0 0 0 4.15992 4.16126 0.10566 73.121 -9.2157 -500 0
63 1
1 13 0 0 0 0 0 0 3.04731 3.04914 0.10566 -87.9559 -26.0947 -500 0
64 1
1 13 0 0 0 0 0 0 3.59867 3.60022 0.10566 -72.1786 -139.81 -500 0
65 1
1 13 0 0 0 0 0 0 4.88222 4.88337 0.10566 139.251 -49.3308 -500 0
66 1
1 13 0 0 0 0 0 0 4.07649 4.07786 0.10566 -36.6074 -157.526 -500 0
67 1
1 13 0 0 0 0 0 0 3.15228 3.15405 0.10566 -84.026 -196.044 -500 0
68 1
1 13 0 0 0 0 0 0 3.4825 3.4841 0.10566 -46.1523 -109.019 -500 0
69 1
1 13 0 0 0 0 0 0 3.74797 3.74945 0.10566 -23.9245 -176.421 -500 0
70 1
1 13 0 0 0 0 0 0 4.61086 4.61207 0.10566 -134.043 -143.494 -500 0
71 1
1 13 0 0 0 0 0 0 3.34537 3.34704 0.10566 174.337 -63.8094 -500 0
72 1
1 13 0 0 0 0 0 0 3.26739 3.2691 0.10566 -98.0955 -120.111 -500 0
73 1
1 13 0 0 0 0 0 0 3.73847 3.73996 0.10566 90.5448 -144.433 -500 0
74 1
1 13 0 0 0 0 0 0 4.38714 4.38841 0.10566 0.141876 -176.319 -500 0
75 1
1 13 0 0 0 0 0 0 3.30261 3.3043 0.10566 72.5788 -55.8668 -500 0
76 1
1 13 0 0 0 0 0 0 4.95929 4.96042 0.10566 78.7116 -88.558 -500 0
77 1
1 13 0 0 0 0 0 0 4.36164 4.36292 0.10566 182.141 -80.3582 -500 0
78 1
1 13 0 0 0 0 0 0 4.54091 4.54214 0.10566 165.439 -68.2083 -500 0
79 1
1 13 0 0 0 0 0 0 4.34195 4.34324 0.10566 31.2741 -9.39214 -500 0
80 1
1 13 0 0 0 0 0 0 3.32585 3.32752 0.10566 -65.9772 -9.63506 -500 0
81 1
1 13 0 0 0 0 0 0 3.21932 3.22106 0.10566 47.7209 -8.63665 -500 0
82 1
1 13 0 0 0 0 0 0 4.97049 4.97161 0.10566 -171.705 -99.5339 -500 0
83 1
1 13 0 0 0 0 0 0 4.36144 4.36272 0.10566 21.328 -82.5989 -500 0
84 1
1 13 0 0 0 0 0 0 4.38324 4.38451 0.10566 -14.9408 -85.1491 -500 0
85 1
1 13 0 0 0 0 0 0 3.14578 3.14755 0.10566 55.3066 -122.449 -500 0
86 1
1 13 0 0 0 0 0 0 3.44192 3.44354 0.10566 -199.107 -100.869 -500 0
87 1
1 13 0 0 0 0 0 0 3.38263 3.38428 0.10566 -191.094 -19.2822 -500 0
88 1
1 13 0 0 0 0 0 0 4.47726 4.4785 0.10566 -22.1876 -116.46 -500 0
89 1
1 13 0 0 0 0 0 0 4.52172 4.52296 0.10566 -24.8987 -161.803 -500 0
90 1
1 13 0 0 0 0 0 0 4.15423 4.15557 0.10566 -146.925 -136.435 -500 0
91 1
1 13 0 0 0 0 0 0 3.97383 3.97524 0.10566 175.636 -13.2107 -500 0
92 1
1 13 0 0 0 0 0 0 3.14732 3.14909 0.10566 44.9745 -97.0503 -500 0
93 1
1 13 0 0 0 0 0 0 4.24933 4.25064 0.10566 -147.742 -70.9579 -500 0
94 1
1 13 0 0 0 0 0 0 3.2683 3.27 0.10566 61.1704 -146.958 -500 0
95 1
1 13 0 0 0 0 0 0 3.76361 3.76509 0.10566 36.086 -66.0592 -500 0
96 1
1 13 0 0 0 0 0 0 4.10866 4.11002 0.10566 -192.198 -163.131 -500 0
97 1
1 13 0 0 0 0 0 0 4.98236 4.98348 0.10566 29.4711 -72.4476 -500 0
98 1
1 13 0 0 0 0 0 0 4.18972 4.19105 0.10566 6.09788 -133.861 -500 0
99 1
1 13 0 0 0 0 0 0 3.79348 3.79496 0.10566 153.586 -45.7029 -500 0
100 1
1 13 0 0 0 0 0 0 4.19815 4.19948 0.10566 -190.109 -197.548 -500 0
101 1
1 13 0 0 0 0 0 0 4.3969 4.39817 0.10566 -93.6036 -52.6599 -500 0
102 1
1 13 0 0 0 0 0 0 4.99995 5.00106 0.10566 99.9169 -103.009 -500 0
103 1
1 13 0 0 0 0 0 0 4.6474 4.6486 0.10566 49.1108 -19.4976 -500 0
104 1
1 13 0 0 0 0 0 0 3.11301 3.1148 0.10566 95.631 -124.765 -500 0
105 1
1 13 0 0 0 0 0 0 3.0736 3.07542 0.10566 110.479 -32.5292 -500 0
106 1
1 13 0 0 0 0 0 0 3.69016 3.69168 0.10566 -167.263 -155.476 -500 0
107 1
1 13 0 0 0 0 0 0 3.30495 3.30664 0.10566 -39.5291 -93.6775 -500 0
108 1
1 13 0 0 0 0 0 0 4.62341 4.62462 0.10566 -183.689 -176.422 -500 0
109 1
1 13 0 0 0 0 0 0 4.15038 4.15172 0.10566 132.945 -159.072 -500 0
110 1
1 13 0 0 0 0 0 0 3.47744 3.47905 0.10566 198.771 -148.282 -500 0
111 1
1 13 0 0 0 0 0 0 4.78411 4.78528 0.10566 138.744 -138.683 -500 0
112 1
1 13 0 0 0 0 0 0 3.06673 3.06854 0.10566 82.5682 -161.277 -500 0
113 1
1 13 0 0 0 0 0 0 4.01796 4.01935 0.10566 -191.382 -65.4534 -500 0
114 1
1 13 0 0 0 0 0 0 4.62712 4.62833 0.10566 122.914 -103.695 -500 0
115 1
1 13 0 0 0 0 0 0 4.07504 4.07641 0.10566 112.339 -132.83 -500 0
116 1
1 13 0 0 0 0 0 0 4.39852 4.39979 0.10566 -29.6579 -34.9519 -500 0
117 1
1 13 0 0 0 0 0 0 4.89123 4.89237 0.10566 21.9365 -57.901 -500 0
118 1
1 13 0 0 0 0 0 0 3.75672 3.75821 0.10566 59.3355 -190.865 -500 0
119 1
1 13 0 0 0 0 0 0 3.31095 3.31264 0.10566 154.142 -55.6869 -500 0
120 1
1 13 0 0 0 0 0 0 4.92333 4.92447 0.10566 -27.8796 -173.594 -500 0
121 1
1 13 0 0 0 0 0 0 3.87866 3.8801 0.10566 -13.1249 -117.983 -500 0
122 1
1 13 0 0 0 0 0 0 3.55439 3.55596 0.10566 -88.5962 -9.07584 -500 0
123 1
1 13 0 0 0 0 0 0 4.60872 4.60993 0.10566 187.404 -0.0554417 -500 0
124 1
1 13 0 0 0 0 0 0 4.89432 4.89546 0.10566 -100.58 -198.659 -500 0
125 1
1 13 0 0 0 0 0 0 3.88945 3.89089 0.10566 69.6195 -100.704 -500 0
126 1
1 13 0 0 0 0 0 0 3.04202 3.04385 0.10566 132.705 -178.291 -500 0
127 1
1 13 0 0 0 0 0 0 3.1863 3.18805 0.10566 156.082 -110.811 -500 0
128 1
1 13 0 0 0 0 0 0 4.81381 4.81497 0.10566 21.6159 -48.1131 -500 0
129 1
1 13 0 0 0 0 0 0 4.6311 4.63231 0.10566 13.1874 -188.973 -500 0
130 1
1 13 0 0 0 0 0 0 3.10797 3.10977 0.10566 159.675 -170.619 -500 0
131 1
1 13 0 0 0 0 0 0 3.96529 3.9667 0.10566 -173.079 -143.768 -500 0
132 1
1 13 0 0 0 0 0 0 4.8657 4.86685 0.10566 2.92717 -87.0994 -500 0
133 1
1 13 0 0 0 0 0 0 4.60143 4.60264 0.10566 58.355 -138.156 -500 0
134 1
1 13 0 0 0 0 0 0 3.09561 3.09742 0.10566 -99.2137 -57.2238 -500 0
135 1
1 13 0 0 0 0 0 0 4.34199 4.34327 0.10566 42.1143 -170.346 -500 0
136 1
1 13 0 0 0 0 0 0 4.5905 4.59172 0.10566 66.1109 -29.1396 -500 0
137 1
1 13 0 0 0 0 0 0 4.62107 4.62228 0.10566 -171.542 -186.241 -500 0
138 1
1 13 0 0 0 0 0 0 4.78093 4.7821 0.10566 103.218 -185.938 -500 0
139 1
1 13 0 0 0 0 0 0 4.70419 4.70538 0.10566 110.143 -63.021 -500 0
140 1
1 13 0 0 0 0 0 0 3.46911 3.47071 0.10566 -15.3697 -12.7129 -500 0
141 1
1 13 0 0 0 0 0 0 4.32989 4.33118 0.10566 -16.1282 -22.4353 -500 0
142 1
1 13 0 0 0 0 0 0 4.14924 4.15059 0.10566 -187.933 -46.5291 -500 0
143 1
1 13 0 0 0 0 0 0 3.69096 3.69247 0.10566 43.6493 -156.491 -500 0
144 1
1 13 0 0 0 0 0 0 4.28752 4.28882 0.10566 28.5571 -39.5378 -500 0
145 1
1 13 0 0 0 0 0 0 4.92467 4.9258 0.10566 -39.2921 -0.689316 -500 0
146 1
1 13 0 0 0 0 0 0 4.49189 4.49313 0.10566 -20.6355 -120.843 -500 0
147 1
1 13 0 0 0 0 0 0 3.24678 3.2485 0.10566 13.046 -33.3241 -500 0
148 1
1 13 0 0 0 0 0 0 4.83535 4.8365 0.10566 130.243 -110.817 -500 0
149 1
1 13 0 0 0 0 0 0 3.53427 3.53585 0.10566 65.7596 -46.6279 -500 0
150 1
1 13 0 0 0 0 0 0 4.33194 4.33322 0.10566 1.58204 -32.9693 -500 0
151 1
1 13 0 0 0 0 0 0 4.24481 4.24613 0.10566 -16.9844 -89.0033 -500 0
152 1
1 13 0 0 0 0 0 0 3.73163 3.73312 0.10566 62.5209 -16.5923 -500 0
153 1
1 13 0 0 0 0 0 0 3.55211 3.55368 0.10566 -151.514 -6.76435 -500 0
154 1
1 13 0 0 0 0 0 0 4.39488 4.39615 0.10566 -22.5809 -73.9608 -500 0
155 1
1 13 0 0 0 0 0 0 3.73669 3.73819 0.10566 -104.723 -139.945 -500 0
156 1
1 13 0 0 0 0 0 0 4.42066 4.42193 0.10566 -181.01 -101.495 -500 0
157 1
1 13 0 0 0 0 0 0 3.16251 3.16427 0.10566 -151.193 -1.37956 -500 0
158 1
1 13 0 0 0 0 0 0 3.71018 3.71169 0.10566 105.945 -19.1801 -500 0
159 1
1 13 0 0 0 0 0 0 3.79222 3.79369 0.10566 126.854 -130.205 -500 0
160 1
1 13 0 0 0 0 0 0 3.53239 3.53397 0.10566 -52.9992 -49.5368 -500 0
161 1
1 13 0 0 0 0 0 0 4.1756 4.17694 0.10566 -4.23156 -65.3052 -500 0
162 1
1 13 0 0 0 0 0 0 3.65659 3.65812 0.10566 141.578 -33.5239 -500 0
163 1
1 13 0 0 0 0 0 0 3.31918 3.32086 0.10566 -71.0356 -9.96526 -500 0
164 1
1 13 0 0 0 0 0 0 3.19075 3.1925 0.10566 -107.592 -27.8785 -500 0
165 1
1 13 0 0 0 0 0 0 3.71925 3.72076 0.10566 193.937 -193.605 -500 0
166 1
1 13 0 0 0 0 0 0 4.6573 4.6585 0.10566 6.7238 -102.118 -500 0
167 1
1 13 0 0 0 0 0 0 4.92795 4.92909 0.10566 184.053 -63.6366 -500 0
168 1
1 13 0 0 0 0 0 0 4.72158 4.72276 0.10566 -17.6683 -133.522 -500 0
169 1
1 13 0 0 0 0 0 0 3.1183 3.12009 0.10566 -19.1016 -156.529 -500 0
170 1
1 13 0 0 0 0 0 0 3.69121 3.69273 0.10566 19.9888 -136.476 -500 0
171 1
1 13 0 0 0 0 0 0 4.78595 4.78712 0.10566 -3.98182 -148.704 -500 0
172 1
1 13 0 0 0 0 0 0 4.938 4.93913 0.10566 164.255 -154.656 -500 0
173 1
1 13 0 0 0 0 0 0 3.65566 3.65718 0.10566 -85.3192 -171.497 -500 0
174 1
1 13 0 0 0 0 0 0 3.19856 3.20031 0.10566 -123.067 -138.325 -500 0
175 1
1 13 0 0 0 0 0 0 4.74283 4.74401 0.10566 -43.5405 -42.2678 -500 0
176 1
1 13 0 0 0 0 0 0 3.40163 3.40327 0.10566 194.59 -23.4276 -500 0
177 1
1 13 0 0 0 0 0 0 3.21972 3.22146 0.10566 -58.2867 -88.8515 -500 0
178 1
1 13 0 0 0 0 0 0 4.3814 4.38267 0.10566 57.5263 -127.379 -500 0
179 1
1 13 0 0 0 0 0 0 3.15773 3.15949 0.10566 -119.672 -56.6053 -500 0
180 1
1 13 0 0 0 0 0 0 4.48871 4.48995 0.10566 107.055 -150.912 -500 0
181 1
1 13 0 0 0 0 0 0 4.33602 4.33731 0.10566 154.796 -126.63 -500 0
182 1
1 13 0 0 0 0 0 0 4.06311 4.06449 0.10566 1.13759 -137.091 -500 0
183 1
1 13 0 0 0 0 0 0 4.24508 4.2464 0.10566 -192.038 -64.729 -500 0
184 1
1 13 0 0 0 0 0 0 3.85964 3.86108 0.10566 -106.866 -2.47611 -500 0
185 1
1 13 0 0 0 0 0 0 3.61314 3.61469 0.10566 -2.14518 -50.277 -500 0
186 1
1 13 0 0 0 0 0 0 4.78369 4.78485 0.10566 -181.886 -114.488 -500 0
187 1
1 13 0 0 0 0 0 0 3.45396 3.45557 0.10566 -6.37081 -167.071 -500 0
188 1
1 13 0 0 0 0 0 0 3.17962 3.18137 0.10566 -46.2945 -195.233 -500 0
189 1
1 13 0 0 0 0 0 0 3.65947 3.66099 0.10566 12.4923 -104.663 -500 0
190 1
1 13 0 0 0 0 0 0 4.75496 4.75614 0.10566 -17.7993 -100.539 -500 0
191 1
1 13 0 0 0 0 0 0 3.79237 3.79384 0.10566 154.45 -52.786 -500 0
192 1
1 13 0 0 0 0 0 0 3.21784 3.21957 0.10566 -40.8312 -31.485 -500 0
193 1
1 13 0 0 0 0 0 0 4.6524 4.6536 0.10566 174.662 -150.882 -500 0
194 1
1 13 0 0 0 0 0 0 4.27938 4.28068 0.10566 -2.66599 -185.31 -500 0
195 1
1 13 0 0 0 0 0 0 4.56028 4.5615 0.10566 -183.155 -59.7767 -500 0
196 1
1 13 0 0 0 0 0 0 4.88105 4.88219 0.10566 80.2193 -44.6479 -500 0
197 1
1 13 0 0 0 0 0 0 3.38549 3.38713 0.10566 -197.23 -31.4033 -500 0
198 1
1 13 0 0 0 0 0 0 4.83865 4.8398 0.10566 -103.167 -161.98 -500 0
199 1
1 13 0 0 0 0 0 0 4.47017 4.47142 0.10566 -134.191 -1.93871 -500 0
200 1
1 13 0 0 0 0 0 0 4.9657 4.96682 0.10566 62.8678 -196.245 -500 0
201 1
1 13 0 0 0 0 0 0 4.51919 4.52043 0.10566 -56.973 -98.1967 -500 0
202 1
1 13 0 0 0 0 0 0 4.4778 4.47905 0.10566 27.1693 -142.189 -500 0
203 1
1 13 0 0 0 0 0 0 3.83003 3.83149 0.10566 192.422 -126.823 -500 0
204 1
1 13 0 0 0 0 0 0 4.03576 4.03714 0.10566 137.684 -6.37547 -500 0
205 1
1 13 0 0 0 0 0 0 3.51779 3.51938 0.10566 -8.67582 -112.532 -500 0
206 1
1 13 0 0 0 0 0 0 3.7588 3.76028 0.10566 -118.767 -89.8359 -500 0
207 1
1 13 0 0 0 0 0 0 3.51109 3.51268 0.10566 20.0392 -25.9044 -500 0
208 1
1 13 0 0 0 0 0 0 3.48246 3.48406 0.10566 -137.157 -156.348 -500 0
209 1
1 13 0 0 0 0 0 0 3.23256 3.23428 0.10566 99.6073 -168.342 -500 0
210 1
1 13 0 0 0 0 0 0 3.95271 3.95412 0.10566 18.1309 -24.2044 -500 0
211 1
1 13 0 0 0 0 0 0 3.03429 3.03613 0.10566 17.1928 -136.396 -500 0
212 1
1 13 0 0 0 0 0 0 4.57761 4.57883 0.10566 148.689 -52.3019 -500 0
213 1
1 13 0 0 0 0 0 0 3.18467 3.18642 0.10566 -79.4405 -72.5793 -500 0
214 1
1 13 0 0 0 0 0 0 4.14313 4.14448 0.10566 85.1241 -71.1422 -500 0
215 1
1 13 0 0 0 0 0 0 3.46095 3.46256 0.10566 188.678 -6.76811 -500 0
216 1
1 13 0 0 0 0 0 0 3.58377 3.58533 0.10566 -129.886 -137.423 -500 0
217 1
1 13 0 0 0 0 0 0 4.9693 4.97043 0.10566 27.3565 -31.1063 -500 0
218 1
1 13 0 0 0 0 0 0 3.28887 3.29056 0.10566 -16.0238 -78.4204 -500 0
219 1
1 13 0 0 0 0 0 0 3.36825 3.3699 0.10566 -62.8778 -78.7134 -500 0
220 1
1 13 0 0 0 0 0 0 4.67639 4.67759 0.10566 -125.525 -193.945 -500 0
221 1
1 13 0 0 0 0 0 0 3.61478 3.61633 0.10566 -149.886 -145.921 -500 0
222 1
1 13 0 0 0 0 0 0 4.74832 4.7495 0.10566 -51.7962 -21.1533 -500 0
223 1
1 13 0 0 0 0 0 0 3.81599 3.81745 0.10566 152.751 -70.4098 -500 0
224 1
1 13 0 0 0 0 0 0 3.47397 3.47558 0.10566 11.5229 -141.254 -500 0
225 1
1 13 0 0 0 0 0 0 3.18864 3.19039 0.10566 173.815 -175.664 -500 0
226 1
1 13 0 0 0 0 0 0 3.69936 3.70087 0.10566 -173.189 -71.5606 -500 0
227 1
1 13 0 0 0 0 0 0 4.38489 4.38617 0.10566 -66.0293 -125.151 -500 0
228 1
1 13 0 0 0 0 0 0 3.62777 3.62931 0.10566 15.4953 -180.281 -500 0
229 1
1 13 0 0 0 0 0 0 3.98103 3.98243 0.10566 -68.5057 -58.0548 -500 0
230 1
1 13 0 0 0 0 0 0 4.7634 4.76457 0.10566 -42.7998 -29.1513 -500 0
231 1
1 13 0 0 0 0 0 0 3.92755 3.92897 0.10566 10.8226 -101.338 -500 0
232 1
1 13 0 0 0 0 0 0 3.53557 3.53715 0.10566 33.231 -188.53 -500 0
233 1
1 13 0 0 0 0 0 0 4.91867 4.91981 0.10566 108.567 -191.456 -500 0
234 1
1 13 0 0 0 0 0 0 3.99687 3.99826 0.10566 -179.082 -87.6897 -500 0
235 1
1 13 0 0 0 0 0 0 4.92072 4.92186 0.10566 47.9269 -94.2743 -500 0
236 1
1 13 0 0 0 0 0 0 4.39647 4.39774 0.10566 -125.535 -89.2004 -500 0
237 1
1 13 0 0 0 0 0 0 4.33224 4.33353 0.10566 -138.908 -10.25 -500 0
238 1
1 13 0 0 0 0 0 0 3.37365 3.37531 0.10566 32.2051 -29.7951 -500 0
239 1
1 13 0 0 0 0 0 0 3.21373 3.21547 0.10566 70.3447 -40.791 -500 0
240 1
1 13 0 0 0 0 0 0 4.31529 4.31659 0.10566 -196.26 -158.746 -500 0
241 1
1 13 0 0 0 0 0 0 4.27284 4.27415 0.10566 -184.697 -64.4579 -500 0
242 1
1 13 0 0 0 0 0 0 4.35584 4.35712 0.10566 68.6737 -120.736 -500 0
243 1
1 13 0 0 0 0 0 0 4.32319 4.32448 0.10566 53.3442 -7.57515 -500 0
244 1
1 13 0 0 0 0 0 0 4.98542 4.98654 0.10566 -160.262 -186.421 -500 0
245 1
1 13 0 0 0 0 0 0 3.85203 3.85348 0.10566 178.818 -58.3348 -500 0
246 1
1 13 0 0 0 0 0 0 3.93364 3.93505 0.10566 -182.065 -50.2838 -500 0
247 1
1 13 0 0 0 0 0 0 4.35674 4.35802 0.10566 -115.631 -120.302 -500 0
248 1
1 13 0 0 0 0 0 0 4.90735 4.90849 0.10566 -188.439 -12.8467 -500 0
249 1
1 13 0 0 0 0 0 0 4.69386 4.69505 0.10566 65.1041 -26.4178 -500 0
250 1
1 13 0 0 0 0 0 0 4.30472 4.30602 0.10566 -18.878 -138.954 -500 0
251 1
1 13 0 0 0 0 0 0 3.70407 3.70558 0.10566 -88.1426 -152.791 -500 0
252 1
1 13 0 0 0 0 0 0 3.05401 3.05583 0.10566 60.825 -57.6 -500 0
253 1
1 13 0 0 0 0 0 0 4.23986 4.24118 0.10566 -149.824 -109.442 -500 0
254 1
1 13 0 0 0 0 0 0 4.84466 4.84582 0.10566 -151.662 -119.238 -500 0
255 1
1 13 0 0 0 0 0 0 3.52058 3.52217 0.10566 111.537 -66.4318 -500 0
256 1
1 13 0 0 0 0 0 0 3.05358 3.05541 0.10566 -3.46708 -16.9878 -500 0
257 1
1 13 0 0 0 0 0 0 4.40805 4.40932 0.10566 51.2803 -84.3323 -500 0
258 1
1 13 0 0 0 0 0 0 4.25831 4.25962 0.10566 92.1643 -71.7363 -500 0
259 1
1 13 0 0 0 0 0 0 3.92742 3.92884 0.10566 45.7165 -149.106 -500 0
260 1
1 13 0 0 0 0 0 0 4.61737 4.61857 0.10566 -108.407 -109.904 -500 0
261 1
1 13 0 0 0 0 0 0 4.74847 4.74965 0.10566 -118.89 -95.2578 -500 0
262 1
1 13 0 0 0 0 0 0 3.25304 3.25475 0.10566 31.7612 -147.623 -500 0
263 1
1 13 0 0 0 0 0 0 3.41554 3.41717 0.10566 21.1353 -29.7209 -500 0
264 1
1 13 0 0 0 0 0 0 4.02719 4.02857 0.10566 23.3039 -66.7703 -500 0
265 1
1 13 0 0 0 0 0 0 4.99795 4.99907 0.10566 -128.69 -176.652 -500 0
266 1
1 13 0 0 0 0 0 0 3.13685 3.13863 0.10566 49.0854 -137.103 -500 0
267 1
1 13 0 0 0 0 0 0 4.77966 4.78082 0.10566 122.591 -114.017 -500 0
268 1
1 13 0 0 0 0 0 0 4.04939 4.05077 0.10566 -18.9298 -73.8514 -500 0
269 1
1 13 0 0 0 0 0 0 4.13319 4.13454 0.10566 183.544 -18.3895 -500 0
270 1
1 13 0 0 0 0 0 0 4.4018 4.40306 0.10566 -49.1898 -63.2408 -500 0
271 1
1 13 0 0 0 0 0 0 3.39618 3.39782 0.10566 46.9603 -117.255 -500 0
272 1
1 13 0 0 0 0 0 0 4.64718 4.64838 0.10566 102.231 -59.3805 -500 0
273 1
1 13 0 0 0 0 0 0 3.72859 3.73009 0.10566 127.915 -49.6836 -500 0
274 1
1 13 0 0 0 0 0 0 3.09754 3.09934 0.10566 11.4276 -76.6504 -500 0
275 1
1 13 0 0 0 0 0 0 3.54189 3.54346 0.10566 120.337 -152.965 -500 0
276 1
1 13 0 0 0 0 0 0 4.80757 4.80873 0.10566 -96.4794 -161.733 -500 0
277 1
1 13 0 0 0 0 0 0 3.02482 3.02667 0.10566 141.366 -75.7983 -500 0
278 1
1 13 0 0 0 0 0 0 4.71172 4.71291 0.10566 -143.958 -25.4624 -500 0
279 1
1 13 0 0 0 0 0 0 4.41768 4.41894 0.10566 -162.944 -195.85 -500 0
280 1
1 13 0 0 0 0 0 0 4.56527 4.5665 0.10566 -187.967 -99.0779 -500 0
281 1
1 13 0 0 0 0 0 0 3.16324 3.16501 0.10566 109.397 -25.4845 -500 0
282 1
1 13 0 0 0 0 0 0 4.76006 4.76124 0.10566 153.41 -25.5145 -500 0
283 1
1 13 0 0 0 0 0 0 3.91744 3.91887 0.10566 160.92 -90.419 -500 0
284 1
1 13 0 0 0 0 0 0 3.11198 3.11377 0.10566 36.472 -87.2117 -500 0
285 1
1 13 0 0 0 0 0 0 4.55226 4.55349 0.10566 -81.7721 -191.829 -500 0
286 1
1 13 0 0 0 0 0 0 3.79713 3.7986 0.10566 -87.0901 -38.6567 -500 0
287 1
1 13 0 0 0 0 0 0 4.01432 4.01571 0.10566 75.2604 -101.067 -500 0
288 1
1 13 0 0 0 0 0 0 3.90909 3.91052 0.10566 -31.408 -192.15 -500 0
289 1
1 13 0 0 0 0 0 0 3.18239 3.18415 0.10566 -42.4739 -172.925 -500 0
290 1
1 13 0 0 0 0 0 0 4.9373 4.93843 0.10566 124.67 -134.807 -500 0
291 1
1 13 0 0 0 0 0 0 4.924 4.92513 0.10566 -159.888 -179.415 -500 0
292 1
1 13 0 0 0 0 0 0 3.61452 3.61606 0.10566 -66.5272 -28.4068 -500 0
293 1
1 13 0 0 0 0 0 0 4.04584 4.04722 0.10566 46.2 -3.68826 -500 0
294 1
1 13 0 0 0 0 0 0 4.59497 4.59618 0.10566 -120.476 -108.659 -500 0
295 1
1 13 0 0 0 0 0 0 4.14194 4.14329 0.10566 -114.037 -62.7133 -500 0
296 1
1 13 0 0 0 0 0 0 3.5572 3.55877 0.10566 -128.104 -120.5 -500 0
297 1
1 13 0 0 0 0 0 0 3.32572 3.3274 0.10566 121.049 -183.271 -500 0
298 1
1 13 0 0 0 0 0 0 4.27654 4.27785 0.10566 -107.657 -83.9811 -500 0
299 1
1 13 0 0 0 0 0 0 4.72859 4.72977 0.10566 173.095 -35.7214 -500 0
300 1
1 13 0 0 0 0 0 0 3.96118 3.96259 0.10566 54.5492 -163.698 -500 0
301 1
1 13 0 0 0 0 0 0 3.9384 3.93982 0.10566 -76.2894 -66.2379 -500 0
302 1
1 13 0 0 0 0 0 0 4.44468 4.44594 0.10566 29.9427 -94.4291 -500 0
303 1
1 13 0 0 0 0 0 0 4.61846 4.61967 0.10566 194.753 -135.228 -500 0
304 1
1 13 0 0 0 0 0 0 4.21279 4.21412 0.10566 103.824 -41.8064 -500 0
305 1
1 13 0 0 0 0 0 0 3.13986 3.14164 0.10566 20.1862 -198.14 -500 0
306 1
1 13 0 0 0 0 0 0 4.56926 4.57048 0.10566 75.6176 -7.28238 -500 0
307 1
1 13 0 0 0 0 0 0 4.03288 4.03427 0.10566 -57.1287 -103.533 -500 0
308 1
1 13 0 0 0 0 0 0 3.85992 3.86137 0.10566 198.522 -79.7648 -500 0
309 1
1 13 0 0 0 0 0 0 4.57001 4.57123 0.10566 188.217 -102.429 -500 0
310 1
1 13 0 0 0 0 0 0 3.18985 3.1916 0.10566 191.733 -175.824 -500 0
311 1
1 13 0 0 0 0 0 0 4.26052 4.26183 0.10566 -122.301 -157.384 -500 0
312 1
1 13 0 0 0 0 0 0 3.0292 3.03104 0.10566 -53.3316 -131.98 -500 0
313 1
1 13 0 0 0 0 0 0 4.44357 4.44483 0.10566 -52.9868 -195.793 -500 0
314 1
1 13 0 0 0 0 0 0 3.26338 3.26509 0.10566 34.7039 -53.2791 -500 0
315 1
1 13 0 0 0 0 0 0 4.72727 4.72845 0.10566 -145.202 -189.515 -500 0
316 1
1 13 0 0 0 0 0 0 3.81245 3.81391 0.10566 -103.337 -105.51 -500 0
317 1
1 13 0 0 0 0 0 0 4.74443 4.74561 0.10566 -18.1123 -185.684 -500 0
318 1
1 13 0 0 0 0 0 0 3.62812 3.62966 0.10566 -2.87075 -51.6558 -500 0
319 1
1 13 0 0 0 0 0 0 4.38957 4.39084 0.10566 193.147 -136.05 -500 0
320 1
1 13 0 0 0 0 0 0 4.60841 4.60962 0.10566 -178.613 -50.7689 -500 0
321 1
1 13 0 0 0 0 0 0 3.60695 3.6085 0.10566 -162.767 -13.0937 -500 0
322 1
1 13 0 0 0 0 0 0 4.49374 4.49498 0.10566 -159.981 -55.9407 -500 0
323 1
1 13 0 0 0 0 0 0 3.42151 3.42314 0.10566 185.239 -50.1621 -500 0
324 1
1 13 0 0 0 0 0 0 4.47924 4.48049 0.10566 4.02893 -182.541 -500 0
325 1
1 13 0 0 0 0 0 0 4.30004 4.30134 0.10566 -167.054 -54.6159 -500 0
326 1
1 13 0 0 0 0 0 0 4.06524 4.06661 0.10566 99.7223 -27.7466 -500 0
327 1
1 13 0 0 0 0 0 0 3.0694 3.07122 0.10566 -162.751 -68.9486 -500 0
328 1
1 13 0 0 0 0 0 0 4.91904 4.92017 0.10566 -5.17711 -28.0209 -500 0
329 1
1 13 0 0 0 0 0 0 3.16959 3.17135 0.10566 87.4167 -29.8163 -500 0
330 1
1 13 0 0 0 0 0 0 4.63777 4.63897 0.10566 86.5098 -118.355 -500 0
331 1
1 13 0 0 0 0 0 0 4.27317 4.27448 0.10566 9.53548 -125.592 -500 0
332 1
1 13 0 0 0 0 0 0 3.70685 3.70836 0.10566 39.2196 -180.503 -500 0
333 1
1 13 0 0 0 0 0 0 3.55271 3.55428 0.10566 -15.0027 -74.641 -500 0
334 1
1 13 0 0 0 0 0 0 3.33471 3.33638 0.10566 -83.5766 -124.195 -500 0
335 1
1 13 0 0 0 0 0 0 4.79451 4.79567 0.10566 168.072 -22.103 -500 0
336 1
1 13 0 0 0 0 0 0 3.90977 3.9112 0.10566 -22.929 -98.0822 -500 0
337 1
1 13 0 0 0 0 0 0 3.74866 3.75014 0.10566 -37.2181 -4.69928 -500 0
338 1
1 13 0 0 0 0 0 0 3.73601 3.7375 0.10566 -155.001 -151.587 -500 0
339 1
1 13 0 0 0 0 0 0 4.39076 4.39203 0.10566 185.755 -16.5302 -500 0
340 1
1 13 0 0 0 0 0 0 3.1138 3.11559 0.10566 60.7344 -16.3016 -500 0
341 1
1 13 0 0 0 0 0 0 3.12858 3.13037 0.10566 182.523 -107.498 -500 0
342 1
1 13 0 0 0 0 0 0 3.92056 3.92198 0.10566 -96.6366 -113.899 -500 0
343 1
1 13 0 0 0 0 0 0 3.58487 3.58642 0.10566 97.8256 -185.744 -500 0
344 1
1 13 0 0 0 0 0 0 3.35116 3.35282 0.10566 -26.7823 -142.057 -500 0
345 1
1 13 0 0 0 0 0 0 4.08504 4.08641 0.10566 60.548 -5.23042 -500 0
346 1
1 13 0 0 0 0 0 0 3.3735 3.37515 0.10566 -31.8228 -12.3908 -500 0
347 1
1 13 0 0 0 0 0 0 4.44259 4.44384 0.10566 -73.0091 -53.7108 -500 0
348 1
1 13 0 0 0 0 0 0 4.95469 4.95582 0.10566 -190.784 -148.498 -500 0
349 1
1 13 0 0 0 0 0 0 4.52972 4.53095 0.10566 -19.0144 -41.6762 -500 0
350 1
1 13 0 0 0 0 0 0 3.46125 3.46286 0.10566 -66.9778 -123.074 -500 0
351 1
1 13 0 0 0 0 0 0 4.39565 4.39692 0.10566 -184.345 -117.919 -500 0
352 1
1 13 0 0 0 0 0 0 4.872 4.87315 0.10566 -23.6109 -96.7792 -500 0
353 1
1 13 0 0 0 0 0 0 3.21917 3.2209 0.10566 -126.609 -102.516 -500 0
354 1
1 13 0 0 0 0 0 0 3.58477 3.58633 0.10566 44.2446 -10.8809 -500 0
355 1
1 13 0 0 0 0 0 0 3.52629 3.52787 0.10566 196.246 -157.499 -500 0
356 1
1 13 0 0 0 0 0 0 4.79443 4.7956 0.10566 -114.38 -146.102 -500 0
357 1
1 13 0 0 0 0 0 0 3.91839 3.91981 0.10566 125.938 -182.798 -500 0
358 1
1 13 0 0 0 0 0 0 4.70528 4.70646 0.10566 115.261 -34.342 -500 0
359 1
1 13 0 0 0 0 0 0 3.41114 3.41278 0.10566 -157.121 -29.6375 -500 0
360 1
1 13 0 0 0 0 0 0 3.28131 3.28301 0.10566 74.0318 -70.0755 -500 0
361 1
1 13 0 0 0 0 0 0 3.99826 3.99965 0.10566 -53.6246 -15.9272 -500 0
362 1
1 13 0 0 0 0 0 0 3.415 3.41663 0.10566 50.4208 -129.812 -500 0
363 1
1 13 0 0 0 0 0 0 4.62885 4.63006 0.10566 15.2867 -5.36947 -500 0
364 1
1 13 0 0 0 0 0 0 4.3387 4.33999 0.10566 186.892 -177.282 -500 0
365 1
1 13 0 0 0 0 0 0 3.88318 3.88462 0.10566 -190.081 -140.619 -500 0
366 1
1 13 0 0 0 0 0 0 3.643 3.64453 0.10566 69.3898 -107.592 -500 0
367 1
1 13 0 0 0 0 0 0 4.9796 4.98072 0.10566 -5.05523 -177.394 -500 0
368 1
1 13 0 0 0 0 0 0 3.04586 3.04769 0.10566 73.3021 -124.295 -500 0
369 1
1 13 0 0 0 0 0 0 3.98325 3.98465 0.10566 96.0891 -184.861 -500 0
370 1
1 13 0 0 0 0 0 0 4.60488 4.60609 0.10566 -76.8006 -199.188 -500 0
371 1
1 13 0 0 0 0 0 0 3.23252 3.23425 0.10566 77.4854 -164.144 -500 0
372 1
1 13 0 0 0 0 0 0 3.18331 3.18506 0.10566 -59.2551 -52.2873 -500 0
373 1
1 13 0 0 0 0 0 0 4.02557 4.02696 0.10566 87.7923 -35.1099 -500 0
374 1
1 13 0 0 0 0 0 0 3.00219 3.00405 0.10566 123.582 -132.019 -500 0
375 1
1 13 0 0 0 0 0 0 4.19923 4.20056 0.10566 -23.2372 -110.543 -500 0
376 1
1 13 0 0 0 0 0 0 3.52525 3.52683 0.10566 -32.9264 -144.945 -500 0
377 1
1 13 0 0 0 0 0 0 3.84734 3.84879 0.10566 161.432 -74.1503 -500 0
378 1
1 13 0 0 0 0 0 0 4.12543 4.12678 0.10566 162.013 -44.8803 -500 0
379 1
1 13 0 0 0 0 0 0 3.42889 3.43051 0.10566 17.4531 -62.7462 -500 0
380 1
1 13 0 0 0 0 0 0 3.00595 3.00781 0.10566 -124.883 -66.8528 -500 0
381 1
1 13 0 0 0 0 0 0 4.49557 4.49681 0.10566 13.8528 -54.012 -500 0
382 1
1 13 0 0 0 0 0 0 4.18978 4.19111 0.10566 -15.1759 -30.3381 -500 0
383 1
1 13 0 0 0 0 0 0 3.12515 3.12693 0.10566 96.1597 -88.9054 -500 0
384 1
1 13 0 0 0 0 0 0 3.21831 3.22004 0.10566 -22.8025 -43.911 -500 0
385 1
1 13 0 0 0 0 0 0 4.99526 4.99637 0.10566 -96.1161 -145.62 -500 0
386 1
1 13 0 0 0 0 0 0 3.86661 3.86805 0.10566 100 -10.2505 -500 0
387 1
1 13 0 0 0 0 0 0 4.84847 4.84962 0.10566 -54.3664 -110.682 -500 0
388 1
1 13 0 0 0 0 0 0 3.96791 3.96931 0.10566 40.6573 -129.792 -500 0
389 1
1 13 0 0 0 0 0 0 3.44392 3.44554 0.10566 156.374 -29.5725 -500 0
390 1
1 13 0 0 0 0 0 0 3.05227 3.0541 0.10566 -128.319 -44.687 -500 0
391 1
1 13 0 0 0 0 0 0 4.54955 4.55078 0.10566 -8.44561 -177.526 -500 0
392 1
1 13 0 0 0 0 0 0 4.1508 4.15214 0.10566 -65.4944 -96.2886 -500 0
393 1
1 13 0 0 0 0 0 0 3.123 3.12479 0.10566 -120.218 -162.197 -500 0
394 1
1 13 0 0 0 0 0 0 3.70183 3.70334 0.10566 -114.933 -175.805 -500 0
395 1
1 13 0 0 0 0 0 0 3.28165 3.28336 0.10566 13.9934 -85.9815 -500 0
396 1
1 13 0 0 0 0 0 0 3.89652 3.89795 0.10566 -169.498 -103.323 -500 0
397 1
1 13 0 0 0 0 0 0 4.75626 4.75743 0.10566 171.117 -167.031 -500 0
398 1
1 13 0 0 0 0 0 0 3.61676 3.6183 0.10566 14.336 -130.863 -500 0
399 1
1 13 0 0 0 0 0 0 4.58144 4.58266 0.10566 -106.897 -44.0551 -500 0
400 1
1 13 0 0 0 0 0 0 4.92654 4.92768 0.10566 76.6276 -164.132 -500 0
401 1
1 13 0 0 0 0 0 0 3.62472 3.62626 0.10566 42.2175 -132.435 -500 0
402 1
1 13 0 0 0 0 0 0 3.70015 3.70166 0.10566 -131.959 -48.1739 -500 0
403 1
1 13 0 0 0 0 0 0 4.53268 4.53392 0.10566 190.637 -173.608 -500 0
404 1
1 13 0 0 0 0 0 0 3.27401 3.27572 0.10566 154.159 -134.282 -500 0
405 1
1 13 0 0 0 0 0 0 3.64665 3.64818 0.10566 119.106 -44.6322 -500 0
406 1
1 13 0 0 0 0 0 0 3.10314 3.10494 0.10566 129.477 -83.0418 -500 0
407 1
1 13 0 0 0 0 0 0 3.03645 3.03828 0.10566 -172.923 -87.0113 -500 0
408 1
1 13 0 0 0 0 0 0 3.01398 3.01583 0.10566 65.326 -104.021 -500 0
409 1
1 13 0 0 0 0 0 0 4.79454 4.7957 0.10566 -137.009 -179.983 -500 0
410 1
1 13 0 0 0 0 0 0 3.03344 3.03528 0.10566 -30.5524 -44.1556 -500 0
411 1
1 13 0 0 0 0 0 0 3.32929 3.33097 0.10566 7.00992 -194.521 -500 0
412 1
1 13 0 0 0 0 0 0 3.11816 3.11995 0.10566 60.3681 -156.322 -500 0
413 1
1 13 0 0 0 0 0 0 3.80197 3.80344 0.10566 -138.638 -186.598 -500 0
414 1
1 13 0 0 0 0 0 0 4.84304 4.8442 0.10566 -118.066 -116.838 -500 0
415 1
1 13 0 0 0 0 0 0 3.16258 3.16434 0.10566 30.7508 -185.036 -500 0
416 1
1 13 0 0 0 0 0 0 4.21391 4.21523 0.10566 -148.269 -112.505 -500 0
417 1
1 13 0 0 0 0 0 0 4.0569 4.05828 0.10566 189.66 -140.641 -500 0
418 1
1 13 0 0 0 0 0 0 4.27092 4.27223 0.10566 -125.56 -6.1846 -500 0
419 1
1 13 0 0 0 0 0 0 3.48721 3.48881 0.10566 128.865 -180.311 -500 0
420 1
1 13 0 0 0 0 0 0 4.99636 4.99748 0.10566 -41.671 -67.2046 -500 0
421 1
1 13 0 0 0 0 0 0 4.09215 4.09352 0.10566 -144.615 -40.4123 -500 0
422 1
1 13 0 0 0 0 0 0 3.08989 3.0917 0.10566 128.095 -125.586 -500 0
423 1
1 13 0 0 0 0 0 0 4.19215 4.19348 0.10566 100.136 -96.1134 -500 0
424 1
1 13 0 0 0 0 0 0 3.70881 3.71031 0.10566 28.3597 -140.798 -500 0
425 1
1 13 0 0 0 0 0 0 4.86666 4.86781 0.10566 -162.009 -101.632 -500 0
426 1
1 13 0 0 0 0 0 0 3.63456 3.6361 0.10566 187.626 -176.011 -500 0
427 1
1 13 0 0 0 0 0 0 4.09293 4.09429 0.10566 128.808 -120.986 -500 0
428 1
1 13 0 0 0 0 0 0 3.47843 3.48003 0.10566 107.045 -93.1221 -500 0
429 1
1 13 0 0 0 0 0 0 3.34745 3.34911 0.10566 -156.62 -97.1174 -500 0
430 1
1 13 0 0 0 0 0 0 3.95164 3.95305 0.10566 29.5789 -12.2139 -500 0
431 1
1 13 0 0 0 0 0 0 4.49014 4.49138 0.10566 138.229 -30.7966 -500 0
432 1
1 13 0 0 0 0 0 0 3.6844 3.68591 0.10566 -133.196 -30.2684 -500 0
433 1
1 13 0 0 0 0 0 0 4.96564 4.96676 0.10566 -181.762 -45.9442 -500 0
434 1
1 13 0 0 0 0 0 0 3.46783 3.46944 0.10566 93.8517 -63.4528 -500 0
435 1
1 13 0 0 0 0 0 0 3.93042 3.93184 0.10566 -116.831 -180.423 -500 0
436 1
1 13 0 0 0 0 0 0 4.94816 4.94929 0.10566 79.4019 -119.513 -500 0
437 1
1 13 0 0 0 0 0 0 4.02716 4.02855 0.10566 87.2814 -81.8883 -500 0
438 1
1 13 0 0 0 0 0 0 4.03751 4.03889 0.10566 -161.752 -176.693 -500 0
439 1
1 13 0 0 0 0 0 0 4.43705 4.43831 0.10566 86.2625 -128.06 -500 0
440 1
1 13 0 0 0 0 0 0 3.12825 3.13003 0.10566 -23.0437 -96.6292 -500 0
441 1
1 13 0 0 0 0 0 0 3.04235 3.04418 0.10566 69.2859 -139.325 -500 0
442 1
1 13 0 0 0 0 0 0 4.65912 4.66032 0.10566 193.37 -105.607 -500 0
443 1
1 13 0 0 0 0 0 0 3.98723 3.98863 0.10566 -5.54194 -11.0849 -500 0
444 1
1 13 0 0 0 0 0 0 4.41359 4.41485 0.10566 143.04 -174.19 -500 0
445 1
1 13 0 0 0 0 0 0 4.88235 4.88349 0.10566 -100.829 -10.5496 -500 0
446 1
1 13 0 0 0 0 0 0 4.02437 4.02575 0.10566 -163.773 -106.333 -500 0
447 1
1 13 0 0 0 0 0 0 3.2196 3.22133 0.10566 -169.655 -113.898 -500 0
448 1
1 13 0 0 0 0 0 0 4.58801 4.58922 0.10566 -123.228 -151.433 -500 0
449 1
1 13 0 0 0 0 0 0 4.59285 4.59407 0.10566 -0.0310505 -21.8227 -500 0
450 1
1 13 0 0 0 0 0 0 4.74318 4.74435 0.10566 48.6283 -68.7209 -500 0
451 1
1 13 0 0 0 0 0 0 3.72334 3.72483 0.10566 -23.5295 -87.1594 -500 0
452 1
1 13 0 0 0 0 0 0 4.00468 4.00607 0.10566 186.347 -132.985 -500 0
453 1
1 13 0 0 0 0 0 0 4.56452 4.56574 0.10566 62.6195 -146.032 -500 0
454 1
1 13 0 0 0 0 0 0 3.11243 3.11422 0.10566 -118.12 -44.0279 -500 0
455 1
1 13 0 0 0 0 0 0 3.13884 3.14061 0.10566 -85.7368 -146.052 -500 0
456 1
1 13 0 0 0 0 0 0 3.33752 3.3392 0.10566 113.17 -5.21069 -500 0
457 1
1 13 0 0 0 0 0 0 4.55355 4.55478 0.10566 -143.33 -31.2742 -500 0
458 1
1 13 0 0 0 0 0 0 4.37957 4.38085 0.10566 -198.845 -132.166 -500 0
459 1
1 13 0 0 0 0 0 0 4.63796 4.63916 0.10566 -191.932 -165.649 -500 0
460 1
1 13 0 0 0 0 0 0 3.97763 3.97903 0.10566 86.3551 -20.7248 -500 0
461 1
1 13 0 0 0 0 0 0 4.83395 4.8351 0.10566 73.6144 -157.842 -500 0
462 1
1 13 0 0 0 0 0 0 3.75233 3.75381 0.10566 46.8365 -173.866 -500 0
463 1
1 13 0 0 0 0 0 0 4.39156 4.39283 0.10566 -160.341 -87.2809 -500 0
464 1
1 13 0 0 0 0 0 0 3.54763 3.54921 0.10566 -106.876 -120.808 -500 0
465 1
1 13 0 0 0 0 0 0 4.35588 4.35716 0.10566 22.2744 -64.6528 -500 0
466 1
1 13 0 0 0 0 0 0 4.16178 4.16313 0.10566 48.9919 -192.23 -500 0
467 1
1 13 0 0 0 0 0 0 3.83825 3.83971 0.10566 116.382 -83.1178 -500 0
468 1
1 13 0 0 0 0 0 0 4.77134 4.77251 0.10566 -155.806 -166.066 -500 0
469 1
1 13 0 0 0 0 0 0 4.89324 4.89438 0.10566 167.241 -181.996 -500 0
470 1
1 13 0 0 0 0 0 0 3.53972 3.54129 0.10566 -193.957 -9.32641 -500 0
471 1
1 13 0 0 0 0 0 0 4.70172 4.70291 0.10566 -73.1598 -158.181 -500 0
472 1
1 13 0 0 0 0 0 0 4.96865 4.96977 0.10566 -112.085 -88.7499 -500 0
473 1
1 13 0 0 0 0 0 0 3.12997 3.13176 0.10566 165.165 -119.625 -500 0
474 1
1 13 0 0 0 0 0 0 3.91432 3.91575 0.10566 48.059 -152.476 -500 0
475 1
1 13 0 0 0 0 0 0 3.79995 3.80141 0.10566 18.49 -178.26 -500 0
476 1
1 13 0 0 0 0 0 0 4.25923 4.26054 0.10566 -188.432 -137.387 -500 0
477 1
1 13 0 0 0 0 0 0 4.99031 4.99143 0.10566 -129.112 -193.627 -500 0
478 1
1 13 0 0 0 0 0 0 3.73146 3.73296 0.10566 -174.504 -90.5854 -500 0
479 1
1 13 0 0 0 0 0 0 3.089 3.09081 0.10566 177.018 -67.9338 -500 0
480 1
1 13 0 0 0 0 0 0 4.31233 4.31362 0.10566 20.232 -78.663 -500 0
481 1
1 13 0 0 0 0 0 0 4.2109 4.21223 0.10566 8.09597 -171.729 -500 0
482 1
1 13 0 0 0 0 0 0 3.64454 3.64607 0.10566 129.593 -185.009 -500 0
483 1
1 13 0 0 0 0 0 0 4.67996 4.68115 0.10566 160.726 -83.0164 -500 0
484 1
1 13 0 0 0 0 0 0 3.70513 3.70664 0.10566 40.0948 -8.2252 -500 0
485 1
1 13 0 0 0 0 0 0 3.49716 3.49876 0.10566 14.5831 -179.636 -500 0
486 1
1 13 0 0 0 0 0 0 4.86899 4.87013 0.10566 40.1695 -32.0751 -500 0
487 1
1 13 0 0 0 0 0 0 4.73017 4.73135 0.10566 -164.416 -29.9624 -500 0
488 1
1 13 0 0 0 0 0 0 3.69328 3.69479 0.10566 -124.519 -160.016 -500 0
489 1
1 13 0 0 0 0 0 0 3.96269 3.9641 0.10566 -41.3021 -9.41525 -500 0
490 1
1 13 0 0 0 0 0 0 3.33162 3.3333 0.10566 -119.386 -55.7526 -500 0
491 1
1 13 0 0 0 0 0 0 4.23281 4.23413 0.10566 -197.334 -131.527 -500 0
492 1
1 13 0 0 0 0 0 0 4.71912 4.7203 0.10566 57.6935 -198.024 -500 0
493 1
1 13 0 0 0 0 0 0 3.81085 3.81232 0.10566 94.1818 -109.001 -500 0
494 1
1 13 0 0 0 0 0 0 3.79587 3.79734 0.10566 -0.117169 -22.7192 -500 0
495 1
1 13 0 0 0 0 0 0 4.27748 4.27878 0.10566 -66.6499 -170.206 -500 0
496 1
1 13 0 0 0 0 0 0 4.60314 4.60435 0.10566 -108.317 -16.8347 -500 0
497 1
1 13 0 0 0 0 0 0 4.08576 4.08713 0.10566 112.688 -111.821 -500 0
498 1
1 13 0 0 0 0 0 0 4.52456 4.5258 0.10566 -53.5942 -142.417 -500 0
499 1
1 13 0 0 0 0 0 0 4.83424 4.8354 0.10566 -172.283 -156.874 -500 0
500 1
1 13 0 0 0 0 0 0 4.0663 4.06767 0.10566 53.1374 -88.5106 -500 0
501 1
1 13 0 0 0 0 0 0 3.1239 3.12569 0.10566 -140.38 -189.477 -500 0
502 1
1 13 0 0 0 0 0 0 4.91736 4.9185 0.10566 -85.9156 -20.6102 -500 0
503 1
1 13 0 0 0 0 0 0 4.34513 4.34641 0.10566 -10.3453 -85.0951 -500 0
504 1
1 13 0 0 0 0 0 0 4.07777 4.07914 0.10566 187.979 -4.66608 -500 0
505 1
1 13 0 0 0 0 0 0 3.70656 3.70806 0.10566 29.6954 -181.454 -500 0
506 1
1 13 0 0 0 0 0 0 3.53702 3.5386 0.10566 -105.128 -108.918 -500 0
507 1
1 13 0 0 0 0 0 0 3.17561 3.17737 0.10566 74.7589 -132.573 -500 0
508 1
1 13 0 0 0 0 0 0 4.81385 4.815 0.10566 -100.818 -146.154 -500 0
509 1
1 13 0 0 0 0 0 0 3.31446 3.31615 0.10566 132.091 -126.183 -500 0
510 1
1 13 0 0 0 0 0 0 3.81196 3.81343 0.10566 150.319 -72.9012 -500 0
511 1
1 13 0 0 0 0 0 0 3.47487 3.47648 0.10566 154.528 -152.498 -500 0
512 1
1 13 0 0 0 0 0 0 3.73731 3.7388 0.10566 -133.285 -197.195 -500 0
513 1
1 13 0 0 0 0 0 0 4.5601 4.56133 0.10566 67.7742 -175.628 -500 0
514 1
1 13 0 0 0 0 0 0 3.15569 3.15746 0.10566 -155.53 -70.1168 -500 0
515 1
1 13 0 0 0 0 0 0 4.70317 4.70436 0.10566 86.3366 -25.0627 -500 0
516 1
1 13 0 0 0 0 0 0 3.1219 3.12369 0.10566 169.37 -170.236 -500 0
517 1
1 13 0 0 0 0 0 0 3.10996 3.11176 0.10566 45.7702 -81.1811 -500 0
518 1
1 13 0 0 0 0 0 0 3.36138 3.36304 0.10566 -105.4 -39.3387 -500 0
519 1
1 13 0 0 0 0 0 0 4.97715 4.97827 0.10566 -39.4778 -156.161 -500 0
520 1
1 13 0 0 0 0 0 0 4.10103 4.10239 0.10566 -38.2361 -101.766 -500 0
521 1
1 13 0 0 0 0 0 0 3.70501 3.70652 0.10566 -132.021 -139.103 -500 0
522 1
1 13 0 0 0 0 0 0 3.47508 3.47668 0.10566 54.1748 -140.153 -500 0
523 1
1 13 0 0 0 0 0 0 3.04082 3.04266 0.10566 136.05 -146.383 -500 0
524 1
1 13 0 0 0 0 0 0 3.47825 3.47985 0.10566 96.4443 -5.1506 -500 0
525 1
1 13 0 0 0 0 0 0 3.58708 3.58863 0.10566 149.889 -21.0028 -500 0
526 1
1 13 0 0 0 0 0 0 3.22423 3.22596 0.10566 -29.9064 -56.9958 -500 0
527 1
1 13 0 0 0 0 0 0 4.47454 4.47579 0.10566 -164.921 -15.2366 -500 0
528 1
1 13 0 0 0 0 0 0 4.99118 4.9923 0.10566 -70.108 -91.4916 -500 0
529 1
1 13 0 0 0 0 0 0 3.15347 3.15524 0.10566 126.581 -86.2603 -500 0
530 1
1 13 0 0 0 0 0 0 3.04259 3.04443 0.10566 172.031 -42.5454 -500 0
531 1
1 13 0 0 0 0 0 0 4.42967 4.43093 0.10566 -113.892 -188.2 -500 0
532 1
1 13 0 0 0 0 0 0 3.76715 3.76863 0.10566 64.8302 -138.205 -500 0
533 1
1 13 0 0 0 0 0 0 3.08985 3.09166 0.10566 -190.139 -82.2531 -500 0
534 1
1 13 0 0 0 0 0 0 4.41864 4.4199 0.10566 176.685 -146.834 -500 0
535 1
1 13 0 0 0 0 0 0 4.0269 4.02829 0.10566 125.131 -96.3892 -500 0
536 1
1 13 0 0 0 0 0 0 4.61063 4.61184 0.10566 0.0933722 -195.016 -500 0
537 1
1 13 0 0 0 0 0 0 3.42291 3.42454 0.10566 14.5423 -141.253 -500 0
538 1
1 13 0 0 0 0 0 0 4.18766 4.18899 0.10566 -40.3658 -81.5599 -500 0
539 1
1 13 0 0 0 0 0 0 4.6859 4.68709 0.10566 -113.387 -80.696 -500 0
540 1
1 13 0 0 0 0 0 0 3.01274 3.01459 0.10566 166.056 -67.8994 -500 0
541 1
1 13 0 0 0 0 0 0 4.53755 4.53878 0.10566 144.737 -95.9242 -500 0
542 1
1 13 0 0 0 0 0 0 4.11685 4.1182 0.10566 -99.6591 -55.9492 -500 0
543 1
1 13 0 0 0 0 0 0 3.47651 3.47812 0.10566 -49.2589 -60.8712 -500 0
544 1
1 13 0 0 0 0 0 0 3.88802 3.88945 0.10566 127.762 -192.626 -500 0
545 1
1 13 0 0 0 0 0 0 3.82589 3.82735 0.10566 40.5457 -88.7096 -500 0
546 1
1 13 0 0 0 0 0 0 4.07545 4.07682 0.10566 -87.4854 -9.75768 -500 0
547 1
1 13 0 0 0 0 0 0 3.84579 3.84724 0.10566 26.7084 -116.544 -500 0
548 1
1 13 0 0 0 0 0 0 3.70491 3.70641 0.10566 187.359 -38.3279 -500 0
549 1
1 13 0 0 0 0 0 0 4.9912 4.99232 0.10566 154.11 -115.223 -500 0
550 1
1 13 0 0 0 0 0 0 4.73648 4.73766 0.10566 -135.806 -156.344 -500 0
551 1
1 13 0 0 0 0 0 0 4.48335 4.48459 0.10566 195.57 -65.5081 -500 0
552 1
1 13 0 0 0 0 0 0 3.32458 3.32625 0.10566 110.443 -82.4291 -500 0
553 1
1 13 0 0 0 0 0 0 4.84808 4.84923 0.10566 112.407 -96.8158 -500 0
554 1
1 13 0 0 0 0 0 0 3.36146 3.36312 0.10566 -92.1156 -164.913 -500 0
555 1
1 13 0 0 0 0 0 0 4.87306 4.8742 0.10566 147.791 -44.0876 -500 0
556 1
1 13 0 0 0 0 0 0 4.97226 4.97338 0.10566 7.78123 -47.7754 -500 0
557 1
1 13 0 0 0 0 0 0 4.35412 4.3554 0.10566 -8.26748 -1.04874 -500 0
558 1
1 13 0 0 0 0 0 0 3.69057 3.69209 0.10566 -46.4212 -185.949 -500 0
559 1
1 13 0 0 0 0 0 0 3.01147 3.01332 0.10566 144.179 -176.049 -500 0
560 1
1 13 0 0 0 0 0 0 4.85709 4.85824 0.10566 133.091 -57.9108 -500 0
561 1
1 13 0 0 0 0 0 0 4.21704 4.21836 0.10566 129.446 -63.7674 -500 0
562 1
1 13 0 0 0 0 0 0 3.48685 3.48845 0.10566 79.4327 -147.38 -500 0
563 1
1 13 0 0 0 0 0 0 3.8603 3.86175 0.10566 33.1341 -58.7838 -500 0
564 1
1 13 0 0 0 0 0 0 3.28568 3.28738 0.10566 -13.0349 -74.2302 -500 0
565 1
1 13 0 0 0 0 0 0 3.39465 3.39629 0.10566 123.623 -165.527 -500 0
566 1
1 13 0 0 0 0 0 0 4.69098 4.69217 0.10566 -149.95 -108.41 -500 0
567 1
1 13 0 0 0 0 0 0 3.8603 3.86174 0.10566 8.31707 -114.009 -500 0
568 1
1 13 0 0 0 0 0 0 4.9738 4.97492 0.10566 169.708 -103.788 -500 0
569 1
1 13 0 0 0 0 0 0 4.41404 4.41531 0.10566 -148.911 -110.142 -500 0
570 1
1 13 0 0 0 0 0 0 3.53897 3.54055 0.10566 82.4865 -62.9086 -500 0
571 1
1 13 0 0 0 0 0 0 3.30884 3.31053 0.10566 60.3875 -166.105 -500 0
572 1
1 13 0 0 0 0 0 0 4.86669 4.86784 0.10566 98.1183 -177.785 -500 0
573 1
1 13 0 0 0 0 0 0 3.49601 3.4976 0.10566 -148.269 -82.8158 -500 0
574 1
1 13 0 0 0 0 0 0 3.03406 3.03589 0.10566 -134.366 -77.5884 -500 0
575 1
1 13 0 0 0 0 0 0 4.45817 4.45942 0.10566 51.4478 -156.64 -500 0
576 1
1 13 0 0 0 0 0 0 3.7444 3.74589 0.10566 -199.428 -126.141 -500 0
577 1
1 13 0 0 0 0 0 0 3.53044 3.53202 0.10566 -1.69499 -56.7123 -500 0
578 1
1 13 0 0 0 0 0 0 4.73024 4.73142 0.10566 -30.7342 -71.7569 -500 0
579 1
1 13 0 0 0 0 0 0 3.04356 3.04539 0.10566 58.2299 -126.818 -500 0
580 1
1 13 0 0 0 0 0 0 3.59004 3.5916 0.10566 21.2067 -35.6127 -500 0
581 1
1 13 0 0 0 0 0 0 4.025 4.02639 0.10566 25.5376 -173.924 -500 0
582 1
1 13 0 0 0 0 0 0 3.55495 3.55652 0.10566 119.624 -111.345 -500 0
583 1
1 13 0 0 0 0 0 0 3.07147 3.07329 0.10566 -93.4104 -107.985 -500 0
584 1
1 13 0 0 0 0 0 0 4.14547 4.14682 0.10566 -176.179 -194.523 -500 0
585 1
1 13 0 0 0 0 0 0 3.55511 3.55668 0.10566 -47.3217 -32.8627 -500 0
586 1
1 13 0 0 0 0 0 0 4.1562 4.15755 0.10566 -59.2477 -49.8947 -500 0
587 1
1 13 0 0 0 0 0 0 4.87569 4.87683 0.10566 -172.506 -168.9 -500 0
588 1
1 13 0 0 0 0 0 0 4.51541 4.51665 0.10566 -42.4029 -46.5221 -500 0
589 1
1 13 0 0 0 0 0 0 4.64518 4.64638 0.10566 18.2821 -147.78 -500 0
590 1
1 13 0 0 0 0 0 0 3.82774 3.8292 0.10566 195.954 -52.2747 -500 0
591 1
1 13 0 0 0 0 0 0 4.7881 4.78927 0.10566 -13.931 -46.2157 -500 0
592 1
1 13 0 0 0 0 0 0 4.27668 4.27799 0.10566 -109.223 -165.173 -500 0
593 1
1 13 0 0 0 0 0 0 3.90777 3.9092 0.10566 -144.885 -24.5624 -500 0
594 1
1 13 0 0 0 0 0 0 3.38718 3.38883 0.10566 -41.321 -61.1783 -500 0
595 1
1 13 0 0 0 0 0 0 3.77885 3.78033 0.10566 99.3868 -79.6663 -500 0
596 1
1 13 0 0 0 0 0 0 3.20141 3.20315 0.10566 119.26 -122.96 -500 0
597 1
1 13 0 0 0 0 0 0 3.12227 3.12406 0.10566 55.3998 -25.1086 -500 0
598 1
1 13 0 0 0 0 0 0 3.56304 3.5646 0.10566 66.5882 -61.91 -500 0
599 1
1 13 0 0 0 0 0 0 3.54053 3.5421 0.10566 -47.9992 -90.429 -500 0
600 1
1 13 0 0 0 0 0 0 3.42785 3.42947 0.10566 -184.927 -4.87071 -500 0
601 1
1 13 0 0 0 0 0 0 4.24177 4.24309 0.10566 -27.564 -128.942 -500 0
602 1
1 13 0 0 0 0 0 0 4.30796 4.30926 0.10566 -39.3429 -63.1147 -500 0
603 1
1 13 0 0 0 0 0 0 4.20037 4.20169 0.10566 131.819 -158.823 -500 0
604 1
1 13 0 0 0 0 0 0 3.52869 3.53027 0.10566 -38.6896 -65.5368 -500 0
605 1
1 13 0 0 0 0 0 0 3.00002 3.00188 0.10566 -149.726 -11.6319 -500 0
606 1
1 13 0 0 0 0 0 0 4.69575 4.69694 0.10566 -87.0442 -49.2927 -500 0
607 1
1 13 0 0 0 0 0 0 4.28496 4.28627 0.10566 -38.8604 -122.452 -500 0
608 1
1 13 0 0 0 0 0 0 3.19322 3.19496 0.10566 76.9253 -113.473 -500 0
609 1
1 13 0 0 0 0 0 0 3.43492 3.43655 0.10566 54.5724 -165.927 -500 0
610 1
1 13 0 0 0 0 0 0 3.82762 3.82908 0.10566 49.7611 -196.95 -500 0
611 1
1 13 0 0 0 0 0 0 4.43321 4.43446 0.10566 -59.8411 -174.22 -500 0
612 1
1 13 0 0 0 0 0 0 4.87208 4.87322 0.10566 -49.084 -92.0277 -500 0
613 1
1 13 0 0 0 0 0 0 3.38173 3.38338 0.10566 119.795 -157.326 -500 0
614 1
1 13 0 0 0 0 0 0 4.73 4.73118 0.10566 -193.078 -94.6013 -500 0
615 1
1 13 0 0 0 0 0 0 4.86921 4.87035 0.10566 114.752 -102.493 -500 0
616 1
1 13 0 0 0 0 0 0 3.9454 3.94682 0.10566 -133.124 -74.8314 -500 0
617 1
1 13 0 0 0 0 0 0 3.15569 3.15745 0.10566 -96.4778 -136.771 -500 0
618 1
1 13 0 0 0 0 0 0 4.65441 4.65561 0.10566 -184.276 -102.327 -500 0
619 1
1 13 0 0 0 0 0 0 4.51345 4.51469 0.10566 7.93116 -94.6776 -500 0
620 1
1 13 0 0 0 0 0 0 4.1799 4.18123 0.10566 -95.914 -28.5183 -500 0
621 1
1 13 0 0 0 0 0 0 3.00541 3.00727 0.10566 139.815 -90.8359 -500 0
622 1
1 13 0 0 0 0 0 0 3.9849 3.9863 0.10566 124.331 -192.698 -500 0
623 1
1 13 0 0 0 0 0 0 4.40847 4.40974 0.10566 -84.5276 -127.932 -500 0
624 1
1 13 0 0 0 0 0 0 4.2534 4.25472 0.10566 20.6142 -59.4774 -500 0
625 1
1 13 0 0 0 0 0 0 4.04682 4.0482 0.10566 176.505 -14.4348 -500 0
626 1
1 13 0 0 0 0 0 0 4.67953 4.68072 0.10566 73.8055 -109.165 -500 0
627 1
1 13 0 0 0 0 0 0 3.85637 3.85782 0.10566 162.876 -15.6645 -500 0
628 1
1 13 0 0 0 0 0 0 4.67186 4.67305 0.10566 108.894 -157.998 -500 0
629 1
1 13 0 0 0 0 0 0 3.73689 3.73838 0.10566 -31.5793 -13.4902 -500 0
630 1
1 13 0 0 0 0 0 0 4.10233 4.10369 0.10566 84.051 -71.1137 -500 0
631 1
1 13 0 0 0 0 0 0 4.90061 4.90175 0.10566 16.0402 -105.143 -500 0
632 1
1 13 0 0 0 0 0 0 3.42829 3.42991 0.10566 -38.5379 -5.20285 -500 0
633 1
1 13 0 0 0 0 0 0 4.61685 4.61806 0.10566 -64.2922 -109.062 -500 0
634 1
1 13 0 0 0 0 0 0 4.61437 4.61558 0.10566 -24.2699 -132.918 -500 0
635 1
1 13 0 0 0 0 0 0 3.35692 3.35858 0.10566 126.304 -93.4764 -500 0
636 1
1 13 0 0 0 0 0 0 4.76035 4.76152 0.10566 -93.586 -45.6287 -500 0
637 1
1 13 0 0 0 0 0 0 4.99497 4.99608 0.10566 48.5542 -108.855 -500 0
638 1
1 13 0 0 0 0 0 0 4.97905 4.98017 0.10566 -82.2034 -173.734 -500 0
639 1
1 13 0 0 0 0 0 0 4.9862 4.98731 0.10566 173.143 -49.7806 -500 0
640 1
1 13 0 0 0 0 0 0 4.29884 4.30014 0.10566 104.196 -86.4128 -500 0
641 1
1 13 0 0 0 0 0 0 4.64619 4.64739 0.10566 195.659 -130.36 -500 0
642 1
1 13 0 0 0 0 0 0 4.8838 4.88494 0.10566 -20.6729 -172.109 -500 0
643 1
1 13 0 0 0 0 0 0 3.20193 3.20368 0.10566 -155.372 -144.89 -500 0
644 1
1 13 0 0 0 0 0 0 3.69131 3.69282 0.10566 81.4143 -135.007 -500 0
645 1
1 13 0 0 0 0 0 0 3.27372 3.27543 0.10566 108.098 -131.891 -500 0
646 1
1 13 0 0 0 0 0 0 3.03148 3.03332 0.10566 134.172 -22.1125 -500 0
647 1
1 13 0 0 0 0 0 0 3.88633 3.88777 0.10566 81.8753 -121.596 -500 0
648 1
1 13 0 0 0 0 0 0 4.51117 4.5124 0.10566 91.6198 -199.414 -500 0
649 1
1 13 0 0 0 0 0 0 3.28862 3.29031 0.10566 -130.372 -76.5669 -500 0
650 1
1 13 0 0 0 0 0 0 4.94305 4.94418 0.10566 13.0549 -93.3143 -500 0
651 1
1 13 0 0 0 0 0 0 4.25477 4.25609 0.10566 83.7142 -165.518 -500 0
652 1
1 13 0 0 0 0 0 0 4.75533 4.7565 0.10566 -62.5424 -17.9241 -500 0
653 1
1 13 0 0 0 0 0 0 4.29253 4.29383 0.10566 -8.10945 -161.956 -500 0
654 1
1 13 0 0 0 0 0 0 4.84188 4.84303 0.10566 178.424 -180.317 -500 0
655 1
1 13 0 0 0 0 0 0 3.10752 3.10932 0.10566 -48.9204 -1.32506 -500 0
656 1
1 13 0 0 0 0 0 0 3.34823 3.3499 0.10566 -142.995 -45.5824 -500 0
657 1
1 13 0 0 0 0 0 0 4.14498 4.14633 0.10566 -100.84 -115.901 -500 0
658 1
1 13 0 0 0 0 0 0 3.11811 3.1199 0.10566 -91.7893 -22.7658 -500 0
659 1
1 13 0 0 0 0 0 0 3.10973 3.11153 0.10566 -131.111 -130.384 -500 0
660 1
1 13 0 0 0 0 0 0 4.64365 4.64485 0.10566 82.287 -140.503 -500 0
661 1
1 13 0 0 0 0 0 0 4.22592 4.22724 0.10566 72.6876 -24.1524 -500 0
662 1
1 13 0 0 0 0 0 0 3.82372 3.82518 0.10566 107.7 -177.341 -500 0
663 1
1 13 0 0 0 0 0 0 4.9586 4.95973 0.10566 -40.1473 -2.97392 -500 0
664 1
1 13 0 0 0 0 0 0 3.3277 3.32938 0.10566 192.428 -42.3016 -500 0
665 1
1 13 0 0 0 0 0 0 4.06189 4.06327 0.10566 -114.661 -162.414 -500 0
666 1
1 13 0 0 0 0 0 0 3.70768 3.70919 0.10566 54.6031 -26.4106 -500 0
667 1
1 13 0 0 0 0 0 0 3.66998 3.6715 0.10566 -68.9116 -42.9726 -500 0
668 1
1 13 0 0 0 0 0 0 4.09644 4.0978 0.10566 -180.341 -116.443 -500 0
669 1
1 13 0 0 0 0 0 0 3.00538 3.00723 0.10566 -142.484 -181.478 -500 0
670 1
1 13 0 0 0 0 0 0 3.00306 3.00492 0.10566 109.006 -128.211 -500 0
671 1
1 13 0 0 0 0 0 0 4.12653 4.12788 0.10566 100.108 -28.7898 -500 0
672 1
1 13 0 0 0 0 0 0 3.43792 3.43955 0.10566 -122.936 -2.08343 -500 0
673 1
1 13 0 0 0 0 0 0 3.51793 3.51951 0.10566 139.451 -86.7534 -500 0
674 1
1 13 0 0 0 0 0 0 4.91957 4.92071 0.10566 -57.66 -21.7989 -500 0
675 1
1 13 0 0 0 0 0 0 3.4122 3.41384 0.10566 -3.96905 -170.922 -500 0
676 1
1 13 0 0 0 0 0 0 4.01221 4.0136 0.10566 183.171 -187.49 -500 0
677 1
1 13 0 0 0 0 0 0 3.3508 3.35246 0.10566 -19.3691 -171.253 -500 0
678 1
1 13 0 0 0 0 0 0 3.7766 3.77808 0.10566 146.689 -83.7141 -500 0
679 1
1 13 0 0 0 0 0 0 3.27749 3.2792 0.10566 -159.262 -9.44547 -500 0
680 1
1 13 0 0 0 0 0 0 4.33474 4.33603 0.10566 73.4697 -135.18 -500 0
681 1
1 13 0 0 0 0 0 0 3.16593 3.16769 0.10566 -181.778 -15.6334 -500 0
682 1
1 13 0 0 0 0 0 0 4.80452 4.80568 0.10566 51.7968 -112.22 -500 0
683 1
1 13 0 0 0 0 0 0 3.87316 3.8746 0.10566 -56.9749 -24.814 -500 0
684 1
1 13 0 0 0 0 0 0 4.33889 4.34018 0.10566 66.817 -13.5556 -500 0
685 1
1 13 0 0 0 0 0 0 4.18279 4.18413 0.10566 -151.069 -81.7102 -500 0
686 1
1 13 0 0 0 0 0 0 4.54098 4.54221 0.10566 -178.613 -156.386 -500 0
687 1
1 13 0 0 0 0 0 0 3.98392 3.98532 0.10566 -174.243 -67.8835 -500 0
688 1
1 13 0 0 0 0 0 0 3.78178 3.78326 0.10566 -47.9504 -44.3828 -500 0
689 1
1 13 0 0 0 0 0 0 3.29049 3.29219 0.10566 -69.9347 -13.4916 -500 0
690 1
1 13 0 0 0 0 0 0 3.79184 3.79331 0.10566 29.9634 -34.6392 -500 0
691 1
1 13 0 0 0 0 0 0 4.17464 4.17598 0.10566 196.916 -134.906 -500 0
692 1
1 13 0 0 0 0 0 0 3.75756 3.75905 0.10566 -100.047 -28.5837 -500 0
693 1
1 13 0 0 0 0 0 0 3.6686 3.67012 0.10566 -90.025 -34.6425 -500 0
694 1
1 13 0 0 0 0 0 0 4.28968 4.29098 0.10566 122.3 -39.3295 -500 0
695 1
1 13 0 0 0 0 0 0 3.2593 3.26101 0.10566 0.00353623 -56.7097 -500 0
696 1
1 13 0 0 0 0 0 0 3.38411 3.38575 0.10566 29.5385 -1.58339 -500 0
697 1
1 13 0 0 0 0 0 0 3.66017 3.6617 0.10566 -64.1918 -89.3062 -500 0
698 1
1 13 0 0 0 0 0 0 4.83683 4.83799 0.10566 -6.91322 -169.01 -500 0
699 1
1 13 0 0 0 0 0 0 3.32196 3.32364 0.10566 -167.873 -69.2326 -500 0
700 1
1 13 0 0 0 0 0 0 4.05778 4.05915 0.10566 138.428 -17.8112 -500 0
701 1
1 13 0 0 0 0 0 0 3.96494 3.96635 0.10566 39.441 -14.557 -500 0
702 1
1 13 0 0 0 0 0 0 3.25137 3.25308 0.10566 195.028 -13.0239 -500 0
703 1
1 13 0 0 0 0 0 0 3.16746 3.16922 0.10566 -50.6486 -49.1348 -500 0
704 1
1 13 0 0 0 0 0 0 4.11452 4.11588 0.10566 -27.4431 -72.7386 -500 0
705 1
1 13 0 0 0 0 0 0 4.86194 4.86309 0.10566 -116.763 -181.199 -500 0
706 1
1 13 0 0 0 0 0 0 3.28982 3.29151 0.10566 -28.358 -130.981 -500 0
707 1
1 13 0 0 0 0 0 0 4.77507 4.77624 0.10566 162.666 -12.4148 -500 0
708 1
1 13 0 0 0 0 0 0 3.82255 3.82401 0.10566 82.8759 -62.7424 -500 0
709 1
1 13 0 0 0 0 0 0 3.99012 3.99151 0.10566 -134.933 -143.513 -500 0
710 1
1 13 0 0 0 0 0 0 4.97417 4.97529 0.10566 28.483 -58.0624 -500 0
711 1
1 13 0 0 0 0 0 0 4.79917 4.80033 0.10566 29.1047 -151.925 -500 0
712 1
1 13 0 0 0 0 0 0 4.89758 4.89872 0.10566 0.800403 -147.657 -500 0
713 1
1 13 0 0 0 0 0 0 4.28802 4.28932 0.10566 137.577 -87.9126 -500 0
714 1
1 13 0 0 0 0 0 0 4.3654 4.36667 0.10566 -100.481 -19.3359 -500 0
715 1
1 13 0 0 0 0 0 0 4.18583 4.18716 0.10566 96.6544 -67.6354 -500 0
716 1
1 13 0 0 0 0 0 0 4.46472 4.46597 0.10566 -42.2128 -18.0969 -500 0
717 1
1 13 0 0 0 0 0 0 4.72356 4.72474 0.10566 -64.72 -38.324 -500 0
718 1
1 13 0 0 0 0 0 0 3.51631 3.51789 0.10566 -38.2385 -5.58125 -500 0
719 1
1 13 0 0 0 0 0 0 4.11886 4.12021 0.10566 52.2821 -182.21 -500 0
720 1
1 13 0 0 0 0 0 0 4.96532 4.96645 0.10566 -48.2542 -153.303 -500 0
721 1
1 13 0 0 0 0 0 0 3.93817 3.93959 0.10566 -130.407 -189.318 -500 0
722 1
1 13 0 0 0 0 0 0 3.1806 3.18235 0.10566 192.146 -86.0255 -500 0
723 1
1 13 0 0 0 0 0 0 3.07187 3.07369 0.10566 177.599 -72.9338 -500 0
724 1
1 13 0 0 0 0 0 0 3.83898 3.84044 0.10566 -144.876 -194.781 -500 0
725 1
1 13 0 0 0 0 0 0 4.84724 4.84839 0.10566 40.4562 -131.055 -500 0
726 1
1 13 0 0 0 0 0 0 3.17164 3.1734 0.10566 124.742 -10.2884 -500 0
727 1
1 13 0 0 0 0 0 0 3.45422 3.45584 0.10566 -160.32 -169.251 -500 0
728 1
1 13 0 0 0 0 0 0 3.75376 3.75524 0.10566 81.3594 -52.6296 -500 0
729 1
1 13 0 0 0 0 0 0 4.1381 4.13945 0.10566 157.18 -150.129 -500 0
730 1
1 13 0 0 0 0 0 0 4.39256 4.39383 0.10566 32.206 -140.969 -500 0
731 1
1 13 0 0 0 0 0 0 4.75159 4.75277 0.10566 -34.5977 -174.519 -500 0
732 1
1 13 0 0 0 0 0 0 3.64239 3.64392 0.10566 15.2486 -69.5311 -500 0
733 1
1 13 0 0 0 0 0 0 3.7109 3.7124 0.10566 16.1584 -197.625 -500 0
734 1
1 13 0 0 0 0 0 0 3.17138 3.17314 0.10566 -154.577 -7.4203 -500 0
735 1
1 13 0 0 0 0 0 0 3.69711 3.69862 0.10566 -95.3662 -150.129 -500 0
736 1
1 13 0 0 0 0 0 0 4.29565 4.29695 0.10566 112.144 -190.899 -500 0
737 1
1 13 0 0 0 0 0 0 4.64803 4.64923 0.10566 99.1933 -185.325 -500 0
738 1
1 13 0 0 0 0 0 0 3.81221 3.81367 0.10566 -137.38 -11.8743 -500 0
739 1
1 13 0 0 0 0 0 0 4.65686 4.65805 0.10566 86.9952 -121.973 -500 0
740 1
1 13 0 0 0 0 0 0 3.84875 3.8502 0.10566 6.15133 -103.156 -500 0
741 1
1 13 0 0 0 0 0 0 3.69679 3.6983 0.10566 163.215 -171.547 -500 0
742 1
1 13 0 0 0 0 0 0 3.62827 3.62981 0.10566 -47.5664 -194.57 -500 0
743 1
1 13 0 0 0 0 0 0 3.63886 3.64039 0.10566 68.438 -38.0433 -500 0
744 1
1 13 0 0 0 0 0 0 3.69011 3.69162 0.10566 135.274 -10.9474 -500 0
745 1
1 13 0 0 0 0 0 0 3.63133 3.63287 0.10566 103.735 -174.231 -500 0
746 1
1 13 0 0 0 0 0 0 3.42008 3.42171 0.10566 -31.0718 -86.6742 -500 0
747 1
1 13 0 0 0 0 0 0 3.58336 3.58491 0.10566 167.405 -30.4055 -500 0
748 1
1 13 0 0 0 0 0 0 4.37868 4.37996 0.10566 -4.21725 -122.13 -500 0
749 1
1 13 0 0 0 0 0 0 4.8168 4.81796 0.10566 -181.189 -67.4991 -500 0
750 1
1 13 0 0 0 0 0 0 3.61727 3.61882 0.10566 19.058 -163.162 -500 0
751 1
1 13 0 0 0 0 0 0 3.91052 3.91194 0.10566 116.885 -36.5038 -500 0
752 1
1 13 0 0 0 0 0 0 4.68119 4.68238 0.10566 -17.3266 -157.451 -500 0
753 1
1 13 0 0 0 0 0 0 3.38469 3.38634 0.10566 -72.0654 -45.7448 -500 0
754 1
1 13 0 0 0 0 0 0 3.26257 3.26428 0.10566 -100.256 -104.134 -500 0
755 1
1 13 0 0 0 0 0 0 3.69317 3.69469 0.10566 -94.4448 -164.46 -500 0
756 1
1 13 0 0 0 0 0 0 3.45161 3.45323 0.10566 10.7791 -37.9486 -500 0
757 1
1 13 0 0 0 0 0 0 3.39458 3.39623 0.10566 -9.26584 -17.762 -500 0
758 1
1 13 0 0 0 0 0 0 4.77928 4.78045 0.10566 -105.272 -80.2298 -500 0
759 1
1 13 0 0 0 0 0 0 4.01963 4.02102 0.10566 -63.1424 -18.5971 -500 0
760 1
1 13 0 0 0 0 0 0 3.9178 3.91922 0.10566 106.873 -140.983 -500 0
761 1
1 13 0 0 0 0 0 0 4.33498 4.33626 0.10566 -185.431 -158.596 -500 0
762 1
1 13 0 0 0 0 0 0 4.77148 4.77265 0.10566 -9.03757 -42.7099 -500 0
763 1
1 13 0 0 0 0 0 0 4.51388 4.51511 0.10566 -22.1729 -8.14919 -500 0
764 1
1 13 0 0 0 0 0 0 4.84522 4.84637 0.10566 50.3476 -147.242 -500 0
765 1
1 13 0 0 0 0 0 0 3.96998 3.97139 0.10566 -167.834 -187.49 -500 0
766 1
1 13 0 0 0 0 0 0 3.45543 3.45705 0.10566 -35.9886 -150.493 -500 0
767 1
1 13 0 0 0 0 0 0 3.97616 3.97757 0.10566 -31.6945 -136.516 -500 0
768 1
1 13 0 0 0 0 0 0 3.05849 3.06032 0.10566 -92.5416 -116.464 -500 0
769 1
1 13 0 0 0 0 0 0 3.57236 3.57392 0.10566 41.718 -128.065 -500 0
770 1
1 13 0 0 0 0 0 0 3.2215 3.22323 0.10566 158.527 -133.273 -500 0
771 1
1 13 0 0 0 0 0 0 3.32117 3.32285 0.10566 176.362 -26.6808 -500 0
772 1
1 13 0 0 0 0 0 0 3.04907 3.0509 0.10566 -50.5894 -32.5914 -500 0
773 1
1 13 0 0 0 0 0 0 3.21572 3.21745 0.10566 128.372 -29.301 -500 0
774 1
1 13 0 0 0 0 0 0 3.70111 3.70262 0.10566 -50.3884 -161.178 -500 0
775 1
1 13 0 0 0 0 0 0 3.01398 3.01583 0.10566 50.3142 -107.727 -500 0
776 1
1 13 0 0 0 0 0 0 4.57483 4.57605 0.10566 -150.412 -0.874464 -500 0
777 1
1 13 0 0 0 0 0 0 3.31919 3.32087 0.10566 -82.8338 -140.994 -500 0
778 1
1 13 0 0 0 0 0 0 3.34736 3.34903 0.10566 90.1779 -167.211 -500 0
779 1
1 13 0 0 0 0 0 0 4.18982 4.19115 0.10566 166.206 -182.908 -500 0
780 1
1 13 0 0 0 0 0 0 3.04732 3.04915 0.10566 120.137 -86.2459 -500 0
781 1
1 13 0 0 0 0 0 0 4.28447 4.28577 0.10566 40.7517 -25.5475 -500 0
782 1
1 13 0 0 0 0 0 0 4.71641 4.71759 0.10566 -96.9246 -89.1963 -500 0
783 1
1 13 0 0 0 0 0 0 3.11279 3.11458 0.10566 -25.7452 -15.6602 -500 0
784 1
1 13 0 0 0 0 0 0 3.84015 3.84161 0.10566 -80.0707 -153.66 -500 0
785 1
1 13 0 0 0 0 0 0 3.43801 3.43964 0.10566 109.147 -163.929 -500 0
786 1
1 13 0 0 0 0 0 0 3.17381 3.17557 0.10566 -198.861 -45.2119 -500 0
787 1
1 13 0 0 0 0 0 0 4.65017 4.65137 0.10566 90.6278 -40.0984 -500 0
788 1
1 13 0 0 0 0 0 0 3.41543 3.41706 0.10566 -150.644 -186.932 -500 0
789 1
1 13 0 0 0 0 0 0 3.59527 3.59682 0.10566 22.0401 -45.4544 -500 0
790 1
1 13 0 0 0 0 0 0 3.24045 3.24218 0.10566 70.2497 -29.9857 -500 0
791 1
1 13 0 0 0 0 0 0 3.58312 3.58467 0.10566 195.885 -33.6092 -500 0
792 1
1 13 0 0 0 0 0 0 3.8068 3.80827 0.10566 -85.8122 -37.6567 -500 0
793 1
1 13 0 0 0 0 0 0 4.10798 4.10934 0.10566 -24.5134 -47.4875 -500 0
794 1
1 13 0 0 0 0 0 0 4.45234 4.45359 0.10566 -176.679 -175.655 -500 0
795 1
1 13 0 0 0 0 0 0 4.60292 4.60413 0.10566 127.036 -49.5744 -500 0
796 1
1 13 0 0 0 0 0 0 4.33562 4.3369 0.10566 193.405 -150.519 -500 0
797 1
1 13 0 0 0 0 0 0 4.95609 4.95721 0.10566 161.034 -46.7615 -500 0
798 1
1 13 0 0 0 0 0 0 3.65679 3.65832 0.10566 -39.7026 -113.468 -500 0
799 1
1 13 0 0 0 0 0 0 4.44363 4.44489 0.10566 145.621 -28.0527 -500 0
800 1
1 13 0 0 0 0 0 0 3.13219 3.13398 0.10566 -110.941 -192.759 -500 0
801 1
1 13 0 0 0 0 0 0 4.51307 4.51431 0.10566 -172.301 -42.2242 -500 0
802 1
1 13 0 0 0 0 0 0 3.31701 3.3187 0.10566 68.9336 -180.537 -500 0
803 1
1 13 0 0 0 0 0 0 3.01316 3.01502 0.10566 69.3737 -153.583 -500 0
804 1
1 13 0 0 0 0 0 0 3.94763 3.94904 0.10566 -106.724 -68.6586 -500 0
805 1
1 13 0 0 0 0 0 0 4.11756 4.11892 0.10566 -178.091 -166.019 -500 0
806 1
1 13 0 0 0 0 0 0 4.23693 4.23825 0.10566 66.2435 -133.485 -500 0
807 1
1 13 0 0 0 0 0 0 4.53417 4.5354 0.10566 197.052 -41.1025 -500 0
808 1
1 13 0 0 0 0 0 0 3.1709 3.17266 0.10566 -184.586 -39.2177 -500 0
809 1
1 13 0 0 0 0 0 0 4.09449 4.09585 0.10566 -120.888 -192.458 -500 0
810 1
1 13 0 0 0 0 0 0 3.76744 3.76893 0.10566 78.7557 -187.735 -500 0
811 1
1 13 0 0 0 0 0 0 3.76102 3.76251 0.10566 43.8418 -53.7243 -500 0
812 1
1 13 0 0 0 0 0 0 4.58748 4.58869 0.10566 -168.925 -64.2621 -500 0
813 1
1 13 0 0 0 0 0 0 4.09077 4.09213 0.10566 -44.998 -146.677 -500 0
814 1
1 13 0 0 0 0 0 0 4.53668 4.53791 0.10566 -176.173 -26.5227 -500 0
815 1
1 13 0 0 0 0 0 0 3.43825 3.43988 0.10566 52.1477 -161.118 -500 0
816 1
1 13 0 0 0 0 0 0 4.51344 4.51467 0.10566 -108.821 -37.5542 -500 0
817 1
1 13 0 0 0 0 0 0 4.11433 4.11568 0.10566 -70.2395 -68.8322 -500 0
818 1
1 13 0 0 0 0 0 0 3.73325 3.73475 0.10566 23.2171 -198.193 -500 0
819 1
1 13 0 0 0 0 0 0 4.14542 4.14677 0.10566 193.203 -152.529 -500 0
820 1
1 13 0 0 0 0 0 0 4.66551 4.6667 0.10566 -150.937 -138.795 -500 0
821 1
1 13 0 0 0 0 0 0 3.28083 3.28253 0.10566 104.973 -79.0224 -500 0
822 1
1 13 0 0 0 0 0 0 3.69564 3.69715 0.10566 110.325 -145.413 -500 0
823 1
1 13 0 0 0 0 0 0 4.23847 4.23979 0.10566 23.0672 -186.505 -500 0
824 1
1 13 0 0 0 0 0 0 4.20913 4.21045 0.10566 -122.919 -38.9545 -500 0
825 1
1 13 0 0 0 0 0 0 3.64221 3.64375 0.10566 -6.21457 -124.029 -500 0
826 1
1 13 0 0 0 0 0 0 3.28485 3.28655 0.10566 68.8259 -102.256 -500 0
827 1
1 13 0 0 0 0 0 0 4.66749 4.66868 0.10566 59.0791 -92.1374 -500 0
828 1
1 13 0 0 0 0 0 0 4.76367 4.76484 0.10566 -157.466 -135.212 -500 0
829 1
1 13 0 0 0 0 0 0 3.27086 3.27256 0.10566 -67.6165 -180.791 -500 0
830 1
1 13 0 0 0 0 0 0 3.256 3.25771 0.10566 -19.2462 -21.4785 -500 0
831 1
1 13 0 0 0 0 0 0 4.91314 4.91427 0.10566 -59.4599 -192.786 -500 0
832 1
1 13 0 0 0 0 0 0 4.70683 4.70802 0.10566 -94.989 -45.2875 -500 0
833 1
1 13 0 0 0 0 0 0 4.16733 4.16867 0.10566 -54.5483 -129.976 -500 0
834 1
1 13 0 0 0 0 0 0 4.90264 4.90377 0.10566 -72.9768 -120.807 -500 0
835 1
1 13 0 0 0 0 0 0 3.94166 3.94308 0.10566 -166.988 -164.467 -500 0
836 1
1 13 0 0 0 0 0 0 3.97533 3.97673 0.10566 -60.5844 -92.9272 -500 0
837 1
1 13 0 0 0 0 0 0 4.92194 4.92307 0.10566 -39.507 -21.2525 -500 0
838 1
1 13 0 0 0 0 0 0 4.81145 4.81261 0.10566 -58.4901 -77.9853 -500 0
839 1
1 13 0 0 0 0 0 0 4.31514 4.31644 0.10566 -107.378 -92.5965 -500 0
840 1
1 13 0 0 0 0 0 0 3.32955 3.33123 0.10566 19.8187 -194.464 -500 0
841 1
1 13 0 0 0 0 0 0 4.69044 4.69163 0.10566 -139.465 -10.9648 -500 0
842 1
1 13 0 0 0 0 0 0 4.7109 4.71209 0.10566 -80.3712 -148.834 -500 0
843 1
1 13 0 0 0 0 0 0 4.82711 4.82826 0.10566 -23.1638 -26.6818 -500 0
844 1
1 13 0 0 0 0 0 0 3.36727 3.36893 0.10566 -61.8152 -141.539 -500 0
845 1
1 13 0 0 0 0 0 0 3.63811 3.63964 0.10566 -55.8815 -126.455 -500 0
846 1
1 13 0 0 0 0 0 0 3.81639 3.81785 0.10566 83.6527 -198.906 -500 0
847 1
1 13 0 0 0 0 0 0 3.0342 3.03604 0.10566 188.061 -163.338 -500 0
848 1
1 13 0 0 0 0 0 0 4.80673 4.80789 0.10566 28.3066 -117.9 -500 0
849 1
1 13 0 0 0 0 0 0 3.04914 3.05097 0.10566 106.053 -102.687 -500 0
850 1
1 13 0 0 0 0 0 0 4.67753 4.67872 0.10566 75.1185 -58.9125 -500 0
851 1
1 13 0 0 0 0 0 0 4.4628 4.46405 0.10566 -187.729 -191.686 -500 0
852 1
1 13 0 0 0 0 0 0 3.1079 3.10969 0.10566 -122.498 -38.249 -500 0
853 1
1 13 0 0 0 0 0 0 4.39951 4.40078 0.10566 97.6557 -167.022 -500 0
854 1
1 13 0 0 0 0 0 0 3.77455 3.77603 0.10566 112.713 -157.843 -500 0
855 1
1 13 0 0 0 0 0 0 4.7939 4.79506 0.10566 -189.511 -147.532 -500 0
856 1
1 13 0 0 0 0 0 0 3.01572 3.01757 0.10566 143.487 -40.2875 -500 0
857 1
1 13 0 0 0 0 0 0 3.64597 3.6475 0.10566 25.7616 -177.999 -500 0
858 1
1 13 0 0 0 0 0 0 3.84019 3.84164 0.10566 -169.135 -9.40512 -500 0
859 1
1 13 0 0 0 0 0 0 4.16923 4.17057 0.10566 122.39 -93.6726 -500 0
860 1
1 13 0 0 0 0 0 0 4.50097 4.50221 0.10566 -68.1666 -70.6041 -500 0
861 1
1 13 0 0 0 0 0 0 3.07865 3.08047 0.10566 -50.2632 -51.7198 -500 0
862 1
1 13 0 0 0 0 0 0 3.2596 3.26131 0.10566 -86.7996 -17.0154 -500 0
863 1
1 13 0 0 0 0 0 0 3.72836 3.72986 0.10566 178.552 -69.562 -500 0
864 1
1 13 0 0 0 0 0 0 3.64077 3.6423 0.10566 1.71049 -9.92704 -500 0
865 1
1 13 0 0 0 0 0 0 3.51516 3.51675 0.10566 126.358 -38.2308 -500 0
866 1
1 13 0 0 0 0 0 0 3.39146 3.3931 0.10566 -93.0681 -118.536 -500 0
867 1
1 13 0 0 0 0 0 0 4.35959 4.36087 0.10566 190.193 -43.4044 -500 0
868 1
1 13 0 0 0 0 0 0 4.108 4.10936 0.10566 96.7816 -29.9819 -500 0
869 1
1 13 0 0 0 0 0 0 3.74409 3.74558 0.10566 152.878 -194.629 -500 0
870 1
1 13 0 0 0 0 0 0 4.6586 4.65979 0.10566 47.3787 -14.1456 -500 0
871 1
1 13 0 0 0 0 0 0 4.82904 4.8302 0.10566 -195.097 -10.086 -500 0
872 1
1 13 0 0 0 0 0 0 4.66028 4.66148 0.10566 96.6572 -147.829 -500 0
873 1
1 13 0 0 0 0 0 0 4.49433 4.49557 0.10566 -187.005 -199.77 -500 0
874 1
1 13 0 0 0 0 0 0 3.3583 3.35996 0.10566 -24.9151 -119.804 -500 0
875 1
1 13 0 0 0 0 0 0 3.7977 3.79917 0.10566 -45.1144 -17.044 -500 0
876 1
1 13 0 0 0 0 0 0 3.11264 3.11443 0.10566 130.413 -39.0017 -500 0
877 1
1 13 0 0 0 0 0 0 4.80731 4.80847 0.10566 198.423 -120.368 -500 0
878 1
1 13 0 0 0 0 0 0 3.68838 3.68989 0.10566 -135.056 -150.09 -500 0
879 1
1 13 0 0 0 0 0 0 3.61451 3.61606 0.10566 109.496 -182.488 -500 0
880 1
1 13 0 0 0 0 0 0 3.41726 3.4189 0.10566 129.845 -149.728 -500 0
881 1
1 13 0 0 0 0 0 0 4.35791 4.35919 0.10566 -45.3171 -99.9379 -500 0
882 1
1 13 0 0 0 0 0 0 4.82542 4.82658 0.10566 -81.5419 -26.9807 -500 0
883 1
1 13 0 0 0 0 0 0 3.6066 3.60815 0.10566 -56.5146 -120.436 -500 0
884 1
1 13 0 0 0 0 0 0 4.11473 4.11608 0.10566 -127.882 -113.344 -500 0
885 1
1 13 0 0 0 0 0 0 4.20594 4.20727 0.10566 -92.718 -192.821 -500 0
886 1
1 13 0 0 0 0 0 0 3.93335 3.93477 0.10566 178.208 -106.772 -500 0
887 1
1 13 0 0 0 0 0 0 3.11819 3.11998 0.10566 108.813 -31.1278 -500 0
888 1
1 13 0 0 0 0 0 0 3.9409 3.94232 0.10566 -183.004 -3.29829 -500 0
889 1
1 13 0 0 0 0 0 0 3.71924 3.72074 0.10566 -122.013 -11.2302 -500 0
890 1
1 13 0 0 0 0 0 0 3.37122 3.37287 0.10566 -184.836 -10.9998 -500 0
891 1
1 13 0 0 0 0 0 0 3.86852 3.86996 0.10566 -6.13944 -102.448 -500 0
892 1
1 13 0 0 0 0 0 0 4.48322 4.48446 0.10566 -72.7277 -171.389 -500 0
893 1
1 13 0 0 0 0 0 0 4.69231 4.6935 0.10566 -68.6715 -174.48 -500 0
894 1
1 13 0 0 0 0 0 0 4.44664 4.4479 0.10566 -6.86485 -161.865 -500 0
895 1
1 13 0 0 0 0 0 0 4.78945 4.79062 0.10566 -1.74751 -26.2649 -500 0
896 1
1 13 0 0 0 0 0 0 3.56585 3.56742 0.10566 -49.5772 -127.067 -500 0
897 1
1 13 0 0 0 0 0 0 3.82029 3.82175 0.10566 -41.1685 -180.084 -500 0
898 1
1 13 0 0 0 0 0 0 3.39657 3.39822 0.10566 15.8748 -147.067 -500 0
899 1
1 13 0 0 0 0 0 0 4.8872 4.88834 0.10566 -101.857 -115.426 -500 0
900 1
1 13 0 0 0 0 0 0 3.32856 3.33024 0.10566 160.587 -9.99221 -500 0
901 1
1 13 0 0 0 0 0 0 3.28551 3.28721 0.10566 -123.42 -144.288 -500 0
902 1
1 13 0 0 0 0 0 0 3.07924 3.08105 0.10566 177.966 -156.943 -500 0
903 1
1 13 0 0 0 0 0 0 3.79407 3.79554 0.10566 43.6155 -48.3608 -500 0
904 1
1 13 0 0 0 0 0 0 3.09165 3.09346 0.10566 -102.567 -81.016 -500 0
905 1
1 13 0 0 0 0 0 0 4.81001 4.81117 0.10566 164.753 -105.953 -500 0
906 1
1 13 0 0 0 0 0 0 4.08398 4.08535 0.10566 -193.266 -80.0204 -500 0
907 1
1 13 0 0 0 0 0 0 3.12521 3.127 0.10566 -157.94 -96.9906 -500 0
908 1
1 13 0 0 0 0 0 0 4.70551 4.7067 0.10566 -23.0661 -111.837 -500 0
909 1
1 13 0 0 0 0 0 0 4.51374 4.51498 0.10566 -27.779 -161.808 -500 0
910 1
1 13 0 0 0 0 0 0 3.25916 3.26087 0.10566 -52.1192 -36.0824 -500 0
911 1
1 13 0 0 0 0 0 0 3.37953 3.38118 0.10566 33.1856 -70.9373 -500 0
912 1
1 13 0 0 0 0 0 0 4.067 4.06837 0.10566 103.498 -58.2937 -500 0
913 1
1 13 0 0 0 0 0 0 3.2107 3.21243 0.10566 182.138 -149.013 -500 0
914 1
1 13 0 0 0 0 0 0 3.55479 3.55636 0.10566 124.464 -91.8347 -500 0
915 1
1 13 0 0 0 0 0 0 4.61105 4.61226 0.10566 -147.756 -105.302 -500 0
916 1
1 13 0 0 0 0 0 0 3.41711 3.41874 0.10566 -147.468 -174.093 -500 0
917 1
1 13 0 0 0 0 0 0 4.12733 4.12868 0.10566 -91.9654 -76.79 -500 0
918 1
1 13 0 0 0 0 0 0 4.55338 4.55461 0.10566 68.7718 -9.09032 -500 0
919 1
1 13 0 0 0 0 0 0 4.46343 4.46468 0.10566 120.333 -59.6952 -500 0
920 1
1 13 0 0 0 0 0 0 4.61118 4.61239 0.10566 -8.97455 -137.508 -500 0
921 1
1 13 0 0 0 0 0 0 3.35544 3.35711 0.10566 134.416 -193.903 -500 0
922 1
1 13 0 0 0 0 0 0 3.21514 3.21688 0.10566 -19.8988 -10.1332 -500 0
923 1
1 13 0 0 0 0 0 0 3.09642 3.09822 0.10566 -152.833 -101.364 -500 0
924 1
1 13 0 0 0 0 0 0 3.02462 3.02647 0.10566 -119.986 -184.442 -500 0
925 1
1 13 0 0 0 0 0 0 3.55503 3.5566 0.10566 -106.982 -40.7633 -500 0
926 1
1 13 0 0 0 0 0 0 4.14962 4.15097 0.10566 187.225 -5.57628 -500 0
927 1
1 13 0 0 0 0 0 0 4.46828 4.46953 0.10566 -180.523 -151.322 -500 0
928 1
1 13 0 0 0 0 0 0 4.0899 4.09127 0.10566 -108.276 -82.3533 -500 0
929 1
1 13 0 0 0 0 0 0 4.7789 4.78006 0.10566 14.7628 -97.7238 -500 0
930 1
1 13 0 0 0 0 0 0 4.7557 4.75688 0.10566 -196.096 -122.788 -500 0
931 1
1 13 0 0 0 0 0 0 4.00782 4.00921 0.10566 -14.4054 -161.223 -500 0
932 1
1 13 0 0 0 0 0 0 4.2097 4.21102 0.10566 -2.81785 -119.115 -500 0
933 1
1 13 0 0 0 0 0 0 4.40484 4.40611 0.10566 69.0018 -139.468 -500 0
934 1
1 13 0 0 0 0 0 0 4.86697 4.86811 0.10566 104.907 -199.288 -500 0
935 1
1 13 0 0 0 0 0 0 4.60261 4.60383 0.10566 19.3831 -11.315 -500 0
936 1
1 13 0 0 0 0 0 0 3.56939 3.57096 0.10566 26.9839 -133.477 -500 0
937 1
1 13 0 0 0 0 0 0 4.8432 4.84435 0.10566 -9.42339 -91.622 -500 0
938 1
1 13 0 0 0 0 0 0 4.44911 4.45037 0.10566 -12.0748 -182.038 -500 0
939 1
1 13 0 0 0 0 0 0 4.34793 4.34921 0.10566 96.1569 -72.2676 -500 0
940 1
1 13 0 0 0 0 0 0 4.68836 4.68955 0.10566 -40.9778 -116.935 -500 0
941 1
1 13 0 0 0 0 0 0 4.59139 4.59261 0.10566 98.0977 -159.396 -500 0
942 1
1 13 0 0 0 0 0 0 3.6432 3.64474 0.10566 166.138 -17.6848 -500 0
943 1
1 13 0 0 0 0 0 0 4.59351 4.59473 0.10566 -40.0925 -60.3079 -500 0
944 1
1 13 0 0 0 0 0 0 4.2084 4.20973 0.10566 66.7417 -114.089 -500 0
945 1
1 13 0 0 0 0 0 0 3.01815 3.02 0.10566 174.871 -88.6224 -500 0
946 1
1 13 0 0 0 0 0 0 4.782 4.78317 0.10566 185.352 -193.153 -500 0
947 1
1 13 0 0 0 0 0 0 4.43584 4.43709 0.10566 173.643 -113.096 -500 0
948 1
1 13 0 0 0 0 0 0 3.79886 3.80033 0.10566 85.9253 -22.8413 -500 0
949 1
1 13 0 0 0 0 0 0 4.37096 4.37224 0.10566 194.332 -70.281 -500 0
950 1
1 13 0 0 0 0 0 0 4.75946 4.76063 0.10566 107.769 -115.649 -500 0
951 1
1 13 0 0 0 0 0 0 4.19288 4.19422 0.10566 86.2254 -72.6305 -500 0
952 1
1 13 0 0 0 0 0 0 3.58423 3.58579 0.10566 -41.8578 -24.7262 -500 0
953 1
1 13 0 0 0 0 0 0 3.2659 3.26761 0.10566 -124.942 -20.6176 -500 0
954 1
1 13 0 0 0 0 0 0 4.22764 4.22896 0.10566 41.9345 -171.343 -500 0
955 1
1 13 0 0 0 0 0 0 3.04777 3.04961 0.10566 -19.6009 -66.3677 -500 0
956 1
1 13 0 0 0 0 0 0 3.72088 3.72238 0.10566 88.9163 -81.3705 -500 0
957 1
1 13 0 0 0 0 0 0 4.68587 4.68706 0.10566 -152.832 -101.221 -500 0
958 1
1 13 0 0 0 0 0 0 3.91459 3.91602 0.10566 -122.005 -157.351 -500 0
959 1
1 13 0 0 0 0 0 0 4.12832 4.12968 0.10566 57.7512 -103.17 -500 0
960 1
1 13 0 0 0 0 0 0 3.38455 3.3862 0.10566 37.9104 -75.6283 -500 0
961 1
1 13 0 0 0 0 0 0 4.22573 4.22705 0.10566 -127.051 -69.9898 -500 0
962 1
1 13 0 0 0 0 0 0 3.45355 3.45517 0.10566 72.7522 -49.8432 -500 0
963 1
1 13 0 0 0 0 0 0 3.92651 3.92793 0.10566 39.5965 -106.645 -500 0
964 1
1 13 0 0 0 0 0 0 4.96651 4.96763 0.10566 43.2503 -197.145 -500 0
965 1
1 13 0 0 0 0 0 0 3.61644 3.61799 0.10566 -96.9249 -45.6455 -500 0
966 1
1 13 0 0 0 0 0 0 4.37179 4.37307 0.10566 -48.2597 -116.234 -500 0
967 1
1 13 0 0 0 0 0 0 4.69087 4.69205 0.10566 160.811 -171.869 -500 0
968 1
1 13 0 0 0 0 0 0 4.64032 4.64152 0.10566 27.037 -1.18958 -500 0
969 1
1 13 0 0 0 0 0 0 4.4712 4.47244 0.10566 -130.228 -26.9964 -500 0
970 1
1 13 0 0 0 0 0 0 3.7138 3.71531 0.10566 176.382 -101.638 -500 0
971 1
1 13 0 0 0 0 0 0 3.11439 3.11618 0.10566 -55.2722 -60.451 -500 0
972 1
1 13 0 0 0 0 0 0 4.62092 4.62213 0.10566 -143.139 -138.342 -500 0
973 1
1 13 0 0 0 0 0 0 3.05638 3.05821 0.10566 70.3146 -119.878 -500 0
974 1
1 13 0 0 0 0 0 0 3.43448 3.43611 0.10566 -22.9299 -29.3799 -500 0
975 1
1 13 0 0 0 0 0 0 3.1161 3.11789 0.10566 -158.866 -81.1189 -500 0
976 1
1 13 0 0 0 0 0 0 4.33949 4.34078 0.10566 96.9302 -171.999 -500 0
977 1
1 13 0 0 0 0 0 0 3.60129 3.60284 0.10566 4.14702 -143.815 -500 0
978 1
1 13 0 0 0 0 0 0 4.74269 4.74387 0.10566 -54.3036 -98.6996 -500 0
979 1
1 13 0 0 0 0 0 0 3.09813 3.09994 0.10566 63.8166 -116.066 -500 0
980 1
1 13 0 0 0 0 0 0 4.62853 4.62974 0.10566 -195.726 -126.709 -500 0
981 1
1 13 0 0 0 0 0 0 3.27423 3.27594 0.10566 147.184 -130.225 -500 0
982 1
1 13 0 0 0 0 0 0 3.51839 3.51998 0.10566 55.6255 -152.176 -500 0
983 1
1 13 0 0 0 0 0 0 3.43896 3.44059 0.10566 -151.727 -77.9737 -500 0
984 1
1 13 0 0 0 0 0 0 3.16854 3.1703 0.10566 130.427 -99.753 -500 0
985 1
1 13 0 0 0 0 0 0 4.59132 4.59254 0.10566 -165.788 -2.61841 -500 0
986 1
1 13 0 0 0 0 0 0 4.36787 4.36914 0.10566 24.3409 -195.917 -500 0
987 1
1 13 0 0 0 0 0 0 3.83245 3.8339 0.10566 122.552 -64.2433 -500 0
988 1
1 13 0 0 0 0 0 0 3.61368 3.61522 0.10566 134.118 -169.721 -500 0
989 1
1 13 0 0 0 0 0 0 3.16504 3.16681 0.10566 59.9573 -107.347 -500 0
990 1
1 13 0 0 0 0 0 0 3.7453 3.74679 0.10566 7.39476 -125.435 -500 0
991 1
1 13 0 0 0 0 0 0 4.62154 4.62274 0.10566 -4.61741 -30.4201 -500 0
992 1
1 13 0 0 0 0 0 0 4.52722 4.52845 0.10566 -51.5144 -12.7208 -500 0
993 1
1 13 0 0 0 0 0 0 3.00726 3.00911 0.10566 44.6608 -48.099 -500 0
994 1
1 13 0 0 0 0 0 0 3.36964 3.3713 0.10566 39.0108 -69.9458 -500 0
995 1
1 13 0 0 0 0 0 0 3.63876 3.64029 0.10566 -134.14 -122.751 -500 0
996 1
1 13 0 0 0 0 0 0 4.89959 4.90073 0.10566 -123.953 -17.9715 -500 0
997 1
1 13 0 0 0 0 0 0 4.8495 4.85065 0.10566 -32.4879 -84.3615 -500 0
998 1
1 13 0 0 0 0 0 0 4.66661 4.6678 0.10566 196.032 -86.4126 -500 0
999 1
1 13 0 0 0 0 0 0 4.71556 4.71674 0.10566 -105.346 -14.2352 -500 0