0 1
1 13 0 0 0 0 0 0 3.86702 3.86846 0.10566 23.1667 -171.458 1000 0
1 1
1 13 0 0 0 0 0 0 3.27994 3.28164 0.10566 120.397 -53.9946 1000 0
2 1
1 13 0 0 0 0 0 0 3.51051 3.5121 0.10566 -155.075 -65.0166 1000 0
3 1
1 13 0 0 0 0 0 0 4.98723 4.98834 0.10566 -44.9367 -90.7556 1000 0
4 1
1 13 0 0 0 0 0 0 3.25469 3.2564 0.10566 149.793 -110.251 1000 0
5 1
1 13 0 0 0 0 0 0 4.98811 4.98923 0.10566 -62.7249 -171.26 1000 0
6 1
1 13 0 0 0 0 0 0 4.55882 4.56004 0.10566 -64.2263 -109.636 1000 0
7 1
1 13 0 0 0 0 0 0 3.11595 3.11774 0.10566 129.597 -76.6599 1000 0
8 1
1 13 0 0 0 0 0 0 4.54023 4.54146 0.10566 194.558 -144.793 1000 0
9 1
1 13 0 0 0 0 0 0 3.53738 3.53895 0.10566 34.471 -182.359 1000 0
10 1
1 13 0 0 0 0 0 0 4.10304 4.1044 0.10566 56.5754 -126.153 1000 0
11 1
1 13 0 0 0 0 0 0 3.34237 3.34404 0.10566 -73.7105 -93.8529 1000 0
12 1
1 13 0 0 0 0 0 0 3.5174 3.51899 0.10566 15.3934 -144.76 1000 0
13 1
1 13 0 0 0 0 0 0 4.19672 4.19805 0.10566 140.497 -23.2669 1000 0
14 1
1 13 0 0 0 0 0 0 4.23439 4.23571 0.10566 142.566 -30.3404 1000 0
15 1
1 13 0 0 0 0 0 0 3.13843 3.14021 0.10566 61.1327 -6.35571 1000 0
16 1
1 13 0 0 0 0 0 0 3.11534 3.11713 0.10566 -36.7113 -62.8238 1000 0
17 1
1 13 0 0 0 0 0 0 4.68278 4.68397 0.10566 -2.36742 -56.5603 1000 0
18 1
1 13 0 0 0 0 0 0 4.48703 4.48828 0.10566 -52.3055 -196.842 1000 0
19 1
1 13 0 0 0 0 0 0 4.37027 4.37155 0.10566 -72.6207 -101.235 1000 0
20 1
1 13 0 0 0 0 0 0 4.92465 4.92578 0.10566 128.986 -44.4039 1000 0
21 1
1 13 0 0 0 0 0 0 4.83856 4.83971 0.10566 190.813 -26.6633 1000 0
22 1
1 13 0 0 0 0 0 0 4.70263 4.70381 0.10566 -138.734 -122.071 1000 0
23 1
1 13 0 0 0 0 0 0 4.83842 4.83957 0.10566 145.05 -142.245 1000 0
24 1
1 13 0 0 0 0 0 0 4.73545 4.73663 0.10566 -77.2073 -158.826 1000 0
25 1
1 13 0 0 0 0 0 0 3.11827 3.12006 0.10566 -13.0921 -2.28524 1000 0
26 1
1 13 0 0 0 0 0 0 3.49182 3.49341 0.10566 -145.507 -199.114 1000 0
27 1
1 13 0 0 0 0 0 0 3.1389 3.14068 0.10566 50.8174 -176.201 1000 0
28 1
1 13 0 0 0 0 0 0 4.58392 4.58514 0.10566 173.396 -194.782 1000 0
29 1
1 13 0 0 0 0 0 0 3.8421 3.84355 0.10566 -108.866 -110.629 1000 0
30 1
1 13 0 0 0 0 0 0 3.50539 3.50698 0.10566 135.595 -120.906 1000 0
31 1
1 13 0 0 0 0 0 0 4.40308 4.40435 0.10566 -5.4071 -183.758 1000 0
32 1
1 13 0 0 0 0 0 0 3.2689 3.27061 0.10566 -187.549 -108.401 1000 0
33 1
1 13 0 0 0 0 0 0 4.31682 4.31811 0.10566 -4.88219 -74.6985 1000 0
34 1
1 13 0 0 0 0 0 0 3.6325 3.63404 0.10566 -87.9594 -75.6132 1000 0
35 1
1 13 0 0 0 0 0 0 4.92667 4.9278 0.10566 102.674 -44.8594 1000 0
36 1
1 13 0 0 0 0 0 0 3.70726 3.70877 0.10566 -65.0289 -136.284 1000 0
37 1
1 13 0 0 0 0 0 0 4.11408 4.11543 0.10566 118.107 -27.2495 1000 0
38 1
1 13 0 0 0 0 0 0 4.4552 4.45646 0.10566 111.028 -37.3546 1000 0
39 1
1 13 0 0 0 0 0 0 4.07625 4.07762 0.10566 -33.2706 -141.949 1000 0
40 1
1 13 0 0 0 0 0 0 4.45464 4.45589 0.10566 -128.124 -103.273 1000 0
41 1
1 13 0 0 0 0 0 0 3.03984 3.04167 0.10566 -8.30127 -55.3668 1000 0
42 1
1 13 0 0 0 0 0 0 3.46102 3.46264 0.10566 -46.2246 -106.124 1000 0
43 1
1 13 0 0 0 0 0 0 4.62956 4.63077 0.10566 168.68 -46.1022 1000 0
44 1
1 13 0 0 0 0 0 0 3.75814 3.75963 0.10566 106.648 -175.25 1000 0
45 1
1 13 0 0 0 0 0 0 4.16072 4.16206 0.10566 -93.2447 -71.9204 1000 0
46 1
1 13 0 0 0 0 0 0 3.99463 3.99602 0.10566 182.943 -40.4898 1000 0
47 1
1 13 0 0 0 0 0 0 4.22335 4.22467 0.10566 20.6412 -97.9702 1000 0
48 1
1 13 0 0 0 0 0 0 4.48064 4.48189 0.10566 -58.2737 -104.524 1000 0
49 1
1 13 0 0 0 0 0 0 3.1221 3.12389 0.10566 -118.098 -197.837 1000 0
50 1
1 13 0 0 0 0 0 0 4.21774 4.21906 0.10566 168.985 -23.271 1000 0
51 1
1 13 0 0 0 0 0 0 3.39327 3.39491 0.10566 155.949 -117.495 1000 0
52 1
1 13 0 0 0 0 0 0 4.61348 4.61469 0.10566 -53.8429 -190.646 1000 0
53 1
1 13 0 0 0 0 0 0 3.68761 3.68912 0.10566 42.538 -11.6148 1000 0
54 1
1 13 0 0 0 0 0 0 3.44024 3.44186 0.10566 95.3489 -171.77 1000 0
55 1
1 13 0 0 0 0 0 0 3.57948 3.58104 0.10566 -128.069 -179.605 1000 0
56 1
1 13 0 0 0 0 0 0 4.82231 4.82347 0.10566 -0.619258 -175.751 1000 0
57 1
1 13 0 0 0 0 0 0 3.25349 3.25521 0.10566 -127.608 -93.3478 1000 0
58 1
1 13 0 0 0 0 0 0 3.24853 3.25025 0.10566 48.3963 -50.4738 1000 0
59 1
1 13 0 0 0 0 0 0 3.49318 3.49478 0.10566 118.562 -123.893 1000 0
60 1
1 13 0 0 0 0 0 0 3.84893 3.85038 0.10566 -195.536 -114.29 1000 0
61 1
1 13 0 0 0 0 0 0 3.65627 3.6578 0.10566 185.238 -25.8351 1000 0
62 1
1 13 0 0 0 0 0 0 4.63397 4.63518 0.10566 -178.958 -23.0973 1000 0
63 1
1 13 0 0 0 0 0 0 4.69302 4.6942 0.10566 -79.9617 -93.657 1000 0
64 1
1 13 0 0 0 0 0 0 4.9558 4.95692 0.10566 66.4395 -49.4113 1000 0
65 1
1 13 0 0 0 0 0 0 3.76302 3.7645 0.10566 -19.9623 -178.493 1000 0
66 1
1 13 0 0 0 0 0 0 4.87722 4.87836 0.10566 24.097 -128.894 1000 0
67 1
1 13 0 0 0 0 0 0 4.92656 4.92769 0.10566 -158.497 -182.453 1000 0
68 1
1 13 0 0 0 0 0 0 3.55661 3.55818 0.10566 120.513 -21.237 1000 0
69 1
1 13 0 0 0 0 0 0 4.03513 4.03651 0.10566 13.9822 -47.9282 1000 0
70 1
1 13 0 0 0 0 0 0 4.47407 4.47532 0.10566 -5.08544 -39.0771 1000 0
71 1
1 13 0 0 0 0 0 0 3.43262 3.43424 0.10566 -166.668 -160.226 1000 0
72 1
1 13 0 0 0 0 0 0 4.70775 4.70893 0.10566 79.5159 -55.0751 1000 0
73 1
1 13 0 0 0 0 0 0 4.41394 4.41521 0.10566 125.11 -121.057 1000 0
74 1
1 13 0 0 0 0 0 0 4.16278 4.16412 0.10566 177.401 -20.5809 1000 0
75 1
1 13 0 0 0 0 0 0 3.3275 3.32917 0.10566 -133.438 -152.974 1000 0
76 1
1 13 0 0 0 0 0 0 3.14385 3.14563 0.10566 110.762 -177.781 1000 0
77 1
1 13 0 0 0 0 0 0 4.54446 4.54569 0.10566 -146.687 -55.1512 1000 0
78 1
1 13 0 0 0 0 0 0 4.74861 4.74978 0.10566 20.9366 -79.1828 1000 0
79 1
1 13 0 0 0 0 0 0 4.10429 4.10565 0.10566 -172.837 -99.5401 1000 0
80 1
1 13 0 0 0 0 0 0 4.59001 4.59123 0.10566 126.503 -116.304 1000 0
81 1
1 13 0 0 0 0 0 0 3.28888 3.29057 0.10566 -18.5561 -143.688 1000 0
82 1
1 13 0 0 0 0 0 0 4.12963 4.13098 0.10566 11.4011 -90.1397 1000 0
83 1
1 13 0 0 0 0 0 0 3.16995 3.17171 0.10566 52.2316 -7.47201 1000 0
84 1
1 13 0 0 0 0 0 0 4.24349 4.2448 0.10566 38.4957 -9.94155 1000 0
85 1
1 13 0 0 0 0 0 0 3.74274 3.74423 0.10566 6.13834 -74.6885 1000 0
86 1
1 13 0 0 0 0 0 0 4.35127 4.35255 0.10566 16.0988 -89.6139 1000 0
87 1
1 13 0 0 0 0 0 0 3.66614 3.66766 0.10566 -145.079 -87.8835 1000 0
88 1
1 13 0 0 0 0 0 0 4.80743 4.80859 0.10566 -7.60493 -99.5657 1000 0
89 1
1 13 0 0 0 0 0 0 4.12726 4.12861 0.10566 -72.6896 -103.381 1000 0
90 1
1 13 0 0 0 0 0 0 4.71949 4.72067 0.10566 130.869 -162.355 1000 0
91 1
1 13 0 0 0 0 0 0 3.53826 3.53984 0.10566 63.6527 -125.259 1000 0
92 1
1 13 0 0 0 0 0 0 3.06903 3.07085 0.10566 -124.23 -111.79 1000 0
93 1
1 13 0 0 0 0 0 0 3.80382 3.80528 0.10566 -186.025 -10.2134 1000 0
94 1
1 13 0 0 0 0 0 0 3.63088 3.63242 0.10566 179.435 -44.4559 1000 0
95 1
1 13 0 0 0 0 0 0 4.47799 4.47923 0.10566 107.869 -159.012 1000 0
96 1
1 13 0 0 0 0 0 0 4.38521 4.38648 0.10566 98.1111 -15.972 1000 0
97 1
1 13 0 0 0 0 0 0 4.36722 4.36849 0.10566 144.461 -190.228 1000 0
98 1
1 13 0 0 0 0 0 0 4.18006 4.1814 0.10566 28.8918 -73.938 1000 0
99 1
1 13 0 0 0 0 0 0 3.68454 3.68606 0.10566 -188.359 -60.2301 1000 0
100 1
1 13 0 0 0 0 0 0 3.03008 3.03192 0.10566 199.14 -1.10779 1000 0
101 1
1 13 0 0 0 0 0 0 4.7076 4.70878 0.10566 -144.152 -39.7283 1000 0
102 1
1 13 0 0 0 0 0 0 3.58044 3.582 0.10566 -194.003 -76.4693 1000 0
103 1
1 13 0 0 0 0 0 0 4.53508 4.53631 0.10566 41.2042 -84.2718 1000 0
104 1
1 13 0 0 0 0 0 0 3.71502 3.71652 0.10566 -148.439 -75.2079 1000 0
105 1
1 13 0 0 0 0 0 0 4.13091 4.13226 0.10566 191.388 -100.103 1000 0
106 1
1 13 0 0 0 0 0 0 3.47342 3.47502 0.10566 -19.3751 -98.5051 1000 0
107 1
1 13 0 0 0 0 0 0 4.71209 4.71327 0.10566 23.6279 -17.1303 1000 0
108 1
1 13 0 0 0 0 0 0 3.17179 3.17355 0.10566 -95.4349 -171.861 1000 0
109 1
1 13 0 0 0 0 0 0 4.92358 4.92472 0.10566 -137.144 -7.21472 1000 0
110 1
1 13 0 0 0 0 0 0 3.10981 3.1116 0.10566 23.461 -132.831 1000 0
111 1
1 13 0 0 0 0 0 0 4.46337 4.46462 0.10566 -81.5396 -158.915 1000 0
112 1
1 13 0 0 0 0 0 0 3.46034 3.46195 0.10566 -62.4916 -5.23171 1000 0
113 1
1 13 0 0 0 0 0 0 3.08186 3.08367 0.10566 -2.97558 -65.7237 1000 0
114 1
1 13 0 0 0 0 0 0 4.76505 4.76622 0.10566 104.116 -120.094 1000 0
115 1
1 13 0 0 0 0 0 0 3.4694 3.47101 0.10566 -81.0852 -147.67 1000 0
116 1
1 13 0 0 0 0 0 0 4.36171 4.36299 0.10566 138.592 -58.0475 1000 0
117 1
1 13 0 0 0 0 0 0 4.50925 4.51049 0.10566 -64.2742 -149.965 1000 0
118 1
1 13 0 0 0 0 0 0 4.75182 4.753 0.10566 84.7093 -32.6872 1000 0
119 1
1 13 0 0 0 0 0 0 4.42888 4.43014 0.10566 -155.013 -116.162 1000 0
120 1
1 13 0 0 0 0 0 0 3.15979 3.16155 0.10566 40.4547 -6.0892 1000 0
121 1
1 13 0 0 0 0 0 0 4.96479 4.96591 0.10566 -55.2133 -161.848 1000 0
122 1
1 13 0 0 0 0 0 0 4.6529 4.6541 0.10566 -135.016 -44.0922 1000 0
123 1
1 13 0 0 0 0 0 0 4.4898 4.49105 0.10566 -117.65 -14.4216 1000 0
124 1
1 13 0 0 0 0 0 0 3.01496 3.01681 0.10566 -25.2377 -17.682 1000 0
125 1
1 13 0 0 0 0 0 0 3.53067 3.53225 0.10566 79.569 -100.948 1000 0
126 1
1 13 0 0 0 0 0 0 3.4939 3.49549 0.10566 -89.6815 -195.572 1000 0
127 1
1 13 0 0 0 0 0 0 4.77077 4.77194 0.10566 115.705 -25.9436 1000 0
128 1
1 13 0 0 0 0 0 0 4.80521 4.80637 0.10566 -168.036 -184.848 1000 0
129 1
1 13 0 0 0 0 0 0 4.02247 4.02386 0.10566 179.29 -25.9361 1000 0
130 1
1 13 0 0 0 0 0 0 4.74332 4.7445 0.10566 123.668 -197.478 1000 0
131 1
1 13 0 0 0 0 0 0 4.88 4.88115 0.10566 8.27108 -5.59507 1000 0
132 1
1 13 0 0 0 0 0 0 4.72718 4.72836 0.10566 180.762 -152.94 1000 0
133 1
1 13 0 0 0 0 0 0 4.66588 4.66707 0.10566 -112.213 -30.009 1000 0
134 1
1 13 0 0 0 0 0 0 3.63917 3.64071 0.10566 161.291 -51.0015 1000 0
135 1
1 13 0 0 0 0 0 0 3.77682 3.7783 0.10566 -86.5323 -10.4462 1000 0
136 1
1 13 0 0 0 0 0 0 3.46255 3.46416 0.10566 151.477 -183.92 1000 0
137 1
1 13 0 0 0 0 0 0 4.17183 4.17316 0.10566 -192.916 -60.4727 1000 0
138 1
1 13 0 0 0 0 0 0 4.66687 4.66807 0.10566 73.3082 -80.8043 1000 0
139 1
1 13 0 0 0 0 0 0 4.2983 4.2996 0.10566 -126.999 -1.5838 1000 0
140 1
1 13 0 0 0 0 0 0 3.85443 3.85588 0.10566 77.2617 -131.753 1000 0
141 1
1 13 0 0 0 0 0 0 3.6221 3.62364 0.10566 -166.858 -3.17615 1000 0
142 1
1 13 0 0 0 0 0 0 4.71905 4.72023 0.10566 193.125 -180.558 1000 0
143 1
1 13 0 0 0 0 0 0 3.94102 3.94244 0.10566 -156.139 -111.229 1000 0
144 1
1 13 0 0 0 0 0 0 3.57719 3.57875 0.10566 -36.0152 -24.6203 1000 0
145 1
1 13 0 0 0 0 0 0 3.95437 3.95579 0.10566 -124.887 -30.1043 1000 0
146 1
1 13 0 0 0 0 0 0 3.72118 3.72268 0.10566 117.047 -51.473 1000 0
147 1
1 13 0 0 0 0 0 0 4.36076 4.36204 0.10566 -26.7901 -29.7937 1000 0
148 1
1 13 0 0 0 0 0 0 4.70634 4.70752 0.10566 -145.277 -190.558 1000 0
149 1
1 13 0 0 0 0 0 0 3.6713 3.67282 0.10566 7.94283 -8.66274 1000 0
150 1
1 13 0 0 0 0 0 0 4.86251 4.86366 0.10566 -155.496 -41.5192 1000 0
151 1
1 13 0 0 0 0 0 0 3.29051 3.29221 0.10566 -106.207 -170.304 1000 0
152 1
1 13 0 0 0 0 0 0 3.07905 3.08086 0.10566 -59.8701 -152.672 1000 0
153 1
1 13 0 0 0 0 0 0 4.11083 4.11219 0.10566 27.3675 -82.2013 1000 0
154 1
1 13 0 0 0 0 0 0 3.87818 3.87962 0.10566 31.5278 -77.0961 1000 0
155 1
1 13 0 0 0 0 0 0 3.04054 3.04238 0.10566 -151.461 -72.4435 1000 0
156 1
1 13 0 0 0 0 0 0 3.71001 3.71152 0.10566 143.53 -80.1154 1000 0
157 1
1 13 0 0 0 0 0 0 4.83806 4.83922 0.10566 -194.531 -170.533 1000 0
158 1
1 13 0 0 0 0 0 0 4.21537 4.2167 0.10566 110.253 -195.949 1000 0
159 1
1 13 0 0 0 0 0 0 4.18138 4.18272 0.10566 161.771 -178.009 1000 0
160 1
1 13 0 0 0 0 0 0 4.31252 4.31381 0.10566 -51.6531 -151.863 1000 0
161 1
1 13 0 0 0 0 0 0 3.4075 3.40914 0.10566 101.338 -76.3028 1000 0
162 1
1 13 0 0 0 0 0 0 3.20653 3.20827 0.10566 95.8784 -72.6499 1000 0
163 1
1 13 0 0 0 0 0 0 3.78203 3.78351 0.10566 -95.8278 -18.3293 1000 0
164 1
1 13 0 0 0 0 0 0 4.55862 4.55985 0.10566 -75.2158 -49.4278 1000 0
165 1
1 13 0 0 0 0 0 0 3.70668 3.70819 0.10566 -21.891 -113.791 1000 0
166 1
1 13 0 0 0 0 0 0 4.32787 4.32916 0.10566 -9.8379 -102.717 1000 0
167 1
1 13 0 0 0 0 0 0 4.29088 4.29218 0.10566 184.741 -58.1046 1000 0
168 1
1 13 0 0 0 0 0 0 4.51756 4.5188 0.10566 -10.8821 -179.692 1000 0
169 1
1 13 0 0 0 0 0 0 3.58635 3.5879 0.10566 40.3011 -86.5127 1000 0
170 1
1 13 0 0 0 0 0 0 3.31578 3.31746 0.10566 53.2637 -101.991 1000 0
171 1
1 13 0 0 0 0 0 0 3.60811 3.60965 0.10566 -169.686 -119.902 1000 0
172 1
1 13 0 0 0 0 0 0 3.60252 3.60407 0.10566 170.758 -175.67 1000 0
173 1
1 13 0 0 0 0 0 0 4.20648 4.20781 0.10566 173.76 -4.49704 1000 0
174 1
1 13 0 0 0 0 0 0 3.94856 3.94998 0.10566 174.376 -34.2397 1000 0
175 1
1 13 0 0 0 0 0 0 3.27154 3.27324 0.10566 47.7688 -163.135 1000 0
176 1
1 13 0 0 0 0 0 0 4.51029 4.51153 0.10566 -192.374 -127.926 1000 0
177 1
1 13 0 0 0 0 0 0 3.42458 3.42621 0.10566 12.4041 -103.706 1000 0
178 1
1 13 0 0 0 0 0 0 3.78136 3.78284 0.10566 -191.733 -190.207 1000 0
179 1
1 13 0 0 0 0 0 0 4.94735 4.94848 0.10566 -172.343 -51.5225 1000 0
180 1
1 13 0 0 0 0 0 0 3.85541 3.85686 0.10566 26.5938 -97.2643 1000 0
181 1
1 13 0 0 0 0 0 0 4.01086 4.01225 0.10566 60.2084 -86.2741 1000 0
182 1
1 13 0 0 0 0 0 0 3.93014 3.93156 0.10566 125.649 -62.4759 1000 0
183 1
1 13 0 0 0 0 0 0 4.98913 4.99025 0.10566 32.8581 -7.14728 1000 0
184 1
1 13 0 0 0 0 0 0 4.02781 4.0292 0.10566 -182.334 -140.969 1000 0
185 1
1 13 0 0 0 0 0 0 4.62079 4.622 0.10566 17.805 -86.3029 1000 0
186 1
1 13 0 0 0 0 0 0 3.18599 3.18774 0.10566 -141.973 -94.1036 1000 0
187 1
1 13 0 0 0 0 0 0 4.05751 4.05888 0.10566 179.029 -101.413 1000 0
188 1
1 13 0 0 0 0 0 0 4.85726 4.85841 0.10566 -67.143 -199.295 1000 0
189 1
1 13 0 0 0 0 0 0 3.25599 3.25771 0.10566 -92.448 -121.087 1000 0
190 1
1 13 0 0 0 0 0 0 4.83241 4.83356 0.10566 -114.494 -183.048 1000 0
191 1
1 13 0 0 0 0 0 0 3.71576 3.71726 0.10566 30.7525 -177.134 1000 0
192 1
1 13 0 0 0 0 0 0 4.59637 4.59759 0.10566 137.6 -110.087 1000 0
193 1
1 13 0 0 0 0 0 0 4.50581 4.50705 0.10566 -114.004 -158.822 1000 0
194 1
1 13 0 0 0 0 0 0 3.58489 3.58645 0.10566 -21.3127 -99.3614 1000 0
195 1
1 13 0 0 0 0 0 0 4.92939 4.93053 0.10566 -55.5577 -0.611302 1000 0
196 1
1 13 0 0 0 0 0 0 4.69676 4.69795 0.10566 -198.8 -142.075 1000 0
197 1
1 13 0 0 0 0 0 0 3.02148 3.02333 0.10566 123.89 -34.0222 1000 0
198 1
1 13 0 0 0 0 0 0 3.81127 3.81273 0.10566 -85.5823 -18.2139 1000 0
199 1
1 13 0 0 0 0 0 0 3.5274 3.52898 0.10566 -0.0439584 -171.185 1000 0
200 1
1 13 0 0 0 0 0 0 4.97877 4.97989 0.10566 -35.3731 -9.07026 1000 0
201 1
1 13 0 0 0 0 0 0 3.42932 3.43095 0.10566 -63.0216 -56.7493 1000 0
202 1
1 13 0 0 0 0 0 0 3.57139 3.57295 0.10566 -75.9486 -69.4644 1000 0
203 1
1 13 0 0 0 0 0 0 4.96379 4.96492 0.10566 132.637 -53.1873 1000 0
204 1
1 13 0 0 0 0 0 0 4.23411 4.23542 0.10566 27.4768 -177.186 1000 0
205 1
1 13 0 0 0 0 0 0 4.54994 4.55117 0.10566 -118.685 -135.405 1000 0
206 1
1 13 0 0 0 0 0 0 4.7766 4.77776 0.10566 -89.3166 -35.3439 1000 0
207 1
1 13 0 0 0 0 0 0 3.09233 3.09414 0.10566 104.536 -6.07651 1000 0
208 1
1 13 0 0 0 0 0 0 3.85591 3.85736 0.10566 -25.1133 -108.903 1000 0
209 1
1 13 0 0 0 0 0 0 3.21098 3.21272 0.10566 -58.053 -66.4093 1000 0
210 1
1 13 0 0 0 0 0 0 4.30228 4.30358 0.10566 -149.876 -124.519 1000 0
211 1
1 13 0 0 0 0 0 0 4.84431 4.84546 0.10566 21.4642 -81.692 1000 0
212 1
1 13 0 0 0 0 0 0 4.56453 4.56575 0.10566 141.017 -135.555 1000 0
213 1
1 13 0 0 0 0 0 0 3.93705 3.93847 0.10566 194.479 -121.611 1000 0
214 1
1 13 0 0 0 0 0 0 4.65315 4.65435 0.10566 -169.924 -25.7239 1000 0
215 1
1 13 0 0 0 0 0 0 3.09367 3.09547 0.10566 -84.2448 -90.0737 1000 0
216 1
1 13 0 0 0 0 0 0 4.118 4.11935 0.10566 9.43476 -15.4882 1000 0
217 1
1 13 0 0 0 0 0 0 4.73744 4.73862 0.10566 6.23813 -81.538 1000 0
218 1
1 13 0 0 0 0 0 0 4.84098 4.84213 0.10566 -108.889 -190.239 1000 0
219 1
1 13 0 0 0 0 0 0 3.24206 3.24379 0.10566 -194.319 -19.8793 1000 0
220 1
1 13 0 0 0 0 0 0 3.60108 3.60263 0.10566 -112.478 -32.4929 1000 0
221 1
1 13 0 0 0 0 0 0 4.15578 4.15713 0.10566 -132.372 -118.77 1000 0
222 1
1 13 0 0 0 0 0 0 4.20858 4.20991 0.10566 18.5106 -19.3178 1000 0
223 1
1 13 0 0 0 0 0 0 4.28627 4.28757 0.10566 42.3764 -55.5947 1000 0
224 1
1 13 0 0 0 0 0 0 4.36854 4.36981 0.10566 86.8736 -179.711 1000 0
225 1
1 13 0 0 0 0 0 0 3.43833 3.43996 0.10566 -64.2449 -192.658 1000 0
226 1
1 13 0 0 0 0 0 0 4.8792 4.88034 0.10566 34.6655 -13.8904 1000 0
227 1
1 13 0 0 0 0 0 0 3.77895 3.78043 0.10566 131.064 -62.734 1000 0
228 1
1 13 0 0 0 0 0 0 4.53276 4.53399 0.10566 159.52 -17.5222 1000 0
229 1
1 13 0 0 0 0 0 0 4.76535 4.76653 0.10566 173.972 -29 1000 0
230 1
1 13 0 0 0 0 0 0 3.13734 3.13912 0.10566 -72.1617 -8.91784 1000 0
231 1
1 13 0 0 0 0 0 0 4.55292 4.55414 0.10566 158.562 -14.0013 1000 0
232 1
1 13 0 0 0 0 0 0 4.92668 4.92781 0.10566 -78.4781 -191.851 1000 0
233 1
1 13 0 0 0 0 0 0 3.91292 3.91434 0.10566 187.415 -161.594 1000 0
234 1
1 13 0 0 0 0 0 0 4.86008 4.86123 0.10566 29.3076 -131.935 1000 0
235 1
1 13 0 0 0 0 0 0 4.42339 4.42466 0.10566 -61.899 -24.1541 1000 0
236 1
1 13 0 0 0 0 0 0 4.97536 4.97648 0.10566 -30.7736 -58.956 1000 0
237 1
1 13 0 0 0 0 0 0 3.80207 3.80354 0.10566 37.8597 -44.1578 1000 0
238 1
1 13 0 0 0 0 0 0 4.98243 4.98355 0.10566 81.6718 -94.01 1000 0
239 1
1 13 0 0 0 0 0 0 3.209 3.21074 0.10566 -140.315 -160.012 1000 0
240 1
1 13 0 0 0 0 0 0 4.03721 4.03859 0.10566 -91.3296 -183.201 1000 0
241 1
1 13 0 0 0 0 0 0 3.49695 3.49855 0.10566 -82.3325 -60.7618 1000 0
242 1
1 13 0 0 0 0 0 0 4.14645 4.14779 0.10566 180.89 -51.247 1000 0
243 1
1 13 0 0 0 0 0 0 3.1116 3.11339 0.10566 153.666 -82.2426 1000 0
244 1
1 13 0 0 0 0 0 0 4.19984 4.20117 0.10566 95.9567 -175.234 1000 0
245 1
1 13 0 0 0 0 0 0 3.75925 3.76074 0.10566 -199.077 -72.429 1000 0
246 1
1 13 0 0 0 0 0 0 3.59343 3.59498 0.10566 -124.758 -121.835 1000 0
247 1
1 13 0 0 0 0 0 0 3.05912 3.06094 0.10566 41.3601 -6.65962 1000 0
248 1
1 13 0 0 0 0 0 0 3.0224 3.02424 0.10566 187.254 -130.788 1000 0
249 1
1 13 0 0 0 0 0 0 4.18031 4.18165 0.10566 108.106 -165.293 1000 0
250 1
1 13 0 0 0 0 0 0 3.95003 3.95144 0.10566 189.794 -142.939 1000 0
251 1
1 13 0 0 0 0 0 0 4.24437 4.24568 0.10566 35.3948 -118.924 1000 0
252 1
1 13 0 0 0 0 0 0 4.8524 4.85355 0.10566 -177.254 -32.9078 1000 0
253 1
1 13 0 0 0 0 0 0 3.63511 3.63665 0.10566 -123.392 -90.2131 1000 0
254 1
1 13 0 0 0 0 0 0 3.69316 3.69467 0.10566 -82.8838 -144.359 1000 0
255 1
1 13 0 0 0 0 0 0 4.16744 4.16878 0.10566 -52.5708 -26.4526 1000 0
256 1
1 13 0 0 0 0 0 0 4.13116 4.13251 0.10566 110.576 -144.753 1000 0
257 1
1 13 0 0 0 0 0 0 4.72367 4.72485 0.10566 174.968 -57.5484 1000 0
258 1
1 13 0 0 0 0 0 0 4.48495 4.48619 0.10566 169.331 -48.7385 1000 0
259 1
1 13 0 0 0 0 0 0 4.21863 4.21995 0.10566 -57.0686 -79.8896 1000 0
260 1
1 13 0 0 0 0 0 0 4.7499 4.75108 0.10566 -167.417 -108.559 1000 0
261 1
1 13 0 0 0 0 0 0 3.34057 3.34224 0.10566 164.374 -95.187 1000 0
262 1
1 13 0 0 0 0 0 0 4.72107 4.72225 0.10566 177.734 -48.2601 1000 0
263 1
1 13 0 0 0 0 0 0 4.97751 4.97863 0.10566 -87.8306 -191.581 1000 0
264 1
1 13 0 0 0 0 0 0 4.2715 4.27281 0.10566 122.83 -174.013 1000 0
265 1
1 13 0 0 0 0 0 0 3.57468 3.57624 0.10566 -38.221 -131.467 1000 0
266 1
1 13 0 0 0 0 0 0 3.36456 3.36622 0.10566 -91.83 -122.264 1000 0
267 1
1 13 0 0 0 0 0 0 3.25271 3.25443 0.10566 -170.801 -36.0532 1000 0
268 1
1 13 0 0 0 0 0 0 3.29351 3.2952 0.10566 54.2664 -133.104 1000 0
269 1
1 13 0 0 0 0 0 0 3.11336 3.11516 0.10566 172.61 -99.5333 1000 0
270 1
1 13 0 0 0 0 0 0 4.45612 4.45737 0.10566 22.908 -89.1234 1000 0
271 1
1 13 0 0 0 0 0 0 3.8576 3.85904 0.10566 -177.666 -28.8889 1000 0
272 1
1 13 0 0 0 0 0 0 3.68017 3.68168 0.10566 4.36066 -149.253 1000 0
273 1
1 13 0 0 0 0 0 0 4.88039 4.88153 0.10566 132.315 -180.385 1000 0
274 1
1 13 0 0 0 0 0 0 3.44148 3.4431 0.10566 174.58 -100.774 1000 0
275 1
1 13 0 0 0 0 0 0 4.77123 4.7724 0.10566 168.665 -139.395 1000 0
276 1
1 13 0 0 0 0 0 0 3.79582 3.79729 0.10566 -57.8498 -39.2689 1000 0
277 1
1 13 0 0 0 0 0 0 4.49398 4.49522 0.10566 193.435 -74.7298 1000 0
278 1
1 13 0 0 0 0 0 0 4.69571 4.6969 0.10566 -33.212 -98.7828 1000 0
279 1
1 13 0 0 0 0 0 0 3.65941 3.66093 0.10566 -68.3606 -171.41 1000 0
280 1
1 13 0 0 0 0 0 0 4.0136 4.01499 0.10566 33.0594 -171.903 1000 0
281 1
1 13 0 0 0 0 0 0 3.84705 3.8485 0.10566 -182.067 -161.067 1000 0
282 1
1 13 0 0 0 0 0 0 3.62838 3.62991 0.10566 -114.921 -103.185 1000 0
283 1
1 13 0 0 0 0 0 0 4.23296 4.23428 0.10566 -59.0436 -46.2833 1000 0
284 1
1 13 0 0 0 0 0 0 3.85724 3.85869 0.10566 -90.3012 -172.648 1000 0
285 1
1 13 0 0 0 0 0 0 3.00241 3.00427 0.10566 73.8397 -13.938 1000 0
286 1
1 13 0 0 0 0 0 0 3.96496 3.96637 0.10566 -136.082 -36.1275 1000 0
287 1
1 13 0 0 0 0 0 0 4.99713 4.99825 0.10566 93.543 -193.488 1000 0
288 1
1 13 0 0 0 0 0 0 4.26062 4.26193 0.10566 92.0942 -80.7626 1000 0
289 1
1 13 0 0 0 0 0 0 3.14234 3.14412 0.10566 -122.79 -117.19 1000 0
290 1
1 13 0 0 0 0 0 0 4.76556 4.76673 0.10566 -149.838 -51.5162 1000 0
291 1
1 13 0 0 0 0 0 0 3.19565 3.1974 0.10566 -113.038 -20.1488 1000 0
292 1
1 13 0 0 0 0 0 0 4.28577 4.28707 0.10566 130.144 -188.784 1000 0
293 1
1 13 0 0 0 0 0 0 4.95185 4.95297 0.10566 -174.898 -4.94796 1000 0
294 1
1 13 0 0 0 0 0 0 3.87 3.87145 0.10566 165.745 -122.241 1000 0
295 1
1 13 0 0 0 0 0 0 4.1487 4.15004 0.10566 68.3215 -26.6998 1000 0
296 1
1 13 0 0 0 0 0 0 3.69174 3.69325 0.10566 -8.65911 -151.791 1000 0
297 1
1 13 0 0 0 0 0 0 4.11392 4.11528 0.10566 -167.186 -176.658 1000 0
298 1
1 13 0 0 0 0 0 0 3.24783 3.24955 0.10566 12.762 -0.985731 1000 0
299 1
1 13 0 0 0 0 0 0 3.39444 3.39608 0.10566 132.752 -182.936 1000 0
300 1
1 13 0 0 0 0 0 0 4.48735 4.48859 0.10566 168.148 -26.2535 1000 0
301 1
1 13 0 0 0 0 0 0 4.2992 4.3005 0.10566 -180.337 -168.028 1000 0
302 1
1 13 0 0 0 0 0 0 4.56688 4.5681 0.10566 -14.027 -144.473 1000 0
303 1
1 13 0 0 0 0 0 0 3.94586 3.94727 0.10566 191.423 -89.5052 1000 0
304 1
1 13 0 0 0 0 0 0 4.8758 4.87694 0.10566 122.478 -122.375 1000 0
305 1
1 13 0 0 0 0 0 0 3.46908 3.47068 0.10566 119.191 -38.4766 1000 0
306 1
1 13 0 0 0 0 0 0 4.30147 4.30277 0.10566 21.0138 -23.0832 1000 0
307 1
1 13 0 0 0 0 0 0 3.67946 3.68098 0.10566 -137.994 -182.492 1000 0
308 1
1 13 0 0 0 0 0 0 3.44852 3.45014 0.10566 127.481 -117.091 1000 0
309 1
1 13 0 0 0 0 0 0 4.63908 4.64028 0.10566 -128.446 -18.541 1000 0
310 1
1 13 0 0 0 0 0 0 4.43527 4.43653 0.10566 161.734 -115.226 1000 0
311 1
1 13 0 0 0 0 0 0 4.837 4.83816 0.10566 -61.6444 -66.1743 1000 0
312 1
1 13 0 0 0 0 0 0 3.87399 3.87543 0.10566 -1.35348 -174.09 1000 0
313 1
1 13 0 0 0 0 0 0 4.96147 4.96259 0.10566 80.3251 -159.633 1000 0
314 1
1 13 0 0 0 0 0 0 4.69406 4.69525 0.10566 39.2275 -76.7232 1000 0
315 1
1 13 0 0 0 0 0 0 4.60054 4.60175 0.10566 72.3612 -24.3555 1000 0
316 1
1 13 0 0 0 0 0 0 4.95199 4.95312 0.10566 -98.9145 -141.414 1000 0
317 1
1 13 0 0 0 0 0 0 3.84832 3.84977 0.10566 132.492 -166.179 1000 0
318 1
1 13 0 0 0 0 0 0 3.68566 3.68717 0.10566 -53.134 -0.379073 1000 0
319 1
1 13 0 0 0 0 0 0 3.57593 3.57749 0.10566 -188.936 -125.887 1000 0
320 1
1 13 0 0 0 0 0 0 3.32206 3.32374 0.10566 184.647 -194.896 1000 0
321 1
1 13 0 0 0 0 0 0 4.1127 4.11405 0.10566 121.966 -75.9456 1000 0
322 1
1 13 0 0 0 0 0 0 3.00208 3.00394 0.10566 98.0132 -185.417 1000 0
323 1
1 13 0 0 0 0 0 0 4.57965 4.58087 0.10566 50.0608 -58.0814 1000 0
324 1
1 13 0 0 0 0 0 0 4.77675 4.77792 0.10566 -39.2598 -50.2755 1000 0
325 1
1 13 0 0 0 0 0 0 3.27909 3.28079 0.10566 95.2454 -174.401 1000 0
326 1
1 13 0 0 0 0 0 0 4.63405 4.63525 0.10566 153.118 -35.4395 1000 0
327 1
1 13 0 0 0 0 0 0 3.10556 3.10735 0.10566 -8.5617 -86.0113 1000 0
328 1
1 13 0 0 0 0 0 0 4.08687 4.08824 0.10566 -183.198 -68.8142 1000 0
329 1
1 13 0 0 0 0 0 0 3.654 3.65552 0.10566 68.4892 -102.746 1000 0
330 1
1 13 0 0 0 0 0 0 3.67257 3.67409 0.10566 -21.701 -153.165 1000 0
331 1
1 13 0 0 0 0 0 0 3.43004 3.43167 0.10566 -159.736 -114.143 1000 0
332 1
1 13 0 0 0 0 0 0 3.02726 3.0291 0.10566 20.8058 -93.463 1000 0
333 1
1 13 0 0 0 0 0 0 3.10103 3.10283 0.10566 176.98 -56.5461 1000 0
334 1
1 13 0 0 0 0 0 0 3.93154 3.93296 0.10566 186.066 -178.65 1000 0
335 1
1 13 0 0 0 0 0 0 3.3997 3.40134 0.10566 -64.7859 -144.423 1000 0
336 1
1 13 0 0 0 0 0 0 3.70458 3.70608 0.10566 115.693 -93.7497 1000 0
337 1
1 13 0 0 0 0 0 0 3.80322 3.80469 0.10566 136.199 -31.3728 1000 0
338 1
1 13 0 0 0 0 0 0 4.55257 4.5538 0.10566 36.6833 -174.838 1000 0
339 1
1 13 0 0 0 0 0 0 4.39014 4.39141 0.10566 140.922 -109.119 1000 0
340 1
1 13 0 0 0 0 0 0 4.02667 4.02805 0.10566 -92.1179 -185.331 1000 0
341 1
1 13 0 0 0 0 0 0 4.992 4.99312 0.10566 -64.6487 -169 1000 0
342 1
1 13 0 0 0 0 0 0 3.33941 3.34108 0.10566 100.299 -54.7137 1000 0
343 1
1 13 0 0 0 0 0 0 4.39755 4.39882 0.10566 -86.187 -56.3896 1000 0
344 1
1 13 0 0 0 0 0 0 3.37448 3.37613 0.10566 137.004 -139.265 1000 0
345 1
1 13 0 0 0 0 0 0 3.61468 3.61622 0.10566 126.483 -91.481 1000 0
346 1
1 13 0 0 0 0 0 0 3.15264 3.15441 0.10566 -66.0356 -146.702 1000 0
347 1
1 13 0 0 0 0 0 0 4.16001 4.16135 0.10566 0.304193 -114.331 1000 0
348 1
1 13 0 0 0 0 0 0 4.10014 4.1015 0.10566 3.19527 -124.019 1000 0
349 1
1 13 0 0 0 0 0 0 3.17937 3.18113 0.10566 -8.48202 -102.561 1000 0
350 1
1 13 0 0 0 0 0 0 3.30924 3.31092 0.10566 53.9482 -172.353 1000 0
351 1
1 13 0 0 0 0 0 0 3.54255 3.54413 0.10566 -170.511 -159.463 1000 0
352 1
1 13 0 0 0 0 0 0 4.73125 4.73243 0.10566 -16.5469 -51.3407 1000 0
353 1
1 13 0 0 0 0 0 0 3.92143 3.92286 0.10566 169.646 -140.946 1000 0
354 1
1 13 0 0 0 0 0 0 4.10368 4.10504 0.10566 165.879 -107.659 1000 0
355 1
1 13 0 0 0 0 0 0 4.72139 4.72257 0.10566 109.788 -110.25 1000 0
356 1
1 13 0 0 0 0 0 0 3.92871 3.93013 0.10566 138.861 -64.7266 1000 0
357 1
1 13 0 0 0 0 0 0 4.18045 4.18179 0.10566 -152.749 -184.663 1000 0
358 1
1 13 0 0 0 0 0 0 3.41773 3.41936 0.10566 20.2739 -74.2334 1000 0
359 1
1 13 0 0 0 0 0 0 4.29782 4.29912 0.10566 -2.63775 -69.9197 1000 0
360 1
1 13 0 0 0 0 0 0 3.69496 3.69647 0.10566 163.551 -51.2428 1000 0
361 1
1 13 0 0 0 0 0 0 3.35741 3.35907 0.10566 -74.133 -193.56 1000 0
362 1
1 13 0 0 0 0 0 0 3.15699 3.15875 0.10566 -195.559 -158.602 1000 0
363 1
1 13 0 0 0 0 0 0 3.51645 3.51804 0.10566 -97.8211 -166.249 1000 0
364 1
1 13 0 0 0 0 0 0 4.56604 4.56726 0.10566 -88.0232 -199.625 1000 0
365 1
1 13 0 0 0 0 0 0 3.9008 3.90224 0.10566 164.783 -56.8506 1000 0
366 1
1 13 0 0 0 0 0 0 3.14322 3.14499 0.10566 -146.822 -85.3023 1000 0
367 1
1 13 0 0 0 0 0 0 3.59876 3.60031 0.10566 -194.069 -178.889 1000 0
368 1
1 13 0 0 0 0 0 0 3.10033 3.10213 0.10566 19.1234 -63.1324 1000 0
369 1
1 13 0 0 0 0 0 0 3.41099 3.41262 0.10566 -52.0549 -13.3546 1000 0
370 1
1 13 0 0 0 0 0 0 4.83723 4.83838 0.10566 -180.137 -85.8556 1000 0
371 1
1 13 0 0 0 0 0 0 4.8517 4.85285 0.10566 55.3239 -86.7031 1000 0
372 1
1 13 0 0 0 0 0 0 4.92597 4.92711 0.10566 46.3447 -182.91 1000 0
373 1
1 13 0 0 0 0 0 0 3.01275 3.0146 0.10566 173.514 -192.55 1000 0
374 1
1 13 0 0 0 0 0 0 3.80142 3.80288 0.10566 2.41711 -42.7725 1000 0
375 1
1 13 0 0 0 0 0 0 4.8757 4.87685 0.10566 -62.6476 -41.1948 1000 0
376 1
1 13 0 0 0 0 0 0 3.28453 3.28623 0.10566 -145.638 -105.144 1000 0
377 1
1 13 0 0 0 0 0 0 3.53251 3.53409 0.10566 -168.774 -43.7813 1000 0
378 1
1 13 0 0 0 0 0 0 4.15246 4.15381 0.10566 184.048 -123.204 1000 0
379 1
1 13 0 0 0 0 0 0 3.82346 3.82492 0.10566 -164.959 -33.9233 1000 0
380 1
1 13 0 0 0 0 0 0 4.08274 4.0841 0.10566 -187.565 -173.713 1000 0
381 1
1 13 0 0 0 0 0 0 3.29756 3.29925 0.10566 -36.1433 -150.026 1000 0
382 1
1 13 0 0 0 0 0 0 3.74967 3.75116 0.10566 -128.529 -178.163 1000 0
383 1
1 13 0 0 0 0 0 0 3.2994 3.30109 0.10566 128.438 -178.085 1000 0
384 1
1 13 0 0 0 0 0 0 3.33773 3.33941 0.10566 86.719 -128.557 1000 0
385 1
1 13 0 0 0 0 0 0 4.18468 4.18602 0.10566 112.802 -20.5509 1000 0
386 1
1 13 0 0 0 0 0 0 4.15141 4.15276 0.10566 160.305 -124.741 1000 0
387 1
1 13 0 0 0 0 0 0 3.73502 3.73651 0.10566 53.9318 -66.311 1000 0
388 1
1 13 0 0 0 0 0 0 4.99295 4.99407 0.10566 61.7743 -82.5228 1000 0
389 1
1 13 0 0 0 0 0 0 4.39371 4.39498 0.10566 111.62 -65.782 1000 0
390 1
1 13 0 0 0 0 0 0 3.9319 3.93332 0.10566 12.9854 -81.4736 1000 0
391 1
1 13 0 0 0 0 0 0 4.15059 4.15193 0.10566 55.8084 -2.63218 1000 0
392 1
1 13 0 0 0 0 0 0 3.76139 3.76287 0.10566 163.409 -3.98705 1000 0
393 1
1 13 0 0 0 0 0 0 3.93245 3.93387 0.10566 -20.5891 -178.911 1000 0
394 1
1 13 0 0 0 0 0 0 4.84089 4.84205 0.10566 -34.1682 -176.674 1000 0
395 1
1 13 0 0 0 0 0 0 3.04204 3.04388 0.10566 143.945 -80.7507 1000 0
396 1
1 13 0 0 0 0 0 0 4.51114 4.51238 0.10566 -7.14437 -198.285 1000 0
397 1
1 13 0 0 0 0 0 0 4.67708 4.67827 0.10566 111.74 -154.078 1000 0
398 1
1 13 0 0 0 0 0 0 3.92457 3.92599 0.10566 15.3374 -73.3331 1000 0
399 1
1 13 0 0 0 0 0 0 3.41485 3.41648 0.10566 111.886 -69.4536 1000 0
400 1
1 13 0 0 0 0 0 0 4.40736 4.40862 0.10566 -72.3515 -85.7722 1000 0
401 1
1 13 0 0 0 0 0 0 3.74602 3.74751 0.10566 -41.6231 -63.6853 1000 0
402 1
1 13 0 0 0 0 0 0 3.20332 3.20506 0.10566 -41.7455 -28.7331 1000 0
403 1
1 13 0 0 0 0 0 0 4.35591 4.35719 0.10566 35.3725 -78.3824 1000 0
404 1
1 13 0 0 0 0 0 0 4.26811 4.26942 0.10566 116.789 -62.3152 1000 0
405 1
1 13 0 0 0 0 0 0 3.60525 3.6068 0.10566 -95.2377 -63.909 1000 0
406 1
1 13 0 0 0 0 0 0 4.83722 4.83837 0.10566 10.4487 -34.7874 1000 0
407 1
1 13 0 0 0 0 0 0 3.18328 3.18504 0.10566 149.934 -34.9367 1000 0
408 1
1 13 0 0 0 0 0 0 3.52748 3.52907 0.10566 -83.9109 -24.6966 1000 0
409 1
1 13 0 0 0 0 0 0 4.19961 4.20094 0.10566 18.0435 -57.7784 1000 0
410 1
1 13 0 0 0 0 0 0 3.45574 3.45736 0.10566 66.3272 -64.2306 1000 0
411 1
1 13 0 0 0 0 0 0 4.35786 4.35914 0.10566 -45.0077 -11.316 1000 0
412 1
1 13 0 0 0 0 0 0 3.23934 3.24106 0.10566 112.277 -38.0725 1000 0
413 1
1 13 0 0 0 0 0 0 3.22153 3.22326 0.10566 173.845 -99.766 1000 0
414 1
1 13 0 0 0 0 0 0 3.12437 3.12616 0.10566 -167.134 -41.8681 1000 0
415 1
1 13 0 0 0 0 0 0 3.35822 3.35988 0.10566 86.7174 -121.474 1000 0
416 1
1 13 0 0 0 0 0 0 3.86855 3.86999 0.10566 -122.436 -88.6897 1000 0
417 1
1 13 0 0 0 0 0 0 3.7981 3.79957 0.10566 101.487 -149.929 1000 0
418 1
1 13 0 0 0 0 0 0 4.62781 4.62901 0.10566 -18.6689 -91.9226 1000 0
419 1
1 13 0 0 0 0 0 0 4.4897 4.49094 0.10566 -121.232 -21.5856 1000 0
420 1
1 13 0 0 0 0 0 0 4.72469 4.72587 0.10566 -61.8047 -104.299 1000 0
421 1
1 13 0 0 0 0 0 0 4.54142 4.54265 0.10566 98.3103 -169.375 1000 0
422 1
1 13 0 0 0 0 0 0 4.34327 4.34455 0.10566 187.482 -89.4176 1000 0
423 1
1 13 0 0 0 0 0 0 4.36961 4.37089 0.10566 191.149 -178.608 1000 0
424 1
1 13 0 0 0 0 0 0 4.4563 4.45755 0.10566 -187.698 -123.425 1000 0
425 1
1 13 0 0 0 0 0 0 3.04885 3.05068 0.10566 -122.881 -17.5743 1000 0
426 1
1 13 0 0 0 0 0 0 4.62405 4.62526 0.10566 80.6787 -16.3473 1000 0
427 1
1 13 0 0 0 0 0 0 3.17005 3.17181 0.10566 -165.907 -95.3895 1000 0
428 1
1 13 0 0 0 0 0 0 4.18176 4.1831 0.10566 13.0062 -24.5531 1000 0
429 1
1 13 0 0 0 0 0 0 3.49787 3.49947 0.10566 -119.995 -172.33 1000 0
430 1
1 13 0 0 0 0 0 0 3.05512 3.05695 0.10566 101.563 -165.763 1000 0
431 1
1 13 0 0 0 0 0 0 4.98613 4.98725 0.10566 117.628 -151.723 1000 0
432 1
1 13 0 0 0 0 0 0 4.39865 4.39992 0.10566 -45.3775 -135.559 1000 0
433 1
1 13 0 0 0 0 0 0 4.04504 4.04642 0.10566 -37.911 -26.7322 1000 0
434 1
1 13 0 0 0 0 0 0 4.90811 4.90925 0.10566 -154.03 -104.609 1000 0
435 1
1 13 0 0 0 0 0 0 4.39634 4.39761 0.10566 -146.138 -170.066 1000 0
436 1
1 13 0 0 0 0 0 0 4.50796 4.5092 0.10566 115.481 -56.8306 1000 0
437 1
1 13 0 0 0 0 0 0 3.55536 3.55693 0.10566 -178.078 -117.293 1000 0
438 1
1 13 0 0 0 0 0 0 4.22004 4.22136 0.10566 25.8464 -68.9201 1000 0
439 1
1 13 0 0 0 0 0 0 3.72223 3.72373 0.10566 -91.0164 -34.1669 1000 0
440 1
1 13 0 0 0 0 0 0 3.42851 3.43014 0.10566 176.898 -1.92268 1000 0
441 1
1 13 0 0 0 0 0 0 4.71412 4.7153 0.10566 -46.8508 -148.031 1000 0
442 1
1 13 0 0 0 0 0 0 3.48275 3.48435 0.10566 189.474 -112.979 1000 0
443 1
1 13 0 0 0 0 0 0 3.34682 3.34849 0.10566 -136.887 -160.097 1000 0
444 1
1 13 0 0 0 0 0 0 4.67203 4.67322 0.10566 -180.615 -66.5351 1000 0
445 1
1 13 0 0 0 0 0 0 3.97245 3.97386 0.10566 -192.932 -77.5775 1000 0
446 1
1 13 0 0 0 0 0 0 4.73448 4.73565 0.10566 -124.861 -184.382 1000 0
447 1
1 13 0 0 0 0 0 0 3.54053 3.5421 0.10566 -130.745 -16.4238 1000 0
448 1
1 13 0 0 0 0 0 0 3.00186 3.00372 0.10566 129.035 -95.0662 1000 0
449 1
1 13 0 0 0 0 0 0 4.81726 4.81842 0.10566 107.097 -147.364 1000 0
450 1
1 13 0 0 0 0 0 0 3.79526 3.79673 0.10566 180.17 -124.325 1000 0
451 1
1 13 0 0 0 0 0 0 3.48639 3.48799 0.10566 -135.859 -59.4495 1000 0
452 1
1 13 0 0 0 0 0 0 3.3148 3.31648 0.10566 149.947 -39.3033 1000 0
453 1
1 13 0 0 0 0 0 0 3.75839 3.75987 0.10566 -167.538 -72.6371 1000 0
454 1
1 13 0 0 0 0 0 0 4.88345 4.88459 0.10566 -169.838 -176.704 1000 0
455 1
1 13 0 0 0 0 0 0 3.93713 3.93854 0.10566 196.199 -24.4033 1000 0
456 1
1 13 0 0 0 0 0 0 4.33078 4.33207 0.10566 113.512 -144.324 1000 0
457 1
1 13 0 0 0 0 0 0 3.7143 3.71581 0.10566 -182.269 -15.209 1000 0
458 1
1 13 0 0 0 0 0 0 4.02753 4.02891 0.10566 144.427 -30.7198 1000 0
459 1
1 13 0 0 0 0 0 0 4.54011 4.54134 0.10566 -128.206 -77.6098 1000 0
460 1
1 13 0 0 0 0 0 0 3.57616 3.57772 0.10566 -42.5308 -74.4259 1000 0
461 1
1 13 0 0 0 0 0 0 3.19622 3.19797 0.10566 0.831896 -54.6431 1000 0
462 1
1 13 0 0 0 0 0 0 4.97979 4.98091 0.10566 -27.1258 -76.436 1000 0
463 1
1 13 0 0 0 0 0 0 3.40021 3.40186 0.10566 -86.4337 -21.7138 1000 0
464 1
1 13 0 0 0 0 0 0 4.07953 4.08089 0.10566 115.387 -186.273 1000 0
465 1
1 13 0 0 0 0 0 0 4.73412 4.73529 0.10566 -125.455 -105.842 1000 0
466 1
1 13 0 0 0 0 0 0 4.99985 5.00097 0.10566 -91.4899 -110.92 1000 0
467 1
1 13 0 0 0 0 0 0 4.16441 4.16575 0.10566 -17.5714 -163.737 1000 0
468 1
1 13 0 0 0 0 0 0 3.38212 3.38377 0.10566 2.20775 -164.763 1000 0
469 1
1 13 0 0 0 0 0 0 4.09045 4.09181 0.10566 -0.492255 -118.786 1000 0
470 1
1 13 0 0 0 0 0 0 3.00689 3.00874 0.10566 145.435 -30.1104 1000 0
471 1
1 13 0 0 0 0 0 0 4.71246 4.71364 0.10566 -18.2093 -31.9659 1000 0
472 1
1 13 0 0 0 0 0 0 4.46056 4.46182 0.10566 143.328 -3.81902 1000 0
473 1
1 13 0 0 0 0 0 0 3.36374 3.3654 0.10566 -35.6347 -112.395 1000 0
474 1
1 13 0 0 0 0 0 0 4.9953 4.99642 0.10566 9.93649 -86.1072 1000 0
475 1
1 13 0 0 0 0 0 0 4.19757 4.1989 0.10566 122.322 -153.404 1000 0
476 1
1 13 0 0 0 0 0 0 4.325 4.32629 0.10566 -92.0056 -76.4486 1000 0
477 1
1 13 0 0 0 0 0 0 3.57087 3.57243 0.10566 -174.96 -61.0703 1000 0
478 1
1 13 0 0 0 0 0 0 3.22798 3.22971 0.10566 17.4197 -110.87 1000 0
479 1
1 13 0 0 0 0 0 0 3.81067 3.81214 0.10566 161.847 -96.438 1000 0
480 1
1 13 0 0 0 0 0 0 3.10108 3.10288 0.10566 -130.132 -155.727 1000 0
481 1
1 13 0 0 0 0 0 0 4.49587 4.49711 0.10566 -11.5585 -168.021 1000 0
482 1
1 13 0 0 0 0 0 0 4.98985 4.99097 0.10566 -132.332 -169.051 1000 0
483 1
1 13 0 0 0 0 0 0 4.67643 4.67763 0.10566 -103.691 -85.6373 1000 0
484 1
1 13 0 0 0 0 0 0 4.1865 4.18783 0.10566 -83.6985 -131.421 1000 0
485 1
1 13 0 0 0 0 0 0 3.78955 3.79103 0.10566 199.914 -138.023 1000 0
486 1
1 13 0 0 0 0 0 0 4.43282 4.43408 0.10566 16.4606 -108.656 1000 0
487 1
1 13 0 0 0 0 0 0 4.99647 4.99759 0.10566 105.385 -160.89 1000 0
488 1
1 13 0 0 0 0 0 0 3.45879 3.4604 0.10566 -161.245 -104.538 1000 0
489 1
1 13 0 0 0 0 0 0 4.98599 4.98711 0.10566 -54.6207 -95.2867 1000 0
490 1
1 13 0 0 0 0 0 0 3.45778 3.45939 0.10566 187.161 -10.7698 1000 0
491 1
1 13 0 0 0 0 0 0 4.88121 4.88236 0.10566 27.58 -25.4261 1000 0
492 1
1 13 0 0 0 0 0 0 4.01669 4.01808 0.10566 18.5167 -199.998 1000 0
493 1
1 13 0 0 0 0 0 0 4.21205 4.21337 0.10566 122.602 -93.2432 1000 0
494 1
1 13 0 0 0 0 0 0 3.30197 3.30366 0.10566 38.2258 -47.3313 1000 0
495 1
1 13 0 0 0 0 0 0 4.4611 4.46235 0.10566 -74.4479 -153.626 1000 0
496 1
1 13 0 0 0 0 0 0 4.06285 4.06423 0.10566 -176.42 -169.509 1000 0
497 1
1 13 0 0 0 0 0 0 3.77633 3.77781 0.10566 182.678 -167.674 1000 0
498 1
1 13 0 0 0 0 0 0 4.57822 4.57944 0.10566 -100.537 -74.7562 1000 0
499 1
1 13 0 0 0 0 0 0 3.70196 3.70347 0.10566 133.425 -178.165 1000 0
500 1
1 13 0 0 0 0 0 0 4.11342 4.11478 0.10566 -142.47 -128.136 1000 0
501 1
1 13 0 0 0 0 0 0 3.27334 3.27504 0.10566 84.2496 -176.568 1000 0
502 1
1 13 0 0 0 0 0 0 3.27247 3.27418 0.10566 -143.253 -95.2908 1000 0
503 1
1 13 0 0 0 0 0 0 4.82121 4.82237 0.10566 30.6533 -75.6574 1000 0
504 1
1 13 0 0 0 0 0 0 3.35954 3.3612 0.10566 146.381 -110.698 1000 0
505 1
1 13 0 0 0 0 0 0 3.56743 3.56899 0.10566 70.9236 -129.45 1000 0
506 1
1 13 0 0 0 0 0 0 3.86281 3.86426 0.10566 -31.314 -3.66589 1000 0
507 1
1 13 0 0 0 0 0 0 4.01702 4.01841 0.10566 -49.054 -70.4536 1000 0
508 1
1 13 0 0 0 0 0 0 4.12388 4.12524 0.10566 55.4996 -100.303 1000 0
509 1
1 13 0 0 0 0 0 0 3.6725 3.67402 0.10566 -83.3549 -194.535 1000 0
510 1
1 13 0 0 0 0 0 0 3.23289 3.23461 0.10566 -45.024 -5.74875 1000 0
511 1
1 13 0 0 0 0 0 0 3.18634 3.18809 0.10566 170.172 -145.864 1000 0
512 1
1 13 0 0 0 0 0 0 3.85607 3.85752 0.10566 28.4319 -7.11636 1000 0
513 1
1 13 0 0 0 0 0 0 4.93196 4.93309 0.10566 -81.1673 -93.3439 1000 0
514 1
1 13 0 0 0 0 0 0 4.12825 4.1296 0.10566 153.655 -2.56936 1000 0
515 1
1 13 0 0 0 0 0 0 3.80638 3.80784 0.10566 157.432 -94.4682 1000 0
516 1
1 13 0 0 0 0 0 0 3.95283 3.95425 0.10566 197.01 -111.334 1000 0
517 1
1 13 0 0 0 0 0 0 3.48543 3.48703 0.10566 -126.363 -190.931 1000 0
518 1
1 13 0 0 0 0 0 0 3.04053 3.04237 0.10566 132.802 -196.181 1000 0
519 1
1 13 0 0 0 0 0 0 4.30345 4.30475 0.10566 -103.525 -133.442 1000 0
520 1
1 13 0 0 0 0 0 0 3.71281 3.71431 0.10566 35.2705 -58.3551 1000 0
521 1
1 13 0 0 0 0 0 0 3.192 3.19374 0.10566 195.881 -28.7843 1000 0
522 1
1 13 0 0 0 0 0 0 3.07445 3.07627 0.10566 -195.144 -62.0009 1000 0
523 1
1 13 0 0 0 0 0 0 4.70045 4.70164 0.10566 57.6235 -33.407 1000 0
524 1
1 13 0 0 0 0 0 0 4.92602 4.92716 0.10566 197.352 -164.854 1000 0
525 1
1 13 0 0 0 0 0 0 3.83288 3.83434 0.10566 189.3 -11.0941 1000 0
526 1
1 13 0 0 0 0 0 0 3.15508 3.15685 0.10566 -139.018 -177.848 1000 0
527 1
1 13 0 0 0 0 0 0 4.51094 4.51218 0.10566 199.251 -199.369 1000 0
528 1
1 13 0 0 0 0 0 0 3.76393 3.76541 0.10566 110.572 -122.63 1000 0
529 1
1 13 0 0 0 0 0 0 4.85639 4.85754 0.10566 -62.8967 -159.628 1000 0
530 1
1 13 0 0 0 0 0 0 4.45903 4.46028 0.10566 -71.0494 -30.866 1000 0
531 1
1 13 0 0 0 0 0 0 3.98158 3.98299 0.10566 151.143 -151.813 1000 0
532 1
1 13 0 0 0 0 0 0 4.17962 4.18095 0.10566 -32.5256 -104.24 1000 0
533 1
1 13 0 0 0 0 0 0 3.75137 3.75286 0.10566 55.4367 -178.676 1000 0
534 1
1 13 0 0 0 0 0 0 4.81708 4.81824 0.10566 50.4274 -175.549 1000 0
535 1
1 13 0 0 0 0 0 0 4.36772 4.369 0.10566 20.6099 -95.7602 1000 0
536 1
1 13 0 0 0 0 0 0 4.56146 4.56268 0.10566 -130.965 -41.8441 1000 0
537 1
1 13 0 0 0 0 0 0 3.1043 3.1061 0.10566 150.402 -149.308 1000 0
538 1
1 13 0 0 0 0 0 0 4.38765 4.38893 0.10566 147.126 -106.383 1000 0
539 1
1 13 0 0 0 0 0 0 3.35788 3.35954 0.10566 -169.066 -131.836 1000 0
540 1
1 13 0 0 0 0 0 0 4.86221 4.86336 0.10566 63.2527 -167.657 1000 0
541 1
1 13 0 0 0 0 0 0 4.5897 4.59092 0.10566 -62.9642 -176.543 1000 0
542 1
1 13 0 0 0 0 0 0 3.22852 3.23025 0.10566 36.8325 -67.1472 1000 0
543 1
1 13 0 0 0 0 0 0 3.61817 3.61971 0.10566 118.742 -166.512 1000 0
544 1
1 13 0 0 0 0 0 0 4.48543 4.48667 0.10566 -161.63 -106.201 1000 0
545 1
1 13 0 0 0 0 0 0 4.56727 4.56849 0.10566 178.474 -117.139 1000 0
546 1
1 13 0 0 0 0 0 0 3.25418 3.25589 0.10566 112.295 -151.109 1000 0
547 1
1 13 0 0 0 0 0 0 4.87257 4.87371 0.10566 197.424 -132.5 1000 0
548 1
1 13 0 0 0 0 0 0 4.72351 4.72469 0.10566 -124.759 -88.5347 1000 0
549 1
1 13 0 0 0 0 0 0 3.46723 3.46884 0.10566 33.3799 -123.474 1000 0
550 1
1 13 0 0 0 0 0 0 3.51029 3.51188 0.10566 -10.6431 -8.83251 1000 0
551 1
1 13 0 0 0 0 0 0 3.30304 3.30473 0.10566 132.415 -71.1706 1000 0
552 1
1 13 0 0 0 0 0 0 3.48577 3.48737 0.10566 148.192 -165.59 1000 0
553 1
1 13 0 0 0 0 0 0 4.05728 4.05866 0.10566 9.31071 -123.839 1000 0
554 1
1 13 0 0 0 0 0 0 3.76191 3.7634 0.10566 -143.115 -151.141 1000 0
555 1
1 13 0 0 0 0 0 0 4.20569 4.20701 0.10566 189.619 -172.852 1000 0
556 1
1 13 0 0 0 0 0 0 4.13463 4.13598 0.10566 19.2976 -104.616 1000 0
557 1
1 13 0 0 0 0 0 0 4.1186 4.11996 0.10566 90.0622 -79.4568 1000 0
558 1
1 13 0 0 0 0 0 0 3.76839 3.76987 0.10566 100.68 -87.2966 1000 0
559 1
1 13 0 0 0 0 0 0 3.05363 3.05546 0.10566 -20.4833 -12.1765 1000 0
560 1
1 13 0 0 0 0 0 0 3.36237 3.36403 0.10566 160.43 -21.2536 1000 0
561 1
1 13 0 0 0 0 0 0 4.55305 4.55427 0.10566 147.062 -117.882 1000 0
562 1
1 13 0 0 0 0 0 0 3.06693 3.06875 0.10566 168.922 -48.5199 1000 0
563 1
1 13 0 0 0 0 0 0 4.87529 4.87643 0.10566 -70.9024 -63.3987 1000 0
564 1
1 13 0 0 0 0 0 0 4.65693 4.65813 0.10566 160.368 -8.61431 1000 0
565 1
1 13 0 0 0 0 0 0 4.36168 4.36296 0.10566 110.988 -105.114 1000 0
566 1
1 13 0 0 0 0 0 0 3.80137 3.80284 0.10566 -3.84965 -112.377 1000 0
567 1
1 13 0 0 0 0 0 0 3.03315 3.03499 0.10566 19.7785 -112.402 1000 0
568 1
1 13 0 0 0 0 0 0 4.38141 4.38268 0.10566 -122.387 -12.7584 1000 0
569 1
1 13 0 0 0 0 0 0 4.23081 4.23213 0.10566 132.12 -26.0818 1000 0
570 1
1 13 0 0 0 0 0 0 3.03654 3.03837 0.10566 -30.5986 -75.9038 1000 0
571 1
1 13 0 0 0 0 0 0 3.35141 3.35308 0.10566 -43.0291 -16.0614 1000 0
572 1
1 13 0 0 0 0 0 0 4.62392 4.62513 0.10566 -10.4957 -84.8938 1000 0
573 1
1 13 0 0 0 0 0 0 3.61497 3.61651 0.10566 -198.945 -26.2408 1000 0
574 1
1 13 0 0 0 0 0 0 4.34501 4.34629 0.10566 60.8487 -129.358 1000 0
575 1
1 13 0 0 0 0 0 0 3.6046 3.60615 0.10566 19.6694 -172.479 1000 0
576 1
1 13 0 0 0 0 0 0 4.06145 4.06282 0.10566 -31.6049 -157.361 1000 0
577 1
1 13 0 0 0 0 0 0 3.19733 3.19907 0.10566 -142.82 -98.6717 1000 0
578 1
1 13 0 0 0 0 0 0 4.78902 4.79018 0.10566 62.2264 -66.2795 1000 0
579 1
1 13 0 0 0 0 0 0 4.1617 4.16305 0.10566 -191.32 -185.721 1000 0
580 1
1 13 0 0 0 0 0 0 3.09413 3.09594 0.10566 -4.12956 -51.0758 1000 0
581 1
1 13 0 0 0 0 0 0 3.26851 3.27022 0.10566 127.511 -49.2358 1000 0
582 1
1 13 0 0 0 0 0 0 4.4088 4.41007 0.10566 178.032 -20.7912 1000 0
583 1
1 13 0 0 0 0 0 0 4.22419 4.22551 0.10566 54.908 -99.4686 1000 0
584 1
1 13 0 0 0 0 0 0 3.33502 3.33669 0.10566 51.6569 -41.2033 1000 0
585 1
1 13 0 0 0 0 0 0 4.13352 4.13487 0.10566 160.956 -104.045 1000 0
586 1
1 13 0 0 0 0 0 0 3.6383 3.63983 0.10566 -5.26695 -180.174 1000 0
587 1
1 13 0 0 0 0 0 0 3.63717 3.6387 0.10566 7.71427 -16.4346 1000 0
588 1
1 13 0 0 0 0 0 0 4.87824 4.87938 0.10566 181.039 -54.004 1000 0
589 1
1 13 0 0 0 0 0 0 3.56689 3.56845 0.10566 11.8161 -133.401 1000 0
590 1
1 13 0 0 0 0 0 0 4.68081 4.68201 0.10566 144.003 -169.061 1000 0
591 1
1 13 0 0 0 0 0 0 4.35788 4.35916 0.10566 -60.7105 -67.9454 1000 0
592 1
1 13 0 0 0 0 0 0 4.16665 4.16799 0.10566 72.2109 -180.2 1000 0
593 1
1 13 0 0 0 0 0 0 3.54473 3.5463 0.10566 95.4286 -162.954 1000 0
594 1
1 13 0 0 0 0 0 0 4.20261 4.20394 0.10566 -170.288 -186.728 1000 0
595 1
1 13 0 0 0 0 0 0 3.60731 3.60885 0.10566 -123.898 -186.86 1000 0
596 1
1 13 0 0 0 0 0 0 4.57024 4.57146 0.10566 -25.0526 -123.868 1000 0
597 1
1 13 0 0 0 0 0 0 4.72915 4.73033 0.10566 191.134 -36.056 1000 0
598 1
1 13 0 0 0 0 0 0 3.47531 3.47692 0.10566 -60.0915 -151.669 1000 0
599 1
1 13 0 0 0 0 0 0 4.21709 4.21842 0.10566 -194.176 -63.3677 1000 0
600 1
1 13 0 0 0 0 0 0 4.32273 4.32402 0.10566 -47.0632 -82.8 1000 0
601 1
1 13 0 0 0 0 0 0 3.64632 3.64785 0.10566 94.4942 -158.139 1000 0
602 1
1 13 0 0 0 0 0 0 3.04873 3.05057 0.10566 142.992 -154.433 1000 0
603 1
1 13 0 0 0 0 0 0 3.39355 3.39519 0.10566 -120.833 -61.8739 1000 0
604 1
1 13 0 0 0 0 0 0 4.80418 4.80534 0.10566 -105.552 -49.7008 1000 0
605 1
1 13 0 0 0 0 0 0 4.65815 4.65935 0.10566 181.847 -11.0353 1000 0
606 1
1 13 0 0 0 0 0 0 3.03244 3.03428 0.10566 129.022 -43.3683 1000 0
607 1
1 13 0 0 0 0 0 0 3.64572 3.64725 0.10566 78.3733 -166.572 1000 0
608 1
1 13 0 0 0 0 0 0 3.2822 3.2839 0.10566 -38.1589 -11.6248 1000 0
609 1
1 13 0 0 0 0 0 0 3.44988 3.4515 0.10566 41.9719 -128.132 1000 0
610 1
1 13 0 0 0 0 0 0 4.47073 4.47198 0.10566 -81.0509 -160.801 1000 0
611 1
1 13 0 0 0 0 0 0 4.92881 4.92995 0.10566 18.2749 -182.77 1000 0
612 1
1 13 0 0 0 0 0 0 4.58717 4.58838 0.10566 -146.657 -186.672 1000 0
613 1
1 13 0 0 0 0 0 0 3.15019 3.15196 0.10566 -138.851 -73.3458 1000 0
614 1
1 13 0 0 0 0 0 0 4.97624 4.97737 0.10566 120.515 -151.377 1000 0
615 1
1 13 0 0 0 0 0 0 4.37205 4.37332 0.10566 95.1093 -73.6725 1000 0
616 1
1 13 0 0 0 0 0 0 4.61416 4.61537 0.10566 89.2954 -143.936 1000 0
617 1
1 13 0 0 0 0 0 0 3.14391 3.14569 0.10566 -23.5441 -187.418 1000 0
618 1
1 13 0 0 0 0 0 0 3.39532 3.39696 0.10566 -14.7004 -174.567 1000 0
619 1
1 13 0 0 0 0 0 0 3.05494 3.05676 0.10566 -181.121 -169.222 1000 0
620 1
1 13 0 0 0 0 0 0 3.23991 3.24164 0.10566 -24.5864 -167.223 1000 0
621 1
1 13 0 0 0 0 0 0 4.22676 4.22808 0.10566 20.6047 -41.908 1000 0
622 1
1 13 0 0 0 0 0 0 4.70371 4.7049 0.10566 -137.82 -27.9084 1000 0
623 1
1 13 0 0 0 0 0 0 3.38422 3.38586 0.10566 128.247 -157.246 1000 0
624 1
1 13 0 0 0 0 0 0 3.62216 3.62371 0.10566 110.262 -9.95228 1000 0
625 1
1 13 0 0 0 0 0 0 3.91361 3.91504 0.10566 155.869 -24.1844 1000 0
626 1
1 13 0 0 0 0 0 0 4.36647 4.36774 0.10566 -85.4008 -188.865 1000 0
627 1
1 13 0 0 0 0 0 0 3.72659 3.72809 0.10566 142.497 -113.527 1000 0
628 1
1 13 0 0 0 0 0 0 4.64245 4.64365 0.10566 -139.323 -66.5569 1000 0
629 1
1 13 0 0 0 0 0 0 4.21739 4.21871 0.10566 104.437 -120.748 1000 0
630 1
1 13 0 0 0 0 0 0 3.08227 3.08408 0.10566 150.829 -199.837 1000 0
631 1
1 13 0 0 0 0 0 0 4.90941 4.91055 0.10566 -30.8776 -135.208 1000 0
632 1
1 13 0 0 0 0 0 0 3.88787 3.8893 0.10566 31.533 -191.131 1000 0
633 1
1 13 0 0 0 0 0 0 4.10877 4.11013 0.10566 -182.356 -90.7708 1000 0
634 1
1 13 0 0 0 0 0 0 3.0614 3.06322 0.10566 -114.102 -13.2747 1000 0
635 1
1 13 0 0 0 0 0 0 3.33519 3.33686 0.10566 123.473 -183.846 1000 0
636 1
1 13 0 0 0 0 0 0 3.24472 3.24644 0.10566 -28.6481 -110.372 1000 0
637 1
1 13 0 0 0 0 0 0 3.93031 3.93173 0.10566 -137.11 -191.78 1000 0
638 1
1 13 0 0 0 0 0 0 4.32429 4.32558 0.10566 4.76084 -72.9635 1000 0
639 1
1 13 0 0 0 0 0 0 4.12772 4.12907 0.10566 149.85 -157.503 1000 0
640 1
1 13 0 0 0 0 0 0 3.08675 3.08856 0.10566 -133.177 -103.475 1000 0
641 1
1 13 0 0 0 0 0 0 4.94586 4.94698 0.10566 186.824 -79.0041 1000 0
642 1
1 13 0 0 0 0 0 0 4.03255 4.03393 0.10566 4.85769 -157.604 1000 0
643 1
1 13 0 0 0 0 0 0 3.70442 3.70593 0.10566 -177.211 -75.8663 1000 0
644 1
1 13 0 0 0 0 0 0 4.51908 4.52031 0.10566 195.062 -111.53 1000 0
645 1
1 13 0 0 0 0 0 0 4.42827 4.42953 0.10566 -106.71 -19.3224 1000 0
646 1
1 13 0 0 0 0 0 0 4.55649 4.55772 0.10566 147.509 -130.12 1000 0
647 1
1 13 0 0 0 0 0 0 4.57642 4.57764 0.10566 102.172 -24.8876 1000 0
648 1
1 13 0 0 0 0 0 0 3.49601 3.49761 0.10566 -45.6711 -171.434 1000 0
649 1
1 13 0 0 0 0 0 0 3.00528 3.00713 0.10566 -103.349 -168.992 1000 0
650 1
1 13 0 0 0 0 0 0 4.20674 4.20806 0.10566 -173.268 -17.0303 1000 0
651 1
1 13 0 0 0 0 0 0 4.94727 4.9484 0.10566 123.809 -140.43 1000 0
652 1
1 13 0 0 0 0 0 0 4.43217 4.43343 0.10566 -65.8005 -27.0718 1000 0
653 1
1 13 0 0 0 0 0 0 4.73196 4.73314 0.10566 -35.5119 -191.627 1000 0
654 1
1 13 0 0 0 0 0 0 4.9947 4.99582 0.10566 -78.3682 -103.133 1000 0
655 1
1 13 0 0 0 0 0 0 3.73242 3.73392 0.10566 -55.4346 -138.356 1000 0
656 1
1 13 0 0 0 0 0 0 3.41935 3.42098 0.10566 -139.782 -197.977 1000 0
657 1
1 13 0 0 0 0 0 0 3.8533 3.85475 0.10566 33.084 -185.593 1000 0
658 1
1 13 0 0 0 0 0 0 3.63715 3.63868 0.10566 -129.741 -71.2863 1000 0
659 1
1 13 0 0 0 0 0 0 3.37114 3.37279 0.10566 190.919 -36.1398 1000 0
660 1
1 13 0 0 0 0 0 0 4.34143 4.34272 0.10566 -23.0269 -199.13 1000 0
661 1
1 13 0 0 0 0 0 0 3.19909 3.20083 0.10566 -190.103 -35.4759 1000 0
662 1
1 13 0 0 0 0 0 0 4.77259 4.77376 0.10566 -87.9308 -143.151 1000 0
663 1
1 13 0 0 0 0 0 0 3.64833 3.64986 0.10566 86.9675 -121.965 1000 0
664 1
1 13 0 0 0 0 0 0 4.48805 4.48929 0.10566 -64.634 -159.495 1000 0
665 1
1 13 0 0 0 0 0 0 3.60736 3.6089 0.10566 -83.97 -34.0457 1000 0
666 1
1 13 0 0 0 0 0 0 3.69294 3.69445 0.10566 -63.7435 -49.2051 1000 0
667 1
1 13 0 0 0 0 0 0 4.66934 4.67053 0.10566 -172.496 -26.6635 1000 0
668 1
1 13 0 0 0 0 0 0 3.46314 3.46475 0.10566 115.66 -137.297 1000 0
669 1
1 13 0 0 0 0 0 0 3.81534 3.81681 0.10566 -166.493 -147.881 1000 0
670 1
1 13 0 0 0 0 0 0 3.92008 3.9215 0.10566 -119.353 -107.777 1000 0
671 1
1 13 0 0 0 0 0 0 3.24159 3.24331 0.10566 -0.0800034 -85.7733 1000 0
672 1
1 13 0 0 0 0 0 0 4.056 4.05737 0.10566 -95.6065 -6.54671 1000 0
673 1
1 13 0 0 0 0 0 0 4.90959 4.91072 0.10566 -160.381 -118.563 1000 0
674 1
1 13 0 0 0 0 0 0 4.30278 4.30408 0.10566 7.13468 -71.4525 1000 0
675 1
1 13 0 0 0 0 0 0 3.46008 3.46169 0.10566 -25.6441 -187.774 1000 0
676 1
1 13 0 0 0 0 0 0 4.46507 4.46632 0.10566 23.0509 -44.4066 1000 0
677 1
1 13 0 0 0 0 0 0 4.99675 4.99787 0.10566 -174.22 -96.6058 1000 0
678 1
1 13 0 0 0 0 0 0 4.50136 4.5026 0.10566 35.4732 -13.3655 1000 0
679 1
1 13 0 0 0 0 0 0 4.1721 4.17344 0.10566 -78.2518 -170.895 1000 0
680 1
1 13 0 0 0 0 0 0 3.74329 3.74478 0.10566 164.562 -157.507 1000 0
681 1
1 13 0 0 0 0 0 0 4.33187 4.33316 0.10566 -26.7617 -75.1042 1000 0
682 1
1 13 0 0 0 0 0 0 4.11544 4.11679 0.10566 116.95 -198.348 1000 0
683 1
1 13 0 0 0 0 0 0 4.28763 4.28893 0.10566 76.8121 -73.0317 1000 0
684 1
1 13 0 0 0 0 0 0 3.32085 3.32253 0.10566 -156.911 -174.675 1000 0
685 1
1 13 0 0 0 0 0 0 4.8206 4.82176 0.10566 -149.838 -37.5447 1000 0
686 1
1 13 0 0 0 0 0 0 3.19248 3.19422 0.10566 35.1529 -120.01 1000 0
687 1
1 13 0 0 0 0 0 0 3.56513 3.56669 0.10566 40.8319 -157.753 1000 0
688 1
1 13 0 0 0 0 0 0 3.11105 3.11284 0.10566 133.977 -3.16988 1000 0
689 1
1 13 0 0 0 0 0 0 4.80513 4.80629 0.10566 -74.3984 -134.844 1000 0
690 1
1 13 0 0 0 0 0 0 4.9459 4.94702 0.10566 170.812 -169.481 1000 0
691 1
1 13 0 0 0 0 0 0 3.65121 3.65274 0.10566 -110.729 -187.838 1000 0
692 1
1 13 0 0 0 0 0 0 4.52211 4.52334 0.10566 -191.448 -4.83153 1000 0
693 1
1 13 0 0 0 0 0 0 3.87176 3.8732 0.10566 48.3211 -197.45 1000 0
694 1
1 13 0 0 0 0 0 0 3.10358 3.10537 0.10566 -66.4468 -95.1784 1000 0
695 1
1 13 0 0 0 0 0 0 3.97292 3.97432 0.10566 -181.213 -116.884 1000 0
696 1
1 13 0 0 0 0 0 0 4.40784 4.4091 0.10566 -99.0488 -129.39 1000 0
697 1
1 13 0 0 0 0 0 0 3.97936 3.98076 0.10566 -115.738 -69.7207 1000 0
698 1
1 13 0 0 0 0 0 0 3.19863 3.20038 0.10566 -75.8702 -89.4909 1000 0
699 1
1 13 0 0 0 0 0 0 3.3018 3.30349 0.10566 -67.2476 -64.9619 1000 0
700 1
1 13 0 0 0 0 0 0 3.3018 3.30349 0.10566 117.001 -197.362 1000 0
701 1
1 13 0 0 0 0 0 0 4.99899 5.00011 0.10566 -0.482097 -196.63 1000 0
702 1
1 13 0 0 0 0 0 0 3.28805 3.28975 0.10566 -183.52 -146.647 1000 0
703 1
1 13 0 0 0 0 0 0 4.32784 4.32913 0.10566 121.454 -143.063 1000 0
704 1
1 13 0 0 0 0 0 0 4.32555 4.32685 0.10566 -177.527 -90.6297 1000 0
705 1
1 13 0 0 0 0 0 0 4.143 4.14434 0.10566 10.8416 -11.8207 1000 0
706 1
1 13 0 0 0 0 0 0 4.20002 4.20135 0.10566 4.95093 -104.974 1000 0
707 1
1 13 0 0 0 0 0 0 3.41352 3.41516 0.10566 -177.747 -61.4098 1000 0
708 1
1 13 0 0 0 0 0 0 3.24581 3.24752 0.10566 -176.596 -50.8385 1000 0
709 1
1 13 0 0 0 0 0 0 4.63708 4.63828 0.10566 -56.6516 -199.639 1000 0
710 1
1 13 0 0 0 0 0 0 4.02826 4.02965 0.10566 12.2546 -156.217 1000 0
711 1
1 13 0 0 0 0 0 0 3.82109 3.82255 0.10566 -47.5367 -73.5457 1000 0
712 1
1 13 0 0 0 0 0 0 4.86641 4.86756 0.10566 -29.7429 -113.504 1000 0
713 1
1 13 0 0 0 0 0 0 3.07392 3.07573 0.10566 -174.006 -45.9543 1000 0
714 1
1 13 0 0 0 0 0 0 4.42727 4.42853 0.10566 66.0514 -81.0486 1000 0
715 1
1 13 0 0 0 0 0 0 4.44794 4.4492 0.10566 23.4303 -140.295 1000 0
716 1
1 13 0 0 0 0 0 0 3.71139 3.7129 0.10566 -79.362 -44.7814 1000 0
717 1
1 13 0 0 0 0 0 0 4.10559 4.10695 0.10566 -160.537 -150.495 1000 0
718 1
1 13 0 0 0 0 0 0 4.00725 4.00864 0.10566 -107.458 -82.6167 1000 0
719 1
1 13 0 0 0 0 0 0 4.3919 4.39317 0.10566 132.299 -173.099 1000 0
720 1
1 13 0 0 0 0 0 0 4.17289 4.17423 0.10566 70.6527 -26.6758 1000 0
721 1
1 13 0 0 0 0 0 0 4.79699 4.79815 0.10566 -33.9185 -114.728 1000 0
722 1
1 13 0 0 0 0 0 0 3.5466 3.54817 0.10566 146.253 -29.1458 1000 0
723 1
1 13 0 0 0 0 0 0 4.0982 4.09956 0.10566 24.6754 -47.5663 1000 0
724 1
1 13 0 0 0 0 0 0 4.79336 4.79453 0.10566 141.309 -118.647 1000 0
725 1
1 13 0 0 0 0 0 0 4.52473 4.52597 0.10566 -101.217 -3.65434 1000 0
726 1
1 13 0 0 0 0 0 0 3.92231 3.92374 0.10566 -99.3358 -72.4205 1000 0
727 1
1 13 0 0 0 0 0 0 4.25896 4.26027 0.10566 172.446 -0.00416371 1000 0
728 1
1 13 0 0 0 0 0 0 3.41153 3.41316 0.10566 -87.0109 -97.8027 1000 0
729 1
1 13 0 0 0 0 0 0 4.33856 4.33984 0.10566 -166.464 -102.502 1000 0
730 1
1 13 0 0 0 0 0 0 4.2061 4.20742 0.10566 170.371 -136.635 1000 0
731 1
1 13 0 0 0 0 0 0 3.69242 3.69393 0.10566 36.3426 -43.9348 1000 0
732 1
1 13 0 0 0 0 0 0 4.50396 4.5052 0.10566 -72.0011 -95.4254 1000 0
733 1
1 13 0 0 0 0 0 0 4.13483 4.13618 0.10566 53.8565 -28.0769 1000 0
734 1
1 13 0 0 0 0 0 0 4.14142 4.14277 0.10566 -158.668 -13.8136 1000 0
735 1
1 13 0 0 0 0 0 0 3.05098 3.05281 0.10566 -20.4524 -157.564 1000 0
736 1
1 13 0 0 0 0 0 0 3.14608 3.14786 0.10566 -125.694 -26.9028 1000 0
737 1
1 13 0 0 0 0 0 0 3.62918 3.63072 0.10566 180.418 -40.8539 1000 0
738 1
1 13 0 0 0 0 0 0 4.71716 4.71835 0.10566 50.8589 -198.362 1000 0
739 1
1 13 0 0 0 0 0 0 3.81045 3.81192 0.10566 186.444 -20.3703 1000 0
740 1
1 13 0 0 0 0 0 0 4.87447 4.87562 0.10566 182.669 -179.767 1000 0
741 1
1 13 0 0 0 0 0 0 3.66446 3.66599 0.10566 -185.035 -164.185 1000 0
742 1
1 13 0 0 0 0 0 0 4.88953 4.89067 0.10566 -176.301 -24.0226 1000 0
743 1
1 13 0 0 0 0 0 0 4.67065 4.67185 0.10566 -196.683 -37.3735 1000 0
744 1
1 13 0 0 0 0 0 0 3.68146 3.68297 0.10566 147.165 -75.769 1000 0
745 1
1 13 0 0 0 0 0 0 3.43799 3.43961 0.10566 -130.966 -59.7934 1000 0
746 1
1 13 0 0 0 0 0 0 4.12895 4.13031 0.10566 48.1076 -185.765 1000 0
747 1
1 13 0 0 0 0 0 0 3.38695 3.38859 0.10566 -56.9282 -69.4872 1000 0
748 1
1 13 0 0 0 0 0 0 4.22287 4.22419 0.10566 61.0256 -144.07 1000 0
749 1
1 13 0 0 0 0 0 0 3.61405 3.6156 0.10566 -128.428 -41.9039 1000 0
750 1
1 13 0 0 0 0 0 0 4.35113 4.35242 0.10566 -85.8089 -48.4729 1000 0
751 1
1 13 0 0 0 0 0 0 3.60951 3.61106 0.10566 84.1462 -44.8765 1000 0
752 1
1 13 0 0 0 0 0 0 4.66932 4.67052 0.10566 -39.2438 -130.893 1000 0
753 1
1 13 0 0 0 0 0 0 3.86839 3.86983 0.10566 183.776 -197.67 1000 0
754 1
1 13 0 0 0 0 0 0 3.92357 3.92499 0.10566 -115.954 -140.167 1000 0
755 1
1 13 0 0 0 0 0 0 4.96973 4.97085 0.10566 -76.569 -86.6106 1000 0
756 1
1 13 0 0 0 0 0 0 4.83259 4.83375 0.10566 78.775 -142.897 1000 0
757 1
1 13 0 0 0 0 0 0 4.91033 4.91147 0.10566 132.964 -133.894 1000 0
758 1
1 13 0 0 0 0 0 0 3.96876 3.97016 0.10566 -134.161 -160.814 1000 0
759 1
1 13 0 0 0 0 0 0 4.74298 4.74416 0.10566 77.5526 -6.66405 1000 0
760 1
1 13 0 0 0 0 0 0 4.33909 4.34038 0.10566 96.6353 -79.6208 1000 0
761 1
1 13 0 0 0 0 0 0 4.05502 4.0564 0.10566 -66.0591 -54.4905 1000 0
762 1
1 13 0 0 0 0 0 0 4.74278 4.74395 0.10566 -150.984 -38.7046 1000 0
763 1
1 13 0 0 0 0 0 0 3.05838 3.06021 0.10566 133.37 -163.514 1000 0
764 1
1 13 0 0 0 0 0 0 3.96414 3.96555 0.10566 -175.193 -172.983 1000 0
765 1
1 13 0 0 0 0 0 0 3.81072 3.81218 0.10566 -148.333 -195.289 1000 0
766 1
1 13 0 0 0 0 0 0 4.2577 4.25901 0.10566 105.722 -122.749 1000 0
767 1
1 13 0 0 0 0 0 0 3.72129 3.72279 0.10566 158.216 -93.3799 1000 0
768 1
1 13 0 0 0 0 0 0 4.40022 4.40149 0.10566 18.3813 -22.5712 1000 0
769 1
1 13 0 0 0 0 0 0 3.93965 3.94107 0.10566 -68.7545 -23.6306 1000 0
770 1
1 13 0 0 0 0 0 0 4.80037 4.80153 0.10566 125.847 -43.8017 1000 0
771 1
1 13 0 0 0 0 0 0 4.71403 4.71521 0.10566 -153.071 -45.5714 1000 0
772 1
1 13 0 0 0 0 0 0 4.35096 4.35224 0.10566 90.9171 -123.464 1000 0
773 1
1 13 0 0 0 0 0 0 4.92598 4.92712 0.10566 90.272 -37.8416 1000 0
774 1
1 13 0 0 0 0 0 0 3.11026 3.11206 0.10566 -12.7066 -46.4646 1000 0
775 1
1 13 0 0 0 0 0 0 3.29726 3.29895 0.10566 -184.726 -159.638 1000 0
776 1
1 13 0 0 0 0 0 0 3.4256 3.42723 0.10566 24.7389 -153.629 1000 0
777 1
1 13 0 0 0 0 0 0 4.96943 4.97055 0.10566 81.388 -127.29 1000 0
778 1
1 13 0 0 0 0 0 0 4.95686 4.95799 0.10566 32.3429 -175.603 1000 0
779 1
1 13 0 0 0 0 0 0 3.08659 3.0884 0.10566 -140.128 -102.526 1000 0
780 1
1 13 0 0 0 0 0 0 3.77145 3.77293 0.10566 16.3057 -99.0114 1000 0
781 1
1 13 0 0 0 0 0 0 3.5838 3.58536 0.10566 -195.916 -21.4211 1000 0
782 1
1 13 0 0 0 0 0 0 3.84019 3.84164 0.10566 191.744 -54.5187 1000 0
783 1
1 13 0 0 0 0 0 0 3.37195 3.3736 0.10566 192.366 -170.583 1000 0
784 1
1 13 0 0 0 0 0 0 4.92531 4.92644 0.10566 182.228 -50.5417 1000 0
785 1
1 13 0 0 0 0 0 0 4.99453 4.99565 0.10566 45.0765 -17.1649 1000 0
786 1
1 13 0 0 0 0 0 0 3.2121 3.21383 0.10566 44.6417 -175.138 1000 0
787 1
1 13 0 0 0 0 0 0 3.72923 3.73073 0.10566 160.476 -164.703 1000 0
788 1
1 13 0 0 0 0 0 0 3.56041 3.56197 0.10566 -130.587 -77.5347 1000 0
789 1
1 13 0 0 0 0 0 0 3.01849 3.02033 0.10566 65.9549 -3.54284 1000 0
790 1
1 13 0 0 0 0 0 0 4.6562 4.6574 0.10566 190.386 -137.329 1000 0
791 1
1 13 0 0 0 0 0 0 3.69882 3.70032 0.10566 -89.123 -110.604 1000 0
792 1
1 13 0 0 0 0 0 0 4.53268 4.53391 0.10566 93.8876 -82.0535 1000 0
793 1
1 13 0 0 0 0 0 0 3.42794 3.42957 0.10566 -138.994 -24.2878 1000 0
794 1
1 13 0 0 0 0 0 0 3.26739 3.2691 0.10566 -137.172 -159.548 1000 0
795 1
1 13 0 0 0 0 0 0 4.58513 4.58635 0.10566 26.9358 -162.734 1000 0
796 1
1 13 0 0 0 0 0 0 3.85734 3.85879 0.10566 50.0695 -127.615 1000 0
797 1
1 13 0 0 0 0 0 0 3.76636 3.76785 0.10566 5.57133 -143.291 1000 0
798 1
1 13 0 0 0 0 0 0 4.85018 4.85133 0.10566 186.768 -60.7962 1000 0
799 1
1 13 0 0 0 0 0 0 3.83095 3.8324 0.10566 20.1308 -175.353 1000 0
800 1
1 13 0 0 0 0 0 0 3.52104 3.52263 0.10566 16.551 -172.549 1000 0
801 1
1 13 0 0 0 0 0 0 4.66323 4.66443 0.10566 0.679333 -65.7548 1000 0
802 1
1 13 0 0 0 0 0 0 4.20331 4.20464 0.10566 151.159 -80.34 1000 0
803 1
1 13 0 0 0 0 0 0 4.03705 4.03843 0.10566 68.9134 -87.1349 1000 0
804 1
1 13 0 0 0 0 0 0 4.61783 4.61903 0.10566 -10.6576 -150.08 1000 0
805 1
1 13 0 0 0 0 0 0 3.71013 3.71163 0.10566 97.9268 -94.3132 1000 0
806 1
1 13 0 0 0 0 0 0 4.09729 4.09865 0.10566 -52.9435 -119.972 1000 0
807 1
1 13 0 0 0 0 0 0 4.25031 4.25163 0.10566 88.1826 -73.1751 1000 0
808 1
1 13 0 0 0 0 0 0 3.76111 3.76259 0.10566 -108.302 -47.9789 1000 0
809 1
1 13 0 0 0 0 0 0 3.31281 3.3145 0.10566 -43.4422 -22.9507 1000 0
810 1
1 13 0 0 0 0 0 0 4.24097 4.24228 0.10566 98.447 -127.561 1000 0
811 1
1 13 0 0 0 0 0 0 4.8951 4.89624 0.10566 42.5081 -132.057 1000 0
812 1
1 13 0 0 0 0 0 0 3.68161 3.68313 0.10566 184.805 -180.153 1000 0
813 1
1 13 0 0 0 0 0 0 4.87191 4.87306 0.10566 171.484 -180.247 1000 0
814 1
1 13 0 0 0 0 0 0 4.68385 4.68504 0.10566 117.144 -167.008 1000 0
815 1
1 13 0 0 0 0 0 0 4.42253 4.42379 0.10566 -73.6968 -121.654 1000 0
816 1
1 13 0 0 0 0 0 0 3.48664 3.48824 0.10566 65.6164 -156.699 1000 0
817 1
1 13 0 0 0 0 0 0 3.00846 3.01032 0.10566 -80.7492 -112.265 1000 0
818 1
1 13 0 0 0 0 0 0 3.01476 3.01661 0.10566 196.894 -133.634 1000 0
819 1
1 13 0 0 0 0 0 0 4.98314 4.98426 0.10566 42.9113 -170.146 1000 0
820 1
1 13 0 0 0 0 0 0 4.93515 4.93628 0.10566 152.578 -30.7163 1000 0
821 1
1 13 0 0 0 0 0 0 4.21162 4.21294 0.10566 -40.4573 -109.217 1000 0
822 1
1 13 0 0 0 0 0 0 4.86388 4.86503 0.10566 -113.53 -91.8212 1000 0
823 1
1 13 0 0 0 0 0 0 4.27034 4.27165 0.10566 103.739 -7.37703 1000 0
824 1
1 13 0 0 0 0 0 0 4.34069 4.34198 0.10566 35.9692 -34.2381 1000 0
825 1
1 13 0 0 0 0 0 0 4.71997 4.72116 0.10566 -36.8752 -82.5838 1000 0
826 1
1 13 0 0 0 0 0 0 3.47582 3.47743 0.10566 121.015 -116.587 1000 0
827 1
1 13 0 0 0 0 0 0 4.09342 4.09479 0.10566 -0.958199 -138.334 1000 0
828 1
1 13 0 0 0 0 0 0 4.82903 4.83019 0.10566 -34.9836 -146.177 1000 0
829 1
1 13 0 0 0 0 0 0 4.29685 4.29815 0.10566 85.157 -33.0085 1000 0
830 1
1 13 0 0 0 0 0 0 4.57859 4.5798 0.10566 140.263 -10.303 1000 0
831 1
1 13 0 0 0 0 0 0 3.95619 3.9576 0.10566 -145.853 -129.671 1000 0
832 1
1 13 0 0 0 0 0 0 4.86898 4.87012 0.10566 21.576 -94.1007 1000 0
833 1
1 13 0 0 0 0 0 0 3.26009 3.2618 0.10566 62.2649 -7.54081 1000 0
834 1
1 13 0 0 0 0 0 0 3.48153 3.48313 0.10566 -14.774 -3.50828 1000 0
835 1
1 13 0 0 0 0 0 0 3.7586 3.76008 0.10566 3.92769 -146.847 1000 0
836 1
1 13 0 0 0 0 0 0 3.56962 3.57119 0.10566 -37.9275 -130.416 1000 0
837 1
1 13 0 0 0 0 0 0 3.92357 3.925 0.10566 70.4522 -7.90132 1000 0
838 1
1 13 0 0 0 0 0 0 3.65541 3.65694 0.10566 -31.8174 -97.1631 1000 0
839 1
1 13 0 0 0 0 0 0 3.92578 3.9272 0.10566 -34.0935 -185.689 1000 0
840 1
1 13 0 0 0 0 0 0 4.38455 4.38583 0.10566 -128.742 -134.028 1000 0
841 1
1 13 0 0 0 0 0 0 3.52604 3.52762 0.10566 188.983 -43.2294 1000 0
842 1
1 13 0 0 0 0 0 0 3.69706 3.69857 0.10566 -13.5421 -181.134 1000 0
843 1
1 13 0 0 0 0 0 0 4.01391 4.0153 0.10566 -48.6863 -150.953 1000 0
844 1
1 13 0 0 0 0 0 0 3.21095 3.21269 0.10566 -122.524 -139.007 1000 0
845 1
1 13 0 0 0 0 0 0 3.45532 3.45693 0.10566 -64.7248 -9.28812 1000 0
846 1
1 13 0 0 0 0 0 0 4.45537 4.45662 0.10566 160.25 -13.3386 1000 0
847 1
1 13 0 0 0 0 0 0 4.40246 4.40373 0.10566 -140.623 -35.917 1000 0
848 1
1 13 0 0 0 0 0 0 3.36344 3.3651 0.10566 -106.847 -156.355 1000 0
849 1
1 13 0 0 0 0 0 0 4.52584 4.52707 0.10566 -4.94951 -51.9535 1000 0
850 1
1 13 0 0 0 0 0 0 4.98862 4.98974 0.10566 124.295 -17.2244 1000 0
851 1
1 13 0 0 0 0 0 0 3.14616 3.14794 0.10566 80.729 -185.299 1000 0
852 1
1 13 0 0 0 0 0 0 3.08988 3.09169 0.10566 26.5669 -153.142 1000 0
853 1
1 13 0 0 0 0 0 0 4.38894 4.39021 0.10566 90.9131 -154.843 1000 0
854 1
1 13 0 0 0 0 0 0 4.86446 4.8656 0.10566 72.8503 -191.415 1000 0
855 1
1 13 0 0 0 0 0 0 4.94659 4.94772 0.10566 42.3492 -115.757 1000 0
856 1
1 13 0 0 0 0 0 0 3.77926 3.78073 0.10566 -54.9372 -55.8603 1000 0
857 1
1 13 0 0 0 0 0 0 4.64325 4.64445 0.10566 -132.6 -132.761 1000 0
858 1
1 13 0 0 0 0 0 0 3.00883 3.01069 0.10566 86.4707 -22.198 1000 0
859 1
1 13 0 0 0 0 0 0 3.86452 3.86596 0.10566 91.1364 -129.695 1000 0
860 1
1 13 0 0 0 0 0 0 3.44399 3.44561 0.10566 -53.8707 -138.986 1000 0
861 1
1 13 0 0 0 0 0 0 3.34998 3.35165 0.10566 -102.484 -183.169 1000 0
862 1
1 13 0 0 0 0 0 0 4.41951 4.42078 0.10566 -143.553 -32.6057 1000 0
863 1
1 13 0 0 0 0 0 0 3.55105 3.55262 0.10566 82.9917 -29.8056 1000 0
864 1
1 13 0 0 0 0 0 0 3.8821 3.88354 0.10566 66.4065 -76.076 1000 0
865 1
1 13 0 0 0 0 0 0 3.42124 3.42287 0.10566 -21.2116 -179.147 1000 0
866 1
1 13 0 0 0 0 0 0 4.17888 4.18022 0.10566 -199.221 -16.8773 1000 0
867 1
1 13 0 0 0 0 0 0 3.1485 3.15027 0.10566 -166.378 -79.6191 1000 0
868 1
1 13 0 0 0 0 0 0 3.68505 3.68656 0.10566 59.2773 -156.04 1000 0
869 1
1 13 0 0 0 0 0 0 3.42924 3.43086 0.10566 -166.307 -114.382 1000 0
870 1
1 13 0 0 0 0 0 0 4.79539 4.79655 0.10566 118.362 -122.187 1000 0
871 1
1 13 0 0 0 0 0 0 3.10758 3.10938 0.10566 -143.573 -104.006 1000 0
872 1
1 13 0 0 0 0 0 0 4.36986 4.37114 0.10566 16.52 -89.7111 1000 0
873 1
1 13 0 0 0 0 0 0 4.25342 4.25473 0.10566 122.313 -172.361 1000 0
874 1
1 13 0 0 0 0 0 0 3.27097 3.27267 0.10566 -85.4315 -121.537 1000 0
875 1
1 13 0 0 0 0 0 0 3.14738 3.14915 0.10566 154.554 -45.2309 1000 0
876 1
1 13 0 0 0 0 0 0 4.14852 4.14986 0.10566 -86.571 -191.328 1000 0
877 1
1 13 0 0 0 0 0 0 3.81948 3.82095 0.10566 132.22 -185.175 1000 0
878 1
1 13 0 0 0 0 0 0 4.73101 4.73219 0.10566 -153.823 -195.756 1000 0
879 1
1 13 0 0 0 0 0 0 4.66196 4.66316 0.10566 -100.644 -118.467 1000 0
880 1
1 13 0 0 0 0 0 0 4.55903 4.56025 0.10566 56.2943 -166.243 1000 0
881 1
1 13 0 0 0 0 0 0 4.63191 4.63312 0.10566 6.27819 -96.388 1000 0
882 1
1 13 0 0 0 0 0 0 3.13231 3.13409 0.10566 -130.245 -104.291 1000 0
883 1
1 13 0 0 0 0 0 0 3.64549 3.64702 0.10566 -175.943 -15.9306 1000 0
884 1
1 13 0 0 0 0 0 0 3.04694 3.04877 0.10566 -79.5204 -150.729 1000 0
885 1
1 13 0 0 0 0 0 0 4.74394 4.74511 0.10566 -85.1329 -10.7237 1000 0
886 1
1 13 0 0 0 0 0 0 4.34944 4.35072 0.10566 13.4311 -164.31 1000 0
887 1
1 13 0 0 0 0 0 0 4.72016 4.72135 0.10566 99.9271 -17.6526 1000 0
888 1
1 13 0 0 0 0 0 0 3.0357 3.03754 0.10566 65.8524 -31.3353 1000 0
889 1
1 13 0 0 0 0 0 0 4.33615 4.33743 0.10566 -130.12 -61.605 1000 0
890 1
1 13 0 0 0 0 0 0 4.70613 4.70732 0.10566 -118.577 -142.763 1000 0
891 1
1 13 0 0 0 0 0 0 4.83837 4.83952 0.10566 182.689 -62.5218 1000 0
892 1
1 13 0 0 0 0 0 0 3.9661 3.96751 0.10566 -114.611 -174.681 1000 0
893 1
1 13 0 0 0 0 0 0 4.58399 4.58521 0.10566 -59.5495 -76.8239 1000 0
894 1
1 13 0 0 0 0 0 0 4.1649 4.16624 0.10566 19.6824 -132.579 1000 0
895 1
1 13 0 0 0 0 0 0 3.94709 3.9485 0.10566 -2.481 -127.468 1000 0
896 1
1 13 0 0 0 0 0 0 3.06496 3.06678 0.10566 160.894 -193.569 1000 0
897 1
1 13 0 0 0 0 0 0 4.98016 4.98128 0.10566 90.265 -137.709 1000 0
898 1
1 13 0 0 0 0 0 0 3.66936 3.67088 0.10566 115.613 -70.7495 1000 0
899 1
1 13 0 0 0 0 0 0 3.30712 3.30881 0.10566 -76.5365 -96.8741 1000 0
900 1
1 13 0 0 0 0 0 0 4.31936 4.32065 0.10566 146.099 -111.792 1000 0
901 1
1 13 0 0 0 0 0 0 4.75116 4.75234 0.10566 -88.9076 -169.487 1000 0
902 1
1 13 0 0 0 0 0 0 4.96047 4.96159 0.10566 68.8669 -115.388 1000 0
903 1
1 13 0 0 0 0 0 0 3.4786 3.4802 0.10566 -81.9607 -121.744 1000 0
904 1
1 13 0 0 0 0 0 0 3.32062 3.3223 0.10566 165.381 -168.53 1000 0
905 1
1 13 0 0 0 0 0 0 3.34211 3.34378 0.10566 68.3305 -107.067 1000 0
906 1
1 13 0 0 0 0 0 0 4.72981 4.73099 0.10566 -111.346 -112.503 1000 0
907 1
1 13 0 0 0 0 0 0 3.41905 3.42069 0.10566 -56.1108 -189.386 1000 0
908 1
1 13 0 0 0 0 0 0 4.28066 4.28196 0.10566 103.34 -103.693 1000 0
909 1
1 13 0 0 0 0 0 0 3.88074 3.88218 0.10566 -156.843 -81.0273 1000 0
910 1
1 13 0 0 0 0 0 0 3.72531 3.72681 0.10566 -56.417 -55.2735 1000 0
911 1
1 13 0 0 0 0 0 0 4.07208 4.07345 0.10566 -117.449 -86.204 1000 0
912 1
1 13 0 0 0 0 0 0 3.25063 3.25235 0.10566 95.5275 -189.483 1000 0
913 1
1 13 0 0 0 0 0 0 4.69529 4.69648 0.10566 96.0072 -6.65435 1000 0
914 1
1 13 0 0 0 0 0 0 4.86142 4.86257 0.10566 -66.6544 -141.888 1000 0
915 1
1 13 0 0 0 0 0 0 4.56909 4.57032 0.10566 -149.47 -85.2089 1000 0
916 1
1 13 0 0 0 0 0 0 4.79576 4.79692 0.10566 31.4164 -59.7311 1000 0
917 1
1 13 0 0 0 0 0 0 4.2608 4.26211 0.10566 157.836 -114.151 1000 0
918 1
1 13 0 0 0 0 0 0 4.17696 4.17829 0.10566 -112.075 -51.8841 1000 0
919 1
1 13 0 0 0 0 0 0 4.79314 4.79431 0.10566 -53.5756 -97.8842 1000 0
920 1
1 13 0 0 0 0 0 0 4.3118 4.3131 0.10566 69.761 -69.6824 1000 0
921 1
1 13 0 0 0 0 0 0 3.3251 3.32678 0.10566 -158.223 -134.494 1000 0
922 1
1 13 0 0 0 0 0 0 4.21524 4.21656 0.10566 -146.385 -75.0197 1000 0
923 1
1 13 0 0 0 0 0 0 3.39141 3.39305 0.10566 27.7117 -57.5811 1000 0
924 1
1 13 0 0 0 0 0 0 3.94989 3.95131 0.10566 -52.6083 -66.7939 1000 0
925 1
1 13 0 0 0 0 0 0 4.95483 4.95596 0.10566 43.3317 -19.1374 1000 0
926 1
1 13 0 0 0 0 0 0 3.82033 3.82179 0.10566 82.5125 -104.037 1000 0
927 1
1 13 0 0 0 0 0 0 4.59921 4.60042 0.10566 -95.4291 -84.0381 1000 0
928 1
1 13 0 0 0 0 0 0 4.02203 4.02342 0.10566 -156.234 -92.3592 1000 0
929 1
1 13 0 0 0 0 0 0 4.62926 4.63046 0.10566 -149.593 -95.0876 1000 0
930 1
1 13 0 0 0 0 0 0 3.63061 3.63215 0.10566 -86.6601 -23.5214 1000 0
931 1
1 13 0 0 0 0 0 0 4.53307 4.53431 0.10566 -155.754 -9.735 1000 0
932 1
1 13 0 0 0 0 0 0 3.76625 3.76773 0.10566 16.1039 -139.304 1000 0
933 1
1 13 0 0 0 0 0 0 4.98244 4.98356 0.10566 199.871 -84.5703 1000 0
934 1
1 13 0 0 0 0 0 0 4.62711 4.62831 0.10566 148.858 -67.5474 1000 0
935 1
1 13 0 0 0 0 0 0 4.81927 4.82043 0.10566 -51.7491 -53.9431 1000 0
936 1
1 13 0 0 0 0 0 0 4.57294 4.57416 0.10566 -30.4097 -79.6765 1000 0
937 1
1 13 0 0 0 0 0 0 3.4846 3.4862 0.10566 157.029 -120.575 1000 0
938 1
1 13 0 0 0 0 0 0 4.09593 4.09729 0.10566 -38.9939 -110.406 1000 0
939 1
1 13 0 0 0 0 0 0 4.46992 4.47117 0.10566 167.575 -94.8231 1000 0
940 1
1 13 0 0 0 0 0 0 3.91713 3.91855 0.10566 -198.342 -41.1805 1000 0
941 1
1 13 0 0 0 0 0 0 3.00847 3.01032 0.10566 -61.8755 -147.377 1000 0
942 1
1 13 0 0 0 0 0 0 3.08035 3.08216 0.10566 -34.97 -174.874 1000 0
943 1
1 13 0 0 0 0 0 0 4.99216 4.99328 0.10566 22.0998 -153.55 1000 0
944 1
1 13 0 0 0 0 0 0 3.60891 3.61045 0.10566 -180.036 -178.928 1000 0
945 1
1 13 0 0 0 0 0 0 4.00859 4.00998 0.10566 -124.16 -153.263 1000 0
946 1
1 13 0 0 0 0 0 0 4.00307 4.00446 0.10566 157.297 -75.7311 1000 0
947 1
1 13 0 0 0 0 0 0 4.64903 4.65023 0.10566 70.3072 -125.832 1000 0
948 1
1 13 0 0 0 0 0 0 4.50111 4.50235 0.10566 -163.793 -166.328 1000 0
949 1
1 13 0 0 0 0 0 0 3.07778 3.07959 0.10566 -4.40664 -130.34 1000 0
950 1
1 13 0 0 0 0 0 0 3.65179 3.65332 0.10566 -196.733 -54.3507 1000 0
951 1
1 13 0 0 0 0 0 0 4.5135 4.51473 0.10566 -8.37588 -195.454 1000 0
952 1
1 13 0 0 0 0 0 0 4.39259 4.39387 0.10566 -130.54 -35.8727 1000 0
953 1
1 13 0 0 0 0 0 0 4.60537 4.60658 0.10566 -107.48 -17.5474 1000 0
954 1
1 13 0 0 0 0 0 0 3.17814 3.1799 0.10566 177.239 -26.0144 1000 0
955 1
1 13 0 0 0 0 0 0 4.82347 4.82463 0.10566 97.1434 -196.673 1000 0
956 1
1 13 0 0 0 0 0 0 4.76285 4.76402 0.10566 30.6048 -23.5439 1000 0
957 1
1 13 0 0 0 0 0 0 4.34466 4.34595 0.10566 57.4645 -106.599 1000 0
958 1
1 13 0 0 0 0 0 0 3.34505 3.34671 0.10566 144.68 -136.625 1000 0
959 1
1 13 0 0 0 0 0 0 3.51889 3.52047 0.10566 -120.994 -182.366 1000 0
960 1
1 13 0 0 0 0 0 0 3.90667 3.9081 0.10566 -16.1103 -175.341 1000 0
961 1
1 13 0 0 0 0 0 0 3.00327 3.00513 0.10566 -123.879 -18.4217 1000 0
962 1
1 13 0 0 0 0 0 0 4.82835 4.8295 0.10566 -17.11 -22.3073 1000 0
963 1
1 13 0 0 0 0 0 0 4.1288 4.13015 0.10566 60.9355 -51.4353 1000 0
964 1
1 13 0 0 0 0 0 0 4.14735 4.1487 0.10566 70.3636 -176.933 1000 0
965 1
1 13 0 0 0 0 0 0 3.08202 3.08383 0.10566 -106.931 -132.048 1000 0
966 1
1 13 0 0 0 0 0 0 3.88233 3.88377 0.10566 132.071 -160.593 1000 0
967 1
1 13 0 0 0 0 0 0 3.77342 3.7749 0.10566 191.773 -44.1951 1000 0
968 1
1 13 0 0 0 0 0 0 3.90509 3.90652 0.10566 62.207 -145.991 1000 0
969 1
1 13 0 0 0 0 0 0 3.32741 3.32909 0.10566 33.3775 -21.0694 1000 0
970 1
1 13 0 0 0 0 0 0 4.70076 4.70195 0.10566 55.7291 -10.3651 1000 0
971 1
1 13 0 0 0 0 0 0 3.74311 3.7446 0.10566 115.082 -147.923 1000 0
972 1
1 13 0 0 0 0 0 0 4.63105 4.63225 0.10566 37.1262 -81.4996 1000 0
973 1
1 13 0 0 0 0 0 0 4.52335 4.52459 0.10566 -193.599 -178.508 1000 0
974 1
1 13 0 0 0 0 0 0 3.12925 3.13104 0.10566 -54.8 -53.1018 1000 0
975 1
1 13 0 0 0 0 0 0 3.02689 3.02873 0.10566 130.236 -52.0162 1000 0
976 1
1 13 0 0 0 0 0 0 3.38273 3.38438 0.10566 -63.766 -14.9319 1000 0
977 1
1 13 0 0 0 0 0 0 3.36069 3.36235 0.10566 78.2336 -133.402 1000 0
978 1
1 13 0 0 0 0 0 0 3.3343 3.33597 0.10566 1.66683 -38.6621 1000 0
979 1
1 13 0 0 0 0 0 0 3.31698 3.31866 0.10566 38.0754 -125.094 1000 0
980 1
1 13 0 0 0 0 0 0 3.92143 3.92285 0.10566 -189.379 -138.507 1000 0
981 1
1 13 0 0 0 0 0 0 4.39095 4.39222 0.10566 160.387 -126.395 1000 0
982 1
1 13 0 0 0 0 0 0 3.92665 3.92807 0.10566 127.451 -49.896 1000 0
983 1
1 13 0 0 0 0 0 0 3.23314 3.23486 0.10566 -84.8904 -50.9152 1000 0
984 1
1 13 0 0 0 0 0 0 4.48536 4.48661 0.10566 -40.6131 -97.984 1000 0
985 1
1 13 0 0 0 0 0 0 4.38556 4.38683 0.10566 163.722 -147.171 1000 0
986 1
1 13 0 0 0 0 0 0 4.20915 4.21048 0.10566 -114.633 -74.8183 1000 0
987 1
1 13 0 0 0 0 0 0 4.14703 4.14837 0.10566 -103.232 -30.3062 1000 0
988 1
1 13 0 0 0 0 0 0 4.30975 4.31104 0.10566 -21.6874 -51.4007 1000 0
989 1
1 13 0 0 0 0 0 0 3.98123 3.98263 0.10566 85.1111 -5.7819 1000 0
990 1
1 13 0 0 0 0 0 0 3.99856 3.99996 0.10566 89.6876 -24.4551 1000 0
991 1
1 13 0 0 0 0 0 0 4.13327 4.13462 0.10566 129.862 -50.5373 1000 0
992 1
1 13 0 0 0 0 0 0 4.04801 4.04939 0.10566 -80.7887 -158.636 1000 0
993 1
1 13 0 0 0 0 0 0 3.48184 3.48344 0.10566 -166.618 -108.974 1000 0
994 1
1 13 0 0 0 0 0 0 4.29604 4.29734 0.10566 147.065 -33.1543 1000 0
995 1
1 13 0 0 0 0 0 0 3.70535 3.70685 0.10566 17.2848 -190.454 1000 0
996 1
1 13 0 0 0 0 0 0 3.84584 3.84729 0.10566 91.5333 -156.15 1000 0
997 1
1 13 0 0 0 0 0 0 3.2338 3.23552 0.10566 185.386 -55.7538 1000 0
998 1
1 13 0 0 0 0 0 0 4.70179 4.70298 0.10566 182.44 -40.8006 1000 0
999 1
1 13 0 0 0 0 0 0 3.22837 3.2301 0.10566 182.676 -110.353 1000 0