0 1
1 13 0 0 0 0 0 0 1.86702 1.87001 0.10566 23.1667 -171.458 -190 0
1 1
1 13 0 0 0 0 0 0 1.27994 1.28429 0.10566 120.397 -53.9946 -190 0
2 1
1 13 0 0 0 0 0 0 1.51051 1.5142 0.10566 -155.075 -65.0166 -190 0
3 1
1 13 0 0 0 0 0 0 2.98723 2.98909 0.10566 -44.9367 -90.7556 -190 0
4 1
1 13 0 0 0 0 0 0 1.25469 1.25913 0.10566 149.793 -110.251 -190 0
5 1
1 13 0 0 0 0 0 0 2.98811 2.98998 0.10566 -62.7249 -171.26 -190 0
6 1
1 13 0 0 0 0 0 0 2.55882 2.561 0.10566 -64.2263 -109.636 -190 0
7 1
1 13 0 0 0 0 0 0 1.11595 1.12094 0.10566 129.597 -76.6599 -190 0
8 1
1 13 0 0 0 0 0 0 2.54023 2.54242 0.10566 194.558 -144.793 -190 0
9 1
1 13 0 0 0 0 0 0 1.53738 1.541 0.10566 34.471 -182.359 -190 0
10 1
1 13 0 0 0 0 0 0 2.10304 2.10569 0.10566 56.5754 -126.153 -190 0
11 1
1 13 0 0 0 0 0 0 1.34237 1.34652 0.10566 -73.7105 -93.8529 -190 0
12 1
1 13 0 0 0 0 0 0 1.5174 1.52107 0.10566 15.3934 -144.76 -190 0
13 1
1 13 0 0 0 0 0 0 2.19672 2.19926 0.10566 140.497 -23.2669 -190 0
14 1
1 13 0 0 0 0 0 0 2.23439 2.23689 0.10566 142.566 -30.3404 -190 0
15 1
1 13 0 0 0 0 0 0 1.13843 1.14332 0.10566 61.1327 -6.35571 -190 0
16 1
1 13 0 0 0 0 0 0 1.11534 1.12033 0.10566 -36.7113 -62.8238 -190 0
17 1
1 13 0 0 0 0 0 0 2.68278 2.68486 0.10566 -2.36742 -56.5603 -190 0
18 1
1 13 0 0 0 0 0 0 2.48703 2.48928 0.10566 -52.3055 -196.842 -190 0
19 1
1 13 0 0 0 0 0 0 2.37027 2.37262 0.10566 -72.6207 -101.235 -190 0
20 1
1 13 0 0 0 0 0 0 2.92465 2.92656 0.10566 128.986 -44.4039 -190 0
21 1
1 13 0 0 0 0 0 0 2.83856 2.84053 0.10566 190.813 -26.6633 -190 0
22 1
1 13 0 0 0 0 0 0 2.70263 2.70469 0.10566 -138.734 -122.071 -190 0
23 1
1 13 0 0 0 0 0 0 2.83842 2.84039 0.10566 145.05 -142.245 -190 0
24 1
1 13 0 0 0 0 0 0 2.73545 2.73749 0.10566 -77.2073 -158.826 -190 0
25 1
1 13 0 0 0 0 0 0 1.11827 1.12326 0.10566 -13.0921 -2.28524 -190 0
26 1
1 13 0 0 0 0 0 0 1.49182 1.49555 0.10566 -145.507 -199.114 -190 0
27 1
1 13 0 0 0 0 0 0 1.1389 1.14379 0.10566 50.8174 -176.201 -190 0
28 1
1 13 0 0 0 0 0 0 2.58392 2.58608 0.10566 173.396 -194.782 -190 0
29 1
1 13 0 0 0 0 0 0 1.8421 1.84513 0.10566 -108.866 -110.629 -190 0
30 1
1 13 0 0 0 0 0 0 1.50539 1.50909 0.10566 135.595 -120.906 -190 0
31 1
1 13 0 0 0 0 0 0 2.40308 2.4054 0.10566 -5.4071 -183.758 -190 0
32 1
1 13 0 0 0 0 0 0 1.2689 1.27329 0.10566 -187.549 -108.401 -190 0
33 1
1 13 0 0 0 0 0 0 2.31682 2.31923 0.10566 -4.88219 -74.6985 -190 0
34 1
1 13 0 0 0 0 0 0 1.6325 1.63592 0.10566 -87.9594 -75.6132 -190 0
35 1
1 13 0 0 0 0 0 0 2.92667 2.92858 0.10566 102.674 -44.8594 -190 0
36 1
1 13 0 0 0 0 0 0 1.70726 1.71053 0.10566 -65.0289 -136.284 -190 0
37 1
1 13 0 0 0 0 0 0 2.11408 2.11672 0.10566 118.107 -27.2495 -190 0
38 1
1 13 0 0 0 0 0 0 2.4552 2.45748 0.10566 111.028 -37.3546 -190 0
39 1
1 13 0 0 0 0 0 0 2.07625 2.07894 0.10566 -33.2706 -141.949 -190 0
40 1
1 13 0 0 0 0 0 0 2.45464 2.45691 0.10566 -128.124 -103.273 -190 0
41 1
1 13 0 0 0 0 0 0 1.03984 1.04519 0.10566 -8.30127 -55.3668 -190 0
42 1
1 13 0 0 0 0 0 0 1.46102 1.46484 0.10566 -46.2246 -106.124 -190 0
43 1
1 13 0 0 0 0 0 0 2.62956 2.63169 0.10566 168.68 -46.1022 -190 0
44 1
1 13 0 0 0 0 0 0 1.75814 1.76132 0.10566 106.648 -175.25 -190 0
45 1
1 13 0 0 0 0 0 0 2.16072 2.1633 0.10566 -93.2447 -71.9204 -190 0
46 1
1 13 0 0 0 0 0 0 1.99463 1.99742 0.10566 182.943 -40.4898 -190 0
47 1
1 13 0 0 0 0 0 0 2.22335 2.22586 0.10566 20.6412 -97.9702 -190 0
48 1
1 13 0 0 0 0 0 0 2.48064 2.48289 0.10566 -58.2737 -104.524 -190 0
49 1
1 13 0 0 0 0 0 0 1.1221 1.12707 0.10566 -118.098 -197.837 -190 0
50 1
1 13 0 0 0 0 0 0 2.21774 2.22025 0.10566 168.985 -23.271 -190 0
51 1
1 13 0 0 0 0 0 0 1.39327 1.39727 0.10566 155.949 -117.495 -190 0
52 1
1 13 0 0 0 0 0 0 2.61348 2.61562 0.10566 -53.8429 -190.646 -190 0
53 1
1 13 0 0 0 0 0 0 1.68761 1.69091 0.10566 42.538 -11.6148 -190 0
54 1
1 13 0 0 0 0 0 0 1.44024 1.44411 0.10566 95.3489 -171.77 -190 0
55 1
1 13 0 0 0 0 0 0 1.57948 1.58301 0.10566 -128.069 -179.605 -190 0
56 1
1 13 0 0 0 0 0 0 2.82231 2.82429 0.10566 -0.619258 -175.751 -190 0
57 1
1 13 0 0 0 0 0 0 1.25349 1.25794 0.10566 -127.608 -93.3478 -190 0
58 1
1 13 0 0 0 0 0 0 1.24853 1.25299 0.10566 48.3963 -50.4738 -190 0
59 1
1 13 0 0 0 0 0 0 1.49318 1.49692 0.10566 118.562 -123.893 -190 0
60 1
1 13 0 0 0 0 0 0 1.84893 1.85194 0.10566 -195.536 -114.29 -190 0
61 1
1 13 0 0 0 0 0 0 1.65627 1.65964 0.10566 185.238 -25.8351 -190 0
62 1
1 13 0 0 0 0 0 0 2.63397 2.63609 0.10566 -178.958 -23.0973 -190 0
63 1
1 13 0 0 0 0 0 0 2.69301 2.69509 0.10566 -79.9617 -93.657 -190 0
64 1
1 13 0 0 0 0 0 0 2.9558 2.95769 0.10566 66.4395 -49.4113 -190 0
65 1
1 13 0 0 0 0 0 0 1.76302 1.76618 0.10566 -19.9623 -178.493 -190 0
66 1
1 13 0 0 0 0 0 0 2.87722 2.87916 0.10566 24.097 -128.894 -190 0
67 1
1 13 0 0 0 0 0 0 2.92656 2.92847 0.10566 -158.497 -182.453 -190 0
68 1
1 13 0 0 0 0 0 0 1.55661 1.56019 0.10566 120.513 -21.237 -190 0
69 1
1 13 0 0 0 0 0 0 2.03513 2.03787 0.10566 13.9822 -47.9282 -190 0
70 1
1 13 0 0 0 0 0 0 2.47407 2.47633 0.10566 -5.08544 -39.0771 -190 0
71 1
1 13 0 0 0 0 0 0 1.43262 1.43651 0.10566 -166.668 -160.226 -190 0
72 1
1 13 0 0 0 0 0 0 2.70775 2.70981 0.10566 79.5159 -55.0751 -190 0
73 1
1 13 0 0 0 0 0 0 2.41394 2.41625 0.10566 125.11 -121.057 -190 0
74 1
1 13 0 0 0 0 0 0 2.16278 2.16536 0.10566 177.401 -20.5809 -190 0
75 1
1 13 0 0 0 0 0 0 1.3275 1.3317 0.10566 -133.438 -152.974 -190 0
76 1
1 13 0 0 0 0 0 0 1.14385 1.14872 0.10566 110.762 -177.781 -190 0
77 1
1 13 0 0 0 0 0 0 2.54446 2.54665 0.10566 -146.687 -55.1512 -190 0
78 1
1 13 0 0 0 0 0 0 2.74861 2.75064 0.10566 20.9366 -79.1828 -190 0
79 1
1 13 0 0 0 0 0 0 2.10429 2.10694 0.10566 -172.837 -99.5401 -190 0
80 1
1 13 0 0 0 0 0 0 2.59001 2.59217 0.10566 126.503 -116.304 -190 0
81 1
1 13 0 0 0 0 0 0 1.28888 1.2932 0.10566 -18.5561 -143.688 -190 0
82 1
1 13 0 0 0 0 0 0 2.12963 2.13225 0.10566 11.4011 -90.1397 -190 0
83 1
1 13 0 0 0 0 0 0 1.16995 1.17471 0.10566 52.2316 -7.47201 -190 0
84 1
1 13 0 0 0 0 0 0 2.24349 2.24597 0.10566 38.4957 -9.94155 -190 0
85 1
1 13 0 0 0 0 0 0 1.74274 1.74594 0.10566 6.13834 -74.6885 -190 0
86 1
1 13 0 0 0 0 0 0 2.35127 2.35364 0.10566 16.0988 -89.6139 -190 0
87 1
1 13 0 0 0 0 0 0 1.66614 1.66948 0.10566 -145.079 -87.8835 -190 0
88 1
1 13 0 0 0 0 0 0 2.80743 2.80942 0.10566 -7.60493 -99.5657 -190 0
89 1
1 13 0 0 0 0 0 0 2.12726 2.12988 0.10566 -72.6896 -103.381 -190 0
90 1
1 13 0 0 0 0 0 0 2.71949 2.72154 0.10566 130.869 -162.355 -190 0
91 1
1 13 0 0 0 0 0 0 1.53826 1.54189 0.10566 63.6527 -125.259 -190 0
92 1
1 13 0 0 0 0 0 0 1.06903 1.07424 0.10566 -124.23 -111.79 -190 0
93 1
1 13 0 0 0 0 0 0 1.80382 1.80691 0.10566 -186.025 -10.2134 -190 0
94 1
1 13 0 0 0 0 0 0 1.63088 1.6343 0.10566 179.435 -44.4559 -190 0
95 1
1 13 0 0 0 0 0 0 2.47799 2.48024 0.10566 107.869 -159.012 -190 0
96 1
1 13 0 0 0 0 0 0 2.38521 2.38755 0.10566 98.1111 -15.972 -190 0
97 1
1 13 0 0 0 0 0 0 2.36722 2.36957 0.10566 144.461 -190.228 -190 0
98 1
1 13 0 0 0 0 0 0 2.18006 2.18262 0.10566 28.8918 -73.938 -190 0
99 1
1 13 0 0 0 0 0 0 1.68454 1.68786 0.10566 -188.359 -60.2301 -190 0
100 1
1 13 0 0 0 0 0 0 1.03008 1.03548 0.10566 199.14 -1.10779 -190 0
101 1
1 13 0 0 0 0 0 0 2.7076 2.70966 0.10566 -144.152 -39.7283 -190 0
102 1
1 13 0 0 0 0 0 0 1.58044 1.58397 0.10566 -194.003 -76.4693 -190 0
103 1
1 13 0 0 0 0 0 0 2.53508 2.53728 0.10566 41.2042 -84.2718 -190 0
104 1
1 13 0 0 0 0 0 0 1.71502 1.71827 0.10566 -148.439 -75.2079 -190 0
105 1
1 13 0 0 0 0 0 0 2.13091 2.13353 0.10566 191.388 -100.103 -190 0
106 1
1 13 0 0 0 0 0 0 1.47342 1.4772 0.10566 -19.3751 -98.5051 -190 0
107 1
1 13 0 0 0 0 0 0 2.71209 2.71414 0.10566 23.6279 -17.1303 -190 0
108 1
1 13 0 0 0 0 0 0 1.17179 1.17655 0.10566 -95.4349 -171.861 -190 0
109 1
1 13 0 0 0 0 0 0 2.92358 2.92549 0.10566 -137.144 -7.21472 -190 0
110 1
1 13 0 0 0 0 0 0 1.10981 1.11483 0.10566 23.461 -132.831 -190 0
111 1
1 13 0 0 0 0 0 0 2.46337 2.46563 0.10566 -81.5396 -158.915 -190 0
112 1
1 13 0 0 0 0 0 0 1.46034 1.46416 0.10566 -62.4916 -5.23171 -190 0
113 1
1 13 0 0 0 0 0 0 1.08186 1.08701 0.10566 -2.97558 -65.7237 -190 0
114 1
1 13 0 0 0 0 0 0 2.76505 2.76706 0.10566 104.116 -120.094 -190 0
115 1
1 13 0 0 0 0 0 0 1.4694 1.4732 0.10566 -81.0852 -147.67 -190 0
116 1
1 13 0 0 0 0 0 0 2.36171 2.36407 0.10566 138.592 -58.0475 -190 0
117 1
1 13 0 0 0 0 0 0 2.50925 2.51147 0.10566 -64.2742 -149.965 -190 0
118 1
1 13 0 0 0 0 0 0 2.75182 2.75385 0.10566 84.7093 -32.6872 -190 0
119 1
1 13 0 0 0 0 0 0 2.42888 2.43118 0.10566 -155.013 -116.162 -190 0
120 1
1 13 0 0 0 0 0 0 1.15979 1.16459 0.10566 40.4547 -6.0892 -190 0
121 1
1 13 0 0 0 0 0 0 2.96479 2.96667 0.10566 -55.2133 -161.848 -190 0
122 1
1 13 0 0 0 0 0 0 2.6529 2.65501 0.10566 -135.016 -44.0922 -190 0
123 1
1 13 0 0 0 0 0 0 2.4898 2.49204 0.10566 -117.65 -14.4216 -190 0
124 1
1 13 0 0 0 0 0 0 1.01496 1.02044 0.10566 -25.2377 -17.682 -190 0
125 1
1 13 0 0 0 0 0 0 1.53067 1.53431 0.10566 79.569 -100.948 -190 0
126 1
1 13 0 0 0 0 0 0 1.4939 1.49763 0.10566 -89.6815 -195.572 -190 0
127 1
1 13 0 0 0 0 0 0 2.77077 2.77278 0.10566 115.705 -25.9436 -190 0
128 1
1 13 0 0 0 0 0 0 2.80521 2.8072 0.10566 -168.036 -184.848 -190 0
129 1
1 13 0 0 0 0 0 0 2.02247 2.02523 0.10566 179.29 -25.9361 -190 0
130 1
1 13 0 0 0 0 0 0 2.74332 2.74536 0.10566 123.668 -197.478 -190 0
131 1
1 13 0 0 0 0 0 0 2.88 2.88194 0.10566 8.27108 -5.59507 -190 0
132 1
1 13 0 0 0 0 0 0 2.72718 2.72923 0.10566 180.762 -152.94 -190 0
133 1
1 13 0 0 0 0 0 0 2.66588 2.66797 0.10566 -112.213 -30.009 -190 0
134 1
1 13 0 0 0 0 0 0 1.63917 1.64258 0.10566 161.291 -51.0015 -190 0
135 1
1 13 0 0 0 0 0 0 1.77682 1.77996 0.10566 -86.5323 -10.4462 -190 0
136 1
1 13 0 0 0 0 0 0 1.46255 1.46636 0.10566 151.477 -183.92 -190 0
137 1
1 13 0 0 0 0 0 0 2.17183 2.1744 0.10566 -192.916 -60.4727 -190 0
138 1
1 13 0 0 0 0 0 0 2.66687 2.66896 0.10566 73.3082 -80.8043 -190 0
139 1
1 13 0 0 0 0 0 0 2.2983 2.30073 0.10566 -126.999 -1.5838 -190 0
140 1
1 13 0 0 0 0 0 0 1.85443 1.85744 0.10566 77.2617 -131.753 -190 0
141 1
1 13 0 0 0 0 0 0 1.6221 1.62554 0.10566 -166.858 -3.17615 -190 0
142 1
1 13 0 0 0 0 0 0 2.71905 2.7211 0.10566 193.125 -180.558 -190 0
143 1
1 13 0 0 0 0 0 0 1.94102 1.9439 0.10566 -156.139 -111.229 -190 0
144 1
1 13 0 0 0 0 0 0 1.57719 1.58072 0.10566 -36.0152 -24.6203 -190 0
145 1
1 13 0 0 0 0 0 0 1.95437 1.95723 0.10566 -124.887 -30.1043 -190 0
146 1
1 13 0 0 0 0 0 0 1.72118 1.72442 0.10566 117.047 -51.473 -190 0
147 1
1 13 0 0 0 0 0 0 2.36076 2.36312 0.10566 -26.7901 -29.7937 -190 0
148 1
1 13 0 0 0 0 0 0 2.70634 2.7084 0.10566 -145.277 -190.558 -190 0
149 1
1 13 0 0 0 0 0 0 1.6713 1.67464 0.10566 7.94283 -8.66274 -190 0
150 1
1 13 0 0 0 0 0 0 2.86251 2.86446 0.10566 -155.496 -41.5192 -190 0
151 1
1 13 0 0 0 0 0 0 1.29051 1.29483 0.10566 -106.207 -170.304 -190 0
152 1
1 13 0 0 0 0 0 0 1.07905 1.08421 0.10566 -59.8701 -152.672 -190 0
153 1
1 13 0 0 0 0 0 0 2.11083 2.11347 0.10566 27.3675 -82.2013 -190 0
154 1
1 13 0 0 0 0 0 0 1.87818 1.88115 0.10566 31.5278 -77.0961 -190 0
155 1
1 13 0 0 0 0 0 0 1.04054 1.04589 0.10566 -151.461 -72.4435 -190 0
156 1
1 13 0 0 0 0 0 0 1.71001 1.71327 0.10566 143.53 -80.1154 -190 0
157 1
1 13 0 0 0 0 0 0 2.83806 2.84003 0.10566 -194.531 -170.533 -190 0
158 1
1 13 0 0 0 0 0 0 2.21537 2.21789 0.10566 110.253 -195.949 -190 0
159 1
1 13 0 0 0 0 0 0 2.18138 2.18394 0.10566 161.771 -178.009 -190 0
160 1
1 13 0 0 0 0 0 0 2.31252 2.31493 0.10566 -51.6531 -151.863 -190 0
161 1
1 13 0 0 0 0 0 0 1.4075 1.41146 0.10566 101.338 -76.3028 -190 0
162 1
1 13 0 0 0 0 0 0 1.20653 1.21114 0.10566 95.8784 -72.6499 -190 0
163 1
1 13 0 0 0 0 0 0 1.78203 1.78516 0.10566 -95.8278 -18.3293 -190 0
164 1
1 13 0 0 0 0 0 0 2.55862 2.5608 0.10566 -75.2158 -49.4278 -190 0
165 1
1 13 0 0 0 0 0 0 1.70668 1.70995 0.10566 -21.891 -113.791 -190 0
166 1
1 13 0 0 0 0 0 0 2.32787 2.33026 0.10566 -9.8379 -102.717 -190 0
167 1
1 13 0 0 0 0 0 0 2.29088 2.29332 0.10566 184.741 -58.1046 -190 0
168 1
1 13 0 0 0 0 0 0 2.51756 2.51978 0.10566 -10.8821 -179.692 -190 0
169 1
1 13 0 0 0 0 0 0 1.58635 1.58986 0.10566 40.3011 -86.5127 -190 0
170 1
1 13 0 0 0 0 0 0 1.31578 1.32001 0.10566 53.2637 -101.991 -190 0
171 1
1 13 0 0 0 0 0 0 1.60811 1.61157 0.10566 -169.686 -119.902 -190 0
172 1
1 13 0 0 0 0 0 0 1.60252 1.606 0.10566 170.758 -175.67 -190 0
173 1
1 13 0 0 0 0 0 0 2.20648 2.20901 0.10566 173.76 -4.49704 -190 0
174 1
1 13 0 0 0 0 0 0 1.94856 1.95143 0.10566 174.376 -34.2397 -190 0
175 1
1 13 0 0 0 0 0 0 1.27154 1.27592 0.10566 47.7688 -163.135 -190 0
176 1
1 13 0 0 0 0 0 0 2.51029 2.51251 0.10566 -192.374 -127.926 -190 0
177 1
1 13 0 0 0 0 0 0 1.42458 1.42849 0.10566 12.4041 -103.706 -190 0
178 1
1 13 0 0 0 0 0 0 1.78136 1.78449 0.10566 -191.733 -190.207 -190 0
179 1
1 13 0 0 0 0 0 0 2.94735 2.94925 0.10566 -172.343 -51.5225 -190 0
180 1
1 13 0 0 0 0 0 0 1.85541 1.85842 0.10566 26.5938 -97.2643 -190 0
181 1
1 13 0 0 0 0 0 0 2.01086 2.01363 0.10566 60.2084 -86.2741 -190 0
182 1
1 13 0 0 0 0 0 0 1.93014 1.93303 0.10566 125.649 -62.4759 -190 0
183 1
1 13 0 0 0 0 0 0 2.98913 2.991 0.10566 32.8581 -7.14728 -190 0
184 1
1 13 0 0 0 0 0 0 2.02781 2.03056 0.10566 -182.334 -140.969 -190 0
185 1
1 13 0 0 0 0 0 0 2.62079 2.62292 0.10566 17.805 -86.3029 -190 0
186 1
1 13 0 0 0 0 0 0 1.18599 1.19069 0.10566 -141.973 -94.1036 -190 0
187 1
1 13 0 0 0 0 0 0 2.05751 2.06022 0.10566 179.029 -101.413 -190 0
188 1
1 13 0 0 0 0 0 0 2.85726 2.85921 0.10566 -67.143 -199.295 -190 0
189 1
1 13 0 0 0 0 0 0 1.25599 1.26043 0.10566 -92.448 -121.087 -190 0
190 1
1 13 0 0 0 0 0 0 2.83241 2.83438 0.10566 -114.494 -183.048 -190 0
191 1
1 13 0 0 0 0 0 0 1.71576 1.71901 0.10566 30.7525 -177.134 -190 0
192 1
1 13 0 0 0 0 0 0 2.59638 2.59852 0.10566 137.6 -110.087 -190 0
193 1
1 13 0 0 0 0 0 0 2.50581 2.50804 0.10566 -114.004 -158.822 -190 0
194 1
1 13 0 0 0 0 0 0 1.58489 1.58841 0.10566 -21.3127 -99.3614 -190 0
195 1
1 13 0 0 0 0 0 0 2.92939 2.9313 0.10566 -55.5577 -0.611302 -190 0
196 1
1 13 0 0 0 0 0 0 2.69676 2.69883 0.10566 -198.8 -142.075 -190 0
197 1
1 13 0 0 0 0 0 0 1.02148 1.02693 0.10566 123.89 -34.0222 -190 0
198 1
1 13 0 0 0 0 0 0 1.81127 1.81435 0.10566 -85.5823 -18.2139 -190 0
199 1
1 13 0 0 0 0 0 0 1.5274 1.53105 0.10566 -0.0439584 -171.185 -190 0
200 1
1 13 0 0 0 0 0 0 2.97877 2.98064 0.10566 -35.3731 -9.07026 -190 0
201 1
1 13 0 0 0 0 0 0 1.42932 1.43322 0.10566 -63.0216 -56.7493 -190 0
202 1
1 13 0 0 0 0 0 0 1.57139 1.57494 0.10566 -75.9486 -69.4644 -190 0
203 1
1 13 0 0 0 0 0 0 2.96379 2.96567 0.10566 132.637 -53.1873 -190 0
204 1
1 13 0 0 0 0 0 0 2.23411 2.2366 0.10566 27.4768 -177.186 -190 0
205 1
1 13 0 0 0 0 0 0 2.54994 2.55213 0.10566 -118.685 -135.405 -190 0
206 1
1 13 0 0 0 0 0 0 2.7766 2.77861 0.10566 -89.3166 -35.3439 -190 0
207 1
1 13 0 0 0 0 0 0 1.09233 1.09743 0.10566 104.536 -6.07651 -190 0
208 1
1 13 0 0 0 0 0 0 1.85591 1.85891 0.10566 -25.1133 -108.903 -190 0
209 1
1 13 0 0 0 0 0 0 1.21098 1.21558 0.10566 -58.053 -66.4093 -190 0
210 1
1 13 0 0 0 0 0 0 2.30228 2.3047 0.10566 -149.876 -124.519 -190 0
211 1
1 13 0 0 0 0 0 0 2.84431 2.84627 0.10566 21.4642 -81.692 -190 0
212 1
1 13 0 0 0 0 0 0 2.56453 2.56671 0.10566 141.017 -135.555 -190 0
213 1
1 13 0 0 0 0 0 0 1.93705 1.93993 0.10566 194.479 -121.611 -190 0
214 1
1 13 0 0 0 0 0 0 2.65315 2.65525 0.10566 -169.924 -25.7239 -190 0
215 1
1 13 0 0 0 0 0 0 1.09367 1.09876 0.10566 -84.2448 -90.0737 -190 0
216 1
1 13 0 0 0 0 0 0 2.118 2.12063 0.10566 9.43476 -15.4882 -190 0
217 1
1 13 0 0 0 0 0 0 2.73744 2.73948 0.10566 6.23813 -81.538 -190 0
218 1
1 13 0 0 0 0 0 0 2.84098 2.84294 0.10566 -108.889 -190.239 -190 0
219 1
1 13 0 0 0 0 0 0 1.24206 1.24655 0.10566 -194.319 -19.8793 -190 0
220 1
1 13 0 0 0 0 0 0 1.60108 1.60456 0.10566 -112.478 -32.4929 -190 0
221 1
1 13 0 0 0 0 0 0 2.15578 2.15837 0.10566 -132.372 -118.77 -190 0
222 1
1 13 0 0 0 0 0 0 2.20858 2.21111 0.10566 18.5106 -19.3178 -190 0
223 1
1 13 0 0 0 0 0 0 2.28627 2.28871 0.10566 42.3764 -55.5947 -190 0
224 1
1 13 0 0 0 0 0 0 2.36854 2.37089 0.10566 86.8736 -179.711 -190 0
225 1
1 13 0 0 0 0 0 0 1.43833 1.44221 0.10566 -64.2449 -192.658 -190 0
226 1
1 13 0 0 0 0 0 0 2.8792 2.88114 0.10566 34.6655 -13.8904 -190 0
227 1
1 13 0 0 0 0 0 0 1.77895 1.78208 0.10566 131.064 -62.734 -190 0
228 1
1 13 0 0 0 0 0 0 2.53276 2.53496 0.10566 159.52 -17.5222 -190 0
229 1
1 13 0 0 0 0 0 0 2.76535 2.76737 0.10566 173.972 -29 -190 0
230 1
1 13 0 0 0 0 0 0 1.13734 1.14224 0.10566 -72.1617 -8.91784 -190 0
231 1
1 13 0 0 0 0 0 0 2.55292 2.5551 0.10566 158.562 -14.0013 -190 0
232 1
1 13 0 0 0 0 0 0 2.92668 2.92858 0.10566 -78.4781 -191.851 -190 0
233 1
1 13 0 0 0 0 0 0 1.91292 1.91583 0.10566 187.415 -161.594 -190 0
234 1
1 13 0 0 0 0 0 0 2.86008 2.86203 0.10566 29.3076 -131.935 -190 0
235 1
1 13 0 0 0 0 0 0 2.42339 2.4257 0.10566 -61.899 -24.1541 -190 0
236 1
1 13 0 0 0 0 0 0 2.97536 2.97724 0.10566 -30.7736 -58.956 -190 0
237 1
1 13 0 0 0 0 0 0 1.80207 1.80517 0.10566 37.8597 -44.1578 -190 0
238 1
1 13 0 0 0 0 0 0 2.98243 2.9843 0.10566 81.6718 -94.01 -190 0
239 1
1 13 0 0 0 0 0 0 1.209 1.21361 0.10566 -140.315 -160.012 -190 0
240 1
1 13 0 0 0 0 0 0 2.03721 2.03995 0.10566 -91.3296 -183.201 -190 0
241 1
1 13 0 0 0 0 0 0 1.49695 1.50067 0.10566 -82.3325 -60.7618 -190 0
242 1
1 13 0 0 0 0 0 0 2.14645 2.14905 0.10566 180.89 -51.247 -190 0
243 1
1 13 0 0 0 0 0 0 1.1116 1.11661 0.10566 153.666 -82.2426 -190 0
244 1
1 13 0 0 0 0 0 0 2.19984 2.20238 0.10566 95.9567 -175.234 -190 0
245 1
1 13 0 0 0 0 0 0 1.75925 1.76242 0.10566 -199.077 -72.429 -190 0
246 1
1 13 0 0 0 0 0 0 1.59343 1.59693 0.10566 -124.758 -121.835 -190 0
247 1
1 13 0 0 0 0 0 0 1.05912 1.06438 0.10566 41.3601 -6.65962 -190 0
248 1
1 13 0 0 0 0 0 0 1.0224 1.02784 0.10566 187.254 -130.788 -190 0
249 1
1 13 0 0 0 0 0 0 2.18031 2.18287 0.10566 108.106 -165.293 -190 0
250 1
1 13 0 0 0 0 0 0 1.95003 1.95289 0.10566 189.794 -142.939 -190 0
251 1
1 13 0 0 0 0 0 0 2.24437 2.24685 0.10566 35.3948 -118.924 -190 0
252 1
1 13 0 0 0 0 0 0 2.8524 2.85435 0.10566 -177.254 -32.9078 -190 0
253 1
1 13 0 0 0 0 0 0 1.63511 1.63852 0.10566 -123.392 -90.2131 -190 0
254 1
1 13 0 0 0 0 0 0 1.69316 1.69646 0.10566 -82.8838 -144.359 -190 0
255 1
1 13 0 0 0 0 0 0 2.16744 2.17002 0.10566 -52.5708 -26.4526 -190 0
256 1
1 13 0 0 0 0 0 0 2.13116 2.13377 0.10566 110.576 -144.753 -190 0
257 1
1 13 0 0 0 0 0 0 2.72367 2.72571 0.10566 174.968 -57.5484 -190 0
258 1
1 13 0 0 0 0 0 0 2.48495 2.48719 0.10566 169.331 -48.7385 -190 0
259 1
1 13 0 0 0 0 0 0 2.21863 2.22114 0.10566 -57.0686 -79.8896 -190 0
260 1
1 13 0 0 0 0 0 0 2.7499 2.75193 0.10566 -167.417 -108.559 -190 0
261 1
1 13 0 0 0 0 0 0 1.34057 1.34473 0.10566 164.374 -95.187 -190 0
262 1
1 13 0 0 0 0 0 0 2.72107 2.72312 0.10566 177.734 -48.2601 -190 0
263 1
1 13 0 0 0 0 0 0 2.97751 2.97938 0.10566 -87.8306 -191.581 -190 0
264 1
1 13 0 0 0 0 0 0 2.2715 2.27396 0.10566 122.83 -174.013 -190 0
265 1
1 13 0 0 0 0 0 0 1.57468 1.57822 0.10566 -38.221 -131.467 -190 0
266 1
1 13 0 0 0 0 0 0 1.36456 1.36864 0.10566 -91.83 -122.264 -190 0
267 1
1 13 0 0 0 0 0 0 1.25271 1.25716 0.10566 -170.801 -36.0532 -190 0
268 1
1 13 0 0 0 0 0 0 1.29351 1.29782 0.10566 54.2664 -133.104 -190 0
269 1
1 13 0 0 0 0 0 0 1.11336 1.11837 0.10566 172.61 -99.5333 -190 0
270 1
1 13 0 0 0 0 0 0 2.45612 2.45839 0.10566 22.908 -89.1234 -190 0
271 1
1 13 0 0 0 0 0 0 1.8576 1.8606 0.10566 -177.666 -28.8889 -190 0
272 1
1 13 0 0 0 0 0 0 1.68017 1.68348 0.10566 4.36066 -149.253 -190 0
273 1
1 13 0 0 0 0 0 0 2.88039 2.88233 0.10566 132.315 -180.385 -190 0
274 1
1 13 0 0 0 0 0 0 1.44148 1.44535 0.10566 174.58 -100.774 -190 0
275 1
1 13 0 0 0 0 0 0 2.77123 2.77324 0.10566 168.665 -139.395 -190 0
276 1
1 13 0 0 0 0 0 0 1.79582 1.79892 0.10566 -57.8498 -39.2689 -190 0
277 1
1 13 0 0 0 0 0 0 2.49398 2.49621 0.10566 193.435 -74.7298 -190 0
278 1
1 13 0 0 0 0 0 0 2.69571 2.69778 0.10566 -33.212 -98.7828 -190 0
279 1
1 13 0 0 0 0 0 0 1.65941 1.66277 0.10566 -68.3606 -171.41 -190 0
280 1
1 13 0 0 0 0 0 0 2.0136 2.01637 0.10566 33.0594 -171.903 -190 0
281 1
1 13 0 0 0 0 0 0 1.84705 1.85007 0.10566 -182.067 -161.067 -190 0
282 1
1 13 0 0 0 0 0 0 1.62838 1.6318 0.10566 -114.921 -103.185 -190 0
283 1
1 13 0 0 0 0 0 0 2.23296 2.23546 0.10566 -59.0436 -46.2833 -190 0
284 1
1 13 0 0 0 0 0 0 1.85724 1.86025 0.10566 -90.3012 -172.648 -190 0
285 1
1 13 0 0 0 0 0 0 1.00241 1.00796 0.10566 73.8397 -13.938 -190 0
286 1
1 13 0 0 0 0 0 0 1.96496 1.9678 0.10566 -136.082 -36.1275 -190 0
287 1
1 13 0 0 0 0 0 0 2.99713 2.99899 0.10566 93.543 -193.488 -190 0
288 1
1 13 0 0 0 0 0 0 2.26062 2.26309 0.10566 92.0942 -80.7626 -190 0
289 1
1 13 0 0 0 0 0 0 1.14234 1.14722 0.10566 -122.79 -117.19 -190 0
290 1
1 13 0 0 0 0 0 0 2.76556 2.76757 0.10566 -149.838 -51.5162 -190 0
291 1
1 13 0 0 0 0 0 0 1.19565 1.20031 0.10566 -113.038 -20.1488 -190 0
292 1
1 13 0 0 0 0 0 0 2.28577 2.28821 0.10566 130.144 -188.784 -190 0
293 1
1 13 0 0 0 0 0 0 2.95184 2.95374 0.10566 -174.898 -4.94796 -190 0
294 1
1 13 0 0 0 0 0 0 1.87 1.87299 0.10566 165.745 -122.241 -190 0
295 1
1 13 0 0 0 0 0 0 2.1487 2.15129 0.10566 68.3215 -26.6998 -190 0
296 1
1 13 0 0 0 0 0 0 1.69174 1.69504 0.10566 -8.65911 -151.791 -190 0
297 1
1 13 0 0 0 0 0 0 2.11392 2.11656 0.10566 -167.186 -176.658 -190 0
298 1
1 13 0 0 0 0 0 0 1.24783 1.25229 0.10566 12.762 -0.985731 -190 0
299 1
1 13 0 0 0 0 0 0 1.39444 1.39843 0.10566 132.752 -182.936 -190 0
300 1
1 13 0 0 0 0 0 0 2.48735 2.48959 0.10566 168.148 -26.2535 -190 0
301 1
1 13 0 0 0 0 0 0 2.2992 2.30163 0.10566 -180.337 -168.028 -190 0
302 1
1 13 0 0 0 0 0 0 2.56688 2.56905 0.10566 -14.027 -144.473 -190 0
303 1
1 13 0 0 0 0 0 0 1.94586 1.94873 0.10566 191.423 -89.5052 -190 0
304 1
1 13 0 0 0 0 0 0 2.8758 2.87774 0.10566 122.478 -122.375 -190 0
305 1
1 13 0 0 0 0 0 0 1.46908 1.47287 0.10566 119.191 -38.4766 -190 0
306 1
1 13 0 0 0 0 0 0 2.30147 2.30389 0.10566 21.0138 -23.0832 -190 0
307 1
1 13 0 0 0 0 0 0 1.67946 1.68278 0.10566 -137.994 -182.492 -190 0
308 1
1 13 0 0 0 0 0 0 1.44852 1.45237 0.10566 127.481 -117.091 -190 0
309 1
1 13 0 0 0 0 0 0 2.63908 2.6412 0.10566 -128.446 -18.541 -190 0
310 1
1 13 0 0 0 0 0 0 2.43527 2.43756 0.10566 161.734 -115.226 -190 0
311 1
1 13 0 0 0 0 0 0 2.837 2.83897 0.10566 -61.6444 -66.1743 -190 0
312 1
1 13 0 0 0 0 0 0 1.87399 1.87696 0.10566 -1.35348 -174.09 -190 0
313 1
1 13 0 0 0 0 0 0 2.96147 2.96335 0.10566 80.3251 -159.633 -190 0
314 1
1 13 0 0 0 0 0 0 2.69406 2.69613 0.10566 39.2275 -76.7232 -190 0
315 1
1 13 0 0 0 0 0 0 2.60054 2.60269 0.10566 72.3612 -24.3555 -190 0
316 1
1 13 0 0 0 0 0 0 2.95199 2.95388 0.10566 -98.9145 -141.414 -190 0
317 1
1 13 0 0 0 0 0 0 1.84832 1.85134 0.10566 132.492 -166.179 -190 0
318 1
1 13 0 0 0 0 0 0 1.68566 1.68897 0.10566 -53.134 -0.379073 -190 0
319 1
1 13 0 0 0 0 0 0 1.57593 1.57946 0.10566 -188.936 -125.887 -190 0
320 1
1 13 0 0 0 0 0 0 1.32206 1.32628 0.10566 184.647 -194.896 -190 0
321 1
1 13 0 0 0 0 0 0 2.1127 2.11534 0.10566 121.966 -75.9456 -190 0
322 1
1 13 0 0 0 0 0 0 1.00208 1.00763 0.10566 98.0132 -185.417 -190 0
323 1
1 13 0 0 0 0 0 0 2.57965 2.58182 0.10566 50.0608 -58.0814 -190 0
324 1
1 13 0 0 0 0 0 0 2.77675 2.77876 0.10566 -39.2598 -50.2755 -190 0
325 1
1 13 0 0 0 0 0 0 1.27909 1.28345 0.10566 95.2454 -174.401 -190 0
326 1
1 13 0 0 0 0 0 0 2.63405 2.63617 0.10566 153.118 -35.4395 -190 0
327 1
1 13 0 0 0 0 0 0 1.10556 1.11059 0.10566 -8.5617 -86.0113 -190 0
328 1
1 13 0 0 0 0 0 0 2.08687 2.08954 0.10566 -183.198 -68.8142 -190 0
329 1
1 13 0 0 0 0 0 0 1.65399 1.65737 0.10566 68.4892 -102.746 -190 0
330 1
1 13 0 0 0 0 0 0 1.67257 1.6759 0.10566 -21.701 -153.165 -190 0
331 1
1 13 0 0 0 0 0 0 1.43004 1.43394 0.10566 -159.736 -114.143 -190 0
332 1
1 13 0 0 0 0 0 0 1.02726 1.03268 0.10566 20.8058 -93.463 -190 0
333 1
1 13 0 0 0 0 0 0 1.10103 1.10609 0.10566 176.98 -56.5461 -190 0
334 1
1 13 0 0 0 0 0 0 1.93154 1.93443 0.10566 186.066 -178.65 -190 0
335 1
1 13 0 0 0 0 0 0 1.3997 1.40368 0.10566 -64.7859 -144.423 -190 0
336 1
1 13 0 0 0 0 0 0 1.70458 1.70785 0.10566 115.693 -93.7497 -190 0
337 1
1 13 0 0 0 0 0 0 1.80322 1.80631 0.10566 136.199 -31.3728 -190 0
338 1
1 13 0 0 0 0 0 0 2.55257 2.55476 0.10566 36.6833 -174.838 -190 0
339 1
1 13 0 0 0 0 0 0 2.39014 2.39247 0.10566 140.922 -109.119 -190 0
340 1
1 13 0 0 0 0 0 0 2.02667 2.02942 0.10566 -92.1179 -185.331 -190 0
341 1
1 13 0 0 0 0 0 0 2.992 2.99387 0.10566 -64.6487 -169 -190 0
342 1
1 13 0 0 0 0 0 0 1.33941 1.34357 0.10566 100.299 -54.7137 -190 0
343 1
1 13 0 0 0 0 0 0 2.39755 2.39988 0.10566 -86.187 -56.3896 -190 0
344 1
1 13 0 0 0 0 0 0 1.37448 1.37853 0.10566 137.004 -139.265 -190 0
345 1
1 13 0 0 0 0 0 0 1.61468 1.61813 0.10566 126.483 -91.481 -190 0
346 1
1 13 0 0 0 0 0 0 1.15264 1.15747 0.10566 -66.0356 -146.702 -190 0
347 1
1 13 0 0 0 0 0 0 2.16001 2.16259 0.10566 0.304193 -114.331 -190 0
348 1
1 13 0 0 0 0 0 0 2.10014 2.10279 0.10566 3.19527 -124.019 -190 0
349 1
1 13 0 0 0 0 0 0 1.17937 1.18409 0.10566 -8.48202 -102.561 -190 0
350 1
1 13 0 0 0 0 0 0 1.30924 1.31349 0.10566 53.9482 -172.353 -190 0
351 1
1 13 0 0 0 0 0 0 1.54255 1.54617 0.10566 -170.511 -159.463 -190 0
352 1
1 13 0 0 0 0 0 0 2.73125 2.73329 0.10566 -16.5469 -51.3407 -190 0
353 1
1 13 0 0 0 0 0 0 1.92143 1.92434 0.10566 169.646 -140.946 -190 0
354 1
1 13 0 0 0 0 0 0 2.10368 2.10633 0.10566 165.879 -107.659 -190 0
355 1
1 13 0 0 0 0 0 0 2.72138 2.72344 0.10566 109.788 -110.25 -190 0
356 1
1 13 0 0 0 0 0 0 1.92871 1.9316 0.10566 138.861 -64.7266 -190 0
357 1
1 13 0 0 0 0 0 0 2.18045 2.18301 0.10566 -152.749 -184.663 -190 0
358 1
1 13 0 0 0 0 0 0 1.41773 1.42166 0.10566 20.2739 -74.2334 -190 0
359 1
1 13 0 0 0 0 0 0 2.29782 2.30025 0.10566 -2.63775 -69.9197 -190 0
360 1
1 13 0 0 0 0 0 0 1.69496 1.69825 0.10566 163.551 -51.2428 -190 0
361 1
1 13 0 0 0 0 0 0 1.35741 1.36152 0.10566 -74.133 -193.56 -190 0
362 1
1 13 0 0 0 0 0 0 1.15699 1.1618 0.10566 -195.559 -158.602 -190 0
363 1
1 13 0 0 0 0 0 0 1.51645 1.52013 0.10566 -97.8211 -166.249 -190 0
364 1
1 13 0 0 0 0 0 0 2.56604 2.56821 0.10566 -88.0232 -199.625 -190 0
365 1
1 13 0 0 0 0 0 0 1.9008 1.90374 0.10566 164.783 -56.8506 -190 0
366 1
1 13 0 0 0 0 0 0 1.14322 1.14809 0.10566 -146.822 -85.3023 -190 0
367 1
1 13 0 0 0 0 0 0 1.59876 1.60224 0.10566 -194.069 -178.889 -190 0
368 1
1 13 0 0 0 0 0 0 1.10033 1.10539 0.10566 19.1234 -63.1324 -190 0
369 1
1 13 0 0 0 0 0 0 1.41099 1.41494 0.10566 -52.0549 -13.3546 -190 0
370 1
1 13 0 0 0 0 0 0 2.83723 2.83919 0.10566 -180.137 -85.8556 -190 0
371 1
1 13 0 0 0 0 0 0 2.8517 2.85365 0.10566 55.3239 -86.7031 -190 0
372 1
1 13 0 0 0 0 0 0 2.92597 2.92788 0.10566 46.3447 -182.91 -190 0
373 1
1 13 0 0 0 0 0 0 1.01275 1.01824 0.10566 173.514 -192.55 -190 0
374 1
1 13 0 0 0 0 0 0 1.80142 1.80451 0.10566 2.41711 -42.7725 -190 0
375 1
1 13 0 0 0 0 0 0 2.8757 2.87764 0.10566 -62.6476 -41.1948 -190 0
376 1
1 13 0 0 0 0 0 0 1.28454 1.28887 0.10566 -145.638 -105.144 -190 0
377 1
1 13 0 0 0 0 0 0 1.53251 1.53615 0.10566 -168.774 -43.7813 -190 0
378 1
1 13 0 0 0 0 0 0 2.15246 2.15505 0.10566 184.048 -123.204 -190 0
379 1
1 13 0 0 0 0 0 0 1.82346 1.82652 0.10566 -164.959 -33.9233 -190 0
380 1
1 13 0 0 0 0 0 0 2.08274 2.08542 0.10566 -187.565 -173.713 -190 0
381 1
1 13 0 0 0 0 0 0 1.29756 1.30186 0.10566 -36.1433 -150.026 -190 0
382 1
1 13 0 0 0 0 0 0 1.74967 1.75286 0.10566 -128.529 -178.163 -190 0
383 1
1 13 0 0 0 0 0 0 1.2994 1.30369 0.10566 128.438 -178.085 -190 0
384 1
1 13 0 0 0 0 0 0 1.33773 1.3419 0.10566 86.719 -128.557 -190 0
385 1
1 13 0 0 0 0 0 0 2.18468 2.18724 0.10566 112.802 -20.5509 -190 0
386 1
1 13 0 0 0 0 0 0 2.15141 2.154 0.10566 160.305 -124.741 -190 0
387 1
1 13 0 0 0 0 0 0 1.73502 1.73823 0.10566 53.9318 -66.311 -190 0
388 1
1 13 0 0 0 0 0 0 2.99295 2.99482 0.10566 61.7743 -82.5228 -190 0
389 1
1 13 0 0 0 0 0 0 2.39371 2.39604 0.10566 111.62 -65.782 -190 0
390 1
1 13 0 0 0 0 0 0 1.9319 1.93479 0.10566 12.9854 -81.4736 -190 0
391 1
1 13 0 0 0 0 0 0 2.15059 2.15318 0.10566 55.8084 -2.63218 -190 0
392 1
1 13 0 0 0 0 0 0 1.76139 1.76456 0.10566 163.409 -3.98705 -190 0
393 1
1 13 0 0 0 0 0 0 1.93245 1.93534 0.10566 -20.5891 -178.911 -190 0
394 1
1 13 0 0 0 0 0 0 2.84089 2.84286 0.10566 -34.1682 -176.674 -190 0
395 1
1 13 0 0 0 0 0 0 1.04204 1.04739 0.10566 143.945 -80.7507 -190 0
396 1
1 13 0 0 0 0 0 0 2.51114 2.51336 0.10566 -7.14437 -198.285 -190 0
397 1
1 13 0 0 0 0 0 0 2.67708 2.67916 0.10566 111.74 -154.078 -190 0
398 1
1 13 0 0 0 0 0 0 1.92457 1.92747 0.10566 15.3374 -73.3331 -190 0
399 1
1 13 0 0 0 0 0 0 1.41485 1.41879 0.10566 111.886 -69.4536 -190 0
400 1
1 13 0 0 0 0 0 0 2.40736 2.40967 0.10566 -72.3515 -85.7722 -190 0
401 1
1 13 0 0 0 0 0 0 1.74602 1.74922 0.10566 -41.6231 -63.6853 -190 0
402 1
1 13 0 0 0 0 0 0 1.20332 1.20795 0.10566 -41.7455 -28.7331 -190 0
403 1
1 13 0 0 0 0 0 0 2.35591 2.35828 0.10566 35.3725 -78.3824 -190 0
404 1
1 13 0 0 0 0 0 0 2.26811 2.27057 0.10566 116.789 -62.3152 -190 0
405 1
1 13 0 0 0 0 0 0 1.60525 1.60872 0.10566 -95.2377 -63.909 -190 0
406 1
1 13 0 0 0 0 0 0 2.83722 2.83919 0.10566 10.4487 -34.7874 -190 0
407 1
1 13 0 0 0 0 0 0 1.18328 1.18799 0.10566 149.934 -34.9367 -190 0
408 1
1 13 0 0 0 0 0 0 1.52748 1.53113 0.10566 -83.9109 -24.6966 -190 0
409 1
1 13 0 0 0 0 0 0 2.19961 2.20214 0.10566 18.0435 -57.7784 -190 0
410 1
1 13 0 0 0 0 0 0 1.45574 1.45957 0.10566 66.3272 -64.2306 -190 0
411 1
1 13 0 0 0 0 0 0 2.35786 2.36022 0.10566 -45.0077 -11.316 -190 0
412 1
1 13 0 0 0 0 0 0 1.23934 1.24384 0.10566 112.277 -38.0725 -190 0
413 1
1 13 0 0 0 0 0 0 1.22153 1.22609 0.10566 173.845 -99.766 -190 0
414 1
1 13 0 0 0 0 0 0 1.12437 1.12933 0.10566 -167.134 -41.8681 -190 0
415 1
1 13 0 0 0 0 0 0 1.35822 1.36232 0.10566 86.7174 -121.474 -190 0
416 1
1 13 0 0 0 0 0 0 1.86855 1.87153 0.10566 -122.436 -88.6897 -190 0
417 1
1 13 0 0 0 0 0 0 1.7981 1.8012 0.10566 101.487 -149.929 -190 0
418 1
1 13 0 0 0 0 0 0 2.62781 2.62993 0.10566 -18.6689 -91.9226 -190 0
419 1
1 13 0 0 0 0 0 0 2.4897 2.49194 0.10566 -121.232 -21.5856 -190 0
420 1
1 13 0 0 0 0 0 0 2.72469 2.72674 0.10566 -61.8047 -104.299 -190 0
421 1
1 13 0 0 0 0 0 0 2.54142 2.54361 0.10566 98.3103 -169.375 -190 0
422 1
1 13 0 0 0 0 0 0 2.34327 2.34565 0.10566 187.482 -89.4176 -190 0
423 1
1 13 0 0 0 0 0 0 2.36961 2.37197 0.10566 191.149 -178.608 -190 0
424 1
1 13 0 0 0 0 0 0 2.4563 2.45857 0.10566 -187.698 -123.425 -190 0
425 1
1 13 0 0 0 0 0 0 1.04885 1.05416 0.10566 -122.881 -17.5743 -190 0
426 1
1 13 0 0 0 0 0 0 2.62405 2.62618 0.10566 80.6787 -16.3473 -190 0
427 1
1 13 0 0 0 0 0 0 1.17005 1.17481 0.10566 -165.907 -95.3895 -190 0
428 1
1 13 0 0 0 0 0 0 2.18176 2.18432 0.10566 13.0062 -24.5531 -190 0
429 1
1 13 0 0 0 0 0 0 1.49787 1.50159 0.10566 -119.995 -172.33 -190 0
430 1
1 13 0 0 0 0 0 0 1.05512 1.0604 0.10566 101.563 -165.763 -190 0
431 1
1 13 0 0 0 0 0 0 2.98613 2.988 0.10566 117.628 -151.723 -190 0
432 1
1 13 0 0 0 0 0 0 2.39865 2.40098 0.10566 -45.3775 -135.559 -190 0
433 1
1 13 0 0 0 0 0 0 2.04504 2.04777 0.10566 -37.911 -26.7322 -190 0
434 1
1 13 0 0 0 0 0 0 2.90811 2.91003 0.10566 -154.03 -104.609 -190 0
435 1
1 13 0 0 0 0 0 0 2.39634 2.39867 0.10566 -146.138 -170.066 -190 0
436 1
1 13 0 0 0 0 0 0 2.50796 2.51019 0.10566 115.481 -56.8306 -190 0
437 1
1 13 0 0 0 0 0 0 1.55536 1.55894 0.10566 -178.078 -117.293 -190 0
438 1
1 13 0 0 0 0 0 0 2.22004 2.22255 0.10566 25.8464 -68.9201 -190 0
439 1
1 13 0 0 0 0 0 0 1.72223 1.72546 0.10566 -91.0164 -34.1669 -190 0
440 1
1 13 0 0 0 0 0 0 1.42851 1.43241 0.10566 176.898 -1.92268 -190 0
441 1
1 13 0 0 0 0 0 0 2.71412 2.71617 0.10566 -46.8508 -148.031 -190 0
442 1
1 13 0 0 0 0 0 0 1.48275 1.48651 0.10566 189.474 -112.979 -190 0
443 1
1 13 0 0 0 0 0 0 1.34682 1.35096 0.10566 -136.887 -160.097 -190 0
444 1
1 13 0 0 0 0 0 0 2.67203 2.67411 0.10566 -180.615 -66.5351 -190 0
445 1
1 13 0 0 0 0 0 0 1.97245 1.97528 0.10566 -192.932 -77.5775 -190 0
446 1
1 13 0 0 0 0 0 0 2.73448 2.73652 0.10566 -124.861 -184.382 -190 0
447 1
1 13 0 0 0 0 0 0 1.54053 1.54415 0.10566 -130.745 -16.4238 -190 0
448 1
1 13 0 0 0 0 0 0 1.00186 1.00742 0.10566 129.035 -95.0662 -190 0
449 1
1 13 0 0 0 0 0 0 2.81726 2.81924 0.10566 107.097 -147.364 -190 0
450 1
1 13 0 0 0 0 0 0 1.79526 1.79836 0.10566 180.17 -124.325 -190 0
451 1
1 13 0 0 0 0 0 0 1.48639 1.49014 0.10566 -135.859 -59.4495 -190 0
452 1
1 13 0 0 0 0 0 0 1.3148 1.31904 0.10566 149.947 -39.3033 -190 0
453 1
1 13 0 0 0 0 0 0 1.75839 1.76156 0.10566 -167.538 -72.6371 -190 0
454 1
1 13 0 0 0 0 0 0 2.88345 2.88538 0.10566 -169.838 -176.704 -190 0
455 1
1 13 0 0 0 0 0 0 1.93713 1.94001 0.10566 196.199 -24.4033 -190 0
456 1
1 13 0 0 0 0 0 0 2.33078 2.33318 0.10566 113.512 -144.324 -190 0
457 1
1 13 0 0 0 0 0 0 1.7143 1.71756 0.10566 -182.269 -15.209 -190 0
458 1
1 13 0 0 0 0 0 0 2.02753 2.03028 0.10566 144.427 -30.7198 -190 0
459 1
1 13 0 0 0 0 0 0 2.54011 2.54231 0.10566 -128.206 -77.6098 -190 0
460 1
1 13 0 0 0 0 0 0 1.57616 1.5797 0.10566 -42.5308 -74.4259 -190 0
461 1
1 13 0 0 0 0 0 0 1.19622 1.20088 0.10566 0.831896 -54.6431 -190 0
462 1
1 13 0 0 0 0 0 0 2.97979 2.98166 0.10566 -27.1258 -76.436 -190 0
463 1
1 13 0 0 0 0 0 0 1.40021 1.4042 0.10566 -86.4337 -21.7138 -190 0
464 1
1 13 0 0 0 0 0 0 2.07953 2.08221 0.10566 115.387 -186.273 -190 0
465 1
1 13 0 0 0 0 0 0 2.73412 2.73616 0.10566 -125.455 -105.842 -190 0
466 1
1 13 0 0 0 0 0 0 2.99985 3.00171 0.10566 -91.4899 -110.92 -190 0
467 1
1 13 0 0 0 0 0 0 2.16441 2.16699 0.10566 -17.5714 -163.737 -190 0
468 1
1 13 0 0 0 0 0 0 1.38212 1.38615 0.10566 2.20775 -164.763 -190 0
469 1
1 13 0 0 0 0 0 0 2.09045 2.09312 0.10566 -0.492255 -118.786 -190 0
470 1
1 13 0 0 0 0 0 0 1.00689 1.01242 0.10566 145.435 -30.1104 -190 0
471 1
1 13 0 0 0 0 0 0 2.71246 2.71451 0.10566 -18.2093 -31.9659 -190 0
472 1
1 13 0 0 0 0 0 0 2.46056 2.46283 0.10566 143.328 -3.81902 -190 0
473 1
1 13 0 0 0 0 0 0 1.36374 1.36783 0.10566 -35.6347 -112.395 -190 0
474 1
1 13 0 0 0 0 0 0 2.9953 2.99717 0.10566 9.93649 -86.1072 -190 0
475 1
1 13 0 0 0 0 0 0 2.19757 2.2001 0.10566 122.322 -153.404 -190 0
476 1
1 13 0 0 0 0 0 0 2.325 2.3274 0.10566 -92.0056 -76.4486 -190 0
477 1
1 13 0 0 0 0 0 0 1.57087 1.57442 0.10566 -174.96 -61.0703 -190 0
478 1
1 13 0 0 0 0 0 0 1.22798 1.23252 0.10566 17.4197 -110.87 -190 0
479 1
1 13 0 0 0 0 0 0 1.81067 1.81375 0.10566 161.847 -96.438 -190 0
480 1
1 13 0 0 0 0 0 0 1.10108 1.10614 0.10566 -130.132 -155.727 -190 0
481 1
1 13 0 0 0 0 0 0 2.49587 2.4981 0.10566 -11.5585 -168.021 -190 0
482 1
1 13 0 0 0 0 0 0 2.98985 2.99172 0.10566 -132.332 -169.051 -190 0
483 1
1 13 0 0 0 0 0 0 2.67643 2.67852 0.10566 -103.691 -85.6373 -190 0
484 1
1 13 0 0 0 0 0 0 2.1865 2.18905 0.10566 -83.6985 -131.421 -190 0
485 1
1 13 0 0 0 0 0 0 1.78955 1.79267 0.10566 199.914 -138.023 -190 0
486 1
1 13 0 0 0 0 0 0 2.43282 2.43512 0.10566 16.4606 -108.656 -190 0
487 1
1 13 0 0 0 0 0 0 2.99647 2.99833 0.10566 105.385 -160.89 -190 0
488 1
1 13 0 0 0 0 0 0 1.45879 1.46261 0.10566 -161.245 -104.538 -190 0
489 1
1 13 0 0 0 0 0 0 2.98599 2.98785 0.10566 -54.6207 -95.2867 -190 0
490 1
1 13 0 0 0 0 0 0 1.45778 1.4616 0.10566 187.161 -10.7698 -190 0
491 1
1 13 0 0 0 0 0 0 2.88121 2.88315 0.10566 27.58 -25.4261 -190 0
492 1
1 13 0 0 0 0 0 0 2.01669 2.01946 0.10566 18.5167 -199.998 -190 0
493 1
1 13 0 0 0 0 0 0 2.21205 2.21457 0.10566 122.602 -93.2432 -190 0
494 1
1 13 0 0 0 0 0 0 1.30197 1.30625 0.10566 38.2258 -47.3313 -190 0
495 1
1 13 0 0 0 0 0 0 2.4611 2.46337 0.10566 -74.4479 -153.626 -190 0
496 1
1 13 0 0 0 0 0 0 2.06285 2.06556 0.10566 -176.42 -169.509 -190 0
497 1
1 13 0 0 0 0 0 0 1.77633 1.77947 0.10566 182.678 -167.674 -190 0
498 1
1 13 0 0 0 0 0 0 2.57822 2.58039 0.10566 -100.537 -74.7562 -190 0
499 1
1 13 0 0 0 0 0 0 1.70196 1.70524 0.10566 133.425 -178.165 -190 0
500 1
1 13 0 0 0 0 0 0 2.11342 2.11606 0.10566 -142.47 -128.136 -190 0
501 1
1 13 0 0 0 0 0 0 1.27334 1.27771 0.10566 84.2496 -176.568 -190 0
502 1
1 13 0 0 0 0 0 0 1.27247 1.27685 0.10566 -143.253 -95.2908 -190 0
503 1
1 13 0 0 0 0 0 0 2.82121 2.82319 0.10566 30.6533 -75.6574 -190 0
504 1
1 13 0 0 0 0 0 0 1.35954 1.36364 0.10566 146.381 -110.698 -190 0
505 1
1 13 0 0 0 0 0 0 1.56743 1.57098 0.10566 70.9236 -129.45 -190 0
506 1
1 13 0 0 0 0 0 0 1.86281 1.86581 0.10566 -31.314 -3.66589 -190 0
507 1
1 13 0 0 0 0 0 0 2.01702 2.01979 0.10566 -49.054 -70.4536 -190 0
508 1
1 13 0 0 0 0 0 0 2.12388 2.12651 0.10566 55.4996 -100.303 -190 0
509 1
1 13 0 0 0 0 0 0 1.6725 1.67584 0.10566 -83.3549 -194.535 -190 0
510 1
1 13 0 0 0 0 0 0 1.23289 1.23741 0.10566 -45.024 -5.74875 -190 0
511 1
1 13 0 0 0 0 0 0 1.18634 1.19103 0.10566 170.172 -145.864 -190 0
512 1
1 13 0 0 0 0 0 0 1.85607 1.85908 0.10566 28.4319 -7.11636 -190 0
513 1
1 13 0 0 0 0 0 0 2.93196 2.93387 0.10566 -81.1673 -93.3439 -190 0
514 1
1 13 0 0 0 0 0 0 2.12825 2.13087 0.10566 153.655 -2.56936 -190 0
515 1
1 13 0 0 0 0 0 0 1.80638 1.80946 0.10566 157.432 -94.4682 -190 0
516 1
1 13 0 0 0 0 0 0 1.95283 1.95569 0.10566 197.01 -111.334 -190 0
517 1
1 13 0 0 0 0 0 0 1.48543 1.48918 0.10566 -126.363 -190.931 -190 0
518 1
1 13 0 0 0 0 0 0 1.04053 1.04589 0.10566 132.802 -196.181 -190 0
519 1
1 13 0 0 0 0 0 0 2.30345 2.30587 0.10566 -103.525 -133.442 -190 0
520 1
1 13 0 0 0 0 0 0 1.71281 1.71607 0.10566 35.2705 -58.3551 -190 0
521 1
1 13 0 0 0 0 0 0 1.192 1.19667 0.10566 195.881 -28.7843 -190 0
522 1
1 13 0 0 0 0 0 0 1.07445 1.07963 0.10566 -195.144 -62.0009 -190 0
523 1
1 13 0 0 0 0 0 0 2.70045 2.70252 0.10566 57.6235 -33.407 -190 0
524 1
1 13 0 0 0 0 0 0 2.92602 2.92793 0.10566 197.352 -164.854 -190 0
525 1
1 13 0 0 0 0 0 0 1.83288 1.83593 0.10566 189.3 -11.0941 -190 0
526 1
1 13 0 0 0 0 0 0 1.15508 1.15991 0.10566 -139.018 -177.848 -190 0
527 1
1 13 0 0 0 0 0 0 2.51094 2.51316 0.10566 199.251 -199.369 -190 0
528 1
1 13 0 0 0 0 0 0 1.76393 1.76709 0.10566 110.572 -122.63 -190 0
529 1
1 13 0 0 0 0 0 0 2.85639 2.85835 0.10566 -62.8967 -159.628 -190 0
530 1
1 13 0 0 0 0 0 0 2.45903 2.4613 0.10566 -71.0494 -30.866 -190 0
531 1
1 13 0 0 0 0 0 0 1.98158 1.9844 0.10566 151.143 -151.813 -190 0
532 1
1 13 0 0 0 0 0 0 2.17962 2.18218 0.10566 -32.5256 -104.24 -190 0
533 1
1 13 0 0 0 0 0 0 1.75137 1.75455 0.10566 55.4367 -178.676 -190 0
534 1
1 13 0 0 0 0 0 0 2.81708 2.81906 0.10566 50.4274 -175.549 -190 0
535 1
1 13 0 0 0 0 0 0 2.36772 2.37008 0.10566 20.6099 -95.7602 -190 0
536 1
1 13 0 0 0 0 0 0 2.56146 2.56363 0.10566 -130.965 -41.8441 -190 0
537 1
1 13 0 0 0 0 0 0 1.1043 1.10935 0.10566 150.402 -149.308 -190 0
538 1
1 13 0 0 0 0 0 0 2.38765 2.38999 0.10566 147.126 -106.383 -190 0
539 1
1 13 0 0 0 0 0 0 1.35788 1.36199 0.10566 -169.066 -131.836 -190 0
540 1
1 13 0 0 0 0 0 0 2.86221 2.86416 0.10566 63.2527 -167.657 -190 0
541 1
1 13 0 0 0 0 0 0 2.5897 2.59186 0.10566 -62.9642 -176.543 -190 0
542 1
1 13 0 0 0 0 0 0 1.22852 1.23305 0.10566 36.8325 -67.1472 -190 0
543 1
1 13 0 0 0 0 0 0 1.61817 1.62162 0.10566 118.742 -166.512 -190 0
544 1
1 13 0 0 0 0 0 0 2.48543 2.48767 0.10566 -161.63 -106.201 -190 0
545 1
1 13 0 0 0 0 0 0 2.56727 2.56944 0.10566 178.474 -117.139 -190 0
546 1
1 13 0 0 0 0 0 0 1.25418 1.25862 0.10566 112.295 -151.109 -190 0
547 1
1 13 0 0 0 0 0 0 2.87257 2.87451 0.10566 197.424 -132.5 -190 0
548 1
1 13 0 0 0 0 0 0 2.72351 2.72556 0.10566 -124.759 -88.5347 -190 0
549 1
1 13 0 0 0 0 0 0 1.46723 1.47103 0.10566 33.3799 -123.474 -190 0
550 1
1 13 0 0 0 0 0 0 1.51029 1.51398 0.10566 -10.6431 -8.83251 -190 0
551 1
1 13 0 0 0 0 0 0 1.30304 1.30731 0.10566 132.415 -71.1706 -190 0
552 1
1 13 0 0 0 0 0 0 1.48577 1.48952 0.10566 148.192 -165.59 -190 0
553 1
1 13 0 0 0 0 0 0 2.05728 2.06 0.10566 9.31071 -123.839 -190 0
554 1
1 13 0 0 0 0 0 0 1.76191 1.76508 0.10566 -143.115 -151.141 -190 0
555 1
1 13 0 0 0 0 0 0 2.20569 2.20822 0.10566 189.619 -172.852 -190 0
556 1
1 13 0 0 0 0 0 0 2.13463 2.13724 0.10566 19.2976 -104.616 -190 0
557 1
1 13 0 0 0 0 0 0 2.1186 2.12123 0.10566 90.0622 -79.4568 -190 0
558 1
1 13 0 0 0 0 0 0 1.76839 1.77154 0.10566 100.68 -87.2966 -190 0
559 1
1 13 0 0 0 0 0 0 1.05363 1.05892 0.10566 -20.4833 -12.1765 -190 0
560 1
1 13 0 0 0 0 0 0 1.36237 1.36646 0.10566 160.43 -21.2536 -190 0
561 1
1 13 0 0 0 0 0 0 2.55305 2.55523 0.10566 147.062 -117.882 -190 0
562 1
1 13 0 0 0 0 0 0 1.06693 1.07215 0.10566 168.922 -48.5199 -190 0
563 1
1 13 0 0 0 0 0 0 2.87529 2.87723 0.10566 -70.9024 -63.3987 -190 0
564 1
1 13 0 0 0 0 0 0 2.65693 2.65903 0.10566 160.368 -8.61431 -190 0
565 1
1 13 0 0 0 0 0 0 2.36168 2.36404 0.10566 110.988 -105.114 -190 0
566 1
1 13 0 0 0 0 0 0 1.80137 1.80447 0.10566 -3.84965 -112.377 -190 0
567 1
1 13 0 0 0 0 0 0 1.03315 1.03854 0.10566 19.7785 -112.402 -190 0
568 1
1 13 0 0 0 0 0 0 2.38141 2.38375 0.10566 -122.387 -12.7584 -190 0
569 1
1 13 0 0 0 0 0 0 2.23081 2.23331 0.10566 132.12 -26.0818 -190 0
570 1
1 13 0 0 0 0 0 0 1.03654 1.04191 0.10566 -30.5986 -75.9038 -190 0
571 1
1 13 0 0 0 0 0 0 1.35141 1.35554 0.10566 -43.0291 -16.0614 -190 0
572 1
1 13 0 0 0 0 0 0 2.62392 2.62605 0.10566 -10.4957 -84.8938 -190 0
573 1
1 13 0 0 0 0 0 0 1.61497 1.61842 0.10566 -198.945 -26.2408 -190 0
574 1
1 13 0 0 0 0 0 0 2.34501 2.34739 0.10566 60.8487 -129.358 -190 0
575 1
1 13 0 0 0 0 0 0 1.6046 1.60808 0.10566 19.6694 -172.479 -190 0
576 1
1 13 0 0 0 0 0 0 2.06145 2.06415 0.10566 -31.6049 -157.361 -190 0
577 1
1 13 0 0 0 0 0 0 1.19733 1.20198 0.10566 -142.82 -98.6717 -190 0
578 1
1 13 0 0 0 0 0 0 2.78902 2.79102 0.10566 62.2264 -66.2795 -190 0
579 1
1 13 0 0 0 0 0 0 2.1617 2.16428 0.10566 -191.32 -185.721 -190 0
580 1
1 13 0 0 0 0 0 0 1.09413 1.09922 0.10566 -4.12956 -51.0758 -190 0
581 1
1 13 0 0 0 0 0 0 1.26851 1.27291 0.10566 127.511 -49.2358 -190 0
582 1
1 13 0 0 0 0 0 0 2.4088 2.41112 0.10566 178.032 -20.7912 -190 0
583 1
1 13 0 0 0 0 0 0 2.22419 2.2267 0.10566 54.908 -99.4686 -190 0
584 1
1 13 0 0 0 0 0 0 1.33502 1.33919 0.10566 51.6569 -41.2033 -190 0
585 1
1 13 0 0 0 0 0 0 2.13352 2.13613 0.10566 160.956 -104.045 -190 0
586 1
1 13 0 0 0 0 0 0 1.6383 1.6417 0.10566 -5.26695 -180.174 -190 0
587 1
1 13 0 0 0 0 0 0 1.63717 1.64058 0.10566 7.71427 -16.4346 -190 0
588 1
1 13 0 0 0 0 0 0 2.87824 2.88018 0.10566 181.039 -54.004 -190 0
589 1
1 13 0 0 0 0 0 0 1.56689 1.57045 0.10566 11.8161 -133.401 -190 0
590 1
1 13 0 0 0 0 0 0 2.68081 2.68289 0.10566 144.003 -169.061 -190 0
591 1
1 13 0 0 0 0 0 0 2.35788 2.36024 0.10566 -60.7105 -67.9454 -190 0
592 1
1 13 0 0 0 0 0 0 2.16665 2.16923 0.10566 72.2109 -180.2 -190 0
593 1
1 13 0 0 0 0 0 0 1.54473 1.54834 0.10566 95.4286 -162.954 -190 0
594 1
1 13 0 0 0 0 0 0 2.20261 2.20514 0.10566 -170.288 -186.728 -190 0
595 1
1 13 0 0 0 0 0 0 1.60731 1.61077 0.10566 -123.898 -186.86 -190 0
596 1
1 13 0 0 0 0 0 0 2.57024 2.57241 0.10566 -25.0526 -123.868 -190 0
597 1
1 13 0 0 0 0 0 0 2.72915 2.73119 0.10566 191.134 -36.056 -190 0
598 1
1 13 0 0 0 0 0 0 1.47531 1.47909 0.10566 -60.0915 -151.669 -190 0
599 1
1 13 0 0 0 0 0 0 2.21709 2.21961 0.10566 -194.176 -63.3677 -190 0
600 1
1 13 0 0 0 0 0 0 2.32273 2.32513 0.10566 -47.0632 -82.8 -190 0
601 1
1 13 0 0 0 0 0 0 1.64632 1.64971 0.10566 94.4942 -158.139 -190 0
602 1
1 13 0 0 0 0 0 0 1.04873 1.05404 0.10566 142.992 -154.433 -190 0
603 1
1 13 0 0 0 0 0 0 1.39355 1.39755 0.10566 -120.833 -61.8739 -190 0
604 1
1 13 0 0 0 0 0 0 2.80418 2.80617 0.10566 -105.552 -49.7008 -190 0
605 1
1 13 0 0 0 0 0 0 2.65815 2.66025 0.10566 181.847 -11.0353 -190 0
606 1
1 13 0 0 0 0 0 0 1.03244 1.03784 0.10566 129.022 -43.3683 -190 0
607 1
1 13 0 0 0 0 0 0 1.64572 1.6491 0.10566 78.3733 -166.572 -190 0
608 1
1 13 0 0 0 0 0 0 1.2822 1.28655 0.10566 -38.1589 -11.6248 -190 0
609 1
1 13 0 0 0 0 0 0 1.44988 1.45373 0.10566 41.9719 -128.132 -190 0
610 1
1 13 0 0 0 0 0 0 2.47073 2.47299 0.10566 -81.0509 -160.801 -190 0
611 1
1 13 0 0 0 0 0 0 2.92881 2.93072 0.10566 18.2749 -182.77 -190 0
612 1
1 13 0 0 0 0 0 0 2.58717 2.58932 0.10566 -146.657 -186.672 -190 0
613 1
1 13 0 0 0 0 0 0 1.15019 1.15503 0.10566 -138.851 -73.3458 -190 0
614 1
1 13 0 0 0 0 0 0 2.97624 2.97812 0.10566 120.515 -151.377 -190 0
615 1
1 13 0 0 0 0 0 0 2.37205 2.3744 0.10566 95.1093 -73.6725 -190 0
616 1
1 13 0 0 0 0 0 0 2.61416 2.6163 0.10566 89.2954 -143.936 -190 0
617 1
1 13 0 0 0 0 0 0 1.14391 1.14878 0.10566 -23.5441 -187.418 -190 0
618 1
1 13 0 0 0 0 0 0 1.39532 1.39931 0.10566 -14.7004 -174.567 -190 0
619 1
1 13 0 0 0 0 0 0 1.05494 1.06022 0.10566 -181.121 -169.222 -190 0
620 1
1 13 0 0 0 0 0 0 1.23991 1.24441 0.10566 -24.5864 -167.223 -190 0
621 1
1 13 0 0 0 0 0 0 2.22676 2.22926 0.10566 20.6047 -41.908 -190 0
622 1
1 13 0 0 0 0 0 0 2.70371 2.70577 0.10566 -137.82 -27.9084 -190 0
623 1
1 13 0 0 0 0 0 0 1.38422 1.38824 0.10566 128.247 -157.246 -190 0
624 1
1 13 0 0 0 0 0 0 1.62216 1.6256 0.10566 110.262 -9.95228 -190 0
625 1
1 13 0 0 0 0 0 0 1.91361 1.91653 0.10566 155.869 -24.1844 -190 0
626 1
1 13 0 0 0 0 0 0 2.36647 2.36882 0.10566 -85.4008 -188.865 -190 0
627 1
1 13 0 0 0 0 0 0 1.72659 1.72982 0.10566 142.497 -113.527 -190 0
628 1
1 13 0 0 0 0 0 0 2.64245 2.64456 0.10566 -139.323 -66.5569 -190 0
629 1
1 13 0 0 0 0 0 0 2.21739 2.21991 0.10566 104.437 -120.748 -190 0
630 1
1 13 0 0 0 0 0 0 1.08227 1.08741 0.10566 150.829 -199.837 -190 0
631 1
1 13 0 0 0 0 0 0 2.90941 2.91133 0.10566 -30.8776 -135.208 -190 0
632 1
1 13 0 0 0 0 0 0 1.88787 1.89082 0.10566 31.533 -191.131 -190 0
633 1
1 13 0 0 0 0 0 0 2.10877 2.11141 0.10566 -182.356 -90.7708 -190 0
634 1
1 13 0 0 0 0 0 0 1.0614 1.06665 0.10566 -114.102 -13.2747 -190 0
635 1
1 13 0 0 0 0 0 0 1.33519 1.33936 0.10566 123.473 -183.846 -190 0
636 1
1 13 0 0 0 0 0 0 1.24472 1.24919 0.10566 -28.6481 -110.372 -190 0
637 1
1 13 0 0 0 0 0 0 1.93031 1.9332 0.10566 -137.11 -191.78 -190 0
638 1
1 13 0 0 0 0 0 0 2.32429 2.32669 0.10566 4.76084 -72.9635 -190 0
639 1
1 13 0 0 0 0 0 0 2.12772 2.13034 0.10566 149.85 -157.503 -190 0
640 1
1 13 0 0 0 0 0 0 1.08675 1.09188 0.10566 -133.177 -103.475 -190 0
641 1
1 13 0 0 0 0 0 0 2.94586 2.94775 0.10566 186.824 -79.0041 -190 0
642 1
1 13 0 0 0 0 0 0 2.03255 2.03529 0.10566 4.85769 -157.604 -190 0
643 1
1 13 0 0 0 0 0 0 1.70442 1.70769 0.10566 -177.211 -75.8663 -190 0
644 1
1 13 0 0 0 0 0 0 2.51908 2.52129 0.10566 195.062 -111.53 -190 0
645 1
1 13 0 0 0 0 0 0 2.42827 2.43057 0.10566 -106.71 -19.3224 -190 0
646 1
1 13 0 0 0 0 0 0 2.55649 2.55867 0.10566 147.509 -130.12 -190 0
647 1
1 13 0 0 0 0 0 0 2.57642 2.57859 0.10566 102.172 -24.8876 -190 0
648 1
1 13 0 0 0 0 0 0 1.49601 1.49974 0.10566 -45.6711 -171.434 -190 0
649 1
1 13 0 0 0 0 0 0 1.00528 1.01081 0.10566 -103.349 -168.992 -190 0
650 1
1 13 0 0 0 0 0 0 2.20674 2.20926 0.10566 -173.268 -17.0303 -190 0
651 1
1 13 0 0 0 0 0 0 2.94727 2.94916 0.10566 123.809 -140.43 -190 0
652 1
1 13 0 0 0 0 0 0 2.43217 2.43446 0.10566 -65.8005 -27.0718 -190 0
653 1
1 13 0 0 0 0 0 0 2.73196 2.734 0.10566 -35.5119 -191.627 -190 0
654 1
1 13 0 0 0 0 0 0 2.9947 2.99657 0.10566 -78.3682 -103.133 -190 0
655 1
1 13 0 0 0 0 0 0 1.73242 1.73564 0.10566 -55.4346 -138.356 -190 0
656 1
1 13 0 0 0 0 0 0 1.41935 1.42328 0.10566 -139.782 -197.977 -190 0
657 1
1 13 0 0 0 0 0 0 1.8533 1.85631 0.10566 33.084 -185.593 -190 0
658 1
1 13 0 0 0 0 0 0 1.63715 1.64056 0.10566 -129.741 -71.2863 -190 0
659 1
1 13 0 0 0 0 0 0 1.37114 1.3752 0.10566 190.919 -36.1398 -190 0
660 1
1 13 0 0 0 0 0 0 2.34143 2.34382 0.10566 -23.0269 -199.13 -190 0
661 1
1 13 0 0 0 0 0 0 1.19909 1.20373 0.10566 -190.103 -35.4759 -190 0
662 1
1 13 0 0 0 0 0 0 2.77259 2.77461 0.10566 -87.9308 -143.151 -190 0
663 1
1 13 0 0 0 0 0 0 1.64833 1.65172 0.10566 86.9675 -121.965 -190 0
664 1
1 13 0 0 0 0 0 0 2.48805 2.49029 0.10566 -64.634 -159.495 -190 0
665 1
1 13 0 0 0 0 0 0 1.60736 1.61083 0.10566 -83.97 -34.0457 -190 0
666 1
1 13 0 0 0 0 0 0 1.69294 1.69624 0.10566 -63.7435 -49.2051 -190 0
667 1
1 13 0 0 0 0 0 0 2.66934 2.67143 0.10566 -172.496 -26.6635 -190 0
668 1
1 13 0 0 0 0 0 0 1.46314 1.46695 0.10566 115.66 -137.297 -190 0
669 1
1 13 0 0 0 0 0 0 1.81534 1.81842 0.10566 -166.493 -147.881 -190 0
670 1
1 13 0 0 0 0 0 0 1.92008 1.92298 0.10566 -119.353 -107.777 -190 0
671 1
1 13 0 0 0 0 0 0 1.24159 1.24608 0.10566 -0.0800034 -85.7733 -190 0
672 1
1 13 0 0 0 0 0 0 2.056 2.05871 0.10566 -95.6065 -6.54671 -190 0
673 1
1 13 0 0 0 0 0 0 2.90959 2.9115 0.10566 -160.381 -118.563 -190 0
674 1
1 13 0 0 0 0 0 0 2.30278 2.30521 0.10566 7.13468 -71.4525 -190 0
675 1
1 13 0 0 0 0 0 0 1.46008 1.4639 0.10566 -25.6441 -187.774 -190 0
676 1
1 13 0 0 0 0 0 0 2.46507 2.46733 0.10566 23.0509 -44.4066 -190 0
677 1
1 13 0 0 0 0 0 0 2.99675 2.99862 0.10566 -174.22 -96.6058 -190 0
678 1
1 13 0 0 0 0 0 0 2.50136 2.50359 0.10566 35.4732 -13.3655 -190 0
679 1
1 13 0 0 0 0 0 0 2.1721 2.17467 0.10566 -78.2518 -170.895 -190 0
680 1
1 13 0 0 0 0 0 0 1.74329 1.74649 0.10566 164.562 -157.507 -190 0
681 1
1 13 0 0 0 0 0 0 2.33187 2.33427 0.10566 -26.7617 -75.1042 -190 0
682 1
1 13 0 0 0 0 0 0 2.11544 2.11807 0.10566 116.95 -198.348 -190 0
683 1
1 13 0 0 0 0 0 0 2.28763 2.29007 0.10566 76.8121 -73.0317 -190 0
684 1
1 13 0 0 0 0 0 0 1.32085 1.32507 0.10566 -156.911 -174.675 -190 0
685 1
1 13 0 0 0 0 0 0 2.8206 2.82258 0.10566 -149.838 -37.5447 -190 0
686 1
1 13 0 0 0 0 0 0 1.19248 1.19715 0.10566 35.1529 -120.01 -190 0
687 1
1 13 0 0 0 0 0 0 1.56513 1.56869 0.10566 40.8319 -157.753 -190 0
688 1
1 13 0 0 0 0 0 0 1.11105 1.11606 0.10566 133.977 -3.16988 -190 0
689 1
1 13 0 0 0 0 0 0 2.80513 2.80712 0.10566 -74.3984 -134.844 -190 0
690 1
1 13 0 0 0 0 0 0 2.9459 2.94779 0.10566 170.812 -169.481 -190 0
691 1
1 13 0 0 0 0 0 0 1.65121 1.65458 0.10566 -110.729 -187.838 -190 0
692 1
1 13 0 0 0 0 0 0 2.52211 2.52432 0.10566 -191.448 -4.83153 -190 0
693 1
1 13 0 0 0 0 0 0 1.87176 1.87474 0.10566 48.3211 -197.45 -190 0
694 1
1 13 0 0 0 0 0 0 1.10358 1.10862 0.10566 -66.4468 -95.1784 -190 0
695 1
1 13 0 0 0 0 0 0 1.97292 1.97575 0.10566 -181.213 -116.884 -190 0
696 1
1 13 0 0 0 0 0 0 2.40784 2.41016 0.10566 -99.0488 -129.39 -190 0
697 1
1 13 0 0 0 0 0 0 1.97936 1.98218 0.10566 -115.738 -69.7207 -190 0
698 1
1 13 0 0 0 0 0 0 1.19863 1.20328 0.10566 -75.8702 -89.4909 -190 0
699 1
1 13 0 0 0 0 0 0 1.3018 1.30609 0.10566 -67.2476 -64.9619 -190 0
700 1
1 13 0 0 0 0 0 0 1.3018 1.30608 0.10566 117.001 -197.362 -190 0
701 1
1 13 0 0 0 0 0 0 2.99899 3.00085 0.10566 -0.482097 -196.63 -190 0
702 1
1 13 0 0 0 0 0 0 1.28805 1.29238 0.10566 -183.52 -146.647 -190 0
703 1
1 13 0 0 0 0 0 0 2.32784 2.33024 0.10566 121.454 -143.063 -190 0
704 1
1 13 0 0 0 0 0 0 2.32555 2.32795 0.10566 -177.527 -90.6297 -190 0
705 1
1 13 0 0 0 0 0 0 2.143 2.1456 0.10566 10.8416 -11.8207 -190 0
706 1
1 13 0 0 0 0 0 0 2.20002 2.20256 0.10566 4.95093 -104.974 -190 0
707 1
1 13 0 0 0 0 0 0 1.41352 1.41747 0.10566 -177.747 -61.4098 -190 0
708 1
1 13 0 0 0 0 0 0 1.24581 1.25028 0.10566 -176.596 -50.8385 -190 0
709 1
1 13 0 0 0 0 0 0 2.63708 2.6392 0.10566 -56.6516 -199.639 -190 0
710 1
1 13 0 0 0 0 0 0 2.02826 2.03101 0.10566 12.2546 -156.217 -190 0
711 1
1 13 0 0 0 0 0 0 1.82109 1.82416 0.10566 -47.5367 -73.5457 -190 0
712 1
1 13 0 0 0 0 0 0 2.86641 2.86836 0.10566 -29.7429 -113.504 -190 0
713 1
1 13 0 0 0 0 0 0 1.07392 1.0791 0.10566 -174.006 -45.9543 -190 0
714 1
1 13 0 0 0 0 0 0 2.42727 2.42957 0.10566 66.0514 -81.0486 -190 0
715 1
1 13 0 0 0 0 0 0 2.44794 2.45022 0.10566 23.4303 -140.295 -190 0
716 1
1 13 0 0 0 0 0 0 1.71139 1.71465 0.10566 -79.362 -44.7814 -190 0
717 1
1 13 0 0 0 0 0 0 2.10559 2.10824 0.10566 -160.537 -150.495 -190 0
718 1
1 13 0 0 0 0 0 0 2.00725 2.01003 0.10566 -107.458 -82.6167 -190 0
719 1
1 13 0 0 0 0 0 0 2.3919 2.39424 0.10566 132.299 -173.099 -190 0
720 1
1 13 0 0 0 0 0 0 2.17289 2.17546 0.10566 70.6527 -26.6758 -190 0
721 1
1 13 0 0 0 0 0 0 2.79699 2.79898 0.10566 -33.9185 -114.728 -190 0
722 1
1 13 0 0 0 0 0 0 1.5466 1.5502 0.10566 146.253 -29.1458 -190 0
723 1
1 13 0 0 0 0 0 0 2.0982 2.10086 0.10566 24.6754 -47.5663 -190 0
724 1
1 13 0 0 0 0 0 0 2.79336 2.79536 0.10566 141.309 -118.647 -190 0
725 1
1 13 0 0 0 0 0 0 2.52473 2.52694 0.10566 -101.217 -3.65434 -190 0
726 1
1 13 0 0 0 0 0 0 1.92231 1.92522 0.10566 -99.3358 -72.4205 -190 0
727 1
1 13 0 0 0 0 0 0 2.25896 2.26143 0.10566 172.446 -0.00416371 -190 0
728 1
1 13 0 0 0 0 0 0 1.41153 1.41548 0.10566 -87.0109 -97.8027 -190 0
729 1
1 13 0 0 0 0 0 0 2.33856 2.34094 0.10566 -166.464 -102.502 -190 0
730 1
1 13 0 0 0 0 0 0 2.2061 2.20862 0.10566 170.371 -136.635 -190 0
731 1
1 13 0 0 0 0 0 0 1.69242 1.69572 0.10566 36.3426 -43.9348 -190 0
732 1
1 13 0 0 0 0 0 0 2.50396 2.50618 0.10566 -72.0011 -95.4254 -190 0
733 1
1 13 0 0 0 0 0 0 2.13483 2.13745 0.10566 53.8565 -28.0769 -190 0
734 1
1 13 0 0 0 0 0 0 2.14142 2.14403 0.10566 -158.668 -13.8136 -190 0
735 1
1 13 0 0 0 0 0 0 1.05098 1.05628 0.10566 -20.4524 -157.564 -190 0
736 1
1 13 0 0 0 0 0 0 1.14608 1.15094 0.10566 -125.694 -26.9028 -190 0
737 1
1 13 0 0 0 0 0 0 1.62918 1.63261 0.10566 180.418 -40.8539 -190 0
738 1
1 13 0 0 0 0 0 0 2.71716 2.71922 0.10566 50.8589 -198.362 -190 0
739 1
1 13 0 0 0 0 0 0 1.81045 1.81353 0.10566 186.444 -20.3703 -190 0
740 1
1 13 0 0 0 0 0 0 2.87447 2.87642 0.10566 182.669 -179.767 -190 0
741 1
1 13 0 0 0 0 0 0 1.66446 1.66781 0.10566 -185.035 -164.185 -190 0
742 1
1 13 0 0 0 0 0 0 2.88953 2.89146 0.10566 -176.301 -24.0226 -190 0
743 1
1 13 0 0 0 0 0 0 2.67065 2.67274 0.10566 -196.683 -37.3735 -190 0
744 1
1 13 0 0 0 0 0 0 1.68146 1.68477 0.10566 147.165 -75.769 -190 0
745 1
1 13 0 0 0 0 0 0 1.43799 1.44187 0.10566 -130.966 -59.7934 -190 0
746 1
1 13 0 0 0 0 0 0 2.12896 2.13158 0.10566 48.1076 -185.765 -190 0
747 1
1 13 0 0 0 0 0 0 1.38695 1.39097 0.10566 -56.9282 -69.4872 -190 0
748 1
1 13 0 0 0 0 0 0 2.22287 2.22538 0.10566 61.0256 -144.07 -190 0
749 1
1 13 0 0 0 0 0 0 1.61405 1.61751 0.10566 -128.428 -41.9039 -190 0
750 1
1 13 0 0 0 0 0 0 2.35113 2.35351 0.10566 -85.8089 -48.4729 -190 0
751 1
1 13 0 0 0 0 0 0 1.60951 1.61298 0.10566 84.1462 -44.8765 -190 0
752 1
1 13 0 0 0 0 0 0 2.66932 2.67141 0.10566 -39.2438 -130.893 -190 0
753 1
1 13 0 0 0 0 0 0 1.86839 1.87137 0.10566 183.776 -197.67 -190 0
754 1
1 13 0 0 0 0 0 0 1.92357 1.92647 0.10566 -115.954 -140.167 -190 0
755 1
1 13 0 0 0 0 0 0 2.96973 2.97161 0.10566 -76.569 -86.6106 -190 0
756 1
1 13 0 0 0 0 0 0 2.83259 2.83456 0.10566 78.775 -142.897 -190 0
757 1
1 13 0 0 0 0 0 0 2.91033 2.91225 0.10566 132.964 -133.894 -190 0
758 1
1 13 0 0 0 0 0 0 1.96876 1.97159 0.10566 -134.161 -160.814 -190 0
759 1
1 13 0 0 0 0 0 0 2.74298 2.74502 0.10566 77.5526 -6.66405 -190 0
760 1
1 13 0 0 0 0 0 0 2.33909 2.34148 0.10566 96.6353 -79.6208 -190 0
761 1
1 13 0 0 0 0 0 0 2.05502 2.05773 0.10566 -66.0591 -54.4905 -190 0
762 1
1 13 0 0 0 0 0 0 2.74278 2.74481 0.10566 -150.984 -38.7046 -190 0
763 1
1 13 0 0 0 0 0 0 1.05838 1.06365 0.10566 133.37 -163.514 -190 0
764 1
1 13 0 0 0 0 0 0 1.96414 1.96698 0.10566 -175.193 -172.983 -190 0
765 1
1 13 0 0 0 0 0 0 1.81072 1.8138 0.10566 -148.333 -195.289 -190 0
766 1
1 13 0 0 0 0 0 0 2.2577 2.26017 0.10566 105.722 -122.749 -190 0
767 1
1 13 0 0 0 0 0 0 1.72129 1.72453 0.10566 158.216 -93.3799 -190 0
768 1
1 13 0 0 0 0 0 0 2.40022 2.40254 0.10566 18.3813 -22.5712 -190 0
769 1
1 13 0 0 0 0 0 0 1.93965 1.94253 0.10566 -68.7545 -23.6306 -190 0
770 1
1 13 0 0 0 0 0 0 2.80037 2.80236 0.10566 125.847 -43.8017 -190 0
771 1
1 13 0 0 0 0 0 0 2.71403 2.71608 0.10566 -153.071 -45.5714 -190 0
772 1
1 13 0 0 0 0 0 0 2.35096 2.35333 0.10566 90.9171 -123.464 -190 0
773 1
1 13 0 0 0 0 0 0 2.92598 2.92789 0.10566 90.272 -37.8416 -190 0
774 1
1 13 0 0 0 0 0 0 1.11026 1.11528 0.10566 -12.7066 -46.4646 -190 0
775 1
1 13 0 0 0 0 0 0 1.29726 1.30156 0.10566 -184.726 -159.638 -190 0
776 1
1 13 0 0 0 0 0 0 1.4256 1.42951 0.10566 24.7389 -153.629 -190 0
777 1
1 13 0 0 0 0 0 0 2.96943 2.97131 0.10566 81.388 -127.29 -190 0
778 1
1 13 0 0 0 0 0 0 2.95686 2.95875 0.10566 32.3429 -175.603 -190 0
779 1
1 13 0 0 0 0 0 0 1.08659 1.09171 0.10566 -140.128 -102.526 -190 0
780 1
1 13 0 0 0 0 0 0 1.77145 1.7746 0.10566 16.3057 -99.0114 -190 0
781 1
1 13 0 0 0 0 0 0 1.5838 1.58732 0.10566 -195.916 -21.4211 -190 0
782 1
1 13 0 0 0 0 0 0 1.84019 1.84322 0.10566 191.744 -54.5187 -190 0
783 1
1 13 0 0 0 0 0 0 1.37195 1.37601 0.10566 192.366 -170.583 -190 0
784 1
1 13 0 0 0 0 0 0 2.92531 2.92722 0.10566 182.228 -50.5417 -190 0
785 1
1 13 0 0 0 0 0 0 2.99453 2.9964 0.10566 45.0765 -17.1649 -190 0
786 1
1 13 0 0 0 0 0 0 1.2121 1.21669 0.10566 44.6417 -175.138 -190 0
787 1
1 13 0 0 0 0 0 0 1.72923 1.73246 0.10566 160.476 -164.703 -190 0
788 1
1 13 0 0 0 0 0 0 1.56041 1.56398 0.10566 -130.587 -77.5347 -190 0
789 1
1 13 0 0 0 0 0 0 1.01848 1.02395 0.10566 65.9549 -3.54284 -190 0
790 1
1 13 0 0 0 0 0 0 2.6562 2.65831 0.10566 190.386 -137.329 -190 0
791 1
1 13 0 0 0 0 0 0 1.69881 1.7021 0.10566 -89.123 -110.604 -190 0
792 1
1 13 0 0 0 0 0 0 2.53268 2.53488 0.10566 93.8876 -82.0535 -190 0
793 1
1 13 0 0 0 0 0 0 1.42794 1.43184 0.10566 -138.994 -24.2878 -190 0
794 1
1 13 0 0 0 0 0 0 1.26739 1.27179 0.10566 -137.172 -159.548 -190 0
795 1
1 13 0 0 0 0 0 0 2.58513 2.58729 0.10566 26.9358 -162.734 -190 0
796 1
1 13 0 0 0 0 0 0 1.85734 1.86034 0.10566 50.0695 -127.615 -190 0
797 1
1 13 0 0 0 0 0 0 1.76636 1.76952 0.10566 5.57133 -143.291 -190 0
798 1
1 13 0 0 0 0 0 0 2.85018 2.85214 0.10566 186.768 -60.7962 -190 0
799 1
1 13 0 0 0 0 0 0 1.83095 1.83399 0.10566 20.1308 -175.353 -190 0
800 1
1 13 0 0 0 0 0 0 1.52104 1.52471 0.10566 16.551 -172.549 -190 0
801 1
1 13 0 0 0 0 0 0 2.66323 2.66533 0.10566 0.679333 -65.7548 -190 0
802 1
1 13 0 0 0 0 0 0 2.20331 2.20585 0.10566 151.159 -80.34 -190 0
803 1
1 13 0 0 0 0 0 0 2.03705 2.03979 0.10566 68.9134 -87.1349 -190 0
804 1
1 13 0 0 0 0 0 0 2.61783 2.61996 0.10566 -10.6576 -150.08 -190 0
805 1
1 13 0 0 0 0 0 0 1.71013 1.71339 0.10566 97.9268 -94.3132 -190 0
806 1
1 13 0 0 0 0 0 0 2.09729 2.09995 0.10566 -52.9435 -119.972 -190 0
807 1
1 13 0 0 0 0 0 0 2.25031 2.25279 0.10566 88.1826 -73.1751 -190 0
808 1
1 13 0 0 0 0 0 0 1.76111 1.76427 0.10566 -108.302 -47.9789 -190 0
809 1
1 13 0 0 0 0 0 0 1.31281 1.31706 0.10566 -43.4422 -22.9507 -190 0
810 1
1 13 0 0 0 0 0 0 2.24097 2.24346 0.10566 98.447 -127.561 -190 0
811 1
1 13 0 0 0 0 0 0 2.8951 2.89703 0.10566 42.5081 -132.057 -190 0
812 1
1 13 0 0 0 0 0 0 1.68161 1.68493 0.10566 184.805 -180.153 -190 0
813 1
1 13 0 0 0 0 0 0 2.87191 2.87385 0.10566 171.484 -180.247 -190 0
814 1
1 13 0 0 0 0 0 0 2.68385 2.68593 0.10566 117.144 -167.008 -190 0
815 1
1 13 0 0 0 0 0 0 2.42253 2.42483 0.10566 -73.6968 -121.654 -190 0
816 1
1 13 0 0 0 0 0 0 1.48664 1.49039 0.10566 65.6164 -156.699 -190 0
817 1
1 13 0 0 0 0 0 0 1.00846 1.01398 0.10566 -80.7492 -112.265 -190 0
818 1
1 13 0 0 0 0 0 0 1.01476 1.02024 0.10566 196.894 -133.634 -190 0
819 1
1 13 0 0 0 0 0 0 2.98314 2.98501 0.10566 42.9113 -170.146 -190 0
820 1
1 13 0 0 0 0 0 0 2.93515 2.93705 0.10566 152.578 -30.7163 -190 0
821 1
1 13 0 0 0 0 0 0 2.21162 2.21414 0.10566 -40.4573 -109.217 -190 0
822 1
1 13 0 0 0 0 0 0 2.86388 2.86583 0.10566 -113.53 -91.8212 -190 0
823 1
1 13 0 0 0 0 0 0 2.27034 2.2728 0.10566 103.739 -7.37703 -190 0
824 1
1 13 0 0 0 0 0 0 2.34069 2.34308 0.10566 35.9692 -34.2381 -190 0
825 1
1 13 0 0 0 0 0 0 2.71997 2.72203 0.10566 -36.8752 -82.5838 -190 0
826 1
1 13 0 0 0 0 0 0 1.47582 1.4796 0.10566 121.015 -116.587 -190 0
827 1
1 13 0 0 0 0 0 0 2.09342 2.09609 0.10566 -0.958199 -138.334 -190 0
828 1
1 13 0 0 0 0 0 0 2.82903 2.83101 0.10566 -34.9836 -146.177 -190 0
829 1
1 13 0 0 0 0 0 0 2.29685 2.29928 0.10566 85.157 -33.0085 -190 0
830 1
1 13 0 0 0 0 0 0 2.57859 2.58075 0.10566 140.263 -10.303 -190 0
831 1
1 13 0 0 0 0 0 0 1.95619 1.95904 0.10566 -145.853 -129.671 -190 0
832 1
1 13 0 0 0 0 0 0 2.86897 2.87092 0.10566 21.576 -94.1007 -190 0
833 1
1 13 0 0 0 0 0 0 1.26009 1.26451 0.10566 62.2649 -7.54081 -190 0
834 1
1 13 0 0 0 0 0 0 1.48153 1.48529 0.10566 -14.774 -3.50828 -190 0
835 1
1 13 0 0 0 0 0 0 1.7586 1.76177 0.10566 3.92769 -146.847 -190 0
836 1
1 13 0 0 0 0 0 0 1.56962 1.57318 0.10566 -37.9275 -130.416 -190 0
837 1
1 13 0 0 0 0 0 0 1.92357 1.92647 0.10566 70.4522 -7.90132 -190 0
838 1
1 13 0 0 0 0 0 0 1.65541 1.65878 0.10566 -31.8174 -97.1631 -190 0
839 1
1 13 0 0 0 0 0 0 1.92578 1.92868 0.10566 -34.0935 -185.689 -190 0
840 1
1 13 0 0 0 0 0 0 2.38455 2.38689 0.10566 -128.742 -134.028 -190 0
841 1
1 13 0 0 0 0 0 0 1.52604 1.52969 0.10566 188.983 -43.2294 -190 0
842 1
1 13 0 0 0 0 0 0 1.69706 1.70035 0.10566 -13.5421 -181.134 -190 0
843 1
1 13 0 0 0 0 0 0 2.01391 2.01668 0.10566 -48.6863 -150.953 -190 0
844 1
1 13 0 0 0 0 0 0 1.21095 1.21555 0.10566 -122.524 -139.007 -190 0
845 1
1 13 0 0 0 0 0 0 1.45532 1.45915 0.10566 -64.7248 -9.28812 -190 0
846 1
1 13 0 0 0 0 0 0 2.45537 2.45764 0.10566 160.25 -13.3386 -190 0
847 1
1 13 0 0 0 0 0 0 2.40246 2.40478 0.10566 -140.623 -35.917 -190 0
848 1
1 13 0 0 0 0 0 0 1.36344 1.36753 0.10566 -106.847 -156.355 -190 0
849 1
1 13 0 0 0 0 0 0 2.52584 2.52805 0.10566 -4.94951 -51.9535 -190 0
850 1
1 13 0 0 0 0 0 0 2.98862 2.99048 0.10566 124.295 -17.2244 -190 0
851 1
1 13 0 0 0 0 0 0 1.14616 1.15102 0.10566 80.729 -185.299 -190 0
852 1
1 13 0 0 0 0 0 0 1.08988 1.09499 0.10566 26.5669 -153.142 -190 0
853 1
1 13 0 0 0 0 0 0 2.38894 2.39127 0.10566 90.9131 -154.843 -190 0
854 1
1 13 0 0 0 0 0 0 2.86446 2.8664 0.10566 72.8503 -191.415 -190 0
855 1
1 13 0 0 0 0 0 0 2.94659 2.94849 0.10566 42.3492 -115.757 -190 0
856 1
1 13 0 0 0 0 0 0 1.77926 1.78239 0.10566 -54.9372 -55.8603 -190 0
857 1
1 13 0 0 0 0 0 0 2.64325 2.64536 0.10566 -132.6 -132.761 -190 0
858 1
1 13 0 0 0 0 0 0 1.00883 1.01435 0.10566 86.4707 -22.198 -190 0
859 1
1 13 0 0 0 0 0 0 1.86452 1.86751 0.10566 91.1364 -129.695 -190 0
860 1
1 13 0 0 0 0 0 0 1.44399 1.44785 0.10566 -53.8707 -138.986 -190 0
861 1
1 13 0 0 0 0 0 0 1.34998 1.35411 0.10566 -102.484 -183.169 -190 0
862 1
1 13 0 0 0 0 0 0 2.41951 2.42182 0.10566 -143.553 -32.6057 -190 0
863 1
1 13 0 0 0 0 0 0 1.55105 1.55464 0.10566 82.9917 -29.8056 -190 0
864 1
1 13 0 0 0 0 0 0 1.8821 1.88506 0.10566 66.4065 -76.076 -190 0
865 1
1 13 0 0 0 0 0 0 1.42124 1.42516 0.10566 -21.2116 -179.147 -190 0
866 1
1 13 0 0 0 0 0 0 2.17888 2.18144 0.10566 -199.221 -16.8773 -190 0
867 1
1 13 0 0 0 0 0 0 1.1485 1.15335 0.10566 -166.378 -79.6191 -190 0
868 1
1 13 0 0 0 0 0 0 1.68505 1.68836 0.10566 59.2773 -156.04 -190 0
869 1
1 13 0 0 0 0 0 0 1.42924 1.43314 0.10566 -166.307 -114.382 -190 0
870 1
1 13 0 0 0 0 0 0 2.79539 2.79738 0.10566 118.362 -122.187 -190 0
871 1
1 13 0 0 0 0 0 0 1.10758 1.11261 0.10566 -143.573 -104.006 -190 0
872 1
1 13 0 0 0 0 0 0 2.36986 2.37221 0.10566 16.52 -89.7111 -190 0
873 1
1 13 0 0 0 0 0 0 2.25341 2.25589 0.10566 122.313 -172.361 -190 0
874 1
1 13 0 0 0 0 0 0 1.27097 1.27535 0.10566 -85.4315 -121.537 -190 0
875 1
1 13 0 0 0 0 0 0 1.14738 1.15223 0.10566 154.554 -45.2309 -190 0
876 1
1 13 0 0 0 0 0 0 2.14852 2.15112 0.10566 -86.571 -191.328 -190 0
877 1
1 13 0 0 0 0 0 0 1.81948 1.82255 0.10566 132.22 -185.175 -190 0
878 1
1 13 0 0 0 0 0 0 2.73101 2.73305 0.10566 -153.823 -195.756 -190 0
879 1
1 13 0 0 0 0 0 0 2.66196 2.66406 0.10566 -100.644 -118.467 -190 0
880 1
1 13 0 0 0 0 0 0 2.55903 2.56121 0.10566 56.2943 -166.243 -190 0
881 1
1 13 0 0 0 0 0 0 2.63191 2.63403 0.10566 6.27819 -96.388 -190 0
882 1
1 13 0 0 0 0 0 0 1.13231 1.13723 0.10566 -130.245 -104.291 -190 0
883 1
1 13 0 0 0 0 0 0 1.64549 1.64888 0.10566 -175.943 -15.9306 -190 0
884 1
1 13 0 0 0 0 0 0 1.04694 1.05225 0.10566 -79.5204 -150.729 -190 0
885 1
1 13 0 0 0 0 0 0 2.74394 2.74597 0.10566 -85.1329 -10.7237 -190 0
886 1
1 13 0 0 0 0 0 0 2.34944 2.35181 0.10566 13.4311 -164.31 -190 0
887 1
1 13 0 0 0 0 0 0 2.72016 2.72222 0.10566 99.9271 -17.6526 -190 0
888 1
1 13 0 0 0 0 0 0 1.0357 1.04107 0.10566 65.8524 -31.3353 -190 0
889 1
1 13 0 0 0 0 0 0 2.33615 2.33854 0.10566 -130.12 -61.605 -190 0
890 1
1 13 0 0 0 0 0 0 2.70613 2.70819 0.10566 -118.577 -142.763 -190 0
891 1
1 13 0 0 0 0 0 0 2.83837 2.84033 0.10566 182.689 -62.5218 -190 0
892 1
1 13 0 0 0 0 0 0 1.9661 1.96894 0.10566 -114.611 -174.681 -190 0
893 1
1 13 0 0 0 0 0 0 2.58399 2.58615 0.10566 -59.5495 -76.8239 -190 0
894 1
1 13 0 0 0 0 0 0 2.1649 2.16747 0.10566 19.6824 -132.579 -190 0
895 1
1 13 0 0 0 0 0 0 1.94709 1.94995 0.10566 -2.481 -127.468 -190 0
896 1
1 13 0 0 0 0 0 0 1.06496 1.07019 0.10566 160.894 -193.569 -190 0
897 1
1 13 0 0 0 0 0 0 2.98016 2.98203 0.10566 90.265 -137.709 -190 0
898 1
1 13 0 0 0 0 0 0 1.66936 1.6727 0.10566 115.613 -70.7495 -190 0
899 1
1 13 0 0 0 0 0 0 1.30712 1.31139 0.10566 -76.5365 -96.8741 -190 0
900 1
1 13 0 0 0 0 0 0 2.31936 2.32177 0.10566 146.099 -111.792 -190 0
901 1
1 13 0 0 0 0 0 0 2.75116 2.75319 0.10566 -88.9076 -169.487 -190 0
902 1
1 13 0 0 0 0 0 0 2.96047 2.96235 0.10566 68.8669 -115.388 -190 0
903 1
1 13 0 0 0 0 0 0 1.4786 1.48237 0.10566 -81.9607 -121.744 -190 0
904 1
1 13 0 0 0 0 0 0 1.32062 1.32484 0.10566 165.381 -168.53 -190 0
905 1
1 13 0 0 0 0 0 0 1.34211 1.34626 0.10566 68.3305 -107.067 -190 0
906 1
1 13 0 0 0 0 0 0 2.72981 2.73185 0.10566 -111.346 -112.503 -190 0
907 1
1 13 0 0 0 0 0 0 1.41905 1.42298 0.10566 -56.1108 -189.386 -190 0
908 1
1 13 0 0 0 0 0 0 2.28066 2.28311 0.10566 103.34 -103.693 -190 0
909 1
1 13 0 0 0 0 0 0 1.88074 1.88371 0.10566 -156.843 -81.0273 -190 0
910 1
1 13 0 0 0 0 0 0 1.72531 1.72855 0.10566 -56.417 -55.2735 -190 0
911 1
1 13 0 0 0 0 0 0 2.07208 2.07477 0.10566 -117.449 -86.204 -190 0
912 1
1 13 0 0 0 0 0 0 1.25063 1.25509 0.10566 95.5275 -189.483 -190 0
913 1
1 13 0 0 0 0 0 0 2.69529 2.69736 0.10566 96.0072 -6.65435 -190 0
914 1
1 13 0 0 0 0 0 0 2.86142 2.86337 0.10566 -66.6544 -141.888 -190 0
915 1
1 13 0 0 0 0 0 0 2.56909 2.57127 0.10566 -149.47 -85.2089 -190 0
916 1
1 13 0 0 0 0 0 0 2.79576 2.79775 0.10566 31.4164 -59.7311 -190 0
917 1
1 13 0 0 0 0 0 0 2.2608 2.26327 0.10566 157.836 -114.151 -190 0
918 1
1 13 0 0 0 0 0 0 2.17696 2.17952 0.10566 -112.075 -51.8841 -190 0
919 1
1 13 0 0 0 0 0 0 2.79314 2.79514 0.10566 -53.5756 -97.8842 -190 0
920 1
1 13 0 0 0 0 0 0 2.3118 2.31422 0.10566 69.761 -69.6824 -190 0
921 1
1 13 0 0 0 0 0 0 1.3251 1.32931 0.10566 -158.223 -134.494 -190 0
922 1
1 13 0 0 0 0 0 0 2.21524 2.21776 0.10566 -146.385 -75.0197 -190 0
923 1
1 13 0 0 0 0 0 0 1.39141 1.39541 0.10566 27.7117 -57.5811 -190 0
924 1
1 13 0 0 0 0 0 0 1.94989 1.95275 0.10566 -52.6083 -66.7939 -190 0
925 1
1 13 0 0 0 0 0 0 2.95483 2.95672 0.10566 43.3317 -19.1374 -190 0
926 1
1 13 0 0 0 0 0 0 1.82033 1.82339 0.10566 82.5125 -104.037 -190 0
927 1
1 13 0 0 0 0 0 0 2.59921 2.60136 0.10566 -95.4291 -84.0381 -190 0
928 1
1 13 0 0 0 0 0 0 2.02203 2.02479 0.10566 -156.234 -92.3592 -190 0
929 1
1 13 0 0 0 0 0 0 2.62926 2.63138 0.10566 -149.593 -95.0876 -190 0
930 1
1 13 0 0 0 0 0 0 1.63061 1.63403 0.10566 -86.6601 -23.5214 -190 0
931 1
1 13 0 0 0 0 0 0 2.53307 2.53528 0.10566 -155.754 -9.735 -190 0
932 1
1 13 0 0 0 0 0 0 1.76625 1.76941 0.10566 16.1039 -139.304 -190 0
933 1
1 13 0 0 0 0 0 0 2.98244 2.98431 0.10566 199.871 -84.5703 -190 0
934 1
1 13 0 0 0 0 0 0 2.62711 2.62923 0.10566 148.858 -67.5474 -190 0
935 1
1 13 0 0 0 0 0 0 2.81927 2.82125 0.10566 -51.7491 -53.9431 -190 0
936 1
1 13 0 0 0 0 0 0 2.57294 2.57511 0.10566 -30.4097 -79.6765 -190 0
937 1
1 13 0 0 0 0 0 0 1.4846 1.48836 0.10566 157.029 -120.575 -190 0
938 1
1 13 0 0 0 0 0 0 2.09593 2.09859 0.10566 -38.9939 -110.406 -190 0
939 1
1 13 0 0 0 0 0 0 2.46992 2.47218 0.10566 167.575 -94.8231 -190 0
940 1
1 13 0 0 0 0 0 0 1.91713 1.92004 0.10566 -198.342 -41.1805 -190 0
941 1
1 13 0 0 0 0 0 0 1.00847 1.01399 0.10566 -61.8755 -147.377 -190 0
942 1
1 13 0 0 0 0 0 0 1.08035 1.0855 0.10566 -34.97 -174.874 -190 0
943 1
1 13 0 0 0 0 0 0 2.99216 2.99402 0.10566 22.0998 -153.55 -190 0
944 1
1 13 0 0 0 0 0 0 1.60891 1.61237 0.10566 -180.036 -178.928 -190 0
945 1
1 13 0 0 0 0 0 0 2.00859 2.01137 0.10566 -124.16 -153.263 -190 0
946 1
1 13 0 0 0 0 0 0 2.00307 2.00585 0.10566 157.297 -75.7311 -190 0
947 1
1 13 0 0 0 0 0 0 2.64903 2.65113 0.10566 70.3072 -125.832 -190 0
948 1
1 13 0 0 0 0 0 0 2.50111 2.50334 0.10566 -163.793 -166.328 -190 0
949 1
1 13 0 0 0 0 0 0 1.07778 1.08295 0.10566 -4.40664 -130.34 -190 0
950 1
1 13 0 0 0 0 0 0 1.65179 1.65516 0.10566 -196.733 -54.3507 -190 0
951 1
1 13 0 0 0 0 0 0 2.5135 2.51572 0.10566 -8.37588 -195.454 -190 0
952 1
1 13 0 0 0 0 0 0 2.39259 2.39493 0.10566 -130.54 -35.8727 -190 0
953 1
1 13 0 0 0 0 0 0 2.60537 2.60751 0.10566 -107.48 -17.5474 -190 0
954 1
1 13 0 0 0 0 0 0 1.17814 1.18287 0.10566 177.239 -26.0144 -190 0
955 1
1 13 0 0 0 0 0 0 2.82347 2.82545 0.10566 97.1434 -196.673 -190 0
956 1
1 13 0 0 0 0 0 0 2.76285 2.76487 0.10566 30.6048 -23.5439 -190 0
957 1
1 13 0 0 0 0 0 0 2.34466 2.34704 0.10566 57.4645 -106.599 -190 0
958 1
1 13 0 0 0 0 0 0 1.34505 1.34919 0.10566 144.68 -136.625 -190 0
959 1
1 13 0 0 0 0 0 0 1.51889 1.52256 0.10566 -120.994 -182.366 -190 0
960 1
1 13 0 0 0 0 0 0 1.90667 1.9096 0.10566 -16.1103 -175.341 -190 0
961 1
1 13 0 0 0 0 0 0 1.00327 1.00882 0.10566 -123.879 -18.4217 -190 0
962 1
1 13 0 0 0 0 0 0 2.82835 2.83032 0.10566 -17.11 -22.3073 -190 0
963 1
1 13 0 0 0 0 0 0 2.1288 2.13142 0.10566 60.9355 -51.4353 -190 0
964 1
1 13 0 0 0 0 0 0 2.14735 2.14995 0.10566 70.3636 -176.933 -190 0
965 1
1 13 0 0 0 0 0 0 1.08202 1.08716 0.10566 -106.931 -132.048 -190 0
966 1
1 13 0 0 0 0 0 0 1.88233 1.88529 0.10566 132.071 -160.593 -190 0
967 1
1 13 0 0 0 0 0 0 1.77342 1.77657 0.10566 191.773 -44.1951 -190 0
968 1
1 13 0 0 0 0 0 0 1.90509 1.90802 0.10566 62.207 -145.991 -190 0
969 1
1 13 0 0 0 0 0 0 1.32741 1.33161 0.10566 33.3775 -21.0694 -190 0
970 1
1 13 0 0 0 0 0 0 2.70076 2.70283 0.10566 55.7291 -10.3651 -190 0
971 1
1 13 0 0 0 0 0 0 1.74311 1.74631 0.10566 115.082 -147.923 -190 0
972 1
1 13 0 0 0 0 0 0 2.63105 2.63317 0.10566 37.1262 -81.4996 -190 0
973 1
1 13 0 0 0 0 0 0 2.52335 2.52557 0.10566 -193.599 -178.508 -190 0
974 1
1 13 0 0 0 0 0 0 1.12925 1.13418 0.10566 -54.8 -53.1018 -190 0
975 1
1 13 0 0 0 0 0 0 1.02689 1.03231 0.10566 130.236 -52.0162 -190 0
976 1
1 13 0 0 0 0 0 0 1.38273 1.38676 0.10566 -63.766 -14.9319 -190 0
977 1
1 13 0 0 0 0 0 0 1.36069 1.36478 0.10566 78.2336 -133.402 -190 0
978 1
1 13 0 0 0 0 0 0 1.3343 1.33847 0.10566 1.66683 -38.6621 -190 0
979 1
1 13 0 0 0 0 0 0 1.31698 1.32121 0.10566 38.0754 -125.094 -190 0
980 1
1 13 0 0 0 0 0 0 1.92143 1.92433 0.10566 -189.379 -138.507 -190 0
981 1
1 13 0 0 0 0 0 0 2.39095 2.39329 0.10566 160.387 -126.395 -190 0
982 1
1 13 0 0 0 0 0 0 1.92665 1.92954 0.10566 127.451 -49.896 -190 0
983 1
1 13 0 0 0 0 0 0 1.23314 1.23765 0.10566 -84.8904 -50.9152 -190 0
984 1
1 13 0 0 0 0 0 0 2.48536 2.48761 0.10566 -40.6131 -97.984 -190 0
985 1
1 13 0 0 0 0 0 0 2.38556 2.3879 0.10566 163.722 -147.171 -190 0
986 1
1 13 0 0 0 0 0 0 2.20915 2.21168 0.10566 -114.633 -74.8183 -190 0
987 1
1 13 0 0 0 0 0 0 2.14703 2.14963 0.10566 -103.232 -30.3062 -190 0
988 1
1 13 0 0 0 0 0 0 2.30975 2.31216 0.10566 -21.6874 -51.4007 -190 0
989 1
1 13 0 0 0 0 0 0 1.98122 1.98404 0.10566 85.1111 -5.7819 -190 0
990 1
1 13 0 0 0 0 0 0 1.99856 2.00136 0.10566 89.6876 -24.4551 -190 0
991 1
1 13 0 0 0 0 0 0 2.13327 2.13588 0.10566 129.862 -50.5373 -190 0
992 1
1 13 0 0 0 0 0 0 2.04801 2.05073 0.10566 -80.7887 -158.636 -190 0
993 1
1 13 0 0 0 0 0 0 1.48184 1.4856 0.10566 -166.618 -108.974 -190 0
994 1
1 13 0 0 0 0 0 0 2.29604 2.29847 0.10566 147.065 -33.1543 -190 0
995 1
1 13 0 0 0 0 0 0 1.70535 1.70862 0.10566 17.2848 -190.454 -190 0
996 1
1 13 0 0 0 0 0 0 1.84584 1.84886 0.10566 91.5333 -156.15 -190 0
997 1
1 13 0 0 0 0 0 0 1.2338 1.23831 0.10566 185.386 -55.7538 -190 0
998 1
1 13 0 0 0 0 0 0 2.70179 2.70385 0.10566 182.44 -40.8006 -190 0
999 1
1 13 0 0 0 0 0 0 1.22837 1.2329 0.10566 182.676 -110.353 -190 0