0 1
1 13 0 0 0 0 0.164839 0.132778 0.977342 1.00557 0.10566 48.3849 -104.784 1175.72 0
1 1
1 13 0 0 0 0 0.241515 -0.145586 0.959414 1.00557 0.10566 174.871 -78.3714 1176.89 0
2 1
1 -13 0 0 0 0 -0.421748 0.0631942 0.904508 1.00557 0.10566 -121.394 -281.013 1170.29 0
3 1
1 13 0 0 0 0 -0.201329 0.0764116 0.976539 1.00557 0.10566 -65.1336 -142.178 1170.07 0
4 1
1 -13 0 0 0 0 -0.100556 -0.0410528 0.994084 1.00557 0.10566 -61.9143 -54.0337 1174.95 0
5 1
1 13 0 0 0 0 -0.111419 -0.0761955 0.990848 1.00557 0.10566 -145.066 -72.4868 1173.36 0
6 1
1 13 0 0 0 0 -0.0101258 -0.112696 0.993578 1.00557 0.10566 -194.574 -217.566 1178.36 0
7 1
1 13 0 0 0 0 -0.00159672 -0.000125725 0.999999 1.00557 0.10566 72.0908 -77.4338 1174.83 0
8 1
1 -13 0 0 0 0 -0.289113 0.157695 0.944217 1.00557 0.10566 -51.6538 -277.915 1172.5 0
9 1
1 13 0 0 0 0 0.0278741 0.300415 0.953401 1.00557 0.10566 -49.083 -240.432 1175.67 0
10 1
1 -13 0 0 0 0 0.189574 0.239737 0.952149 1.00557 0.10566 -169.727 -270.885 1174.13 0
11 1
1 13 0 0 0 0 -0.237424 0.11783 0.964233 1.00557 0.10566 10.7461 -116.133 1172.3 0
12 1
1 13 0 0 0 0 0.260904 -0.159858 0.952037 1.00557 0.10566 -131.958 -240.881 1176.43 0
13 1
1 -13 0 0 0 0 -0.105069 0.088331 0.990534 1.00557 0.10566 6.74465 -297.131 1172.99 0
14 1
1 13 0 0 0 0 0.224389 0.302893 0.926232 1.00557 0.10566 -190.304 -236.412 1174.75 0
15 1
1 -13 0 0 0 0 -0.216206 -0.300815 0.928852 1.00557 0.10566 -159.764 -268.429 1171.07 0
16 1
1 13 0 0 0 0 0.129009 0.264714 0.955659 1.00557 0.10566 29.7738 -296.386 1171.67 0
17 1
1 13 0 0 0 0 0.0700748 0.243396 0.967392 1.00557 0.10566 -125.45 -203.685 1170.86 0
18 1
1 -13 0 0 0 0 -0.267259 0.154174 0.951211 1.00557 0.10566 54.1307 -219.832 1173.57 0
19 1
1 -13 0 0 0 0 -0.0583673 -0.0185412 0.998123 1.00557 0.10566 -197.657 -116.533 1169.55 0
20 1
1 -13 0 0 0 0 -0.207664 0.113851 0.971552 1.00557 0.10566 106.761 -66.4939 1169.83 0
21 1
1 13 0 0 0 0 0.213775 0.00131376 0.976882 1.00557 0.10566 44.4784 -163.252 1170.98 0
22 1
1 -13 0 0 0 0 -0.0200547 0.0270001 0.999434 1.00557 0.10566 120.861 -130.94 1172.9 0
23 1
1 13 0 0 0 0 -0.048217 -0.0882212 0.994933 1.00557 0.10566 43.5573 -242.568 1177.21 0
24 1
1 -13 0 0 0 0 0.149916 0.0399965 0.987889 1.00557 0.10566 -173.199 -154.627 1175.89 0
25 1
1 13 0 0 0 0 0.121479 0.259646 0.958033 1.00557 0.10566 -27.3572 -269.41 1176.55 0
26 1
1 13 0 0 0 0 -0.0907811 -0.248166 0.964454 1.00557 0.10566 -139.037 -102.881 1175.04 0
27 1
1 -13 0 0 0 0 0.131922 -0.0355824 0.990621 1.00557 0.10566 -159.11 -144.549 1175.01 0
28 1
1 13 0 0 0 0 0.0533633 -0.275016 0.959958 1.00557 0.10566 -58.6456 -131.265 1178.49 0
29 1
1 -13 0 0 0 0 0.0730592 -0.175122 0.981832 1.00557 0.10566 -38.4876 -120.2 1172.15 0
30 1
1 -13 0 0 0 0 0.17037 -0.21151 0.962412 1.00557 0.10566 -196.709 -199.334 1172.82 0
31 1
1 -13 0 0 0 0 0.163882 0.240151 0.956802 1.00557 0.10566 -115.976 -259.913 1178.55 0
32 1
1 13 0 0 0 0 0.132166 0.22438 0.965498 1.00557 0.10566 -41.842 -290.704 1173.94 0
33 1
1 13 0 0 0 0 -0.074497 -0.108715 0.991278 1.00557 0.10566 -54.1852 -292.154 1172.46 0
34 1
1 -13 0 0 0 0 0.0872624 -0.221191 0.971319 1.00557 0.10566 87.9676 -229.219 1170.39 0
35 1
1 13 0 0 0 0 0.256607 -0.27883 0.925422 1.00557 0.10566 -188.186 -139.49 1171.16 0
36 1
1 13 0 0 0 0 -0.102767 -0.264529 0.958886 1.00557 0.10566 74.239 -216.177 1175.1 0
37 1
1 -13 0 0 0 0 -0.0262961 -0.159142 0.986905 1.00557 0.10566 -165.686 -118.38 1177.34 0
38 1
1 13 0 0 0 0 -0.0693083 0.0631841 0.995592 1.00557 0.10566 -83.0397 -202.982 1174.73 0
39 1
1 13 0 0 0 0 0.135346 0.363845 0.921574 1.00557 0.10566 122.191 -150.185 1176.15 0
40 1
1 13 0 0 0 0 -0.282998 0.169474 0.944029 1.00557 0.10566 -84.104 -228.072 1175.78 0
41 1
1 13 0 0 0 0 -0.388575 -0.0355585 0.920731 1.00557 0.10566 -117.503 -88.2086 1170.93 0
42 1
1 13 0 0 0 0 0.106275 0.140106 0.984417 1.00557 0.10566 178.71 -85.3031 1174.39 0
43 1
1 13 0 0 0 0 0.0950298 0.196839 0.97582 1.00557 0.10566 136.898 -211.843 1177.12 0
44 1
1 -13 0 0 0 0 0.278273 0.207261 0.937874 1.00557 0.10566 -175.703 -7.97641 1177.56 0
45 1
1 13 0 0 0 0 -0.227719 0.243214 0.942863 1.00557 0.10566 -111.993 -50.3031 1174.07 0
46 1
1 -13 0 0 0 0 -0.127202 0.0183717 0.991707 1.00557 0.10566 -172.459 -134.573 1174.06 0
47 1
1 13 0 0 0 0 -0.231068 -0.202644 0.9516 1.00557 0.10566 -30.4498 -46.0525 1173.44 0
48 1
1 -13 0 0 0 0 0.0161277 0.1898 0.98169 1.00557 0.10566 -17.7583 -32.104 1178.73 0
49 1
1 -13 0 0 0 0 0.0142613 -0.0208599 0.999681 1.00557 0.10566 23.7694 -156.048 1176.65 0
50 1
1 13 0 0 0 0 -0.27211 -0.291561 0.917032 1.00557 0.10566 -177.752 -240.535 1171.55 0
51 1
1 -13 0 0 0 0 0.19812 -0.0180763 0.980011 1.00557 0.10566 -1.99715 -62.4446 1172.62 0
52 1
1 -13 0 0 0 0 0.0132009 0.0414558 0.999053 1.00557 0.10566 -115.659 -263.557 1171.75 0
53 1
1 -13 0 0 0 0 0.116525 0.173822 0.977859 1.00557 0.10566 -27.9724 -99.8742 1172.96 0
54 1
1 -13 0 0 0 0 0.175392 -0.356618 0.917639 1.00557 0.10566 -142.012 -98.7045 1175.08 0
55 1
1 13 0 0 0 0 -0.179445 0.0414398 0.982895 1.00557 0.10566 185.155 -5.0471 1176.49 0
56 1
1 13 0 0 0 0 -0.252185 0.0975153 0.962753 1.00557 0.10566 -72.792 -124.258 1174.21 0
57 1
1 -13 0 0 0 0 -0.0727113 -0.311446 0.947478 1.00557 0.10566 -181.905 -141.107 1172.79 0
58 1
1 13 0 0 0 0 -0.142117 -0.00470652 0.989839 1.00557 0.10566 23.5092 -24.0787 1173.7 0
59 1
1 13 0 0 0 0 0.126985 -0.0739183 0.989147 1.00557 0.10566 139.95 -255.264 1171.49 0
60 1
1 13 0 0 0 0 -0.219268 0.179695 0.958974 1.00557 0.10566 -23.6508 -2.15922 1176.56 0
61 1
1 13 0 0 0 0 0.342873 0.0940958 0.934657 1.00557 0.10566 -198.593 -60.6741 1176.53 0
62 1
1 -13 0 0 0 0 -0.354775 -0.125159 0.926537 1.00557 0.10566 146.254 -179.324 1173.83 0
63 1
1 13 0 0 0 0 0.185628 -0.269914 0.944822 1.00557 0.10566 47.526 -291.207 1172.87 0
64 1
1 13 0 0 0 0 -0.196509 0.0167019 0.98036 1.00557 0.10566 -131.302 -295.995 1169.58 0
65 1
1 13 0 0 0 0 -0.180553 -0.05551 0.981998 1.00557 0.10566 -120.988 -199.034 1170.51 0
66 1
1 -13 0 0 0 0 -0.071004 0.217139 0.973555 1.00557 0.10566 -0.30848 -114.832 1173.05 0
67 1
1 13 0 0 0 0 -0.0258846 -0.208597 0.977659 1.00557 0.10566 -33.0067 -16.5328 1178.12 0
68 1
1 -13 0 0 0 0 0.0752939 0.32442 0.942912 1.00557 0.10566 138.407 -201.423 1175 0
69 1
1 13 0 0 0 0 -0.0686576 -0.215361 0.974118 1.00557 0.10566 -165.531 -213.94 1173.53 0
70 1
1 13 0 0 0 0 0.0406899 0.16636 0.985225 1.00557 0.10566 -44.7831 -12.0234 1176.52 0
71 1
1 -13 0 0 0 0 0.187472 -0.112029 0.975861 1.00557 0.10566 -57.6345 -79.7432 1175.94 0
72 1
1 -13 0 0 0 0 -0.186405 0.0125923 0.982392 1.00557 0.10566 82.401 -131.572 1174.12 0
73 1
1 -13 0 0 0 0 -0.210465 0.111059 0.971272 1.00557 0.10566 2.86019 -100.103 1170.57 0
74 1
1 -13 0 0 0 0 0.162548 0.215064 0.962977 1.00557 0.10566 127.699 -58.0544 1169.71 0
75 1
1 13 0 0 0 0 0.147388 0.0260459 0.988736 1.00557 0.10566 -35.2541 -153.518 1170.29 0
76 1
1 -13 0 0 0 0 0.174266 0.334088 0.926292 1.00557 0.10566 33.3799 -173.658 1175.1 0
77 1
1 -13 0 0 0 0 0.338223 -0.0015176 0.941065 1.00557 0.10566 111.187 -255.419 1170.16 0
78 1
1 13 0 0 0 0 0.369197 -0.0470066 0.928161 1.00557 0.10566 -91.0948 -262.03 1177.46 0
79 1
1 13 0 0 0 0 -0.0266593 -0.273155 0.961601 1.00557 0.10566 -45.8592 -128.147 1174.75 0
80 1
1 13 0 0 0 0 0.150496 -0.0753088 0.985738 1.00557 0.10566 80.3133 -30.9314 1176.57 0
81 1
1 -13 0 0 0 0 -0.0648494 -0.0215272 0.997663 1.00557 0.10566 143.994 -5.86592 1176.85 0
82 1
1 -13 0 0 0 0 0.2305 -0.157981 0.960162 1.00557 0.10566 12.2076 -98.9752 1175.85 0
83 1
1 -13 0 0 0 0 0.185782 0.136602 0.973049 1.00557 0.10566 141.463 -277.151 1174.2 0
84 1
1 13 0 0 0 0 0.347216 0.0878455 0.933662 1.00557 0.10566 64.4286 -92.5731 1169.7 0
85 1
1 13 0 0 0 0 -0.191169 0.0102116 0.981504 1.00557 0.10566 187.161 -49.1684 1173.63 0
86 1
1 13 0 0 0 0 -0.295387 0.0920718 0.950931 1.00557 0.10566 198.932 -282.509 1175.92 0
87 1
1 -13 0 0 0 0 0.0210105 0.026731 0.999422 1.00557 0.10566 169.928 -269.354 1175.37 0
88 1
1 13 0 0 0 0 -0.0689447 -0.326505 0.942678 1.00557 0.10566 122.676 -41.9275 1177.59 0
89 1
1 13 0 0 0 0 0.0651956 0.140837 0.987884 1.00557 0.10566 94.0798 -230.468 1172.72 0
90 1
1 -13 0 0 0 0 -0.112091 -0.213299 0.970535 1.00557 0.10566 53.3785 -41.8676 1174.96 0
91 1
1 13 0 0 0 0 0.0708294 0.183788 0.980411 1.00557 0.10566 164.736 -251.851 1176.78 0
92 1
1 -13 0 0 0 0 -0.175675 -0.175752 0.968633 1.00557 0.10566 51.6282 -158.642 1170.01 0
93 1
1 13 0 0 0 0 0.00590384 0.0168438 0.999841 1.00557 0.10566 41.0632 -249.805 1174.9 0
94 1
1 -13 0 0 0 0 0.00933285 -0.188249 0.982077 1.00557 0.10566 -119.619 -150.525 1177.31 0
95 1
1 13 0 0 0 0 -0.138121 0.189743 0.97207 1.00557 0.10566 161.292 -88.1785 1170.76 0
96 1
1 13 0 0 0 0 0.337935 0.195676 0.920604 1.00557 0.10566 140.52 -74.2479 1176.51 0
97 1
1 13 0 0 0 0 0.124466 0.319658 0.939323 1.00557 0.10566 130.588 -47.7254 1172.88 0
98 1
1 -13 0 0 0 0 -0.124382 0.0414134 0.99137 1.00557 0.10566 48.9423 -74.0683 1173.22 0
99 1
1 -13 0 0 0 0 -0.239052 -0.0629598 0.968964 1.00557 0.10566 192.712 -64.5063 1175.29 0
100 1
1 13 0 0 0 0 -0.0386897 -0.186658 0.981663 1.00557 0.10566 32.5491 -129.579 1175.46 0
101 1
1 -13 0 0 0 0 0.159535 -0.00707789 0.987167 1.00557 0.10566 -147.243 -243.438 1170.7 0
102 1
1 13 0 0 0 0 0.234932 -0.355956 0.90449 1.00557 0.10566 25.0668 -138.152 1171.03 0
103 1
1 13 0 0 0 0 0.0781099 -0.196791 0.977329 1.00557 0.10566 16.3947 -87.1741 1170.23 0
104 1
1 13 0 0 0 0 -0.189893 -0.272622 0.943196 1.00557 0.10566 75.187 -224.926 1176.32 0
105 1
1 13 0 0 0 0 0.165062 0.326814 0.930563 1.00557 0.10566 199.442 -74.849 1170.79 0
106 1
1 -13 0 0 0 0 -0.227303 -0.191233 0.954863 1.00557 0.10566 110.984 -239.189 1176.31 0
107 1
1 13 0 0 0 0 -0.210741 -0.303542 0.92922 1.00557 0.10566 30.5715 -225.954 1175.62 0
108 1
1 13 0 0 0 0 -0.223605 0.0527015 0.973254 1.00557 0.10566 -167.016 -46.2565 1173.57 0
109 1
1 -13 0 0 0 0 0.121719 0.0640994 0.990493 1.00557 0.10566 -129.97 -229.059 1175.1 0
110 1
1 -13 0 0 0 0 0.184669 0.136215 0.973315 1.00557 0.10566 -166.313 -144.47 1172.31 0
111 1
1 -13 0 0 0 0 0.120009 0.241556 0.962937 1.00557 0.10566 100.786 -74.0004 1177.75 0
112 1
1 13 0 0 0 0 -0.283287 -0.047085 0.957879 1.00557 0.10566 106.971 -49.0373 1178.23 0
113 1
1 -13 0 0 0 0 0.269989 0.0812283 0.959431 1.00557 0.10566 88.1107 -202.699 1173.83 0
114 1
1 13 0 0 0 0 0.301134 -0.0542905 0.952035 1.00557 0.10566 -95.7806 -108.135 1171.83 0
115 1
1 13 0 0 0 0 0.100295 -0.00602792 0.994939 1.00557 0.10566 34.8916 -186.173 1178.29 0
116 1
1 -13 0 0 0 0 0.219403 0.257768 0.940967 1.00557 0.10566 199.259 -234.985 1171.17 0
117 1
1 13 0 0 0 0 0.190307 -0.0526493 0.980312 1.00557 0.10566 90.9746 -120.322 1177.83 0
118 1
1 -13 0 0 0 0 0.0235983 0.0408052 0.998888 1.00557 0.10566 -182.841 -131.552 1173.86 0
119 1
1 -13 0 0 0 0 0.138375 0.0493744 0.989148 1.00557 0.10566 -156.408 -152.281 1178.7 0
120 1
1 13 0 0 0 0 0.145029 -0.293101 0.945018 1.00557 0.10566 -27.2502 -226.413 1177.15 0
121 1
1 13 0 0 0 0 0.0759808 -0.0568869 0.995485 1.00557 0.10566 -28.9931 -183.479 1178.08 0
122 1
1 -13 0 0 0 0 -0.1998 0.132525 0.970833 1.00557 0.10566 -77.6502 -0.107092 1169.64 0
123 1
1 -13 0 0 0 0 0.0423545 -0.329858 0.94308 1.00557 0.10566 141.803 -91.4401 1178.09 0
124 1
1 -13 0 0 0 0 0.178168 0.0480804 0.982825 1.00557 0.10566 -146.334 -290.488 1177.8 0
125 1
1 -13 0 0 0 0 0.185443 0.0921412 0.978326 1.00557 0.10566 -167.653 -99.5787 1177.17 0
126 1
1 13 0 0 0 0 0.187322 0.0158159 0.982171 1.00557 0.10566 29.9923 -260.402 1175.61 0
127 1
1 -13 0 0 0 0 -0.174711 -0.292346 0.940218 1.00557 0.10566 -175.621 -116.518 1170.05 0
128 1
1 -13 0 0 0 0 0.27786 -0.347664 0.895502 1.00557 0.10566 14.0214 -194.221 1175.33 0
129 1
1 13 0 0 0 0 -0.170383 0.0198938 0.985177 1.00557 0.10566 3.20771 -268.402 1175.65 0
130 1
1 -13 0 0 0 0 -0.203035 0.271108 0.940892 1.00557 0.10566 -138.524 -56.5335 1171.54 0
131 1
1 -13 0 0 0 0 0.123234 -0.24384 0.961954 1.00557 0.10566 -21.292 -15.274 1178.7 0
132 1
1 -13 0 0 0 0 0.0560877 0.295317 0.953752 1.00557 0.10566 3.8896 -27.135 1169.79 0
133 1
1 -13 0 0 0 0 -0.193876 0.0236124 0.980742 1.00557 0.10566 196.96 -255.582 1176.99 0
134 1
1 -13 0 0 0 0 -0.404454 0.161256 0.90023 1.00557 0.10566 101.188 -284.807 1169.19 0
135 1
1 13 0 0 0 0 0.190147 -0.120297 0.974358 1.00557 0.10566 162.123 -78.4505 1170.84 0
136 1
1 13 0 0 0 0 0.0789047 -0.00183941 0.99688 1.00557 0.10566 119.204 -97.6259 1175.55 0
137 1
1 -13 0 0 0 0 0.0646919 0.068277 0.995567 1.00557 0.10566 59.1443 -125.265 1178.94 0
138 1
1 -13 0 0 0 0 -0.119053 -0.039923 0.992085 1.00557 0.10566 23.8392 -238.485 1170.77 0
139 1
1 -13 0 0 0 0 -0.0241819 0.216707 0.975937 1.00557 0.10566 -101.037 -104.31 1178.22 0
140 1
1 -13 0 0 0 0 0.260881 -0.0789312 0.962139 1.00557 0.10566 -175.635 -225.891 1177.84 0
141 1
1 13 0 0 0 0 0.166791 0.233059 0.958052 1.00557 0.10566 118.901 -93.8002 1169.23 0
142 1
1 -13 0 0 0 0 -0.0501192 0.0619179 0.996822 1.00557 0.10566 -71.8711 -184.367 1178.44 0
143 1
1 -13 0 0 0 0 0.0868257 0.188135 0.978298 1.00557 0.10566 -185.448 -105.052 1170.14 0
144 1
1 13 0 0 0 0 0.0588273 0.0765599 0.995328 1.00557 0.10566 -57.0179 -42.0137 1173.9 0
145 1
1 -13 0 0 0 0 -0.287174 0.253337 0.92377 1.00557 0.10566 94.7719 -124.906 1169.48 0
146 1
1 -13 0 0 0 0 0.263667 0.166887 0.950068 1.00557 0.10566 185.097 -235.59 1174.64 0
147 1
1 -13 0 0 0 0 -0.240388 0.327325 0.913823 1.00557 0.10566 124.968 -131.836 1170.5 0
148 1
1 -13 0 0 0 0 0.362383 0.00136103 0.932028 1.00557 0.10566 76.2356 -173.772 1174.34 0
149 1
1 -13 0 0 0 0 0.215736 -0.333724 0.917652 1.00557 0.10566 66.1495 -199.908 1172.82 0
150 1
1 -13 0 0 0 0 0.0447862 0.354676 0.933916 1.00557 0.10566 128.817 -101.597 1178.1 0
151 1
1 -13 0 0 0 0 -0.168817 0.0400567 0.984833 1.00557 0.10566 -106.578 -122.185 1171.48 0
152 1
1 13 0 0 0 0 -0.244875 -0.201049 0.948481 1.00557 0.10566 -27.3549 -110.869 1172.68 0
153 1
1 -13 0 0 0 0 0.354263 -0.264301 0.897019 1.00557 0.10566 -71.784 -30.3705 1171.77 0
154 1
1 -13 0 0 0 0 0.298852 -0.0997046 0.949077 1.00557 0.10566 154.819 -50.1948 1169.67 0
155 1
1 -13 0 0 0 0 0.21948 0.212608 0.952169 1.00557 0.10566 167.485 -105.042 1169.49 0
156 1
1 13 0 0 0 0 -0.16672 0.227927 0.959299 1.00557 0.10566 -163.687 -7.60793 1176.59 0
157 1
1 -13 0 0 0 0 0.201603 -0.00280075 0.979463 1.00557 0.10566 123.471 -167.642 1173.68 0
158 1
1 13 0 0 0 0 -0.112891 -0.215171 0.970029 1.00557 0.10566 -32.1523 -213.276 1174.94 0
159 1
1 13 0 0 0 0 -0.26496 0.130929 0.955329 1.00557 0.10566 141.791 -219.723 1178.28 0
160 1
1 -13 0 0 0 0 -0.119914 0.310307 0.943043 1.00557 0.10566 129.445 -42.8191 1174.96 0
161 1
1 -13 0 0 0 0 -0.196673 0.0379493 0.979734 1.00557 0.10566 -0.427022 -44.3632 1175.63 0
162 1
1 13 0 0 0 0 -0.255831 -0.283417 0.924243 1.00557 0.10566 194.62 -284.902 1177.22 0
163 1
1 13 0 0 0 0 0.226334 0.0795723 0.970794 1.00557 0.10566 -170.563 -290.007 1172.51 0
164 1
1 13 0 0 0 0 -0.0569865 -0.27063 0.960995 1.00557 0.10566 -147.434 -128.641 1178.75 0
165 1
1 13 0 0 0 0 0.0614852 -0.231411 0.970911 1.00557 0.10566 73.4093 -167.874 1170.49 0
166 1
1 -13 0 0 0 0 -0.162428 -0.294074 0.94188 1.00557 0.10566 52.0549 -49.5443 1173.55 0
167 1
1 -13 0 0 0 0 0.0647861 0.12723 0.989755 1.00557 0.10566 -150.856 -279.202 1176.07 0
168 1
1 -13 0 0 0 0 0.129878 -0.158069 0.978849 1.00557 0.10566 1.40417 -249.308 1178.03 0
169 1
1 13 0 0 0 0 -0.0765914 0.061929 0.995137 1.00557 0.10566 -85.4196 -271.579 1175.38 0
170 1
1 13 0 0 0 0 -0.299001 -0.271033 0.914953 1.00557 0.10566 88.6736 -148.332 1172.3 0
171 1
1 13 0 0 0 0 -0.00295112 -0.107113 0.994242 1.00557 0.10566 118.309 -75.5882 1169.42 0
172 1
1 13 0 0 0 0 0.0905255 -0.143129 0.985555 1.00557 0.10566 -144.513 -255.276 1176.28 0
173 1
1 -13 0 0 0 0 -0.253586 -0.195152 0.947423 1.00557 0.10566 165.769 -255.034 1174.3 0
174 1
1 13 0 0 0 0 -0.22863 -0.330673 0.915633 1.00557 0.10566 182.853 -116.728 1177.09 0
175 1
1 -13 0 0 0 0 0.0944095 -0.152158 0.983837 1.00557 0.10566 92.1515 -13.109 1171.04 0
176 1
1 13 0 0 0 0 -0.245179 -0.0552565 0.967902 1.00557 0.10566 156.459 -279.758 1174.46 0
177 1
1 13 0 0 0 0 0.0156064 -0.0767103 0.996931 1.00557 0.10566 4.28172 -38.105 1178.75 0
178 1
1 13 0 0 0 0 0.108824 -0.195734 0.9746 1.00557 0.10566 142.027 -299.148 1173.33 0
179 1
1 -13 0 0 0 0 -0.232612 -0.134584 0.963213 1.00557 0.10566 -101.997 -59.9753 1169.44 0
180 1
1 -13 0 0 0 0 -0.0517999 -0.00249005 0.998654 1.00557 0.10566 49.3946 -32.4088 1169.28 0
181 1
1 13 0 0 0 0 0.224401 -0.225406 0.94807 1.00557 0.10566 -6.25964 -61.5533 1170.61 0
182 1
1 13 0 0 0 0 -0.00609467 0.098911 0.995078 1.00557 0.10566 146.058 -41.5242 1171.58 0
183 1
1 13 0 0 0 0 -0.0564038 0.1679 0.984189 1.00557 0.10566 -110.769 -123.585 1176.38 0
184 1
1 -13 0 0 0 0 0.281843 0.27424 0.919433 1.00557 0.10566 -119.127 -207.649 1176.37 0
185 1
1 -13 0 0 0 0 -0.0533494 0.261948 0.963606 1.00557 0.10566 -45.0242 -229.503 1178.67 0
186 1
1 -13 0 0 0 0 0.254159 0.2246 0.940722 1.00557 0.10566 -59.3311 -201.376 1177.82 0
187 1
1 13 0 0 0 0 0.00423913 -0.105099 0.994453 1.00557 0.10566 -37.8172 -203.637 1175.62 0
188 1
1 13 0 0 0 0 0.23424 0.227244 0.945247 1.00557 0.10566 -95.4249 -295.773 1175.14 0
189 1
1 13 0 0 0 0 -0.221857 -0.152464 0.963086 1.00557 0.10566 -118.177 -86.3712 1173.48 0
190 1
1 -13 0 0 0 0 0.173211 0.0184817 0.984711 1.00557 0.10566 175.833 -174.65 1174.45 0
191 1
1 -13 0 0 0 0 0.165593 0.0325645 0.985656 1.00557 0.10566 -183.671 -243.672 1174.43 0
192 1
1 -13 0 0 0 0 -0.0339902 -0.164363 0.985814 1.00557 0.10566 135.81 -79.7976 1177.84 0
193 1
1 13 0 0 0 0 -0.210313 0.0731638 0.974893 1.00557 0.10566 137.484 -65.5291 1169.52 0
194 1
1 13 0 0 0 0 -0.265151 0.226228 0.937292 1.00557 0.10566 -145.956 -118.532 1171.14 0
195 1
1 13 0 0 0 0 -0.282815 -0.353373 0.891708 1.00557 0.10566 111.814 -144.316 1171.66 0
196 1
1 13 0 0 0 0 0.303431 -0.0043823 0.952843 1.00557 0.10566 11.5604 -100.879 1172.86 0
197 1
1 13 0 0 0 0 0.144149 -0.209092 0.967213 1.00557 0.10566 147.772 -73.3901 1178.98 0
198 1
1 -13 0 0 0 0 0.136522 0.0368922 0.98995 1.00557 0.10566 -146.334 -178.797 1170.96 0
199 1
1 13 0 0 0 0 -0.293213 0.11219 0.949442 1.00557 0.10566 89.032 -242.748 1176.95 0
200 1
1 -13 0 0 0 0 -0.114435 -0.0200258 0.993229 1.00557 0.10566 99.978 -64.327 1171.16 0
201 1
1 -13 0 0 0 0 0.087213 -0.233805 0.968364 1.00557 0.10566 -23.0054 -87.1193 1175.05 0
202 1
1 13 0 0 0 0 -0.239891 0.224355 0.944519 1.00557 0.10566 115.792 -98.6419 1173.13 0
203 1
1 -13 0 0 0 0 -0.269517 0.36399 0.891556 1.00557 0.10566 -106.184 -29.9643 1169.27 0
204 1
1 -13 0 0 0 0 -0.14224 0.158059 0.977131 1.00557 0.10566 -190.932 -59.3951 1171.62 0
205 1
1 -13 0 0 0 0 -0.164244 -0.0503368 0.985135 1.00557 0.10566 83.2133 -181.681 1171.73 0
206 1
1 13 0 0 0 0 -0.167807 0.173603 0.970414 1.00557 0.10566 116.472 -0.252268 1172.61 0
207 1
1 13 0 0 0 0 -0.176152 0.0245323 0.984057 1.00557 0.10566 -188.788 -183.644 1174.59 0
208 1
1 -13 0 0 0 0 -0.290841 -0.109124 0.950528 1.00557 0.10566 189.604 -160.033 1171.55 0
209 1
1 -13 0 0 0 0 0.0628367 -0.18954 0.97986 1.00557 0.10566 -68.3052 -171.575 1172.01 0
210 1
1 -13 0 0 0 0 -0.194054 0.150708 0.969345 1.00557 0.10566 -197.315 -126.263 1174.04 0
211 1
1 13 0 0 0 0 -0.0797459 -0.0402854 0.996001 1.00557 0.10566 2.7871 -68.9326 1173.45 0
212 1
1 13 0 0 0 0 0.162442 -0.184276 0.969358 1.00557 0.10566 -70.76 -257.75 1175.95 0
213 1
1 -13 0 0 0 0 0.372052 0.0233582 0.927918 1.00557 0.10566 163.453 -163.388 1174.49 0
214 1
1 13 0 0 0 0 -0.0345393 0.214138 0.976193 1.00557 0.10566 -116.214 -288.114 1172.67 0
215 1
1 -13 0 0 0 0 -0.0915499 0.205134 0.974443 1.00557 0.10566 -103.312 -166.213 1176.19 0
216 1
1 13 0 0 0 0 -0.238031 0.0969415 0.966408 1.00557 0.10566 31.2643 -41.6618 1177.86 0
217 1
1 -13 0 0 0 0 -0.214688 -0.00564561 0.976666 1.00557 0.10566 27.8891 -279.263 1177.09 0
218 1
1 13 0 0 0 0 0.291021 -0.10796 0.950606 1.00557 0.10566 89.6189 -196.615 1173.96 0
219 1
1 13 0 0 0 0 0.223222 -0.28572 0.931953 1.00557 0.10566 -46.5617 -277.657 1178.28 0
220 1
1 13 0 0 0 0 -0.298744 -0.316121 0.900455 1.00557 0.10566 78.3957 -30.4563 1174 0
221 1
1 -13 0 0 0 0 -0.154489 -0.14589 0.977164 1.00557 0.10566 -166.593 -137.182 1175.29 0
222 1
1 -13 0 0 0 0 0.310083 0.351779 0.883233 1.00557 0.10566 -93.2188 -147.176 1173.11 0
223 1
1 -13 0 0 0 0 0.342095 0.0805256 0.936209 1.00557 0.10566 125.078 -47.4993 1174.18 0
224 1
1 -13 0 0 0 0 0.233484 0.0901537 0.968172 1.00557 0.10566 194.291 -51.1538 1178.8 0
225 1
1 -13 0 0 0 0 0.298847 -0.00877847 0.954261 1.00557 0.10566 103.503 -208.765 1173.4 0
226 1
1 13 0 0 0 0 0.0231246 -0.208397 0.977771 1.00557 0.10566 -146.837 -139.901 1178.57 0
227 1
1 -13 0 0 0 0 0.0800398 0.299883 0.950612 1.00557 0.10566 47.9802 -235.327 1176.35 0
228 1
1 -13 0 0 0 0 0.0975568 0.0218591 0.99499 1.00557 0.10566 -24.8042 -229.242 1176.75 0
229 1
1 13 0 0 0 0 -0.00560718 0.183551 0.982994 1.00557 0.10566 -58.738 -97.1909 1173.89 0
230 1
1 13 0 0 0 0 -0.0417839 0.213937 0.975953 1.00557 0.10566 36.9486 -11.2273 1174.39 0
231 1
1 -13 0 0 0 0 0.22194 0.279141 0.93425 1.00557 0.10566 -133.204 -126.256 1175.12 0
232 1
1 13 0 0 0 0 0.163742 0.165699 0.972488 1.00557 0.10566 32.3981 -228.795 1170.7 0
233 1
1 13 0 0 0 0 0.178154 -0.147457 0.972891 1.00557 0.10566 122.361 -235.584 1170.27 0
234 1
1 13 0 0 0 0 0.0928011 0.252088 0.963244 1.00557 0.10566 -115.396 -83.9061 1170.15 0
235 1
1 13 0 0 0 0 -0.181689 0.0789262 0.980184 1.00557 0.10566 -179.528 -279.016 1177.17 0
236 1
1 13 0 0 0 0 -0.0925964 -0.278204 0.956048 1.00557 0.10566 -106.691 -1.82752 1174.9 0
237 1
1 13 0 0 0 0 -0.239825 -0.228353 0.943578 1.00557 0.10566 -45.6117 -52.8357 1178.98 0
238 1
1 -13 0 0 0 0 -0.273634 -0.239859 0.931446 1.00557 0.10566 65.355 -120.436 1172.33 0
239 1
1 13 0 0 0 0 -0.18262 -0.271461 0.944965 1.00557 0.10566 -132.664 -17.2877 1171.3 0
240 1
1 -13 0 0 0 0 -0.245663 0.305176 0.920064 1.00557 0.10566 142.839 -3.12597 1172.87 0
241 1
1 13 0 0 0 0 0.0727021 0.145957 0.986616 1.00557 0.10566 -5.97402 -258.595 1171.67 0
242 1
1 -13 0 0 0 0 -0.0028334 -0.236507 0.971626 1.00557 0.10566 133.903 -152.157 1178.39 0
243 1
1 13 0 0 0 0 -0.232593 0.106562 0.966719 1.00557 0.10566 195.917 -284.847 1174.66 0
244 1
1 13 0 0 0 0 0.308154 -0.00372748 0.951329 1.00557 0.10566 9.28845 -125.982 1173.63 0
245 1
1 13 0 0 0 0 -0.179103 -0.283384 0.942134 1.00557 0.10566 132.141 -182.94 1174.34 0
246 1
1 -13 0 0 0 0 0.280747 -0.161645 0.946072 1.00557 0.10566 -46.3313 -60.1059 1175.73 0
247 1
1 -13 0 0 0 0 -0.0418289 -0.147699 0.988147 1.00557 0.10566 -98.3737 -208.647 1175.85 0
248 1
1 -13 0 0 0 0 0.272082 0.199572 0.941351 1.00557 0.10566 -179.951 -19.7747 1178.68 0
249 1
1 13 0 0 0 0 -0.106588 -0.424636 0.899068 1.00557 0.10566 24.0996 -110.878 1171.14 0
250 1
1 13 0 0 0 0 0.0197469 -0.188502 0.981874 1.00557 0.10566 -45.1972 -92.0942 1173.21 0
251 1
1 -13 0 0 0 0 0.131168 0.0964892 0.986653 1.00557 0.10566 -31.5061 -235.888 1169.85 0
252 1
1 13 0 0 0 0 0.0293792 0.238556 0.970684 1.00557 0.10566 8.99061 -292.53 1172.2 0
253 1
1 -13 0 0 0 0 0.0896784 0.119525 0.988773 1.00557 0.10566 -166.141 -144.383 1178.9 0
254 1
1 13 0 0 0 0 0.00592165 -0.210869 0.977496 1.00557 0.10566 194.374 -283.797 1169.27 0
255 1
1 13 0 0 0 0 -0.1333 0.0711775 0.988517 1.00557 0.10566 -199.487 -196.627 1175.07 0
256 1
1 -13 0 0 0 0 0.270731 0.180512 0.945579 1.00557 0.10566 139.012 -283.892 1173.01 0
257 1
1 13 0 0 0 0 0.0360927 0.309938 0.950072 1.00557 0.10566 123.302 -173.144 1176.53 0
258 1
1 -13 0 0 0 0 -0.0223635 0.192008 0.981139 1.00557 0.10566 -133.642 -128.346 1171.4 0
259 1
1 13 0 0 0 0 -0.285498 -0.257561 0.923121 1.00557 0.10566 66.2724 -243.87 1176.5 0
260 1
1 -13 0 0 0 0 0.0345145 -0.185134 0.982107 1.00557 0.10566 2.35521 -201.041 1178.57 0
261 1
1 13 0 0 0 0 -0.121832 -0.165156 0.978714 1.00557 0.10566 -7.05006 -147.291 1169.31 0
262 1
1 -13 0 0 0 0 -0.416305 0.124297 0.900689 1.00557 0.10566 -197.961 -99.8487 1170.86 0
263 1
1 -13 0 0 0 0 0.188751 0.131819 0.973138 1.00557 0.10566 -80.5994 -14.8375 1175.6 0
264 1
1 -13 0 0 0 0 0.0298702 0.253749 0.966809 1.00557 0.10566 -185.34 -239.395 1173.26 0
265 1
1 -13 0 0 0 0 -0.23148 -0.0269053 0.972467 1.00557 0.10566 192.489 -198.796 1174.83 0
266 1
1 -13 0 0 0 0 -0.274079 0.164731 0.947494 1.00557 0.10566 -39.415 -197.227 1169.46 0
267 1
1 13 0 0 0 0 -0.00852186 -0.258766 0.965903 1.00557 0.10566 141.015 -249.217 1169.02 0
268 1
1 13 0 0 0 0 -0.183134 -0.00090955 0.983088 1.00557 0.10566 -22.1406 -278.292 1173.09 0
269 1
1 -13 0 0 0 0 -0.303225 0.28535 0.909192 1.00557 0.10566 158.988 -171.516 1178.29 0
270 1
1 -13 0 0 0 0 0.193918 0.0829262 0.977506 1.00557 0.10566 -6.93549 -125.485 1173.06 0
271 1
1 -13 0 0 0 0 -0.172243 0.125743 0.976996 1.00557 0.10566 117.847 -54.5952 1175.76 0
272 1
1 13 0 0 0 0 -0.0648814 -0.240521 0.968473 1.00557 0.10566 -123.261 -18.2223 1173.48 0
273 1
1 -13 0 0 0 0 0.209356 0.29733 0.931539 1.00557 0.10566 -82.286 -27.0939 1169.05 0
274 1
1 -13 0 0 0 0 0.0832949 0.276465 0.957407 1.00557 0.10566 14.6298 -173.85 1172.26 0
275 1
1 13 0 0 0 0 -0.184508 -0.0251213 0.98251 1.00557 0.10566 146.301 -152.344 1170.4 0
276 1
1 -13 0 0 0 0 -0.0419792 0.108544 0.993205 1.00557 0.10566 176.874 -265.177 1173.97 0
277 1
1 -13 0 0 0 0 -0.237642 -0.0821013 0.967877 1.00557 0.10566 42.5852 -225.254 1176.36 0
278 1
1 -13 0 0 0 0 0.393737 0.0514466 0.917782 1.00557 0.10566 -32.8439 -289.942 1170.81 0
279 1
1 13 0 0 0 0 0.190631 -0.0681062 0.979296 1.00557 0.10566 -20.8699 -145.157 1175.21 0
280 1
1 13 0 0 0 0 -0.29574 -0.0399864 0.954431 1.00557 0.10566 85.5057 -88.1378 1177.01 0
281 1
1 -13 0 0 0 0 0.273566 -0.0635517 0.959751 1.00557 0.10566 -24.848 -59.9572 1174.71 0
282 1
1 13 0 0 0 0 0.000625787 -0.267865 0.963456 1.00557 0.10566 -199.788 -212.189 1175.96 0
283 1
1 -13 0 0 0 0 -0.152871 0.109701 0.982138 1.00557 0.10566 93.0623 -215.9 1173.11 0
284 1
1 -13 0 0 0 0 0.162481 -0.165264 0.972773 1.00557 0.10566 -84.5741 -54.7313 1177.89 0
285 1
1 13 0 0 0 0 -0.147319 0.171612 0.974087 1.00557 0.10566 -186.182 -205.496 1174.73 0
286 1
1 -13 0 0 0 0 0.0962844 0.044022 0.99438 1.00557 0.10566 78.0503 -177.564 1174.38 0
287 1
1 13 0 0 0 0 0.225393 -0.185715 0.956404 1.00557 0.10566 -123.242 -275.966 1173.54 0
288 1
1 -13 0 0 0 0 -0.207487 0.106465 0.972427 1.00557 0.10566 61.3634 -276.866 1172.46 0
289 1
1 -13 0 0 0 0 -0.11977 0.107285 0.986988 1.00557 0.10566 -152.011 -170.436 1178.74 0
290 1
1 -13 0 0 0 0 0.0327795 -0.232502 0.972043 1.00557 0.10566 107.024 -76.0505 1171.08 0
291 1
1 13 0 0 0 0 -0.0643855 -0.0811462 0.99462 1.00557 0.10566 -125.455 -12.5999 1171.52 0
292 1
1 13 0 0 0 0 0.0372308 -0.020503 0.999096 1.00557 0.10566 -108.336 -198.593 1169.46 0
293 1
1 13 0 0 0 0 -0.220794 0.037311 0.974607 1.00557 0.10566 104.303 -86.2967 1175.15 0
294 1
1 -13 0 0 0 0 0.334272 0.103374 0.93679 1.00557 0.10566 184.52 -112.488 1170.83 0
295 1
1 -13 0 0 0 0 -0.000175455 -0.0708019 0.99749 1.00557 0.10566 54.1402 -13.4814 1176.78 0
296 1
1 -13 0 0 0 0 -0.197429 0.226459 0.953802 1.00557 0.10566 19.8161 -59.0111 1169.98 0
297 1
1 -13 0 0 0 0 0.172083 0.276472 0.94549 1.00557 0.10566 -123.444 -189.398 1171.08 0
298 1
1 13 0 0 0 0 -0.191241 0.141234 0.971329 1.00557 0.10566 -183.044 -156.003 1177.54 0
299 1
1 -13 0 0 0 0 -0.223589 -0.210141 0.951761 1.00557 0.10566 51.4304 -84.9613 1173.48 0
300 1
1 13 0 0 0 0 0.35696 -0.253698 0.899009 1.00557 0.10566 -170.95 -44.507 1170.83 0
301 1
1 -13 0 0 0 0 0.159546 0.284988 0.94516 1.00557 0.10566 101.607 -36.477 1178.39 0
302 1
1 13 0 0 0 0 -0.166059 0.0949635 0.981533 1.00557 0.10566 167.247 -12.0876 1170.09 0
303 1
1 -13 0 0 0 0 0.146314 0.112188 0.982856 1.00557 0.10566 174.876 -52.8621 1172.88 0
304 1
1 -13 0 0 0 0 -0.0806346 0.230373 0.969756 1.00557 0.10566 -59.3915 -49.9796 1173.79 0
305 1
1 13 0 0 0 0 0.311497 0.122819 0.942277 1.00557 0.10566 -121.426 -49.845 1170.1 0
306 1
1 -13 0 0 0 0 -0.0519045 -0.0339728 0.998074 1.00557 0.10566 2.42438 -54.3639 1171.51 0
307 1
1 -13 0 0 0 0 -0.344421 -0.254707 0.903603 1.00557 0.10566 -103.927 -21.0532 1177.44 0
308 1
1 -13 0 0 0 0 -0.342075 -0.18291 0.921699 1.00557 0.10566 -168.143 -13.899 1173.4 0
309 1
1 13 0 0 0 0 0.232663 -0.101502 0.967246 1.00557 0.10566 -153.601 -127.138 1175.62 0
310 1
1 -13 0 0 0 0 0.0723926 0.0132124 0.997289 1.00557 0.10566 13.2825 -273.84 1175.08 0
311 1
1 -13 0 0 0 0 -0.203405 0.152819 0.967095 1.00557 0.10566 -64.2002 -151.943 1177.09 0
312 1
1 -13 0 0 0 0 0.12688 -0.0108048 0.991859 1.00557 0.10566 -175.111 -71.1219 1174.58 0
313 1
1 13 0 0 0 0 -0.159743 -0.0984712 0.982235 1.00557 0.10566 -120.456 -223.54 1170.05 0
314 1
1 13 0 0 0 0 0.15243 -0.0494159 0.987078 1.00557 0.10566 -80.2105 -87.4023 1170.54 0
315 1
1 -13 0 0 0 0 -0.0307473 0.278116 0.960055 1.00557 0.10566 -24.5398 -174.72 1174.58 0
316 1
1 13 0 0 0 0 0.0547574 -0.110206 0.992399 1.00557 0.10566 76.4172 -162.61 1173.94 0
317 1
1 -13 0 0 0 0 -0.216903 0.0293516 0.975752 1.00557 0.10566 198.613 -171.407 1177.88 0
318 1
1 13 0 0 0 0 0.0519975 0.128098 0.990398 1.00557 0.10566 -4.01918 -122.707 1176.39 0
319 1
1 -13 0 0 0 0 -0.28314 -0.145243 0.948017 1.00557 0.10566 -139.964 -4.78313 1177.49 0
320 1
1 13 0 0 0 0 0.025595 -0.178154 0.98367 1.00557 0.10566 -73.1297 -202.05 1171.67 0
321 1
1 -13 0 0 0 0 -0.123832 0.074523 0.989501 1.00557 0.10566 -10.2964 -11.71 1176.52 0
322 1
1 13 0 0 0 0 0.286782 0.217203 0.933048 1.00557 0.10566 -113.119 -63.1117 1178.25 0
323 1
1 -13 0 0 0 0 0.0675165 -0.217876 0.973638 1.00557 0.10566 -51.3359 -61.0199 1169.3 0
324 1
1 13 0 0 0 0 0.226844 0.0214455 0.973695 1.00557 0.10566 49.0594 -24.716 1173.57 0
325 1
1 -13 0 0 0 0 0.142208 0.166362 0.975756 1.00557 0.10566 -171.399 -239.414 1175.95 0
326 1
1 -13 0 0 0 0 0.274345 0.214958 0.937298 1.00557 0.10566 -93.2305 -202.76 1175.8 0
327 1
1 -13 0 0 0 0 -0.207379 0.005974 0.978242 1.00557 0.10566 -70.73 -298.869 1174.19 0
328 1
1 -13 0 0 0 0 -0.0406443 0.150168 0.987825 1.00557 0.10566 -65.734 -111.385 1173.05 0
329 1
1 -13 0 0 0 0 -0.076338 0.268746 0.960181 1.00557 0.10566 -62.0067 -267.18 1174.05 0
330 1
1 13 0 0 0 0 -0.267073 0.202728 0.942111 1.00557 0.10566 62.718 -250.945 1177.69 0
331 1
1 -13 0 0 0 0 -0.129483 -0.128224 0.983256 1.00557 0.10566 132.112 -128.872 1170.59 0
332 1
1 -13 0 0 0 0 0.330945 0.110621 0.937144 1.00557 0.10566 -101.837 -34.55 1178.02 0
333 1
1 13 0 0 0 0 0.0592907 -0.162767 0.984882 1.00557 0.10566 14.5935 -57.1414 1176.51 0
334 1
1 13 0 0 0 0 0.0458735 -0.249426 0.967307 1.00557 0.10566 131.116 -103.764 1174.57 0
335 1
1 -13 0 0 0 0 0.27554 0.207826 0.938555 1.00557 0.10566 -198.729 -242.186 1171.3 0
336 1
1 -13 0 0 0 0 -0.0286835 -0.0619846 0.997665 1.00557 0.10566 -76.1235 -230.507 1175.93 0
337 1
1 -13 0 0 0 0 0.0775422 -0.258725 0.962834 1.00557 0.10566 122.722 -260.264 1177.69 0
338 1
1 -13 0 0 0 0 0.268106 0.122645 0.955551 1.00557 0.10566 -99.0353 -74.6673 1169.38 0
339 1
1 13 0 0 0 0 -0.148781 -0.126994 0.980682 1.00557 0.10566 -114.189 -164.534 1177.11 0
340 1
1 13 0 0 0 0 -0.0220806 0.0599952 0.997954 1.00557 0.10566 64.493 -270.954 1170.89 0
341 1
1 13 0 0 0 0 0.0795493 -0.201153 0.976324 1.00557 0.10566 88.2897 -122.06 1169.28 0
342 1
1 13 0 0 0 0 -0.14323 0.167544 0.975405 1.00557 0.10566 197.88 -152.163 1177.78 0
343 1
1 -13 0 0 0 0 -0.183063 -0.130942 0.974342 1.00557 0.10566 -192.729 -38.7001 1169.28 0
344 1
1 -13 0 0 0 0 0.16271 0.155962 0.97427 1.00557 0.10566 99.9457 -178.171 1174.45 0
345 1
1 -13 0 0 0 0 0.0563544 0.198967 0.978385 1.00557 0.10566 -36.0794 -80.023 1171.96 0
346 1
1 13 0 0 0 0 0.24691 -0.318767 0.915108 1.00557 0.10566 159.297 -82.2087 1169 0
347 1
1 13 0 0 0 0 -0.273944 -0.204779 0.939692 1.00557 0.10566 152.442 -127.962 1173.07 0
348 1
1 13 0 0 0 0 -0.151071 0.128928 0.980079 1.00557 0.10566 97.0864 -4.26476 1171.05 0
349 1
1 13 0 0 0 0 -0.306458 0.059459 0.950025 1.00557 0.10566 114.894 -58.696 1173.49 0
350 1
1 -13 0 0 0 0 0.0321636 0.146212 0.98873 1.00557 0.10566 43.9666 -263.967 1169.57 0
351 1
1 -13 0 0 0 0 0.133292 0.0237106 0.990793 1.00557 0.10566 -162.65 -296.365 1172.82 0
352 1
1 -13 0 0 0 0 0.296313 0.295366 0.908272 1.00557 0.10566 82.8495 -45.4382 1170.21 0
353 1
1 -13 0 0 0 0 -0.175443 0.0215707 0.984253 1.00557 0.10566 136.431 -92.5088 1170.79 0
354 1
1 13 0 0 0 0 0.133718 0.0946829 0.986486 1.00557 0.10566 -20.8362 -168.031 1176.64 0
355 1
1 13 0 0 0 0 -0.176089 -0.0639412 0.982295 1.00557 0.10566 -15.641 -123.968 1174.74 0
356 1
1 13 0 0 0 0 -0.196062 0.27307 0.941803 1.00557 0.10566 139.268 -56.8441 1178.5 0
357 1
1 -13 0 0 0 0 0.00939431 -0.228131 0.973585 1.00557 0.10566 33.6451 -4.89349 1173.66 0
358 1
1 13 0 0 0 0 -0.207464 0.344488 0.91558 1.00557 0.10566 132.527 -229.582 1171.41 0
359 1
1 -13 0 0 0 0 0.259553 -0.0143786 0.965622 1.00557 0.10566 -29.3903 -181.514 1176.68 0
360 1
1 -13 0 0 0 0 -0.244175 -0.0342802 0.969125 1.00557 0.10566 -162.98 -248.761 1173.84 0
361 1
1 -13 0 0 0 0 0.24436 -0.189348 0.951018 1.00557 0.10566 -22.4566 -194.487 1175.9 0
362 1
1 13 0 0 0 0 -0.333083 0.0504422 0.941547 1.00557 0.10566 191.412 -4.95465 1177.18 0
363 1
1 -13 0 0 0 0 -0.29032 0.16374 0.942817 1.00557 0.10566 -6.28166 -55.6596 1169.25 0
364 1
1 -13 0 0 0 0 -0.175953 -0.0684169 0.982018 1.00557 0.10566 47.0983 -181.09 1176.7 0
365 1
1 -13 0 0 0 0 0.227166 0.0544984 0.97233 1.00557 0.10566 -9.46317 -80.4304 1176.85 0
366 1
1 -13 0 0 0 0 -0.079389 -0.183402 0.979827 1.00557 0.10566 149.264 -29.604 1176.8 0
367 1
1 -13 0 0 0 0 0.0152371 0.173817 0.98466 1.00557 0.10566 125.094 -74.7423 1178.52 0
368 1
1 13 0 0 0 0 -0.0687719 -0.0551125 0.996109 1.00557 0.10566 182.738 -196.131 1169.11 0
369 1
1 13 0 0 0 0 0.125964 -0.108368 0.986098 1.00557 0.10566 -156.665 -127.016 1171.7 0
370 1
1 -13 0 0 0 0 0.178487 -0.123126 0.976208 1.00557 0.10566 73.8515 -173.928 1173.52 0
371 1
1 -13 0 0 0 0 -0.185147 0.0069442 0.982686 1.00557 0.10566 102.985 -164.559 1171.5 0
372 1
1 13 0 0 0 0 0.27005 0.0755452 0.959878 1.00557 0.10566 176.895 -63.9708 1177.26 0
373 1
1 13 0 0 0 0 -0.0316682 0.21328 0.976478 1.00557 0.10566 -5.86459 -204.165 1173.32 0
374 1
1 -13 0 0 0 0 0.266828 -0.135689 0.954144 1.00557 0.10566 -143.428 -8.73178 1178.3 0
375 1
1 -13 0 0 0 0 0.37237 0.213585 0.903173 1.00557 0.10566 140.016 -42.9908 1176.23 0
376 1
1 -13 0 0 0 0 -0.202409 0.18619 0.961438 1.00557 0.10566 35.8918 -56.5278 1174.19 0
377 1
1 -13 0 0 0 0 0.0476363 -0.0123987 0.998788 1.00557 0.10566 -58.6559 -112.449 1172.06 0
378 1
1 -13 0 0 0 0 0.207188 -0.225543 0.951947 1.00557 0.10566 106.578 -93.5083 1173.21 0
379 1
1 -13 0 0 0 0 0.0327708 -0.262839 0.964283 1.00557 0.10566 -163.741 -205.306 1172.52 0
380 1
1 13 0 0 0 0 -0.340158 0.238043 0.909741 1.00557 0.10566 63.4469 -191.994 1175.47 0
381 1
1 -13 0 0 0 0 -0.267304 0.314298 0.910915 1.00557 0.10566 123.692 -207.323 1178.55 0
382 1
1 13 0 0 0 0 0.178629 -0.282741 0.942417 1.00557 0.10566 74.7218 -41.5559 1175.87 0
383 1
1 13 0 0 0 0 -0.265637 0.216135 0.939533 1.00557 0.10566 41.8892 -59.99 1169.41 0
384 1
1 -13 0 0 0 0 0.189534 0.332979 0.923689 1.00557 0.10566 -121.498 -110.448 1169.33 0
385 1
1 13 0 0 0 0 0.212459 0.318329 0.923866 1.00557 0.10566 172.096 -220.778 1169.61 0
386 1
1 13 0 0 0 0 0.175929 -0.141372 0.974199 1.00557 0.10566 50.5575 -40.9374 1176.97 0
387 1
1 -13 0 0 0 0 -0.282706 -0.187162 0.94077 1.00557 0.10566 -181.06 -25.5276 1176.93 0
388 1
1 13 0 0 0 0 -0.219565 -0.0936705 0.971091 1.00557 0.10566 -58.6994 -270.544 1171.72 0
389 1
1 -13 0 0 0 0 -0.207628 0.0862824 0.974395 1.00557 0.10566 31.334 -154.902 1172.14 0
390 1
1 13 0 0 0 0 0.188288 -0.257502 0.947756 1.00557 0.10566 -66.1889 -153.077 1175.34 0
391 1
1 13 0 0 0 0 0.172538 0.171201 0.970011 1.00557 0.10566 -23.072 -6.68694 1174.21 0
392 1
1 -13 0 0 0 0 0.354209 -0.154444 0.922325 1.00557 0.10566 -38.0675 -110.714 1177.32 0
393 1
1 -13 0 0 0 0 -0.227741 -0.104603 0.968087 1.00557 0.10566 132.735 -266.523 1176.37 0
394 1
1 -13 0 0 0 0 0.160331 -0.146667 0.976106 1.00557 0.10566 -50.9985 -252.754 1175.06 0
395 1
1 13 0 0 0 0 -0.280784 -0.215194 0.935335 1.00557 0.10566 -14.4641 -159.15 1169.58 0
396 1
1 13 0 0 0 0 0.0349214 0.158814 0.986691 1.00557 0.10566 192.984 -132.605 1178.79 0
397 1
1 -13 0 0 0 0 -0.0663913 -0.100731 0.992696 1.00557 0.10566 -114.076 -118.688 1172.72 0
398 1
1 -13 0 0 0 0 -0.320851 -0.0116573 0.947058 1.00557 0.10566 176.921 -264.083 1171.06 0
399 1
1 13 0 0 0 0 0.2949 0.121343 0.947792 1.00557 0.10566 168.419 -83.9478 1173.51 0
400 1
1 13 0 0 0 0 0.073914 -0.196185 0.977777 1.00557 0.10566 -69.3705 -114.356 1172.36 0
401 1
1 13 0 0 0 0 0.121275 -0.0745383 0.989816 1.00557 0.10566 180.583 -1.04086 1174.09 0
402 1
1 13 0 0 0 0 -0.207065 0.151059 0.966595 1.00557 0.10566 -176.334 -142.596 1176.68 0
403 1
1 13 0 0 0 0 -0.302131 -0.312726 0.900511 1.00557 0.10566 189.845 -87.0654 1177.21 0
404 1
1 -13 0 0 0 0 -0.0236401 -0.188717 0.981747 1.00557 0.10566 -98.5393 -102.502 1178.14 0
405 1
1 -13 0 0 0 0 0.12588 0.0209901 0.991823 1.00557 0.10566 45.3838 -294.934 1169.53 0
406 1
1 -13 0 0 0 0 -0.183857 0.0232354 0.982678 1.00557 0.10566 -142.989 -2.84737 1170.66 0
407 1
1 -13 0 0 0 0 -0.325837 -0.159504 0.931874 1.00557 0.10566 92.6011 -128.65 1171.31 0
408 1
1 -13 0 0 0 0 -0.362183 -0.254535 0.89668 1.00557 0.10566 168.016 -4.34945 1171.5 0
409 1
1 13 0 0 0 0 0.169981 0.0382786 0.984704 1.00557 0.10566 -87.2883 -230.286 1169.77 0
410 1
1 13 0 0 0 0 -0.089939 0.000885085 0.995947 1.00557 0.10566 145.684 -129.371 1174.4 0
411 1
1 -13 0 0 0 0 0.0622607 -0.0143086 0.997957 1.00557 0.10566 -100.114 -260.054 1174.76 0
412 1
1 13 0 0 0 0 0.217447 0.309335 0.925758 1.00557 0.10566 167.316 -128.198 1169.59 0
413 1
1 13 0 0 0 0 0.0506489 0.302678 0.951746 1.00557 0.10566 -69.626 -118.337 1177.73 0
414 1
1 -13 0 0 0 0 -0.399974 -0.16481 0.901587 1.00557 0.10566 -80.7135 -295.803 1175.29 0
415 1
1 13 0 0 0 0 0.214958 0.0726864 0.973915 1.00557 0.10566 86.0202 -237.111 1170.35 0
416 1
1 -13 0 0 0 0 -0.310874 0.307673 0.899274 1.00557 0.10566 -35.8656 -205.946 1175.22 0
417 1
1 -13 0 0 0 0 -0.249893 0.184666 0.950501 1.00557 0.10566 -95.1885 -236.092 1176.92 0
418 1
1 13 0 0 0 0 -0.379302 -0.186533 0.906276 1.00557 0.10566 -6.99937 -236.894 1173.41 0
419 1
1 13 0 0 0 0 -0.312754 -0.077292 0.946684 1.00557 0.10566 110.047 -246.015 1173.83 0
420 1
1 13 0 0 0 0 -0.311282 0.303725 0.900475 1.00557 0.10566 123.62 -283.647 1178.51 0
421 1
1 -13 0 0 0 0 -0.12183 0.0979327 0.987708 1.00557 0.10566 116.018 -40.6234 1177.57 0
422 1
1 -13 0 0 0 0 -0.171219 -0.221279 0.960062 1.00557 0.10566 -178.02 -136.464 1177.42 0
423 1
1 -13 0 0 0 0 0.12915 -0.365156 0.921944 1.00557 0.10566 -48.5169 -178.037 1169.93 0
424 1
1 13 0 0 0 0 -0.137308 0.265035 0.954412 1.00557 0.10566 112.898 -296.051 1173.44 0
425 1
1 -13 0 0 0 0 -0.00834734 0.0592979 0.998205 1.00557 0.10566 72.1146 -175.072 1172.21 0
426 1
1 13 0 0 0 0 -0.253358 0.335117 0.907473 1.00557 0.10566 -177.606 -250.539 1172.84 0
427 1
1 13 0 0 0 0 0.0760427 0.0806843 0.993835 1.00557 0.10566 118.609 -69.3175 1177.91 0
428 1
1 -13 0 0 0 0 -0.161526 0.158254 0.974097 1.00557 0.10566 -91.17 -51.4658 1178.38 0
429 1
1 -13 0 0 0 0 -0.247701 0.244277 0.937536 1.00557 0.10566 -16.9246 -194.319 1173.84 0
430 1
1 13 0 0 0 0 -0.0220045 -0.037666 0.999048 1.00557 0.10566 -180.148 -259 1173.29 0
431 1
1 -13 0 0 0 0 0.181061 -0.109103 0.977401 1.00557 0.10566 -136.912 -186.846 1176.89 0
432 1
1 -13 0 0 0 0 0.197564 -0.137499 0.970599 1.00557 0.10566 110.903 -181.979 1176.32 0
433 1
1 -13 0 0 0 0 -0.0992149 0.243523 0.964807 1.00557 0.10566 -177.839 -249.595 1174.8 0
434 1
1 13 0 0 0 0 -0.0866391 0.284975 0.954611 1.00557 0.10566 122.429 -241.552 1175.13 0
435 1
1 13 0 0 0 0 -0.240112 0.25415 0.936885 1.00557 0.10566 -85.8568 -266.101 1178.45 0
436 1
1 -13 0 0 0 0 -0.0860391 -0.200077 0.975995 1.00557 0.10566 -184.842 -41.6466 1170.83 0
437 1
1 -13 0 0 0 0 -0.0892574 -0.151066 0.984486 1.00557 0.10566 -194.897 -92.7909 1169.17 0
438 1
1 13 0 0 0 0 -0.23708 -0.234496 0.942764 1.00557 0.10566 -78.9222 -143.623 1174.99 0
439 1
1 -13 0 0 0 0 0.150171 -0.16996 0.973942 1.00557 0.10566 -30.4452 -141.505 1176.52 0
440 1
1 -13 0 0 0 0 -0.205493 0.108338 0.972643 1.00557 0.10566 -44.5795 -35.4503 1169.36 0
441 1
1 13 0 0 0 0 0.0349237 -0.178976 0.983233 1.00557 0.10566 107.887 -142.632 1173.48 0
442 1
1 -13 0 0 0 0 -0.277916 0.0988982 0.955501 1.00557 0.10566 9.26329 -262.764 1170.26 0
443 1
1 13 0 0 0 0 0.0928545 0.165399 0.981846 1.00557 0.10566 13.3596 -142.791 1178.99 0
444 1
1 -13 0 0 0 0 0.344169 -0.26316 0.901274 1.00557 0.10566 13.7942 -186.288 1176.13 0
445 1
1 -13 0 0 0 0 -0.0743729 -0.0811657 0.993922 1.00557 0.10566 180.749 -86.285 1173.9 0
446 1
1 -13 0 0 0 0 -0.0119078 -0.0894744 0.995918 1.00557 0.10566 18.2287 -271.168 1169.65 0
447 1
1 -13 0 0 0 0 0.201878 0.164715 0.965461 1.00557 0.10566 104.459 -293.232 1169.65 0
448 1
1 -13 0 0 0 0 0.186544 -0.066456 0.980196 1.00557 0.10566 -21.8231 -224.941 1172.56 0
449 1
1 13 0 0 0 0 -0.198168 -0.26066 0.944874 1.00557 0.10566 -35.156 -218.74 1173.31 0
450 1
1 13 0 0 0 0 0.268812 -0.15637 0.950415 1.00557 0.10566 139.151 -210 1177.52 0
451 1
1 13 0 0 0 0 -0.237565 -0.244934 0.939984 1.00557 0.10566 55.4789 -69.7962 1178.64 0
452 1
1 -13 0 0 0 0 0.0992293 -0.347037 0.932587 1.00557 0.10566 -160.206 -180.432 1175.99 0
453 1
1 -13 0 0 0 0 0.300246 0.190384 0.934669 1.00557 0.10566 77.7196 -205.818 1170.69 0
454 1
1 -13 0 0 0 0 0.356813 -0.252516 0.8994 1.00557 0.10566 27.4971 -13.7044 1176.92 0
455 1
1 -13 0 0 0 0 -0.26287 0.219138 0.939616 1.00557 0.10566 7.02863 -221.288 1173.68 0
456 1
1 -13 0 0 0 0 0.108038 0.114866 0.987489 1.00557 0.10566 88.7148 -180.356 1176.55 0
457 1
1 13 0 0 0 0 0.0141469 0.118811 0.992816 1.00557 0.10566 -191.578 -48.5978 1169.56 0
458 1
1 -13 0 0 0 0 -0.15253 -0.226629 0.961964 1.00557 0.10566 -74.7965 -110.614 1176.23 0
459 1
1 13 0 0 0 0 -0.169464 0.0524936 0.984137 1.00557 0.10566 44.1713 -134.809 1172.57 0
460 1
1 13 0 0 0 0 -0.253035 -0.355886 0.899621 1.00557 0.10566 -131.288 -80.9312 1176.58 0
461 1
1 -13 0 0 0 0 0.301986 -0.181572 0.935861 1.00557 0.10566 112.656 -179.992 1178.49 0
462 1
1 -13 0 0 0 0 0.0417505 -0.0846462 0.995536 1.00557 0.10566 24.3901 -155.078 1176.72 0
463 1
1 -13 0 0 0 0 -0.198743 0.210632 0.95715 1.00557 0.10566 187.668 -270.296 1177.91 0
464 1
1 13 0 0 0 0 0.246383 -0.16003 0.955869 1.00557 0.10566 66.5201 -31.3876 1175.39 0
465 1
1 -13 0 0 0 0 0.0672625 -0.127462 0.98956 1.00557 0.10566 50.6833 -7.66079 1178.22 0
466 1
1 -13 0 0 0 0 0.0795658 -0.155251 0.984666 1.00557 0.10566 182.708 -178.188 1169.25 0
467 1
1 -13 0 0 0 0 0.163192 -0.0564401 0.984979 1.00557 0.10566 -114.251 -185.924 1177.31 0
468 1
1 13 0 0 0 0 -0.133673 0.116465 0.984158 1.00557 0.10566 173.385 -250.714 1175.24 0
469 1
1 13 0 0 0 0 0.105062 0.123398 0.98678 1.00557 0.10566 -173.932 -152.72 1178.17 0
470 1
1 -13 0 0 0 0 -0.171962 0.0446502 0.984091 1.00557 0.10566 -176.988 -77.3609 1176.76 0
471 1
1 13 0 0 0 0 0.217591 -0.0733008 0.973284 1.00557 0.10566 -137.152 -277.465 1171.85 0
472 1
1 13 0 0 0 0 -0.242038 -0.291761 0.925361 1.00557 0.10566 120.912 -154.7 1173.65 0
473 1
1 -13 0 0 0 0 0.305299 0.0425774 0.951304 1.00557 0.10566 -24.5963 -210.759 1177.13 0
474 1
1 -13 0 0 0 0 0.00675401 0.33299 0.942906 1.00557 0.10566 117.908 -99.6297 1171.63 0
475 1
1 13 0 0 0 0 0.0793658 -0.187057 0.979138 1.00557 0.10566 -73.4147 -158.898 1175.45 0
476 1
1 -13 0 0 0 0 -0.0162846 -0.328973 0.944199 1.00557 0.10566 118.242 -244.202 1171.49 0
477 1
1 13 0 0 0 0 -0.160587 -0.3577 0.919925 1.00557 0.10566 -132.939 -152.519 1175.59 0
478 1
1 13 0 0 0 0 -0.221771 -0.0134271 0.975006 1.00557 0.10566 68.7755 -16.9195 1172.84 0
479 1
1 -13 0 0 0 0 0.159437 0.0529038 0.985789 1.00557 0.10566 -186.077 -79.5728 1177.78 0
480 1
1 -13 0 0 0 0 0.260786 -0.193616 0.945782 1.00557 0.10566 -182.351 -206.311 1176.24 0
481 1
1 -13 0 0 0 0 0.150907 -0.0341019 0.98796 1.00557 0.10566 -60.065 -74.9495 1177.81 0
482 1
1 -13 0 0 0 0 0.247464 0.272458 0.9298 1.00557 0.10566 23.8658 -57.5063 1169.86 0
483 1
1 13 0 0 0 0 0.154507 -0.157894 0.975293 1.00557 0.10566 -159.816 -173.51 1171.32 0
484 1
1 -13 0 0 0 0 -0.119357 -0.00874769 0.992813 1.00557 0.10566 -176.658 -190.176 1170.79 0
485 1
1 13 0 0 0 0 0.105955 0.0137983 0.994275 1.00557 0.10566 -7.24666 -120.654 1174.71 0
486 1
1 -13 0 0 0 0 0.331108 0.177149 0.926815 1.00557 0.10566 -43.7153 -138.818 1177.61 0
487 1
1 -13 0 0 0 0 -0.00381849 0.22696 0.973897 1.00557 0.10566 101.291 -75.6377 1176.29 0
488 1
1 13 0 0 0 0 0.199722 0.00849033 0.979816 1.00557 0.10566 -142.377 -68.7258 1178.63 0
489 1
1 -13 0 0 0 0 0.119543 0.222261 0.967631 1.00557 0.10566 -80.6396 -179.162 1173.24 0
490 1
1 -13 0 0 0 0 -0.14063 0.121395 0.982592 1.00557 0.10566 -157.791 -143.773 1173.99 0
491 1
1 13 0 0 0 0 -0.0123368 -0.114242 0.993376 1.00557 0.10566 -71.2001 -261.741 1176.99 0
492 1
1 -13 0 0 0 0 -0.245708 -0.216068 0.944956 1.00557 0.10566 -9.80467 -143.863 1170.5 0
493 1
1 13 0 0 0 0 0.375112 0.12388 0.918664 1.00557 0.10566 -112.605 -150.056 1169.1 0
494 1
1 -13 0 0 0 0 -0.0128528 0.150856 0.988472 1.00557 0.10566 -184.021 -51.3239 1171.46 0
495 1
1 13 0 0 0 0 -0.309149 -0.0549169 0.949427 1.00557 0.10566 197.162 -185.041 1172.42 0
496 1
1 13 0 0 0 0 -0.212203 -0.202995 0.955909 1.00557 0.10566 146.905 -98.7425 1178.32 0
497 1
1 -13 0 0 0 0 0.0520584 -0.0407473 0.997812 1.00557 0.10566 -51.4339 -180.664 1176.55 0
498 1
1 -13 0 0 0 0 -0.0950766 -0.0287072 0.995056 1.00557 0.10566 -21.7111 -184.464 1170.33 0
499 1
1 -13 0 0 0 0 -0.193572 0.09425 0.976549 1.00557 0.10566 135.105 -115.813 1169.57 0
500 1
1 13 0 0 0 0 0.168611 0.269512 0.948121 1.00557 0.10566 -121.981 -16.1577 1178.62 0
501 1
1 13 0 0 0 0 0.0804521 -0.252718 0.964189 1.00557 0.10566 -94.1927 -202.556 1169.71 0
502 1
1 -13 0 0 0 0 -0.17521 0.119914 0.977201 1.00557 0.10566 31.6883 -19.0811 1177.76 0
503 1
1 -13 0 0 0 0 0.0312289 0.0761793 0.996605 1.00557 0.10566 -179.3 -241.51 1176.48 0
504 1
1 13 0 0 0 0 -0.272819 0.236564 0.932527 1.00557 0.10566 80.183 -15.4289 1173.08 0
505 1
1 13 0 0 0 0 0.33155 0.142208 0.932658 1.00557 0.10566 156.116 -281.221 1177.76 0
506 1
1 -13 0 0 0 0 -0.0861924 0.0856507 0.99259 1.00557 0.10566 -165.27 -78.2811 1175.02 0
507 1
1 -13 0 0 0 0 0.154724 -0.229294 0.960981 1.00557 0.10566 60.7435 -225.026 1176.65 0
508 1
1 -13 0 0 0 0 0.126523 0.358524 0.924907 1.00557 0.10566 114.594 -51.9373 1171.62 0
509 1
1 -13 0 0 0 0 -0.150574 0.281712 0.947611 1.00557 0.10566 -23.6977 -95.4927 1176.03 0
510 1
1 13 0 0 0 0 0.139238 0.0229934 0.989992 1.00557 0.10566 48.7377 -253.655 1177.84 0
511 1
1 13 0 0 0 0 0.177824 -0.300043 0.937205 1.00557 0.10566 158.969 -214.412 1170.72 0
512 1
1 13 0 0 0 0 -0.156558 0.15141 0.975994 1.00557 0.10566 55.6196 -265.916 1171.5 0
513 1
1 -13 0 0 0 0 0.0114358 -0.160407 0.986985 1.00557 0.10566 -199.225 -217.805 1171.53 0
514 1
1 -13 0 0 0 0 -0.0802345 -0.00376847 0.996769 1.00557 0.10566 186.397 -34.7177 1177.84 0
515 1
1 13 0 0 0 0 0.193094 -0.159849 0.968072 1.00557 0.10566 115.146 -87.1363 1177.16 0
516 1
1 13 0 0 0 0 0.0739003 -0.063461 0.995244 1.00557 0.10566 92.7461 -177.188 1177.4 0
517 1
1 -13 0 0 0 0 -0.204691 0.0986864 0.973839 1.00557 0.10566 58.1927 -210.409 1169.8 0
518 1
1 -13 0 0 0 0 -0.101732 0.0872238 0.990981 1.00557 0.10566 -96.3011 -152.07 1177.94 0
519 1
1 -13 0 0 0 0 -0.106193 -0.241947 0.964461 1.00557 0.10566 97.5008 -202.58 1172.41 0
520 1
1 13 0 0 0 0 -0.132525 0.207118 0.969298 1.00557 0.10566 -123.588 -150.218 1173.59 0
521 1
1 13 0 0 0 0 -0.0747069 0.268585 0.960355 1.00557 0.10566 -27.09 -199.627 1172.91 0
522 1
1 13 0 0 0 0 0.111189 -0.25212 0.961287 1.00557 0.10566 77.8263 -129.155 1174.9 0
523 1
1 -13 0 0 0 0 -0.297036 -0.198287 0.934051 1.00557 0.10566 147.771 -132.837 1169.63 0
524 1
1 13 0 0 0 0 -0.10476 0.000798596 0.994497 1.00557 0.10566 142.077 -154.299 1174.33 0
525 1
1 13 0 0 0 0 -0.197106 0.29837 0.933876 1.00557 0.10566 144.829 -219.133 1171.41 0
526 1
1 -13 0 0 0 0 0.219896 -0.226584 0.948844 1.00557 0.10566 -93.2097 -59.0865 1171.76 0
527 1
1 13 0 0 0 0 -0.266181 0.111739 0.957425 1.00557 0.10566 12.3453 -136.228 1173.4 0
528 1
1 -13 0 0 0 0 -0.302013 0.169427 0.938127 1.00557 0.10566 -137.55 -228.508 1174.64 0
529 1
1 -13 0 0 0 0 0.0839937 -0.256777 0.962814 1.00557 0.10566 123.225 -9.93344 1175.15 0
530 1
1 -13 0 0 0 0 0.167782 -0.0690393 0.983404 1.00557 0.10566 -77.6726 -120.715 1177.39 0
531 1
1 13 0 0 0 0 0.0927285 0.175327 0.980134 1.00557 0.10566 175.092 -194.504 1176 0
532 1
1 -13 0 0 0 0 0.165303 -0.104709 0.980669 1.00557 0.10566 -0.957205 -135.351 1169.42 0
533 1
1 -13 0 0 0 0 -0.0966864 0.0559776 0.99374 1.00557 0.10566 -116.171 -203.841 1174.32 0
534 1
1 13 0 0 0 0 -0.269131 -0.0652545 0.96089 1.00557 0.10566 -11.2461 -54.4357 1176.58 0
535 1
1 -13 0 0 0 0 -0.146989 -0.210553 0.966469 1.00557 0.10566 -166.829 -297.134 1178.9 0
536 1
1 -13 0 0 0 0 0.271062 -0.280218 0.920871 1.00557 0.10566 117.093 -185.174 1173.01 0
537 1
1 13 0 0 0 0 -0.221881 -0.0553319 0.973503 1.00557 0.10566 -153.615 -133.33 1175.81 0
538 1
1 13 0 0 0 0 -0.0276111 0.239284 0.970557 1.00557 0.10566 62.5234 -162.672 1171.49 0
539 1
1 -13 0 0 0 0 -0.129051 -0.110518 0.98546 1.00557 0.10566 188.663 -129.121 1177.37 0
540 1
1 -13 0 0 0 0 -0.182084 -0.00575442 0.983266 1.00557 0.10566 -188.711 -62.7788 1176.25 0
541 1
1 13 0 0 0 0 0.185065 0.218696 0.958083 1.00557 0.10566 31.4053 -49.5341 1178.73 0
542 1
1 13 0 0 0 0 0.0393431 -0.0683976 0.996882 1.00557 0.10566 121.593 -273.121 1170.9 0
543 1
1 -13 0 0 0 0 0.10505 0.0259746 0.994128 1.00557 0.10566 -45.0077 -81.2179 1171.89 0
544 1
1 -13 0 0 0 0 0.211329 -0.130868 0.968614 1.00557 0.10566 -169.666 -27.0577 1175.53 0
545 1
1 -13 0 0 0 0 -0.284348 0.219184 0.93333 1.00557 0.10566 -132.63 -0.316454 1175.14 0
546 1
1 13 0 0 0 0 -0.141603 0.197357 0.970051 1.00557 0.10566 23.9069 -72.7844 1178.73 0
547 1
1 13 0 0 0 0 0.15639 -0.0315471 0.987191 1.00557 0.10566 -146.606 -76.9406 1173.91 0
548 1
1 13 0 0 0 0 -0.165053 -0.108965 0.980247 1.00557 0.10566 50.1961 -284.101 1175.2 0
549 1
1 -13 0 0 0 0 -0.141682 0.212056 0.966933 1.00557 0.10566 178.821 -117.386 1173.33 0
550 1
1 -13 0 0 0 0 -0.254592 -0.0343908 0.966437 1.00557 0.10566 105.229 -238.694 1175.23 0
551 1
1 13 0 0 0 0 -0.0809151 -0.0464637 0.995637 1.00557 0.10566 37.6492 -123.159 1175.47 0
552 1
1 -13 0 0 0 0 0.15756 0.0138628 0.987412 1.00557 0.10566 -112.632 -13.7066 1172.42 0
553 1
1 -13 0 0 0 0 0.00636726 0.306787 0.951757 1.00557 0.10566 160.886 -207.949 1169.49 0
554 1
1 13 0 0 0 0 0.183028 0.0303004 0.982641 1.00557 0.10566 -148.89 -289.613 1171.4 0
555 1
1 13 0 0 0 0 0.201813 0.268247 0.941974 1.00557 0.10566 -152.646 -46.4859 1177.49 0
556 1
1 -13 0 0 0 0 0.241389 -0.166693 0.956005 1.00557 0.10566 -22.2315 -204.106 1174.51 0
557 1
1 13 0 0 0 0 0.251616 0.21923 0.94267 1.00557 0.10566 -11.6217 -162.493 1173.65 0
558 1
1 -13 0 0 0 0 -0.162853 0.227591 0.960042 1.00557 0.10566 167.309 -203.54 1175.95 0
559 1
1 13 0 0 0 0 -0.0980551 0.0615399 0.993276 1.00557 0.10566 82.7439 -236.17 1178.09 0
560 1
1 13 0 0 0 0 0.0976928 -0.212588 0.972246 1.00557 0.10566 102.013 -176.453 1177.66 0
561 1
1 13 0 0 0 0 0.216515 -0.31175 0.925167 1.00557 0.10566 -89.1814 -267.95 1178.61 0
562 1
1 13 0 0 0 0 -0.0710416 0.101649 0.99228 1.00557 0.10566 -26.8883 -97.2328 1176.07 0
563 1
1 13 0 0 0 0 -0.0565043 0.281372 0.957934 1.00557 0.10566 120.466 -129.648 1174.27 0
564 1
1 -13 0 0 0 0 0.0438653 0.230487 0.972086 1.00557 0.10566 196.576 -206.657 1175.73 0
565 1
1 13 0 0 0 0 -0.102693 0.0396766 0.993922 1.00557 0.10566 -109.244 -265.726 1172.82 0
566 1
1 13 0 0 0 0 0.298346 0.342024 0.891072 1.00557 0.10566 112.486 -88.9708 1172.85 0
567 1
1 13 0 0 0 0 -0.113823 0.106789 0.987745 1.00557 0.10566 -195.861 -1.87616 1170.18 0
568 1
1 13 0 0 0 0 -0.0478856 0.2643 0.963251 1.00557 0.10566 92.3018 -146.555 1174.41 0
569 1
1 -13 0 0 0 0 0.0327105 0.203642 0.978499 1.00557 0.10566 -51.412 -61.7841 1178.37 0
570 1
1 -13 0 0 0 0 0.225825 -0.293621 0.928865 1.00557 0.10566 31.8672 -124.965 1178.8 0
571 1
1 13 0 0 0 0 0.201818 -0.0427411 0.97849 1.00557 0.10566 198.09 -169.868 1174.81 0
572 1
1 13 0 0 0 0 0.0803139 -0.311782 0.946753 1.00557 0.10566 -43.6709 -9.76209 1177.84 0
573 1
1 -13 0 0 0 0 -0.314342 -0.129073 0.940494 1.00557 0.10566 62.9751 -183.284 1172.59 0
574 1
1 -13 0 0 0 0 0.0213372 0.241436 0.970182 1.00557 0.10566 -178.158 -151.797 1170.77 0
575 1
1 -13 0 0 0 0 -0.199429 -0.152783 0.967929 1.00557 0.10566 197.421 -93.2002 1175.36 0
576 1
1 13 0 0 0 0 -0.118434 0.143619 0.982521 1.00557 0.10566 -152.957 -45.0328 1169.11 0
577 1
1 13 0 0 0 0 -0.094727 0.0749708 0.992676 1.00557 0.10566 30.7938 -80.3582 1170.9 0
578 1
1 13 0 0 0 0 0.238709 0.0322934 0.970554 1.00557 0.10566 58.0471 -44.5947 1170.37 0
579 1
1 13 0 0 0 0 0.0886737 -0.112052 0.989738 1.00557 0.10566 -166.581 -55.4876 1174.47 0
580 1
1 13 0 0 0 0 -0.114898 -0.283081 0.952189 1.00557 0.10566 -89.8893 -156.786 1174.23 0
581 1
1 -13 0 0 0 0 -0.194844 -0.162453 0.967287 1.00557 0.10566 31.8719 -118.999 1177.02 0
582 1
1 -13 0 0 0 0 -0.0965002 -0.346826 0.932952 1.00557 0.10566 0.495832 -95.8937 1171.94 0
583 1
1 13 0 0 0 0 0.291598 -0.205916 0.934114 1.00557 0.10566 54.0388 -236.806 1174.5 0
584 1
1 -13 0 0 0 0 0.0683321 0.271259 0.960078 1.00557 0.10566 -13.2624 -171.107 1172.67 0
585 1
1 -13 0 0 0 0 0.098227 0.104874 0.989623 1.00557 0.10566 179.462 -161.959 1171.2 0
586 1
1 -13 0 0 0 0 -0.269009 -0.255098 0.928741 1.00557 0.10566 -114.619 -156.12 1173.64 0
587 1
1 -13 0 0 0 0 0.0492989 0.277978 0.959321 1.00557 0.10566 107.541 -94.8914 1176.07 0
588 1
1 13 0 0 0 0 0.0476791 0.0565442 0.997261 1.00557 0.10566 -190.527 -1.90337 1178.3 0
589 1
1 -13 0 0 0 0 -0.25715 -0.0431563 0.965407 1.00557 0.10566 -59.182 -114.552 1169.36 0
590 1
1 -13 0 0 0 0 0.0931192 0.114754 0.98902 1.00557 0.10566 -53.3096 -119.635 1174.52 0
591 1
1 -13 0 0 0 0 -0.161022 -0.084302 0.983344 1.00557 0.10566 140.097 -222.309 1176.54 0
592 1
1 13 0 0 0 0 -0.00431363 -0.107107 0.994238 1.00557 0.10566 -14.0954 -57.9285 1172.42 0
593 1
1 -13 0 0 0 0 0.243278 0.249721 0.93726 1.00557 0.10566 97.2679 -186.234 1171.34 0
594 1
1 13 0 0 0 0 -0.141415 0.025834 0.989613 1.00557 0.10566 -147.058 -13.3872 1174.93 0
595 1
1 -13 0 0 0 0 0.231337 0.227317 0.945944 1.00557 0.10566 -165.476 -2.40698 1172.59 0
596 1
1 -13 0 0 0 0 -0.167951 0.296544 0.940135 1.00557 0.10566 -168.163 -283.619 1173.98 0
597 1
1 -13 0 0 0 0 -0.112666 -0.0915728 0.989404 1.00557 0.10566 -144.456 -253.716 1178.03 0
598 1
1 13 0 0 0 0 -0.0310714 -0.166148 0.985611 1.00557 0.10566 -191.853 -168.931 1173.29 0
599 1
1 13 0 0 0 0 0.181518 -0.187674 0.965313 1.00557 0.10566 108.194 -72.779 1171.96 0
600 1
1 -13 0 0 0 0 0.129357 0.183431 0.974484 1.00557 0.10566 -129.037 -293.808 1174.81 0
601 1
1 -13 0 0 0 0 -0.211534 -0.0655025 0.975173 1.00557 0.10566 -105.624 -232.637 1172.93 0
602 1
1 -13 0 0 0 0 0.321359 0.181599 0.929382 1.00557 0.10566 -15.4396 -111.092 1177.22 0
603 1
1 -13 0 0 0 0 0.240712 0.0302483 0.970125 1.00557 0.10566 -49.5906 -227.069 1171.64 0
604 1
1 13 0 0 0 0 -0.266531 0.257581 0.92877 1.00557 0.10566 -63.4896 -178.054 1172.21 0
605 1
1 13 0 0 0 0 0.105179 -0.275028 0.955666 1.00557 0.10566 -4.60065 -158.375 1176.97 0
606 1
1 -13 0 0 0 0 -0.00930675 0.296098 0.955112 1.00557 0.10566 145.66 -92.1694 1174.5 0
607 1
1 -13 0 0 0 0 -0.142637 0.12645 0.981664 1.00557 0.10566 46.8749 -173.532 1172.64 0
608 1
1 13 0 0 0 0 0.16234 -0.0578858 0.985036 1.00557 0.10566 135.04 -235.538 1169.52 0
609 1
1 13 0 0 0 0 -0.232052 -0.244948 0.941357 1.00557 0.10566 138.493 -34.006 1178.94 0
610 1
1 -13 0 0 0 0 0.260503 -0.238094 0.935654 1.00557 0.10566 112.745 -147.367 1178.89 0
611 1
1 13 0 0 0 0 -0.180551 0.262112 0.947997 1.00557 0.10566 160.643 -107.942 1176.07 0
612 1
1 -13 0 0 0 0 -0.33831 0.307302 0.889445 1.00557 0.10566 -108.238 -165.036 1172.48 0
613 1
1 -13 0 0 0 0 0.0884562 0.382791 0.91959 1.00557 0.10566 -88.7324 -75.1304 1175.39 0
614 1
1 -13 0 0 0 0 -0.10607 0.0565294 0.99275 1.00557 0.10566 56.4166 -133.635 1170.93 0
615 1
1 13 0 0 0 0 -0.0318186 -0.0655635 0.997341 1.00557 0.10566 165.679 -49.0929 1171.67 0
616 1
1 13 0 0 0 0 -0.258492 0.277063 0.925428 1.00557 0.10566 -182.751 -67.563 1177.91 0
617 1
1 13 0 0 0 0 0.285706 -0.19613 0.938033 1.00557 0.10566 -114.66 -71.8091 1172.38 0
618 1
1 -13 0 0 0 0 0.224677 -0.156361 0.961806 1.00557 0.10566 69.6488 -276.903 1177.75 0
619 1
1 -13 0 0 0 0 0.0151775 -0.298713 0.954222 1.00557 0.10566 -171.898 -144.385 1176.63 0
620 1
1 13 0 0 0 0 0.177712 -0.032947 0.983531 1.00557 0.10566 -17.1279 -94.1522 1174.13 0
621 1
1 -13 0 0 0 0 0.341003 0.0949861 0.935251 1.00557 0.10566 112.134 -128.902 1169.99 0
622 1
1 13 0 0 0 0 -0.14178 0.0787996 0.986757 1.00557 0.10566 91.5232 -246.018 1174.45 0
623 1
1 13 0 0 0 0 -0.0625036 -0.00572203 0.998028 1.00557 0.10566 -104.933 -202.94 1175.46 0
624 1
1 13 0 0 0 0 0.285709 -0.171452 0.942855 1.00557 0.10566 93.0141 -249.591 1178.47 0
625 1
1 13 0 0 0 0 0.0697159 -0.226915 0.971416 1.00557 0.10566 -27.2447 -269.576 1174.51 0
626 1
1 13 0 0 0 0 0.137958 -0.134986 0.981196 1.00557 0.10566 -42.144 -259.822 1169.95 0
627 1
1 -13 0 0 0 0 -0.11887 -0.103188 0.987533 1.00557 0.10566 -103.165 -2.66147 1171.02 0
628 1
1 -13 0 0 0 0 -0.183062 0.177805 0.966889 1.00557 0.10566 113.626 -165.937 1172.73 0
629 1
1 -13 0 0 0 0 -0.332788 -0.0058411 0.942984 1.00557 0.10566 98.2551 -201.551 1173.63 0
630 1
1 -13 0 0 0 0 0.238219 -0.157843 0.958299 1.00557 0.10566 -92.7292 -47.605 1171.71 0
631 1
1 13 0 0 0 0 0.329599 0.295627 0.896643 1.00557 0.10566 -88.8309 -252.9 1171.73 0
632 1
1 13 0 0 0 0 -0.245371 0.271667 0.930586 1.00557 0.10566 -102.396 -154.325 1174.81 0
633 1
1 13 0 0 0 0 -0.211438 -0.179663 0.960737 1.00557 0.10566 97.6365 -166.396 1169.95 0
634 1
1 13 0 0 0 0 -0.0165009 -0.0245824 0.999562 1.00557 0.10566 -103.088 -163.327 1172.56 0
635 1
1 -13 0 0 0 0 0.245961 0.344557 0.905971 1.00557 0.10566 57.4046 -180.02 1175.38 0
636 1
1 13 0 0 0 0 -0.183448 -0.0221019 0.982781 1.00557 0.10566 127.337 -136.861 1174.25 0
637 1
1 -13 0 0 0 0 -0.100107 -0.291629 0.951279 1.00557 0.10566 -151.805 -295.115 1175.89 0
638 1
1 13 0 0 0 0 -0.284789 0.0964451 0.953726 1.00557 0.10566 24.8203 -32.6352 1178.98 0
639 1
1 13 0 0 0 0 0.102391 0.281715 0.954019 1.00557 0.10566 -129.501 -258.116 1177.14 0
640 1
1 -13 0 0 0 0 0.140004 -0.0583787 0.988429 1.00557 0.10566 -85.1762 -45.6833 1176.47 0
641 1
1 13 0 0 0 0 -0.00570698 0.232592 0.972558 1.00557 0.10566 152.905 -157.857 1170.73 0
642 1
1 13 0 0 0 0 0.0400098 0.268886 0.962341 1.00557 0.10566 -126.694 -267.432 1170.43 0
643 1
1 13 0 0 0 0 0.194736 0.301107 0.933495 1.00557 0.10566 51.0579 -104.746 1171.85 0
644 1
1 -13 0 0 0 0 0.0393359 0.256463 0.965753 1.00557 0.10566 -16.5347 -39.6787 1176.14 0
645 1
1 -13 0 0 0 0 -0.263157 0.148791 0.95321 1.00557 0.10566 111.442 -173.894 1174.74 0
646 1
1 -13 0 0 0 0 -0.104204 0.387396 0.916005 1.00557 0.10566 -20.4124 -67.5625 1175.27 0
647 1
1 -13 0 0 0 0 -0.141584 0.0155427 0.989804 1.00557 0.10566 95.4681 -169.838 1172.45 0
648 1
1 -13 0 0 0 0 0.248068 -0.184399 0.951031 1.00557 0.10566 -69.6589 -27.8639 1172.24 0
649 1
1 -13 0 0 0 0 0.0577818 -0.00667582 0.998307 1.00557 0.10566 -5.51046 -0.498205 1170.14 0
650 1
1 13 0 0 0 0 -0.274069 -0.17721 0.945242 1.00557 0.10566 -44.5365 -89.7537 1177.69 0
651 1
1 -13 0 0 0 0 -0.140855 -0.216425 0.966085 1.00557 0.10566 -28.6676 -262.997 1174.63 0
652 1
1 13 0 0 0 0 -0.0966634 0.0236992 0.995035 1.00557 0.10566 -33.1755 -236.278 1177.73 0
653 1
1 -13 0 0 0 0 0.267705 -0.183607 0.945845 1.00557 0.10566 -76.0421 -258.621 1174.82 0
654 1
1 -13 0 0 0 0 -0.0843581 0.0963552 0.991766 1.00557 0.10566 42.2951 -31.464 1169.51 0
655 1
1 13 0 0 0 0 -0.189103 0.0207773 0.981737 1.00557 0.10566 88.3724 -187.352 1176.41 0
656 1
1 13 0 0 0 0 -0.116137 0.290567 0.94978 1.00557 0.10566 43.3114 -212.059 1176.39 0
657 1
1 -13 0 0 0 0 0.340165 0.252583 0.905809 1.00557 0.10566 -30.361 -166.996 1171.53 0
658 1
1 13 0 0 0 0 -0.209775 -0.229385 0.950461 1.00557 0.10566 -181.183 -124.429 1170.08 0
659 1
1 -13 0 0 0 0 0.030339 -0.0743052 0.996774 1.00557 0.10566 -11.06 -45.4428 1173.57 0
660 1
1 13 0 0 0 0 0.208596 -0.175995 0.962036 1.00557 0.10566 -80.7272 -37.0699 1170.13 0
661 1
1 13 0 0 0 0 0.165587 0.231161 0.958721 1.00557 0.10566 75.7822 -22.6911 1174.07 0
662 1
1 -13 0 0 0 0 -0.0761756 0.109941 0.991015 1.00557 0.10566 -6.17855 -283.178 1177.54 0
663 1
1 -13 0 0 0 0 0.111639 0.139731 0.983876 1.00557 0.10566 127.958 -8.03972 1170 0
664 1
1 13 0 0 0 0 -0.262024 0.137401 0.95523 1.00557 0.10566 -110.115 -39.6399 1169.07 0
665 1
1 -13 0 0 0 0 0.256969 0.344651 0.902875 1.00557 0.10566 10.631 -20.1651 1169.93 0
666 1
1 -13 0 0 0 0 0.233316 -0.251154 0.939407 1.00557 0.10566 104.883 -246.174 1176.52 0
667 1
1 -13 0 0 0 0 -0.204037 0.0570583 0.977299 1.00557 0.10566 -171.935 -87.9982 1178.61 0
668 1
1 -13 0 0 0 0 -0.0186984 -0.184696 0.982618 1.00557 0.10566 -168.418 -78.3267 1170.45 0
669 1
1 13 0 0 0 0 -0.123812 0.175768 0.976615 1.00557 0.10566 104.977 -18.1681 1176.5 0
670 1
1 -13 0 0 0 0 -0.137077 -0.298446 0.944532 1.00557 0.10566 -34.9905 -245.494 1176.28 0
671 1
1 13 0 0 0 0 -0.261106 -0.089246 0.961176 1.00557 0.10566 86.9593 -61.427 1176.04 0
672 1
1 13 0 0 0 0 -0.0622968 -0.0207642 0.997842 1.00557 0.10566 -115.28 -99.656 1173.98 0
673 1
1 -13 0 0 0 0 0.224638 -0.19399 0.954938 1.00557 0.10566 -197.766 -82.5796 1174.26 0
674 1
1 -13 0 0 0 0 0.174936 -0.010818 0.98452 1.00557 0.10566 92.0293 -82.9342 1174.62 0
675 1
1 -13 0 0 0 0 -0.101039 -0.0200478 0.99468 1.00557 0.10566 -58.9613 -89.3812 1172.88 0
676 1
1 -13 0 0 0 0 0.143856 0.147951 0.978476 1.00557 0.10566 -162.587 -114.332 1177.73 0
677 1
1 -13 0 0 0 0 -0.118495 -0.197787 0.973057 1.00557 0.10566 24.2988 -94.5646 1174.24 0
678 1
1 13 0 0 0 0 -0.0725064 -0.0862263 0.993634 1.00557 0.10566 -105.622 -228.1 1169.93 0
679 1
1 13 0 0 0 0 -0.127983 -0.224884 0.965944 1.00557 0.10566 -134.382 -30.7972 1175.84 0
680 1
1 13 0 0 0 0 -0.0877963 0.279484 0.956128 1.00557 0.10566 100.332 -287.995 1173.25 0
681 1
1 -13 0 0 0 0 -0.352454 -0.205299 0.913033 1.00557 0.10566 -54.3354 -228.449 1178.82 0
682 1
1 13 0 0 0 0 -0.303412 0.223891 0.926182 1.00557 0.10566 -144.662 -262.649 1169.07 0
683 1
1 -13 0 0 0 0 0.0421563 0.0781821 0.996047 1.00557 0.10566 9.08872 -281.03 1172.3 0
684 1
1 -13 0 0 0 0 0.200881 -0.0899667 0.975476 1.00557 0.10566 1.77101 -34.2973 1169.28 0
685 1
1 13 0 0 0 0 0.0663674 -0.207876 0.975901 1.00557 0.10566 80.5142 -297.477 1178.21 0
686 1
1 13 0 0 0 0 0.242576 0.157571 0.95725 1.00557 0.10566 122.369 -30.7421 1171.04 0
687 1
1 -13 0 0 0 0 0.125104 -0.00334567 0.992138 1.00557 0.10566 79.8593 -182.81 1178.8 0
688 1
1 13 0 0 0 0 -0.25183 0.182441 0.950419 1.00557 0.10566 99.5569 -193.355 1172.58 0
689 1
1 -13 0 0 0 0 0.237293 -0.286553 0.928213 1.00557 0.10566 68.2041 -169.818 1171.02 0
690 1
1 -13 0 0 0 0 -0.126164 0.194388 0.972777 1.00557 0.10566 56.232 -178.152 1172.53 0
691 1
1 -13 0 0 0 0 0.254963 0.084568 0.963246 1.00557 0.10566 -35.3909 -39.379 1169.49 0
692 1
1 -13 0 0 0 0 -0.192856 0.308995 0.931305 1.00557 0.10566 -144.039 -32.5401 1174.77 0
693 1
1 -13 0 0 0 0 -0.0102889 0.192952 0.981154 1.00557 0.10566 -175.32 -167.937 1177.07 0
694 1
1 -13 0 0 0 0 -0.229116 0.0587984 0.971622 1.00557 0.10566 5.75724 -4.94569 1169.46 0
695 1
1 13 0 0 0 0 0.0782763 0.243845 0.96665 1.00557 0.10566 -93.9327 -298.988 1175.51 0
696 1
1 -13 0 0 0 0 -0.335084 -0.0259609 0.941831 1.00557 0.10566 39.2702 -83.0788 1177.83 0
697 1
1 13 0 0 0 0 -0.203228 0.246391 0.947623 1.00557 0.10566 -88.8896 -145.379 1176 0
698 1
1 13 0 0 0 0 0.0477166 -0.0489803 0.997659 1.00557 0.10566 62.5527 -22.5818 1171.32 0
699 1
1 13 0 0 0 0 -0.273943 -0.193083 0.942165 1.00557 0.10566 165.432 -26.3804 1175.53 0
700 1
1 -13 0 0 0 0 -0.00277584 -0.163489 0.986541 1.00557 0.10566 79.6566 -261.033 1177.29 0
701 1
1 13 0 0 0 0 0.0495011 0.0800879 0.995558 1.00557 0.10566 -44.91 -224.687 1173.44 0
702 1
1 13 0 0 0 0 -0.258914 0.0693194 0.96341 1.00557 0.10566 -3.83445 -228.799 1174.91 0
703 1
1 13 0 0 0 0 -0.240238 0.229344 0.943232 1.00557 0.10566 93.5421 -154.663 1174.15 0
704 1
1 -13 0 0 0 0 0.175325 -0.0708685 0.981957 1.00557 0.10566 -28.7027 -239.939 1178.83 0
705 1
1 13 0 0 0 0 0.114256 0.250788 0.961276 1.00557 0.10566 -114.698 -84.9642 1169.77 0
706 1
1 -13 0 0 0 0 -0.0139344 0.0629838 0.997917 1.00557 0.10566 73.1925 -67.6227 1176.93 0
707 1
1 -13 0 0 0 0 0.202722 0.189962 0.960634 1.00557 0.10566 -179.101 -82.8741 1177.7 0
708 1
1 -13 0 0 0 0 0.294698 -0.348764 0.889672 1.00557 0.10566 77.3429 -199.405 1169.13 0
709 1
1 13 0 0 0 0 -0.39462 -0.380768 0.836236 1.00557 0.10566 -189.727 -193.162 1176.28 0
710 1
1 -13 0 0 0 0 -0.248023 -0.199677 0.947952 1.00557 0.10566 174.582 -23.0139 1169.77 0
711 1
1 13 0 0 0 0 0.179557 -0.152614 0.971837 1.00557 0.10566 84.1371 -170.175 1174.63 0
712 1
1 13 0 0 0 0 0.33588 0.0819063 0.938337 1.00557 0.10566 -175.096 -257.243 1169.16 0
713 1
1 13 0 0 0 0 -0.0452373 0.288937 0.956279 1.00557 0.10566 -30.1696 -200.783 1177.83 0
714 1
1 -13 0 0 0 0 0.200242 0.0438302 0.978766 1.00557 0.10566 -157.478 -20.0324 1176.77 0
715 1
1 13 0 0 0 0 -0.0569248 0.215136 0.974924 1.00557 0.10566 -188.688 -230.873 1172.38 0
716 1
1 13 0 0 0 0 -0.330151 0.0383139 0.94315 1.00557 0.10566 4.64058 -273.327 1172.93 0
717 1
1 -13 0 0 0 0 -0.0506801 0.169421 0.98424 1.00557 0.10566 -131.22 -126.259 1172.66 0
718 1
1 13 0 0 0 0 0.268961 -0.141185 0.952747 1.00557 0.10566 -52.7774 -127.787 1175.19 0
719 1
1 -13 0 0 0 0 -0.247846 -0.0386961 0.968026 1.00557 0.10566 -174.279 -7.39294 1178.85 0
720 1
1 13 0 0 0 0 0.19994 -0.277743 0.939619 1.00557 0.10566 74.8235 -256.734 1172.57 0
721 1
1 13 0 0 0 0 -0.144468 0.122019 0.981957 1.00557 0.10566 119.429 -191.478 1174.45 0
722 1
1 -13 0 0 0 0 0.273986 0.180306 0.94468 1.00557 0.10566 -67.7919 -71.3415 1171.48 0
723 1
1 13 0 0 0 0 0.00755432 0.22537 0.974244 1.00557 0.10566 139.77 -280.31 1178.25 0
724 1
1 -13 0 0 0 0 -0.0108997 -0.227973 0.973606 1.00557 0.10566 -11.5773 -169.636 1174.21 0
725 1
1 13 0 0 0 0 -0.0379851 -0.406347 0.912929 1.00557 0.10566 84.4865 -232.621 1172.74 0
726 1
1 -13 0 0 0 0 -0.181853 0.244614 0.952414 1.00557 0.10566 135.565 -254.379 1174.5 0
727 1
1 13 0 0 0 0 -0.225346 0.177304 0.95801 1.00557 0.10566 80.4941 -73.5933 1172.61 0
728 1
1 13 0 0 0 0 -0.173344 -0.198012 0.96475 1.00557 0.10566 158.251 -69.0747 1176.54 0
729 1
1 -13 0 0 0 0 -0.040956 0.205983 0.977698 1.00557 0.10566 -90.7194 -288.965 1177.06 0
730 1
1 -13 0 0 0 0 -0.0991621 0.00186907 0.99507 1.00557 0.10566 -159.601 -184.681 1170.96 0
731 1
1 -13 0 0 0 0 0.00253869 -0.162813 0.986654 1.00557 0.10566 -179.888 -223.037 1173.78 0
732 1
1 13 0 0 0 0 -0.19122 -0.0701496 0.979037 1.00557 0.10566 178.795 -129.312 1174.01 0
733 1
1 13 0 0 0 0 -0.0447463 -0.241532 0.969361 1.00557 0.10566 -184.17 -179.341 1171.5 0
734 1
1 13 0 0 0 0 0.106838 -0.191094 0.97574 1.00557 0.10566 59.4205 -82.0369 1169 0
735 1
1 13 0 0 0 0 0.239111 -0.200492 0.950068 1.00557 0.10566 -8.80223 -286.624 1177 0
736 1
1 -13 0 0 0 0 -0.190361 -0.0821522 0.978271 1.00557 0.10566 141.335 -151.614 1177.1 0
737 1
1 -13 0 0 0 0 0.0499379 0.324505 0.944565 1.00557 0.10566 81.1551 -143.76 1170.86 0
738 1
1 -13 0 0 0 0 0.248679 0.213744 0.944707 1.00557 0.10566 -28.2571 -67.2457 1169.3 0
739 1
1 13 0 0 0 0 0.175793 -0.196333 0.96465 1.00557 0.10566 -38.3098 -272.864 1175.24 0
740 1
1 -13 0 0 0 0 0.0216161 0.139973 0.989919 1.00557 0.10566 57.0764 -169.328 1169.6 0
741 1
1 -13 0 0 0 0 0.11661 0.192113 0.97442 1.00557 0.10566 -136.483 -156.296 1170.79 0
742 1
1 -13 0 0 0 0 -0.3645 -0.0530292 0.929692 1.00557 0.10566 180.701 -296.16 1178.48 0
743 1
1 13 0 0 0 0 -0.389359 0.14341 0.909853 1.00557 0.10566 -57.4257 -232.15 1170.16 0
744 1
1 -13 0 0 0 0 -0.210623 0.00974705 0.977519 1.00557 0.10566 129.944 -9.56536 1171.42 0
745 1
1 13 0 0 0 0 0.365252 0.0430204 0.929914 1.00557 0.10566 8.54064 -243.531 1170.52 0
746 1
1 -13 0 0 0 0 0.0646359 0.263521 0.962486 1.00557 0.10566 83.9768 -232.757 1175.41 0
747 1
1 13 0 0 0 0 0.0998046 0.00594793 0.994989 1.00557 0.10566 -74.2448 -214.296 1173.35 0
748 1
1 -13 0 0 0 0 -0.253068 0.179942 0.950567 1.00557 0.10566 44.6064 -213.854 1178.2 0
749 1
1 13 0 0 0 0 -0.339284 0.298882 0.891939 1.00557 0.10566 -70.05 -120.092 1174.73 0
750 1
1 -13 0 0 0 0 0.0232612 0.129269 0.991337 1.00557 0.10566 -98.2916 -273.457 1170.22 0
751 1
1 13 0 0 0 0 -0.274469 -0.247161 0.929289 1.00557 0.10566 -62.8511 -137.979 1173.84 0
752 1
1 13 0 0 0 0 -0.334619 0.274666 0.901437 1.00557 0.10566 8.39523 -265.814 1175.45 0
753 1
1 -13 0 0 0 0 -0.161097 -0.11814 0.979842 1.00557 0.10566 -121.699 -135.788 1177.9 0
754 1
1 -13 0 0 0 0 0.136263 -0.338373 0.931094 1.00557 0.10566 177.408 -39.625 1172.9 0
755 1
1 -13 0 0 0 0 -0.114319 0.240291 0.963946 1.00557 0.10566 -155.102 -139.837 1172.43 0
756 1
1 13 0 0 0 0 -0.372653 0.103619 0.922167 1.00557 0.10566 -9.12887 -70.3493 1172.78 0
757 1
1 -13 0 0 0 0 0.152624 -0.0163441 0.988149 1.00557 0.10566 -83.2217 -18.418 1177.8 0
758 1
1 -13 0 0 0 0 0.148202 0.00506938 0.988944 1.00557 0.10566 170.433 -12.9966 1176.42 0
759 1
1 13 0 0 0 0 0.00212364 0.270612 0.962686 1.00557 0.10566 -28.2411 -214.359 1177.43 0
760 1
1 -13 0 0 0 0 -0.117507 0.0723391 0.990434 1.00557 0.10566 -98.9495 -203.683 1170.11 0
761 1
1 -13 0 0 0 0 0.170254 -0.193255 0.966264 1.00557 0.10566 -114.052 -67.2466 1177.04 0
762 1
1 13 0 0 0 0 0.0495309 0.104456 0.993295 1.00557 0.10566 -8.91341 -76.6761 1178.52 0
763 1
1 13 0 0 0 0 -0.112525 0.0339508 0.993069 1.00557 0.10566 79.1646 -90.835 1178.15 0
764 1
1 -13 0 0 0 0 0.0455579 -0.0815484 0.995628 1.00557 0.10566 155.368 -51.1545 1174.42 0
765 1
1 13 0 0 0 0 0.212557 -0.0809176 0.973792 1.00557 0.10566 41.0911 -287.579 1177.39 0
766 1
1 13 0 0 0 0 -0.0814272 -0.262251 0.961558 1.00557 0.10566 -145.237 -263.66 1174.12 0
767 1
1 -13 0 0 0 0 0.188558 -0.141481 0.971817 1.00557 0.10566 141.334 -290.884 1170.28 0
768 1
1 -13 0 0 0 0 -0.285898 0.0906802 0.95396 1.00557 0.10566 65.6716 -63.7911 1169.25 0
769 1
1 13 0 0 0 0 0.203825 -0.203993 0.957519 1.00557 0.10566 175.231 -14.0877 1175.53 0
770 1
1 13 0 0 0 0 -0.0274009 0.158642 0.986956 1.00557 0.10566 -11.5572 -142.043 1169.51 0
771 1
1 -13 0 0 0 0 0.232215 0.169277 0.957821 1.00557 0.10566 -111.279 -226.598 1173.37 0
772 1
1 13 0 0 0 0 -0.226011 0.111103 0.967768 1.00557 0.10566 -33.6521 -230.515 1178.6 0
773 1
1 -13 0 0 0 0 -0.148249 0.0947498 0.984401 1.00557 0.10566 67.0298 -273.169 1177.57 0
774 1
1 -13 0 0 0 0 0.0482156 -0.194882 0.979641 1.00557 0.10566 -69.5744 -111.473 1177.62 0
775 1
1 13 0 0 0 0 0.160381 0.183709 0.969809 1.00557 0.10566 184.1 -68.3055 1174.7 0
776 1
1 13 0 0 0 0 -0.251388 0.28676 0.924431 1.00557 0.10566 -180.544 -210.675 1178.82 0
777 1
1 -13 0 0 0 0 0.145412 0.10624 0.983651 1.00557 0.10566 168.73 -133.338 1170.71 0
778 1
1 13 0 0 0 0 0.215926 -0.19687 0.956357 1.00557 0.10566 -49.4739 -245.325 1171.75 0
779 1
1 13 0 0 0 0 0.278141 -0.140598 0.950195 1.00557 0.10566 -20.2383 -18.585 1178.37 0
780 1
1 13 0 0 0 0 0.121894 0.0207733 0.992326 1.00557 0.10566 -18.2476 -108.616 1173.07 0
781 1
1 13 0 0 0 0 -0.248364 0.256043 0.934215 1.00557 0.10566 3.50956 -255.514 1175.52 0
782 1
1 -13 0 0 0 0 -0.024096 0.00334891 0.999704 1.00557 0.10566 -87.7294 -129.421 1171.77 0
783 1
1 -13 0 0 0 0 -0.106542 -0.163639 0.98075 1.00557 0.10566 132.096 -70.9754 1172.01 0
784 1
1 -13 0 0 0 0 0.0908188 -0.134939 0.986683 1.00557 0.10566 -136.867 -291.773 1169.51 0
785 1
1 13 0 0 0 0 0.219866 -0.0620219 0.973556 1.00557 0.10566 -181.557 -280.415 1170.35 0
786 1
1 13 0 0 0 0 0.128375 -0.295323 0.946733 1.00557 0.10566 31.1013 -130.676 1171.14 0
787 1
1 -13 0 0 0 0 -0.254502 0.05945 0.965243 1.00557 0.10566 -8.74832 -101.129 1170.43 0
788 1
1 -13 0 0 0 0 -0.00849845 -0.0352398 0.999343 1.00557 0.10566 -37.7319 -248.962 1175.54 0
789 1
1 -13 0 0 0 0 0.12271 -0.167749 0.978163 1.00557 0.10566 165.352 -107.393 1172.85 0
790 1
1 -13 0 0 0 0 0.0978616 -0.121841 0.987714 1.00557 0.10566 193.802 -254.843 1178.63 0
791 1
1 13 0 0 0 0 -0.111925 -0.144847 0.983103 1.00557 0.10566 -11.6873 -175.406 1171.94 0
792 1
1 13 0 0 0 0 0.35052 0.223753 0.909434 1.00557 0.10566 -24.2781 -207.721 1177.34 0
793 1
1 13 0 0 0 0 -0.155728 0.0191094 0.987615 1.00557 0.10566 -184.034 -9.93573 1176.59 0
794 1
1 13 0 0 0 0 0.171383 -0.222379 0.959779 1.00557 0.10566 -154.502 -156.325 1172.56 0
795 1
1 13 0 0 0 0 -0.0206593 0.160389 0.986838 1.00557 0.10566 128.409 -6.97242 1174.52 0
796 1
1 13 0 0 0 0 -0.00581287 -0.153155 0.988185 1.00557 0.10566 -17.987 -174.508 1175.96 0
797 1
1 -13 0 0 0 0 0.212329 0.293345 0.932129 1.00557 0.10566 154.704 -2.6955 1169.61 0
798 1
1 -13 0 0 0 0 0.383456 0.399267 0.832795 1.00557 0.10566 4.98367 -55.997 1176.33 0
799 1
1 13 0 0 0 0 -0.0220677 -0.0723359 0.997136 1.00557 0.10566 -185.383 -32.7891 1174.94 0
800 1
1 -13 0 0 0 0 -0.0185499 0.0181025 0.999664 1.00557 0.10566 150.582 -24.1418 1172.96 0
801 1
1 13 0 0 0 0 0.153171 0.180211 0.971629 1.00557 0.10566 85.3022 -36.3192 1169.31 0
802 1
1 13 0 0 0 0 0.161039 -0.201134 0.966236 1.00557 0.10566 192.976 -62.0497 1178.72 0
803 1
1 -13 0 0 0 0 -0.223569 -0.192912 0.955406 1.00557 0.10566 36.3404 -32.638 1174.32 0
804 1
1 13 0 0 0 0 0.163313 0.0126733 0.986493 1.00557 0.10566 96.0383 -291.063 1170.19 0
805 1
1 13 0 0 0 0 -0.371482 -0.00453848 0.928429 1.00557 0.10566 116.038 -4.29995 1173.74 0
806 1
1 -13 0 0 0 0 -0.0288098 -0.00015472 0.999585 1.00557 0.10566 92.3433 -296.144 1173.3 0
807 1
1 13 0 0 0 0 0.223689 0.275704 0.934853 1.00557 0.10566 -132.443 -264.655 1176.94 0
808 1
1 13 0 0 0 0 -0.091429 -0.192933 0.976943 1.00557 0.10566 105.864 -161.206 1174.52 0
809 1
1 13 0 0 0 0 0.251912 0.230678 0.939855 1.00557 0.10566 -179.568 -187.313 1172.2 0
810 1
1 -13 0 0 0 0 0.258401 0.246697 0.934007 1.00557 0.10566 170.81 -124.267 1178.93 0
811 1
1 13 0 0 0 0 -0.0957122 -0.0287757 0.994993 1.00557 0.10566 -133.485 -25.4413 1177.16 0
812 1
1 -13 0 0 0 0 -0.301075 -0.238759 0.923227 1.00557 0.10566 129.362 -297.74 1174.66 0
813 1
1 -13 0 0 0 0 0.317439 0.0913934 0.943864 1.00557 0.10566 -120.634 -95.8302 1174.05 0
814 1
1 13 0 0 0 0 0.320007 0.12317 0.939375 1.00557 0.10566 136.906 -220.567 1171.58 0
815 1
1 -13 0 0 0 0 0.217026 -0.076415 0.97317 1.00557 0.10566 38.0038 -288.97 1176.62 0
816 1
1 -13 0 0 0 0 -7.83473e-05 -0.133304 0.991075 1.00557 0.10566 152.617 -266.423 1172.11 0
817 1
1 13 0 0 0 0 -0.0509869 -0.160897 0.985653 1.00557 0.10566 142.052 -54.0859 1174.81 0
818 1
1 -13 0 0 0 0 0.350716 0.120029 0.928758 1.00557 0.10566 12.6157 -139.984 1171.24 0
819 1
1 -13 0 0 0 0 -0.204183 0.00491434 0.97892 1.00557 0.10566 19.1804 -111.999 1174.34 0
820 1
1 13 0 0 0 0 -0.168561 -0.260371 0.950681 1.00557 0.10566 -165.595 -43.9428 1175.83 0
821 1
1 -13 0 0 0 0 -0.370089 0.162734 0.914632 1.00557 0.10566 176.059 -39.7176 1175.49 0
822 1
1 -13 0 0 0 0 0.234362 0.198222 0.951726 1.00557 0.10566 58.1688 -266.552 1176.08 0
823 1
1 -13 0 0 0 0 -0.18682 -0.295819 0.936797 1.00557 0.10566 190.596 -50.5152 1175.11 0
824 1
1 -13 0 0 0 0 -0.101798 0.137862 0.985206 1.00557 0.10566 100.351 -187.275 1177.09 0
825 1
1 13 0 0 0 0 -0.0667136 -0.235856 0.969495 1.00557 0.10566 -162.572 -61.8167 1169.41 0
826 1
1 -13 0 0 0 0 -0.207317 -0.204592 0.956641 1.00557 0.10566 -2.43497 -298.494 1171 0
827 1
1 13 0 0 0 0 0.294915 -0.314481 0.90229 1.00557 0.10566 174.692 -161.271 1175.82 0
828 1
1 -13 0 0 0 0 0.209968 -0.222934 0.951953 1.00557 0.10566 141.42 -47.4759 1174.61 0
829 1
1 -13 0 0 0 0 -0.157078 -0.0407499 0.986745 1.00557 0.10566 89.7883 -126.294 1170.6 0
830 1
1 -13 0 0 0 0 0.404292 0.0346033 0.913975 1.00557 0.10566 111.04 -259.998 1175.71 0
831 1
1 -13 0 0 0 0 -0.114626 0.298627 0.947461 1.00557 0.10566 16.0784 -17.5602 1173.04 0
832 1
1 13 0 0 0 0 -0.286052 -0.291935 0.91266 1.00557 0.10566 -14.0891 -115.322 1175.89 0
833 1
1 -13 0 0 0 0 -0.127369 0.142723 0.981533 1.00557 0.10566 133.763 -76.623 1175.88 0
834 1
1 -13 0 0 0 0 -0.126294 -0.293999 0.947425 1.00557 0.10566 -48.6908 -126.397 1174.19 0
835 1
1 -13 0 0 0 0 0.0082868 -0.119609 0.992786 1.00557 0.10566 -181.12 -148.977 1177.63 0
836 1
1 13 0 0 0 0 -0.158442 -0.0130496 0.987282 1.00557 0.10566 55.2821 -33.4743 1171.3 0
837 1
1 13 0 0 0 0 0.112247 -0.118319 0.986611 1.00557 0.10566 -72.9218 -53.2832 1169.72 0
838 1
1 -13 0 0 0 0 0.127352 -0.166879 0.977718 1.00557 0.10566 28.3153 -65.6492 1171.01 0
839 1
1 13 0 0 0 0 0.293949 -0.346992 0.890612 1.00557 0.10566 -158.165 -90.0812 1173.55 0
840 1
1 -13 0 0 0 0 -0.192686 0.048265 0.980073 1.00557 0.10566 -89.5018 -8.46077 1171.99 0
841 1
1 -13 0 0 0 0 -0.13399 -0.196775 0.97125 1.00557 0.10566 -79.527 -40.1582 1173.56 0
842 1
1 13 0 0 0 0 -0.197812 -0.304084 0.931881 1.00557 0.10566 -89.2058 -252.841 1177.6 0
843 1
1 13 0 0 0 0 -0.182451 -0.0849036 0.979542 1.00557 0.10566 94.8694 -132.455 1169.1 0
844 1
1 -13 0 0 0 0 0.0973015 -0.279384 0.955237 1.00557 0.10566 37.8804 -296.576 1173.93 0
845 1
1 13 0 0 0 0 0.189518 -0.00231659 0.981874 1.00557 0.10566 11.5231 -265.793 1169.69 0
846 1
1 13 0 0 0 0 -0.113477 0.185068 0.976152 1.00557 0.10566 -19.9262 -160.473 1177.91 0
847 1
1 -13 0 0 0 0 0.16719 0.287835 0.942973 1.00557 0.10566 -72.164 -228.413 1176.82 0
848 1
1 -13 0 0 0 0 -0.238589 0.0924111 0.966714 1.00557 0.10566 139.713 -176.413 1171.52 0
849 1
1 13 0 0 0 0 0.208272 0.256632 0.943802 1.00557 0.10566 29.6718 -213.048 1170.54 0
850 1
1 13 0 0 0 0 -0.217784 0.120199 0.968567 1.00557 0.10566 63.4367 -229.876 1171.24 0
851 1
1 -13 0 0 0 0 0.0540172 0.23782 0.969806 1.00557 0.10566 73.0956 -229.002 1173.32 0
852 1
1 -13 0 0 0 0 -0.317027 -0.183714 0.930453 1.00557 0.10566 30.9007 -52.4644 1173.55 0
853 1
1 -13 0 0 0 0 0.351128 0.0558196 0.934662 1.00557 0.10566 -59.185 -211.339 1175.02 0
854 1
1 13 0 0 0 0 0.0434423 0.0620064 0.99713 1.00557 0.10566 190.85 -192.075 1169.26 0
855 1
1 -13 0 0 0 0 -0.302309 -0.067025 0.95085 1.00557 0.10566 194.295 -183.631 1172.86 0
856 1
1 13 0 0 0 0 0.215699 0.030448 0.975985 1.00557 0.10566 17.0757 -23.0441 1171.43 0
857 1
1 -13 0 0 0 0 -0.261399 -0.0872713 0.961278 1.00557 0.10566 81.4793 -79.3222 1176.7 0
858 1
1 13 0 0 0 0 -0.314695 -0.330273 0.88988 1.00557 0.10566 -6.18823 -178.402 1174.5 0
859 1
1 -13 0 0 0 0 0.0780125 -0.183333 0.97995 1.00557 0.10566 -0.23788 -255.872 1176.54 0
860 1
1 13 0 0 0 0 -0.206 -0.110517 0.972291 1.00557 0.10566 -128.343 -267.12 1170.13 0
861 1
1 -13 0 0 0 0 0.212926 -0.100288 0.971908 1.00557 0.10566 -6.68336 -135.932 1177.44 0
862 1
1 13 0 0 0 0 -0.260122 -0.243977 0.934244 1.00557 0.10566 75.6767 -14.226 1176 0
863 1
1 -13 0 0 0 0 0.088288 -0.326684 0.941001 1.00557 0.10566 -120.676 -66.5632 1176.7 0
864 1
1 13 0 0 0 0 0.0605349 0.349907 0.934827 1.00557 0.10566 -99.3358 -120.133 1176.29 0
865 1
1 13 0 0 0 0 0.100557 0.252628 0.962324 1.00557 0.10566 -8.52635 -177.507 1178.35 0
866 1
1 13 0 0 0 0 -0.316563 -0.15306 0.936141 1.00557 0.10566 -163.149 -32.2739 1172.72 0
867 1
1 -13 0 0 0 0 0.0131313 0.245922 0.969201 1.00557 0.10566 90.0982 -87.8344 1178.89 0
868 1
1 13 0 0 0 0 -0.00588974 0.147391 0.989061 1.00557 0.10566 17.6588 -83.888 1177.15 0
869 1
1 -13 0 0 0 0 -0.28177 0.146453 0.948239 1.00557 0.10566 13.3346 -205.37 1169.6 0
870 1
1 -13 0 0 0 0 -0.134207 -0.262231 0.955627 1.00557 0.10566 -95.9108 -122.473 1178.88 0
871 1
1 -13 0 0 0 0 -0.299298 -0.163911 0.939976 1.00557 0.10566 -40.2499 -119.313 1172.48 0
872 1
1 13 0 0 0 0 -0.239147 -0.291877 0.926076 1.00557 0.10566 -134.317 -142.734 1169.35 0
873 1
1 -13 0 0 0 0 -0.0353766 0.105816 0.993756 1.00557 0.10566 93.2085 -224.62 1178.33 0
874 1
1 13 0 0 0 0 -0.158903 -0.158574 0.974476 1.00557 0.10566 -1.39093 -200.257 1176.6 0
875 1
1 13 0 0 0 0 -0.00933819 0.358402 0.933521 1.00557 0.10566 -191.348 -219.601 1178.81 0
876 1
1 -13 0 0 0 0 0.253202 -0.278601 0.926429 1.00557 0.10566 112.627 -153.004 1172.99 0
877 1
1 13 0 0 0 0 0.215932 0.167715 0.961897 1.00557 0.10566 179.052 -2.98404 1175.58 0
878 1
1 13 0 0 0 0 0.0940214 -0.0640337 0.993509 1.00557 0.10566 18.5302 -220.367 1175.38 0
879 1
1 13 0 0 0 0 -0.118958 -0.34481 0.931104 1.00557 0.10566 -141.43 -26.959 1177.76 0
880 1
1 -13 0 0 0 0 0.144756 0.134402 0.980297 1.00557 0.10566 73.181 -76.9815 1173.6 0
881 1
1 13 0 0 0 0 0.181088 -0.213862 0.959932 1.00557 0.10566 52.8076 -78.9818 1171.42 0
882 1
1 -13 0 0 0 0 0.0118212 -0.219353 0.975574 1.00557 0.10566 -195.828 -204.425 1174 0
883 1
1 13 0 0 0 0 -0.223304 -0.069551 0.972264 1.00557 0.10566 -195.407 -6.22063 1170.88 0
884 1
1 13 0 0 0 0 -0.151457 -0.0171509 0.988315 1.00557 0.10566 159.606 -117.666 1171.47 0
885 1
1 -13 0 0 0 0 -0.0772805 -0.11456 0.990406 1.00557 0.10566 148.687 -141.177 1170.29 0
886 1
1 -13 0 0 0 0 -0.0966733 -0.222234 0.970189 1.00557 0.10566 -135.834 -46.8664 1174.66 0
887 1
1 13 0 0 0 0 0.207553 -0.290047 0.934235 1.00557 0.10566 62.1704 -117.501 1174.78 0
888 1
1 13 0 0 0 0 0.158928 0.0648877 0.985156 1.00557 0.10566 -55.3877 -230.554 1172.57 0
889 1
1 -13 0 0 0 0 -0.151249 0.119033 0.981303 1.00557 0.10566 129.343 -72.6656 1177.01 0
890 1
1 -13 0 0 0 0 0.357447 0.031772 0.933393 1.00557 0.10566 -169.005 -18.4474 1173.19 0
891 1
1 -13 0 0 0 0 0.163981 -0.215194 0.962706 1.00557 0.10566 -14.7719 -161.898 1169.21 0
892 1
1 -13 0 0 0 0 -0.186237 0.35161 0.917434 1.00557 0.10566 169.533 -129.404 1172.02 0
893 1
1 -13 0 0 0 0 0.147118 0.0135556 0.989026 1.00557 0.10566 -53.7687 -53.5252 1177.22 0
894 1
1 -13 0 0 0 0 -0.27953 -0.00932517 0.960092 1.00557 0.10566 -117.174 -235.106 1169.27 0
895 1
1 -13 0 0 0 0 0.167362 0.206379 0.964053 1.00557 0.10566 133.896 -287.428 1170.49 0
896 1
1 13 0 0 0 0 -0.198313 0.237169 0.951011 1.00557 0.10566 16.8015 -204.428 1175.47 0
897 1
1 13 0 0 0 0 0.00195058 -0.245729 0.969337 1.00557 0.10566 0.884625 -35.6254 1173.53 0
898 1
1 13 0 0 0 0 -0.0762338 -0.240169 0.967733 1.00557 0.10566 16.3774 -51.9546 1178.43 0
899 1
1 -13 0 0 0 0 0.325949 0.266042 0.907182 1.00557 0.10566 -170.75 -48.4884 1178.5 0
900 1
1 -13 0 0 0 0 0.203729 0.0986505 0.974044 1.00557 0.10566 145.185 -179.07 1174.12 0
901 1
1 -13 0 0 0 0 0.17858 -0.203079 0.96274 1.00557 0.10566 -120.335 -112.452 1170.71 0
902 1
1 13 0 0 0 0 -0.115626 0.228383 0.966681 1.00557 0.10566 152.872 -290 1178.06 0
903 1
1 -13 0 0 0 0 0.208914 0.195254 0.958244 1.00557 0.10566 35.1262 -209.787 1176.38 0
904 1
1 -13 0 0 0 0 0.0383802 0.22043 0.974648 1.00557 0.10566 18.0303 -144.096 1172.85 0
905 1
1 -13 0 0 0 0 -0.00694742 -0.265359 0.964125 1.00557 0.10566 192.555 -76.3418 1172.33 0
906 1
1 13 0 0 0 0 0.193917 -0.404307 0.89383 1.00557 0.10566 -144.816 -288.389 1169.38 0
907 1
1 13 0 0 0 0 -0.0710702 -0.0853429 0.993814 1.00557 0.10566 -136.122 -110.392 1177.25 0
908 1
1 13 0 0 0 0 -0.347162 -0.0304284 0.937311 1.00557 0.10566 -53.3863 -155.893 1169.98 0
909 1
1 13 0 0 0 0 -0.0193824 0.110134 0.993728 1.00557 0.10566 -61.0149 -110.343 1172.43 0
910 1
1 13 0 0 0 0 -0.309297 -0.185845 0.932629 1.00557 0.10566 140.751 -36.4852 1174.77 0
911 1
1 -13 0 0 0 0 0.192675 -0.102592 0.975885 1.00557 0.10566 -107.224 -107.016 1169.5 0
912 1
1 13 0 0 0 0 -0.042796 0.267639 0.962568 1.00557 0.10566 125.434 -248.64 1171.11 0
913 1
1 13 0 0 0 0 -0.297101 -0.193004 0.935137 1.00557 0.10566 -42.8883 -80.5437 1173.98 0
914 1
1 -13 0 0 0 0 0.10401 -0.0528607 0.993171 1.00557 0.10566 -22.954 -111.086 1173.02 0
915 1
1 13 0 0 0 0 -0.122764 0.207671 0.970465 1.00557 0.10566 91.1952 -45.3445 1176.49 0
916 1
1 -13 0 0 0 0 -0.227928 -0.052714 0.97225 1.00557 0.10566 16.1737 -210.714 1178.35 0
917 1
1 13 0 0 0 0 0.0832521 -0.0714485 0.993964 1.00557 0.10566 24.7118 -13.75 1171.53 0
918 1
1 -13 0 0 0 0 0.115306 0.104149 0.987855 1.00557 0.10566 168.195 -172.238 1173.47 0
919 1
1 -13 0 0 0 0 0.21093 -0.187785 0.959294 1.00557 0.10566 24.1867 -113.695 1178.26 0
920 1
1 -13 0 0 0 0 0.0428135 0.0782248 0.996016 1.00557 0.10566 24.8119 -70.7782 1174.33 0
921 1
1 13 0 0 0 0 0.320767 0.352599 0.87908 1.00557 0.10566 -148.976 -260.219 1172.76 0
922 1
1 13 0 0 0 0 -0.0742363 0.101401 0.992072 1.00557 0.10566 14.1395 -222.047 1173.97 0
923 1
1 -13 0 0 0 0 -0.407626 -0.190424 0.893073 1.00557 0.10566 88.9492 -149.398 1175.31 0
924 1
1 13 0 0 0 0 0.372736 0.238025 0.89689 1.00557 0.10566 136.797 -234.755 1173.08 0
925 1
1 13 0 0 0 0 -0.0725886 0.0568544 0.99574 1.00557 0.10566 96.1041 -116.563 1175.42 0
926 1
1 -13 0 0 0 0 0.200058 -0.185761 0.962013 1.00557 0.10566 111.232 -90.9806 1174.43 0
927 1
1 -13 0 0 0 0 0.0608935 0.290433 0.954956 1.00557 0.10566 -65.7828 -206.111 1177.84 0
928 1
1 13 0 0 0 0 -0.202423 -0.143534 0.968722 1.00557 0.10566 -35.715 -56.2217 1178.92 0
929 1
1 13 0 0 0 0 -0.294674 -0.280358 0.913546 1.00557 0.10566 -2.44442 -233.597 1170.64 0
930 1
1 13 0 0 0 0 0.278223 -0.279443 0.918969 1.00557 0.10566 167.384 -232.658 1177.44 0
931 1
1 13 0 0 0 0 0.287981 -0.0183174 0.957461 1.00557 0.10566 -18.653 -222.328 1178.94 0
932 1
1 13 0 0 0 0 0.0127735 0.203824 0.978924 1.00557 0.10566 12.38 -270.615 1169.81 0
933 1
1 -13 0 0 0 0 -0.125516 0.0718576 0.989486 1.00557 0.10566 -173.877 -197.13 1177.47 0
934 1
1 13 0 0 0 0 -0.223395 0.0554118 0.973152 1.00557 0.10566 -27.9564 -191.762 1169.41 0
935 1
1 13 0 0 0 0 0.130587 0.0512861 0.99011 1.00557 0.10566 168.321 -283.266 1172.52 0
936 1
1 13 0 0 0 0 0.0252713 0.239763 0.970502 1.00557 0.10566 139.613 -231.717 1176.59 0
937 1
1 13 0 0 0 0 -0.0245043 -0.233092 0.972146 1.00557 0.10566 -30.9081 -106.777 1175.56 0
938 1
1 -13 0 0 0 0 -0.072738 -0.256398 0.96383 1.00557 0.10566 77.2875 -59.3553 1171.09 0
939 1
1 -13 0 0 0 0 0.247311 -0.245119 0.937419 1.00557 0.10566 -45.713 -124.662 1178.99 0
940 1
1 13 0 0 0 0 0.0139682 0.141941 0.989777 1.00557 0.10566 -55.5545 -36.4535 1171.63 0
941 1
1 -13 0 0 0 0 -0.0652472 0.0215442 0.997637 1.00557 0.10566 -32.5581 -16.4086 1174.62 0
942 1
1 13 0 0 0 0 0.253066 -0.151265 0.95555 1.00557 0.10566 -45.9021 -172.934 1177.89 0
943 1
1 -13 0 0 0 0 -0.0816907 0.254482 0.963621 1.00557 0.10566 -197.46 -32.2498 1173.89 0
944 1
1 13 0 0 0 0 -0.19751 0.259139 0.94543 1.00557 0.10566 -95.7779 -220.427 1169.6 0
945 1
1 13 0 0 0 0 0.254506 -0.151683 0.955102 1.00557 0.10566 -43.4169 -127.489 1178.47 0
946 1
1 13 0 0 0 0 -0.292491 -0.227428 0.92883 1.00557 0.10566 170.77 -213.437 1171.72 0
947 1
1 13 0 0 0 0 0.364691 -0.182946 0.912979 1.00557 0.10566 20.1258 -200.583 1175.4 0
948 1
1 13 0 0 0 0 -0.259746 -0.289121 0.92138 1.00557 0.10566 -106.751 -191.411 1172.02 0
949 1
1 -13 0 0 0 0 -0.214346 -0.070223 0.97423 1.00557 0.10566 85.154 -0.713527 1178.15 0
950 1
1 13 0 0 0 0 0.0848856 -0.333765 0.938827 1.00557 0.10566 -0.577986 -173.479 1170.94 0
951 1
1 -13 0 0 0 0 0.254559 0.279658 0.925738 1.00557 0.10566 -160.464 -27.8854 1175.81 0
952 1
1 -13 0 0 0 0 0.221723 0.043305 0.974148 1.00557 0.10566 187.867 -163.168 1172.84 0
953 1
1 -13 0 0 0 0 0.196624 0.204808 0.95885 1.00557 0.10566 56.698 -117.843 1171.95 0
954 1
1 -13 0 0 0 0 0.134041 -0.248571 0.959294 1.00557 0.10566 60.427 -195.243 1171 0
955 1
1 13 0 0 0 0 0.304423 -0.14429 0.941545 1.00557 0.10566 70.2852 -19.2974 1171.32 0
956 1
1 -13 0 0 0 0 -0.0855561 0.315941 0.944913 1.00557 0.10566 -110.156 -160.406 1175.9 0
957 1
1 13 0 0 0 0 0.225611 0.141509 0.963885 1.00557 0.10566 -57.4135 -48.9412 1173.71 0
958 1
1 13 0 0 0 0 -0.158327 0.167844 0.973016 1.00557 0.10566 -17.0055 -101.345 1176.86 0
959 1
1 -13 0 0 0 0 0.166224 0.197731 0.96606 1.00557 0.10566 -44.1842 -215.955 1169.53 0
960 1
1 13 0 0 0 0 -0.242686 0.253679 0.93635 1.00557 0.10566 93.1428 -134.191 1173.3 0
961 1
1 13 0 0 0 0 -0.0626814 0.145011 0.987443 1.00557 0.10566 -130.774 -112.032 1170.17 0
962 1
1 -13 0 0 0 0 0.0308426 0.094116 0.995083 1.00557 0.10566 60.711 -278.953 1169.29 0
963 1
1 13 0 0 0 0 0.223087 -0.0364873 0.974115 1.00557 0.10566 -128.848 -211.976 1171.09 0
964 1
1 13 0 0 0 0 -0.136745 -0.130079 0.982029 1.00557 0.10566 -21.14 -215.594 1175.64 0
965 1
1 13 0 0 0 0 -0.374195 0.0594889 0.92544 1.00557 0.10566 142.659 -278.606 1172.5 0
966 1
1 -13 0 0 0 0 -0.161875 -0.186027 0.969118 1.00557 0.10566 135.5 -201.724 1171.69 0
967 1
1 13 0 0 0 0 0.046527 0.131377 0.99024 1.00557 0.10566 -59.7694 -175.539 1171.14 0
968 1
1 -13 0 0 0 0 -0.140536 -0.24872 0.958326 1.00557 0.10566 -136.276 -57.9867 1169.62 0
969 1
1 13 0 0 0 0 0.0831418 0.21271 0.973572 1.00557 0.10566 -151.238 -37.1692 1176.86 0
970 1
1 -13 0 0 0 0 -0.248251 0.143559 0.957999 1.00557 0.10566 89.3534 -204.914 1169.82 0
971 1
1 -13 0 0 0 0 0.00307657 0.194024 0.980992 1.00557 0.10566 123.612 -46.4398 1176.23 0
972 1
1 13 0 0 0 0 0.208596 -0.152322 0.966067 1.00557 0.10566 161.905 -244.976 1173.62 0
973 1
1 13 0 0 0 0 0.136704 -0.282339 0.949524 1.00557 0.10566 16.4083 -24.1605 1177.32 0
974 1
1 13 0 0 0 0 -0.195966 -0.147677 0.969427 1.00557 0.10566 -89.6736 -145.69 1177.28 0
975 1
1 13 0 0 0 0 -0.136764 0.171741 0.975603 1.00557 0.10566 124.198 -27.4518 1174.26 0
976 1
1 -13 0 0 0 0 0.232705 0.140934 0.962282 1.00557 0.10566 88.3059 -15.4186 1174.47 0
977 1
1 13 0 0 0 0 0.190479 -0.140214 0.971626 1.00557 0.10566 18.676 -29.9688 1176.06 0
978 1
1 -13 0 0 0 0 0.105272 0.182996 0.977461 1.00557 0.10566 64.8169 -121.344 1177.31 0
979 1
1 13 0 0 0 0 -0.0521049 -0.101818 0.993438 1.00557 0.10566 -185.434 -215.787 1173.58 0
980 1
1 -13 0 0 0 0 0.258498 -0.107396 0.960023 1.00557 0.10566 154.414 -287.736 1173.71 0
981 1
1 -13 0 0 0 0 -0.284669 0.0950261 0.953904 1.00557 0.10566 89.7901 -26.236 1170.73 0
982 1
1 13 0 0 0 0 -0.181105 0.0455956 0.982406 1.00557 0.10566 14.0951 -262.268 1173.41 0
983 1
1 -13 0 0 0 0 -0.18784 0.0919674 0.977884 1.00557 0.10566 149.088 -12.1955 1174.65 0
984 1
1 -13 0 0 0 0 -0.0702955 -0.208589 0.975474 1.00557 0.10566 150.972 -31.662 1179 0
985 1
1 -13 0 0 0 0 0.401212 0.135293 0.905939 1.00557 0.10566 -83.8445 -203.149 1174.96 0
986 1
1 13 0 0 0 0 0.17799 -0.125253 0.976028 1.00557 0.10566 -107.593 -295.935 1174.66 0
987 1
1 -13 0 0 0 0 0.173124 -0.000424442 0.9849 1.00557 0.10566 -145.858 -206.413 1171.4 0
988 1
1 -13 0 0 0 0 0.217159 -0.127632 0.967756 1.00557 0.10566 34.2631 -96.6484 1173.92 0
989 1
1 13 0 0 0 0 -0.175944 0.242277 0.95412 1.00557 0.10566 101.077 -190.068 1175.3 0
990 1
1 -13 0 0 0 0 -0.184121 -0.390402 0.902045 1.00557 0.10566 36.7555 -187.242 1176.04 0
991 1
1 13 0 0 0 0 0.256211 -0.28614 0.923298 1.00557 0.10566 117.437 -50.2604 1171.62 0
992 1
1 -13 0 0 0 0 -0.0128364 -0.274082 0.961621 1.00557 0.10566 -28.5371 -245.615 1174.17 0
993 1
1 13 0 0 0 0 -0.237271 0.412163 0.879673 1.00557 0.10566 -147.716 -197.835 1169.21 0
994 1
1 -13 0 0 0 0 0.187089 -0.133968 0.973165 1.00557 0.10566 -6.27442 -265.362 1172.81 0
995 1
1 -13 0 0 0 0 -0.21205 0.259203 0.942257 1.00557 0.10566 -80.7706 -111.913 1171.59 0
996 1
1 -13 0 0 0 0 -0.0637092 0.127165 0.989833 1.00557 0.10566 52.6873 -235.855 1174.65 0
997 1
1 -13 0 0 0 0 0.154544 0.0956919 0.983341 1.00557 0.10566 -179.705 -208.292 1177.64 0
998 1
1 13 0 0 0 0 -0.0133535 0.236617 0.971511 1.00557 0.10566 178.281 -82.6655 1170.63 0
999 1
1 13 0 0 0 0 -0.288284 -0.113139 0.950838 1.00557 0.10566 -199.064 -118.045 1172.58 0
