0 1
1 13 0 0 0 0 0 0 1.22141 1.22598 0.10566 -10.9 -113.845 -190 0
1 1
1 13 0 0 0 0 0 0 1.31804 1.32227 0.10566 -7.73011 -151.762 -190 0
2 1
1 13 0 0 0 0 0 0 1.56375 1.56732 0.10566 -15.8441 -89.5332 -190 0
3 1
1 13 0 0 0 0 0 0 1.4532 1.45703 0.10566 35.3236 -11.4727 -190 0
4 1
1 13 0 0 0 0 0 0 2.07617 2.07886 0.10566 162.491 -120.04 -190 0
5 1
1 13 0 0 0 0 0 0 2.69025 2.69233 0.10566 -15.5387 -153.666 -190 0
6 1
1 13 0 0 0 0 0 0 2.69667 2.69873 0.10566 104.328 -29.2208 -190 0
7 1
1 13 0 0 0 0 0 0 2.15587 2.15845 0.10566 -101.451 -57.3875 -190 0
8 1
1 13 0 0 0 0 0 0 1.18567 1.19037 0.10566 150.301 -114.622 -190 0
9 1
1 13 0 0 0 0 0 0 2.11227 2.11491 0.10566 -38.5772 -171.962 -190 0
10 1
1 13 0 0 0 0 0 0 1.91282 1.91574 0.10566 -187.078 -155.492 -190 0
11 1
1 13 0 0 0 0 0 0 2.51042 2.51264 0.10566 -62.4959 -31.1503 -190 0
12 1
1 13 0 0 0 0 0 0 2.12881 2.13143 0.10566 -81.9153 -155.485 -190 0
13 1
1 13 0 0 0 0 0 0 1.725 1.72823 0.10566 -190.674 -176.176 -190 0
14 1
1 13 0 0 0 0 0 0 2.55705 2.55924 0.10566 -49.1113 -8.01818 -190 0
15 1
1 13 0 0 0 0 0 0 2.65735 2.65945 0.10566 -157.992 -118.866 -190 0
16 1
1 13 0 0 0 0 0 0 2.73823 2.74027 0.10566 -32.0479 -151.923 -190 0
17 1
1 13 0 0 0 0 0 0 2.60185 2.60399 0.10566 -115.632 -184.212 -190 0
18 1
1 13 0 0 0 0 0 0 1.46323 1.46704 0.10566 164.814 -37.9071 -190 0
19 1
1 13 0 0 0 0 0 0 2.92595 2.92785 0.10566 -7.07806 -7.41897 -190 0
20 1
1 13 0 0 0 0 0 0 2.19178 2.19433 0.10566 -65.7007 -15.8108 -190 0
21 1
1 13 0 0 0 0 0 0 2.55787 2.56005 0.10566 157.613 -60.2641 -190 0
22 1
1 13 0 0 0 0 0 0 1.94438 1.94725 0.10566 126.529 -104.92 -190 0
23 1
1 13 0 0 0 0 0 0 2.60702 2.60916 0.10566 63.8007 -167.75 -190 0
24 1
1 13 0 0 0 0 0 0 2.50611 2.50834 0.10566 38.4189 -167.371 -190 0
25 1
1 13 0 0 0 0 0 0 1.9015 1.90444 0.10566 -36.7448 -177.672 -190 0
26 1
1 13 0 0 0 0 0 0 2.83279 2.83476 0.10566 -140.17 -83.7086 -190 0
27 1
1 13 0 0 0 0 0 0 1.9651 1.96794 0.10566 47.1856 -145.812 -190 0
28 1
1 13 0 0 0 0 0 0 1.59534 1.59883 0.10566 149.439 -84.3191 -190 0
29 1
1 13 0 0 0 0 0 0 1.05886 1.06412 0.10566 66.0223 -44.0208 -190 0
30 1
1 13 0 0 0 0 0 0 1.639 1.64241 0.10566 0.256658 -64.812 -190 0
31 1
1 13 0 0 0 0 0 0 1.50244 1.50615 0.10566 185.355 -120.74 -190 0
32 1
1 13 0 0 0 0 0 0 2.75808 2.7601 0.10566 -135.868 -89.3733 -190 0
33 1
1 13 0 0 0 0 0 0 2.78495 2.78695 0.10566 45.0804 -22.0772 -190 0
34 1
1 13 0 0 0 0 0 0 1.4676 1.4714 0.10566 127.424 -116.711 -190 0
35 1
1 13 0 0 0 0 0 0 2.90601 2.90793 0.10566 197.915 -145.244 -190 0
36 1
1 13 0 0 0 0 0 0 1.9142 1.91711 0.10566 189.471 -88.7027 -190 0
37 1
1 13 0 0 0 0 0 0 2.53762 2.53982 0.10566 -173.721 -155.943 -190 0
38 1
1 13 0 0 0 0 0 0 2.91197 2.91389 0.10566 -12.1469 -96.0917 -190 0
39 1
1 13 0 0 0 0 0 0 2.563 2.56518 0.10566 -170.016 -119.465 -190 0
40 1
1 13 0 0 0 0 0 0 2.90888 2.9108 0.10566 181.262 -33.7938 -190 0
41 1
1 13 0 0 0 0 0 0 1.95038 1.95324 0.10566 17.1536 -131.26 -190 0
42 1
1 13 0 0 0 0 0 0 1.04231 1.04765 0.10566 63.8409 -184.658 -190 0
43 1
1 13 0 0 0 0 0 0 1.23453 1.23904 0.10566 184.652 -27.4755 -190 0
44 1
1 13 0 0 0 0 0 0 2.39151 2.39384 0.10566 143.682 -186.287 -190 0
45 1
1 13 0 0 0 0 0 0 1.16771 1.17248 0.10566 167.63 -193.335 -190 0
46 1
1 13 0 0 0 0 0 0 2.20734 2.20987 0.10566 187.528 -73.1971 -190 0
47 1
1 13 0 0 0 0 0 0 2.78287 2.78488 0.10566 111.089 -96.2733 -190 0
48 1
1 13 0 0 0 0 0 0 2.09395 2.09662 0.10566 -46.804 -90.9624 -190 0
49 1
1 13 0 0 0 0 0 0 1.76149 1.76466 0.10566 -122.062 -94.1078 -190 0
50 1
1 13 0 0 0 0 0 0 1.32218 1.32639 0.10566 65.4922 -90.6132 -190 0
51 1
1 13 0 0 0 0 0 0 2.33241 2.3348 0.10566 96.1343 -130.957 -190 0
52 1
1 13 0 0 0 0 0 0 1.21221 1.21681 0.10566 -112.409 -152.252 -190 0
53 1
1 13 0 0 0 0 0 0 2.17131 2.17388 0.10566 122.323 -8.81733 -190 0
54 1
1 13 0 0 0 0 0 0 2.86388 2.86583 0.10566 -134.771 -190.062 -190 0
55 1
1 13 0 0 0 0 0 0 2.49744 2.49967 0.10566 28.0356 -73.8873 -190 0
56 1
1 13 0 0 0 0 0 0 1.6295 1.63293 0.10566 -198.198 -166.463 -190 0
57 1
1 13 0 0 0 0 0 0 1.90832 1.91124 0.10566 -58.0787 -58.5208 -190 0
58 1
1 13 0 0 0 0 0 0 1.41421 1.41815 0.10566 27.8566 -162.948 -190 0
59 1
1 13 0 0 0 0 0 0 2.01093 2.0137 0.10566 -12.0721 -165.793 -190 0
60 1
1 13 0 0 0 0 0 0 1.60342 1.6069 0.10566 -152.806 -6.87637 -190 0
61 1
1 13 0 0 0 0 0 0 1.06991 1.07511 0.10566 -96.5662 -22.2087 -190 0
62 1
1 13 0 0 0 0 0 0 1.42123 1.42516 0.10566 -120.371 -163.89 -190 0
63 1
1 13 0 0 0 0 0 0 1.2815 1.28585 0.10566 -10.1503 -180.079 -190 0
64 1
1 13 0 0 0 0 0 0 2.76806 2.77008 0.10566 194.138 -67.0194 -190 0
65 1
1 13 0 0 0 0 0 0 2.84853 2.85049 0.10566 49.5379 -41.1095 -190 0
66 1
1 13 0 0 0 0 0 0 1.45319 1.45702 0.10566 48.0127 -23.3092 -190 0
67 1
1 13 0 0 0 0 0 0 2.3517 2.35407 0.10566 -138.38 -72.7048 -190 0
68 1
1 13 0 0 0 0 0 0 2.61047 2.61261 0.10566 -101.434 -142.059 -190 0
69 1
1 13 0 0 0 0 0 0 1.62834 1.63176 0.10566 48.1505 -41.4385 -190 0
70 1
1 13 0 0 0 0 0 0 1.30228 1.30656 0.10566 12.4936 -173.606 -190 0
71 1
1 13 0 0 0 0 0 0 2.91954 2.92145 0.10566 43.3348 -50.0685 -190 0
72 1
1 13 0 0 0 0 0 0 1.72606 1.72929 0.10566 -37.731 -81.0131 -190 0
73 1
1 13 0 0 0 0 0 0 1.21811 1.22268 0.10566 187.135 -53.8325 -190 0
74 1
1 13 0 0 0 0 0 0 1.539 1.54262 0.10566 58.2821 -136.165 -190 0
75 1
1 13 0 0 0 0 0 0 1.16542 1.1702 0.10566 123.379 -108.547 -190 0
76 1
1 13 0 0 0 0 0 0 1.02075 1.0262 0.10566 181.452 -75.7292 -190 0
77 1
1 13 0 0 0 0 0 0 1.47521 1.47899 0.10566 139.564 -172.137 -190 0
78 1
1 13 0 0 0 0 0 0 2.83594 2.83791 0.10566 7.16523 -123.204 -190 0
79 1
1 13 0 0 0 0 0 0 2.3056 2.30802 0.10566 -116.782 -104.114 -190 0
80 1
1 13 0 0 0 0 0 0 1.89181 1.89476 0.10566 -129.04 -55.6911 -190 0
81 1
1 13 0 0 0 0 0 0 2.65847 2.66057 0.10566 89.9857 -128.83 -190 0
82 1
1 13 0 0 0 0 0 0 1.1383 1.1432 0.10566 120.945 -43.5508 -190 0
83 1
1 13 0 0 0 0 0 0 1.42594 1.42985 0.10566 -139.278 -44.305 -190 0
84 1
1 13 0 0 0 0 0 0 1.96139 1.96424 0.10566 -123.703 -58.0195 -190 0
85 1
1 13 0 0 0 0 0 0 2.61842 2.62055 0.10566 -184.685 -48.3785 -190 0
86 1
1 13 0 0 0 0 0 0 2.85223 2.85418 0.10566 -76.5862 -78.9291 -190 0
87 1
1 13 0 0 0 0 0 0 2.23714 2.23964 0.10566 108.334 -34.6895 -190 0
88 1
1 13 0 0 0 0 0 0 1.01124 1.01675 0.10566 -86.0674 -147.954 -190 0
89 1
1 13 0 0 0 0 0 0 2.39242 2.39475 0.10566 126.627 -64.3741 -190 0
90 1
1 13 0 0 0 0 0 0 1.21133 1.21593 0.10566 4.23388 -36.5227 -190 0
91 1
1 13 0 0 0 0 0 0 1.58222 1.58574 0.10566 -63.9501 -138.757 -190 0
92 1
1 13 0 0 0 0 0 0 2.18183 2.18439 0.10566 71.2402 -169.014 -190 0
93 1
1 13 0 0 0 0 0 0 1.44619 1.45004 0.10566 38.7743 -12.3548 -190 0
94 1
1 13 0 0 0 0 0 0 2.49162 2.49386 0.10566 -192.837 -87.091 -190 0
95 1
1 13 0 0 0 0 0 0 2.18195 2.18451 0.10566 -7.57642 -106.571 -190 0
96 1
1 13 0 0 0 0 0 0 1.68907 1.69237 0.10566 -67.5647 -52.062 -190 0
97 1
1 13 0 0 0 0 0 0 1.87458 1.87755 0.10566 -99.8342 -199.091 -190 0
98 1
1 13 0 0 0 0 0 0 1.45307 1.4569 0.10566 -42.9594 -70.1589 -190 0
99 1
1 13 0 0 0 0 0 0 1.39195 1.39596 0.10566 -197.68 -177.224 -190 0
100 1
1 13 0 0 0 0 0 0 1.0611 1.06635 0.10566 59.0934 -101.159 -190 0
101 1
1 13 0 0 0 0 0 0 1.77365 1.77679 0.10566 5.88204 -47.0759 -190 0
102 1
1 13 0 0 0 0 0 0 2.24194 2.24443 0.10566 -171.325 -194.432 -190 0
103 1
1 13 0 0 0 0 0 0 2.24678 2.24927 0.10566 23.9507 -41.7398 -190 0
104 1
1 13 0 0 0 0 0 0 2.38238 2.38473 0.10566 65.131 -90.9824 -190 0
105 1
1 13 0 0 0 0 0 0 1.55571 1.55929 0.10566 -182.545 -25.863 -190 0
106 1
1 13 0 0 0 0 0 0 2.11549 2.11813 0.10566 57.189 -34.1141 -190 0
107 1
1 13 0 0 0 0 0 0 2.20183 2.20436 0.10566 70.4045 -122.467 -190 0
108 1
1 13 0 0 0 0 0 0 1.19372 1.19839 0.10566 173.042 -66.2891 -190 0
109 1
1 13 0 0 0 0 0 0 1.72634 1.72957 0.10566 25.6211 -90.3651 -190 0
110 1
1 13 0 0 0 0 0 0 1.20105 1.20569 0.10566 -182.681 -2.22005 -190 0
111 1
1 13 0 0 0 0 0 0 2.80378 2.80577 0.10566 -126.857 -79.1525 -190 0
112 1
1 13 0 0 0 0 0 0 1.81192 1.815 0.10566 -105.293 -116.664 -190 0
113 1
1 13 0 0 0 0 0 0 1.84858 1.8516 0.10566 -66.7599 -122.648 -190 0
114 1
1 13 0 0 0 0 0 0 1.99611 1.9989 0.10566 -73.3688 -146.833 -190 0
115 1
1 13 0 0 0 0 0 0 2.40762 2.40993 0.10566 -147.426 -22.4304 -190 0
116 1
1 13 0 0 0 0 0 0 1.98556 1.98837 0.10566 -94.7185 -164.664 -190 0
117 1
1 13 0 0 0 0 0 0 2.04359 2.04632 0.10566 33.4765 -14.6651 -190 0
118 1
1 13 0 0 0 0 0 0 1.56087 1.56444 0.10566 -21.188 -131.595 -190 0
119 1
1 13 0 0 0 0 0 0 1.13313 1.13805 0.10566 67.1444 -86.1633 -190 0
120 1
1 13 0 0 0 0 0 0 1.23508 1.23959 0.10566 98.6828 -21.1805 -190 0
121 1
1 13 0 0 0 0 0 0 2.23594 2.23843 0.10566 -80.789 -185.483 -190 0
122 1
1 13 0 0 0 0 0 0 2.2007 2.20324 0.10566 -79.1418 -187.809 -190 0
123 1
1 13 0 0 0 0 0 0 1.4328 1.43669 0.10566 -33.8474 -176.523 -190 0
124 1
1 13 0 0 0 0 0 0 1.07866 1.08382 0.10566 -151.58 -120.118 -190 0
125 1
1 13 0 0 0 0 0 0 2.83972 2.84169 0.10566 -142.18 -184.027 -190 0
126 1
1 13 0 0 0 0 0 0 2.93135 2.93326 0.10566 75.1746 -21.6104 -190 0
127 1
1 13 0 0 0 0 0 0 2.1073 2.10995 0.10566 8.45778 -136.536 -190 0
128 1
1 13 0 0 0 0 0 0 2.97235 2.97423 0.10566 94.9583 -87.0463 -190 0
129 1
1 13 0 0 0 0 0 0 1.90404 1.90697 0.10566 95.3572 -149.588 -190 0
130 1
1 13 0 0 0 0 0 0 1.91082 1.91374 0.10566 -111.663 -14.6162 -190 0
131 1
1 13 0 0 0 0 0 0 1.25424 1.25868 0.10566 -151.566 -188.096 -190 0
132 1
1 13 0 0 0 0 0 0 2.16022 2.1628 0.10566 43.8955 -158.925 -190 0
133 1
1 13 0 0 0 0 0 0 2.03483 2.03757 0.10566 -8.77734 -3.06174 -190 0
134 1
1 13 0 0 0 0 0 0 1.23449 1.239 0.10566 65.6097 -82.3016 -190 0
135 1
1 13 0 0 0 0 0 0 2.91541 2.91732 0.10566 -23.1247 -22.0587 -190 0
136 1
1 13 0 0 0 0 0 0 1.30319 1.30746 0.10566 -187.855 -180.091 -190 0
137 1
1 13 0 0 0 0 0 0 2.16364 2.16622 0.10566 -129.479 -20.4263 -190 0
138 1
1 13 0 0 0 0 0 0 2.76366 2.76568 0.10566 -71.9173 -177.356 -190 0
139 1
1 13 0 0 0 0 0 0 1.61743 1.62087 0.10566 -137.855 -156.493 -190 0
140 1
1 13 0 0 0 0 0 0 2.41079 2.41311 0.10566 129.799 -101.95 -190 0
141 1
1 13 0 0 0 0 0 0 2.26408 2.26654 0.10566 83.9142 -39.2628 -190 0
142 1
1 13 0 0 0 0 0 0 2.45261 2.45488 0.10566 -151.847 -54.1044 -190 0
143 1
1 13 0 0 0 0 0 0 2.38567 2.38801 0.10566 112.79 -127.401 -190 0
144 1
1 13 0 0 0 0 0 0 1.75231 1.7555 0.10566 143.572 -96.1724 -190 0
145 1
1 13 0 0 0 0 0 0 1.31246 1.31671 0.10566 -56.3996 -7.1825 -190 0
146 1
1 13 0 0 0 0 0 0 1.88609 1.88905 0.10566 175.292 -26.6474 -190 0
147 1
1 13 0 0 0 0 0 0 2.4555 2.45778 0.10566 70.9554 -123.015 -190 0
148 1
1 13 0 0 0 0 0 0 1.19887 1.20352 0.10566 -144.804 -170.765 -190 0
149 1
1 13 0 0 0 0 0 0 2.38451 2.38685 0.10566 -157.986 -122.405 -190 0
150 1
1 13 0 0 0 0 0 0 2.49483 2.49707 0.10566 24.5532 -98.7602 -190 0
151 1
1 13 0 0 0 0 0 0 2.55311 2.55529 0.10566 30.2228 -148.581 -190 0
152 1
1 13 0 0 0 0 0 0 1.08367 1.08881 0.10566 197.08 -161.354 -190 0
153 1
1 13 0 0 0 0 0 0 2.43592 2.43821 0.10566 -178.473 -156.929 -190 0
154 1
1 13 0 0 0 0 0 0 1.24215 1.24663 0.10566 -196.63 -13.5591 -190 0
155 1
1 13 0 0 0 0 0 0 1.80956 1.81264 0.10566 134.087 -168.4 -190 0
156 1
1 13 0 0 0 0 0 0 1.92437 1.92727 0.10566 -100.761 -18.2524 -190 0
157 1
1 13 0 0 0 0 0 0 2.37776 2.3801 0.10566 -194.391 -27.1155 -190 0
158 1
1 13 0 0 0 0 0 0 2.3279 2.3303 0.10566 -141.382 -20.4547 -190 0
159 1
1 13 0 0 0 0 0 0 2.48235 2.4846 0.10566 185.708 -105.867 -190 0
160 1
1 13 0 0 0 0 0 0 2.93275 2.93465 0.10566 67.5056 -190.542 -190 0
161 1
1 13 0 0 0 0 0 0 2.57903 2.5812 0.10566 -176.569 -152.681 -190 0
162 1
1 13 0 0 0 0 0 0 2.40306 2.40538 0.10566 -157.666 -173.94 -190 0
163 1
1 13 0 0 0 0 0 0 1.89033 1.89329 0.10566 -74.8443 -143.143 -190 0
164 1
1 13 0 0 0 0 0 0 1.76182 1.76498 0.10566 -105.353 -61.2507 -190 0
165 1
1 13 0 0 0 0 0 0 2.20465 2.20718 0.10566 -165.097 -42.3308 -190 0
166 1
1 13 0 0 0 0 0 0 1.16517 1.16995 0.10566 -17.773 -191.072 -190 0
167 1
1 13 0 0 0 0 0 0 2.88395 2.88588 0.10566 -22.5069 -149.323 -190 0
168 1
1 13 0 0 0 0 0 0 1.18745 1.19214 0.10566 161.004 -84.6473 -190 0
169 1
1 13 0 0 0 0 0 0 1.23895 1.24345 0.10566 -74.1334 -89.4749 -190 0
170 1
1 13 0 0 0 0 0 0 1.35861 1.36271 0.10566 181.983 -61.9717 -190 0
171 1
1 13 0 0 0 0 0 0 1.96252 1.96536 0.10566 -67.0158 -89.6329 -190 0
172 1
1 13 0 0 0 0 0 0 1.08356 1.0887 0.10566 -102.812 -119.908 -190 0
173 1
1 13 0 0 0 0 0 0 1.96331 1.96615 0.10566 -69.532 -136.599 -190 0
174 1
1 13 0 0 0 0 0 0 2.49765 2.49988 0.10566 -2.86452 -65.9775 -190 0
175 1
1 13 0 0 0 0 0 0 2.7882 2.79021 0.10566 63.8322 -130.094 -190 0
176 1
1 13 0 0 0 0 0 0 2.54109 2.54328 0.10566 49.1706 -163.226 -190 0
177 1
1 13 0 0 0 0 0 0 2.53096 2.53316 0.10566 54.3315 -35.4039 -190 0
178 1
1 13 0 0 0 0 0 0 2.65636 2.65846 0.10566 129.872 -94.2395 -190 0
179 1
1 13 0 0 0 0 0 0 1.46544 1.46925 0.10566 -18.8134 -173.822 -190 0
180 1
1 13 0 0 0 0 0 0 1.00703 1.01256 0.10566 -128.456 -110.694 -190 0
181 1
1 13 0 0 0 0 0 0 1.66583 1.66917 0.10566 19.3388 -163.956 -190 0
182 1
1 13 0 0 0 0 0 0 1.82845 1.8315 0.10566 182.26 -95.4644 -190 0
183 1
1 13 0 0 0 0 0 0 2.08927 2.09194 0.10566 -77.0087 -39.6416 -190 0
184 1
1 13 0 0 0 0 0 0 2.5448 2.54699 0.10566 -126.181 -169.698 -190 0
185 1
1 13 0 0 0 0 0 0 2.50071 2.50294 0.10566 -30.5312 -14.6519 -190 0
186 1
1 13 0 0 0 0 0 0 2.1894 2.19195 0.10566 115.484 -81.3743 -190 0
187 1
1 13 0 0 0 0 0 0 1.7052 1.70847 0.10566 -79.9805 -177.491 -190 0
188 1
1 13 0 0 0 0 0 0 2.06511 2.06781 0.10566 65.236 -33.1619 -190 0
189 1
1 13 0 0 0 0 0 0 2.64787 2.64998 0.10566 66.1481 -82.3286 -190 0
190 1
1 13 0 0 0 0 0 0 2.20723 2.20976 0.10566 -179.448 -163.254 -190 0
191 1
1 13 0 0 0 0 0 0 2.56582 2.56799 0.10566 -82.3644 -49.3266 -190 0
192 1
1 13 0 0 0 0 0 0 2.04476 2.04749 0.10566 -180.79 -48.7148 -190 0
193 1
1 13 0 0 0 0 0 0 1.8265 1.82955 0.10566 67.0692 -156.72 -190 0
194 1
1 13 0 0 0 0 0 0 2.89493 2.89686 0.10566 126.699 -131.97 -190 0
195 1
1 13 0 0 0 0 0 0 1.33021 1.3344 0.10566 193.659 -165.094 -190 0
196 1
1 13 0 0 0 0 0 0 1.13035 1.13528 0.10566 -5.07862 -180.324 -190 0
197 1
1 13 0 0 0 0 0 0 1.91961 1.92251 0.10566 -127.82 -110.778 -190 0
198 1
1 13 0 0 0 0 0 0 1.25006 1.25452 0.10566 -152.636 -72.5598 -190 0
199 1
1 13 0 0 0 0 0 0 2.24181 2.2443 0.10566 22.6678 -25.683 -190 0
200 1
1 13 0 0 0 0 0 0 1.65929 1.66265 0.10566 128.729 -134.682 -190 0
201 1
1 13 0 0 0 0 0 0 2.65667 2.65877 0.10566 -130.921 -18.3978 -190 0
202 1
1 13 0 0 0 0 0 0 1.71651 1.71976 0.10566 85.8135 -97.2563 -190 0
203 1
1 13 0 0 0 0 0 0 2.37096 2.37331 0.10566 -16.1398 -80.8892 -190 0
204 1
1 13 0 0 0 0 0 0 1.70809 1.71135 0.10566 110.903 -10.632 -190 0
205 1
1 13 0 0 0 0 0 0 1.09147 1.09657 0.10566 97.5713 -177.209 -190 0
206 1
1 13 0 0 0 0 0 0 2.62351 2.62564 0.10566 -76.3174 -190.491 -190 0
207 1
1 13 0 0 0 0 0 0 2.58882 2.59098 0.10566 -178.454 -99.2171 -190 0
208 1
1 13 0 0 0 0 0 0 2.14208 2.14469 0.10566 99.3042 -76.5427 -190 0
209 1
1 13 0 0 0 0 0 0 2.4824 2.48464 0.10566 119.425 -26.5943 -190 0
210 1
1 13 0 0 0 0 0 0 2.59394 2.59609 0.10566 52.0563 -105.548 -190 0
211 1
1 13 0 0 0 0 0 0 2.26517 2.26763 0.10566 -116.878 -96.9773 -190 0
212 1
1 13 0 0 0 0 0 0 1.91481 1.91772 0.10566 182.966 -79.5918 -190 0
213 1
1 13 0 0 0 0 0 0 2.20403 2.20656 0.10566 186.367 -48.222 -190 0
214 1
1 13 0 0 0 0 0 0 1.95523 1.95809 0.10566 -26.1841 -125.582 -190 0
215 1
1 13 0 0 0 0 0 0 2.69614 2.69821 0.10566 100.12 -34.0642 -190 0
216 1
1 13 0 0 0 0 0 0 1.98416 1.98697 0.10566 -99.0246 -185.754 -190 0
217 1
1 13 0 0 0 0 0 0 1.18507 1.18977 0.10566 -51.8997 -174.792 -190 0
218 1
1 13 0 0 0 0 0 0 2.666 2.66809 0.10566 78.1357 -195.976 -190 0
219 1
1 13 0 0 0 0 0 0 2.2467 2.24919 0.10566 166.615 -77.2376 -190 0
220 1
1 13 0 0 0 0 0 0 2.31688 2.31929 0.10566 -154.563 -16.1401 -190 0
221 1
1 13 0 0 0 0 0 0 2.18189 2.18445 0.10566 80.5099 -92.1851 -190 0
222 1
1 13 0 0 0 0 0 0 1.27859 1.28295 0.10566 -1.2309 -26.0122 -190 0
223 1
1 13 0 0 0 0 0 0 1.2002 1.20485 0.10566 -68.2086 -94.402 -190 0
224 1
1 13 0 0 0 0 0 0 2.15597 2.15855 0.10566 112.134 -135.587 -190 0
225 1
1 13 0 0 0 0 0 0 2.39255 2.39488 0.10566 39.4754 -171.051 -190 0
226 1
1 13 0 0 0 0 0 0 1.87088 1.87386 0.10566 -21.6091 -51.3597 -190 0
227 1
1 13 0 0 0 0 0 0 2.69123 2.69331 0.10566 -159.031 -43.336 -190 0
228 1
1 13 0 0 0 0 0 0 2.8913 2.89323 0.10566 -77.495 -110.878 -190 0
229 1
1 13 0 0 0 0 0 0 2.14528 2.14788 0.10566 -23.2165 -115.966 -190 0
230 1
1 13 0 0 0 0 0 0 2.33138 2.33378 0.10566 40.6722 -61.7566 -190 0
231 1
1 13 0 0 0 0 0 0 2.81581 2.81779 0.10566 166.606 -117.999 -190 0
232 1
1 13 0 0 0 0 0 0 2.06528 2.06799 0.10566 89.6382 -79.5876 -190 0
233 1
1 13 0 0 0 0 0 0 1.86994 1.87292 0.10566 -45.8249 -11.7745 -190 0
234 1
1 13 0 0 0 0 0 0 2.42317 2.42547 0.10566 -146.201 -2.64483 -190 0
235 1
1 13 0 0 0 0 0 0 2.44589 2.44817 0.10566 -13.5968 -59.9266 -190 0
236 1
1 13 0 0 0 0 0 0 2.54964 2.55183 0.10566 190.905 -19.7581 -190 0
237 1
1 13 0 0 0 0 0 0 2.08902 2.09169 0.10566 127.515 -34.6961 -190 0
238 1
1 13 0 0 0 0 0 0 1.38743 1.39145 0.10566 11.0678 -62.8686 -190 0
239 1
1 13 0 0 0 0 0 0 1.90903 1.91195 0.10566 61.3442 -172.839 -190 0
240 1
1 13 0 0 0 0 0 0 2.99384 2.9957 0.10566 63.5759 -23.2658 -190 0
241 1
1 13 0 0 0 0 0 0 2.89295 2.89487 0.10566 177.817 -189.645 -190 0
242 1
1 13 0 0 0 0 0 0 1.09649 1.10157 0.10566 -87.5589 -2.99403 -190 0
243 1
1 13 0 0 0 0 0 0 1.38265 1.38668 0.10566 38.0476 -52.2052 -190 0
244 1
1 13 0 0 0 0 0 0 2.71142 2.71348 0.10566 -101.484 -104.398 -190 0
245 1
1 13 0 0 0 0 0 0 2.80789 2.80988 0.10566 -15.0466 -166.569 -190 0
246 1
1 13 0 0 0 0 0 0 2.08299 2.08566 0.10566 -134.062 -136.931 -190 0
247 1
1 13 0 0 0 0 0 0 2.13774 2.14034 0.10566 -33.7386 -135.34 -190 0
248 1
1 13 0 0 0 0 0 0 2.21267 2.21519 0.10566 182.253 -6.76646 -190 0
249 1
1 13 0 0 0 0 0 0 1.4231 1.42702 0.10566 107.831 -38.4991 -190 0
250 1
1 13 0 0 0 0 0 0 2.3395 2.34189 0.10566 -24.6014 -133.275 -190 0
251 1
1 13 0 0 0 0 0 0 2.7111 2.71316 0.10566 173.571 -120.198 -190 0
252 1
1 13 0 0 0 0 0 0 2.86338 2.86533 0.10566 -177.714 -174.117 -190 0
253 1
1 13 0 0 0 0 0 0 1.19076 1.19544 0.10566 -144.951 -56.6973 -190 0
254 1
1 13 0 0 0 0 0 0 1.31577 1.32 0.10566 -34.8963 -56.8152 -190 0
255 1
1 13 0 0 0 0 0 0 1.67622 1.67955 0.10566 -4.77571 -63.198 -190 0
256 1
1 13 0 0 0 0 0 0 2.59173 2.59388 0.10566 -176.841 -153.631 -190 0
257 1
1 13 0 0 0 0 0 0 1.63463 1.63804 0.10566 -66.0316 -181.591 -190 0
258 1
1 13 0 0 0 0 0 0 2.24532 2.24781 0.10566 -192.319 -141.018 -190 0
259 1
1 13 0 0 0 0 0 0 1.69176 1.69506 0.10566 -27.2901 -80.2332 -190 0
260 1
1 13 0 0 0 0 0 0 1.36387 1.36795 0.10566 -114.299 -32.4796 -190 0
261 1
1 13 0 0 0 0 0 0 2.76549 2.76751 0.10566 -136.072 -103.325 -190 0
262 1
1 13 0 0 0 0 0 0 2.78781 2.78981 0.10566 134.266 -43.4439 -190 0
263 1
1 13 0 0 0 0 0 0 2.25883 2.26129 0.10566 84.2488 -25.3788 -190 0
264 1
1 13 0 0 0 0 0 0 1.74357 1.74677 0.10566 183.546 -90.5481 -190 0
265 1
1 13 0 0 0 0 0 0 1.31715 1.32138 0.10566 -146.59 -58.8227 -190 0
266 1
1 13 0 0 0 0 0 0 2.59469 2.59684 0.10566 -71.7497 -140.449 -190 0
267 1
1 13 0 0 0 0 0 0 1.43443 1.43831 0.10566 -156.159 -119.884 -190 0
268 1
1 13 0 0 0 0 0 0 1.76204 1.76521 0.10566 -88.5515 -116.209 -190 0
269 1
1 13 0 0 0 0 0 0 2.3445 2.34688 0.10566 -101.938 -169.95 -190 0
270 1
1 13 0 0 0 0 0 0 1.29134 1.29565 0.10566 92.7687 -197.993 -190 0
271 1
1 13 0 0 0 0 0 0 1.84215 1.84518 0.10566 12.327 -115.802 -190 0
272 1
1 13 0 0 0 0 0 0 1.9488 1.95166 0.10566 104.138 -114.703 -190 0
273 1
1 13 0 0 0 0 0 0 2.20827 2.21079 0.10566 -143.132 -104.855 -190 0
274 1
1 13 0 0 0 0 0 0 2.6512 2.65331 0.10566 151.571 -43.7614 -190 0
275 1
1 13 0 0 0 0 0 0 2.90182 2.90375 0.10566 33.8362 -136.692 -190 0
276 1
1 13 0 0 0 0 0 0 1.79918 1.80228 0.10566 -128.899 -91.4055 -190 0
277 1
1 13 0 0 0 0 0 0 2.46814 2.4704 0.10566 74.5191 -137.333 -190 0
278 1
1 13 0 0 0 0 0 0 1.12095 1.12592 0.10566 -163.651 -115.318 -190 0
279 1
1 13 0 0 0 0 0 0 2.79022 2.79222 0.10566 108.763 -43.8548 -190 0
280 1
1 13 0 0 0 0 0 0 2.14026 2.14287 0.10566 -102.589 -169.808 -190 0
281 1
1 13 0 0 0 0 0 0 1.4411 1.44496 0.10566 -61.6697 -197.254 -190 0
282 1
1 13 0 0 0 0 0 0 1.33175 1.33593 0.10566 -186.67 -125.359 -190 0
283 1
1 13 0 0 0 0 0 0 1.5269 1.53055 0.10566 -69.0505 -188.758 -190 0
284 1
1 13 0 0 0 0 0 0 1.77178 1.77493 0.10566 -165.918 -199.846 -190 0
285 1
1 13 0 0 0 0 0 0 2.70823 2.71029 0.10566 -21.5795 -35.7557 -190 0
286 1
1 13 0 0 0 0 0 0 2.69143 2.69351 0.10566 -19.2538 -144.635 -190 0
287 1
1 13 0 0 0 0 0 0 1.12479 1.12974 0.10566 47.46 -5.37759 -190 0
288 1
1 13 0 0 0 0 0 0 2.53644 2.53864 0.10566 42.702 -75.6265 -190 0
289 1
1 13 0 0 0 0 0 0 2.7278 2.72985 0.10566 68.0285 -33.5647 -190 0
290 1
1 13 0 0 0 0 0 0 1.48784 1.49159 0.10566 -162.799 -107.639 -190 0
291 1
1 13 0 0 0 0 0 0 1.96741 1.97025 0.10566 -36.3805 -130.103 -190 0
292 1
1 13 0 0 0 0 0 0 2.13986 2.14246 0.10566 -68.5003 -6.98104 -190 0
293 1
1 13 0 0 0 0 0 0 2.68778 2.68985 0.10566 -199.493 -18.5818 -190 0
294 1
1 13 0 0 0 0 0 0 1.30654 1.31081 0.10566 49.096 -182.419 -190 0
295 1
1 13 0 0 0 0 0 0 1.65257 1.65594 0.10566 -118.578 -61.1519 -190 0
296 1
1 13 0 0 0 0 0 0 1.92409 1.92699 0.10566 -59.7092 -5.21045 -190 0
297 1
1 13 0 0 0 0 0 0 1.76214 1.76531 0.10566 25.3332 -197.063 -190 0
298 1
1 13 0 0 0 0 0 0 1.85791 1.86091 0.10566 42.4933 -158.732 -190 0
299 1
1 13 0 0 0 0 0 0 1.14429 1.14915 0.10566 -102.622 -42.0681 -190 0
300 1
1 13 0 0 0 0 0 0 2.10024 2.10289 0.10566 71.2858 -105.009 -190 0
301 1
1 13 0 0 0 0 0 0 2.73708 2.73912 0.10566 -42.9276 -184.881 -190 0
302 1
1 13 0 0 0 0 0 0 1.20073 1.20537 0.10566 -22.2089 -62.9207 -190 0
303 1
1 13 0 0 0 0 0 0 2.58833 2.59049 0.10566 115.22 -161.504 -190 0
304 1
1 13 0 0 0 0 0 0 2.10933 2.11197 0.10566 44.9588 -102.406 -190 0
305 1
1 13 0 0 0 0 0 0 2.55138 2.55357 0.10566 60.5366 -85.47 -190 0
306 1
1 13 0 0 0 0 0 0 2.08403 2.08671 0.10566 68.7775 -23.3866 -190 0
307 1
1 13 0 0 0 0 0 0 1.51099 1.51468 0.10566 -49.1962 -7.62627 -190 0
308 1
1 13 0 0 0 0 0 0 2.46651 2.46877 0.10566 -47.1852 -34.6316 -190 0
309 1
1 13 0 0 0 0 0 0 1.02729 1.03271 0.10566 -29.0878 -93.8905 -190 0
310 1
1 13 0 0 0 0 0 0 1.97833 1.98115 0.10566 -28.1876 -175.297 -190 0
311 1
1 13 0 0 0 0 0 0 1.70668 1.70995 0.10566 -136.625 -197.974 -190 0
312 1
1 13 0 0 0 0 0 0 2.94572 2.94761 0.10566 86.5934 -99.4109 -190 0
313 1
1 13 0 0 0 0 0 0 1.45204 1.45588 0.10566 41.9507 -59.885 -190 0
314 1
1 13 0 0 0 0 0 0 1.14123 1.14611 0.10566 -19.9872 -186.2 -190 0
315 1
1 13 0 0 0 0 0 0 1.30661 1.31088 0.10566 -73.5922 -2.05861 -190 0
316 1
1 13 0 0 0 0 0 0 1.35657 1.36068 0.10566 124.699 -114.854 -190 0
317 1
1 13 0 0 0 0 0 0 1.20202 1.20666 0.10566 -110.34 -19.2589 -190 0
318 1
1 13 0 0 0 0 0 0 1.57752 1.58105 0.10566 -189.915 -125.298 -190 0
319 1
1 13 0 0 0 0 0 0 2.30703 2.30945 0.10566 49.3758 -171.197 -190 0
320 1
1 13 0 0 0 0 0 0 1.6164 1.61985 0.10566 70.1725 -159.624 -190 0
321 1
1 13 0 0 0 0 0 0 2.44006 2.44234 0.10566 85.6077 -2.44477 -190 0
322 1
1 13 0 0 0 0 0 0 1.28341 1.28775 0.10566 -15.7862 -113.001 -190 0
323 1
1 13 0 0 0 0 0 0 1.42958 1.43348 0.10566 -11.4941 -124.257 -190 0
324 1
1 13 0 0 0 0 0 0 1.34731 1.35145 0.10566 133.037 -125.452 -190 0
325 1
1 13 0 0 0 0 0 0 2.63793 2.64004 0.10566 -186.44 -190.081 -190 0
326 1
1 13 0 0 0 0 0 0 1.18477 1.18947 0.10566 -135.43 -103.315 -190 0
327 1
1 13 0 0 0 0 0 0 1.41132 1.41527 0.10566 -65.6717 -54.5598 -190 0
328 1
1 13 0 0 0 0 0 0 2.68893 2.69101 0.10566 47.7764 -30.4948 -190 0
329 1
1 13 0 0 0 0 0 0 2.85753 2.85949 0.10566 -4.37487 -88.7583 -190 0
330 1
1 13 0 0 0 0 0 0 2.81339 2.81538 0.10566 -169.06 -163.779 -190 0
331 1
1 13 0 0 0 0 0 0 2.77634 2.77835 0.10566 -171.021 -29.1215 -190 0
332 1
1 13 0 0 0 0 0 0 2.40915 2.41147 0.10566 114.333 -55.4057 -190 0
333 1
1 13 0 0 0 0 0 0 1.30028 1.30457 0.10566 -187.812 -160.788 -190 0
334 1
1 13 0 0 0 0 0 0 2.29627 2.2987 0.10566 4.81985 -64.1108 -190 0
335 1
1 13 0 0 0 0 0 0 1.40875 1.41271 0.10566 28.3126 -43.8489 -190 0
336 1
1 13 0 0 0 0 0 0 2.54012 2.54231 0.10566 161.28 -137.036 -190 0
337 1
1 13 0 0 0 0 0 0 2.78943 2.79143 0.10566 -80.7803 -101.845 -190 0
338 1
1 13 0 0 0 0 0 0 2.30678 2.3092 0.10566 30.8094 -187.946 -190 0
339 1
1 13 0 0 0 0 0 0 2.66349 2.66558 0.10566 8.27483 -23.3155 -190 0
340 1
1 13 0 0 0 0 0 0 1.8341 1.83714 0.10566 -28.461 -177.163 -190 0
341 1
1 13 0 0 0 0 0 0 1.12466 1.12961 0.10566 84.3742 -35.1265 -190 0
342 1
1 13 0 0 0 0 0 0 1.35886 1.36297 0.10566 -112.663 -11.4221 -190 0
343 1
1 13 0 0 0 0 0 0 2.90597 2.9079 0.10566 -36.5177 -191.798 -190 0
344 1
1 13 0 0 0 0 0 0 2.16671 2.16929 0.10566 2.75642 -31.4947 -190 0
345 1
1 13 0 0 0 0 0 0 2.65333 2.65543 0.10566 138.017 -90.653 -190 0
346 1
1 13 0 0 0 0 0 0 1.83061 1.83365 0.10566 42.5741 -77.3792 -190 0
347 1
1 13 0 0 0 0 0 0 2.47248 2.47473 0.10566 5.17125 -185.924 -190 0
348 1
1 13 0 0 0 0 0 0 2.876 2.87794 0.10566 -74.5846 -76.2358 -190 0
349 1
1 13 0 0 0 0 0 0 1.81296 1.81603 0.10566 -34.0204 -127.645 -190 0
350 1
1 13 0 0 0 0 0 0 2.40571 2.40803 0.10566 98.2142 -2.39243 -190 0
351 1
1 13 0 0 0 0 0 0 2.38274 2.38508 0.10566 -32.128 -127.176 -190 0
352 1
1 13 0 0 0 0 0 0 2.6305 2.63262 0.10566 -19.2299 -148.623 -190 0
353 1
1 13 0 0 0 0 0 0 1.78582 1.78895 0.10566 16.8695 -59.5784 -190 0
354 1
1 13 0 0 0 0 0 0 1.64624 1.64962 0.10566 -96.7091 -71.6149 -190 0
355 1
1 13 0 0 0 0 0 0 2.89708 2.89901 0.10566 54.1944 -44.065 -190 0
356 1
1 13 0 0 0 0 0 0 1.75047 1.75366 0.10566 6.13318 -7.15731 -190 0
357 1
1 13 0 0 0 0 0 0 2.22005 2.22256 0.10566 -22.0473 -74.0391 -190 0
358 1
1 13 0 0 0 0 0 0 1.75656 1.75973 0.10566 142.333 -114.831 -190 0
359 1
1 13 0 0 0 0 0 0 2.33774 2.34012 0.10566 1.0436 -67.1125 -190 0
360 1
1 13 0 0 0 0 0 0 1.64203 1.64543 0.10566 9.65852 -177.84 -190 0
361 1
1 13 0 0 0 0 0 0 1.72792 1.73114 0.10566 -122.019 -166.331 -190 0
362 1
1 13 0 0 0 0 0 0 1.80597 1.80906 0.10566 -40.7855 -58.7072 -190 0
363 1
1 13 0 0 0 0 0 0 2.38116 2.3835 0.10566 -39.6818 -129.909 -190 0
364 1
1 13 0 0 0 0 0 0 2.14938 2.15197 0.10566 92.4414 -18.918 -190 0
365 1
1 13 0 0 0 0 0 0 2.55653 2.55871 0.10566 -145.597 -194.718 -190 0
366 1
1 13 0 0 0 0 0 0 2.49388 2.49611 0.10566 154.335 -164.946 -190 0
367 1
1 13 0 0 0 0 0 0 1.56103 1.5646 0.10566 158.382 -84.555 -190 0
368 1
1 13 0 0 0 0 0 0 1.80233 1.80542 0.10566 143.492 -8.70571 -190 0
369 1
1 13 0 0 0 0 0 0 1.64631 1.6497 0.10566 -95.1072 -67.3047 -190 0
370 1
1 13 0 0 0 0 0 0 2.20263 2.20517 0.10566 20.1021 -65.3326 -190 0
371 1
1 13 0 0 0 0 0 0 2.01052 2.0133 0.10566 -179.109 -48.8106 -190 0
372 1
1 13 0 0 0 0 0 0 2.66573 2.66783 0.10566 -13.2008 -44.2173 -190 0
373 1
1 13 0 0 0 0 0 0 2.42854 2.43084 0.10566 -98.3783 -155.923 -190 0
374 1
1 13 0 0 0 0 0 0 2.88566 2.88759 0.10566 186.261 -81.0986 -190 0
375 1
1 13 0 0 0 0 0 0 2.13911 2.14172 0.10566 -137.712 -131.578 -190 0
376 1
1 13 0 0 0 0 0 0 1.24346 1.24794 0.10566 167.3 -136.323 -190 0
377 1
1 13 0 0 0 0 0 0 1.86077 1.86376 0.10566 -189.495 -130.367 -190 0
378 1
1 13 0 0 0 0 0 0 1.9588 1.96165 0.10566 192.777 -192.562 -190 0
379 1
1 13 0 0 0 0 0 0 2.02718 2.02994 0.10566 -64.923 -55.4074 -190 0
380 1
1 13 0 0 0 0 0 0 1.94762 1.95049 0.10566 44.186 -150.737 -190 0
381 1
1 13 0 0 0 0 0 0 1.51063 1.51432 0.10566 -64.6132 -102.513 -190 0
382 1
1 13 0 0 0 0 0 0 2.52801 2.53022 0.10566 37.8992 -164.199 -190 0
383 1
1 13 0 0 0 0 0 0 1.10208 1.10713 0.10566 -98.7926 -55.8564 -190 0
384 1
1 13 0 0 0 0 0 0 2.22847 2.23097 0.10566 -97.8561 -80.9283 -190 0
385 1
1 13 0 0 0 0 0 0 1.41457 1.41851 0.10566 -92.6431 -143.771 -190 0
386 1
1 13 0 0 0 0 0 0 2.67138 2.67347 0.10566 148.589 -90.8452 -190 0
387 1
1 13 0 0 0 0 0 0 1.06159 1.06684 0.10566 -105.069 -153.127 -190 0
388 1
1 13 0 0 0 0 0 0 2.3355 2.33789 0.10566 100.51 -49.6069 -190 0
389 1
1 13 0 0 0 0 0 0 1.9687 1.97153 0.10566 -168.693 -188.478 -190 0
390 1
1 13 0 0 0 0 0 0 2.57722 2.57938 0.10566 176.567 -195.527 -190 0
391 1
1 13 0 0 0 0 0 0 1.93574 1.93862 0.10566 197.952 -117.985 -190 0
392 1
1 13 0 0 0 0 0 0 1.48723 1.49097 0.10566 -159.635 -129.549 -190 0
393 1
1 13 0 0 0 0 0 0 2.22867 2.23118 0.10566 -21.3733 -170.833 -190 0
394 1
1 13 0 0 0 0 0 0 1.34454 1.34869 0.10566 -179.076 -111.23 -190 0
395 1
1 13 0 0 0 0 0 0 2.05111 2.05383 0.10566 185.683 -191.842 -190 0
396 1
1 13 0 0 0 0 0 0 2.0738 2.07649 0.10566 -55.8225 -22.1297 -190 0
397 1
1 13 0 0 0 0 0 0 1.92309 1.92599 0.10566 192.976 -38.2008 -190 0
398 1
1 13 0 0 0 0 0 0 2.0314 2.03415 0.10566 -108.047 -6.84442 -190 0
399 1
1 13 0 0 0 0 0 0 2.61587 2.61801 0.10566 -60.8065 -86.4088 -190 0
400 1
1 13 0 0 0 0 0 0 2.45497 2.45724 0.10566 -15.4846 -25.433 -190 0
401 1
1 13 0 0 0 0 0 0 2.86446 2.86641 0.10566 -69.3786 -188.819 -190 0
402 1
1 13 0 0 0 0 0 0 1.78591 1.78904 0.10566 151.205 -8.65437 -190 0
403 1
1 13 0 0 0 0 0 0 2.13521 2.13783 0.10566 -144.221 -155.627 -190 0
404 1
1 13 0 0 0 0 0 0 2.56991 2.57208 0.10566 152.727 -124.256 -190 0
405 1
1 13 0 0 0 0 0 0 1.78566 1.78878 0.10566 -156.129 -16.3034 -190 0
406 1
1 13 0 0 0 0 0 0 2.07321 2.0759 0.10566 128.823 -116.671 -190 0
407 1
1 13 0 0 0 0 0 0 1.82867 1.83172 0.10566 21.775 -166.061 -190 0
408 1
1 13 0 0 0 0 0 0 2.78873 2.79073 0.10566 -130.761 -58.0916 -190 0
409 1
1 13 0 0 0 0 0 0 2.99046 2.99232 0.10566 -26.3263 -51.8543 -190 0
410 1
1 13 0 0 0 0 0 0 2.93062 2.93253 0.10566 -139.007 -39.5054 -190 0
411 1
1 13 0 0 0 0 0 0 2.92274 2.92465 0.10566 -6.58372 -103.207 -190 0
412 1
1 13 0 0 0 0 0 0 1.35032 1.35445 0.10566 -94.394 -110.612 -190 0
413 1
1 13 0 0 0 0 0 0 2.31209 2.3145 0.10566 -73.1155 -68.3318 -190 0
414 1
1 13 0 0 0 0 0 0 1.9033 1.90624 0.10566 -151.448 -72.9401 -190 0
415 1
1 13 0 0 0 0 0 0 2.62682 2.62894 0.10566 -49.0862 -6.98829 -190 0
416 1
1 13 0 0 0 0 0 0 1.67849 1.68181 0.10566 6.80494 -93.4302 -190 0
417 1
1 13 0 0 0 0 0 0 2.89787 2.89979 0.10566 -65.5972 -112.357 -190 0
418 1
1 13 0 0 0 0 0 0 1.66125 1.66461 0.10566 -45.2587 -16.5741 -190 0
419 1
1 13 0 0 0 0 0 0 1.5175 1.52117 0.10566 -189.257 -52.7487 -190 0
420 1
1 13 0 0 0 0 0 0 2.45311 2.45539 0.10566 -93.1 -174.218 -190 0
421 1
1 13 0 0 0 0 0 0 2.53262 2.53482 0.10566 -108.05 -194.689 -190 0
422 1
1 13 0 0 0 0 0 0 1.91388 1.91679 0.10566 87.5906 -108.141 -190 0
423 1
1 13 0 0 0 0 0 0 1.38406 1.38809 0.10566 -39.4094 -49.7391 -190 0
424 1
1 13 0 0 0 0 0 0 1.45655 1.46038 0.10566 -102.732 -128.505 -190 0
425 1
1 13 0 0 0 0 0 0 1.11003 1.11504 0.10566 -43.0812 -99.5088 -190 0
426 1
1 13 0 0 0 0 0 0 2.73324 2.73529 0.10566 -194.894 -65.154 -190 0
427 1
1 13 0 0 0 0 0 0 1.28362 1.28796 0.10566 58.8282 -79.2836 -190 0
428 1
1 13 0 0 0 0 0 0 2.72444 2.72649 0.10566 121.362 -177.189 -190 0
429 1
1 13 0 0 0 0 0 0 1.22368 1.22824 0.10566 152.766 -26.0309 -190 0
430 1
1 13 0 0 0 0 0 0 2.53135 2.53355 0.10566 -180.504 -125.164 -190 0
431 1
1 13 0 0 0 0 0 0 1.12205 1.12702 0.10566 -8.1317 -33.6366 -190 0
432 1
1 13 0 0 0 0 0 0 1.94537 1.94824 0.10566 -6.51203 -0.294474 -190 0
433 1
1 13 0 0 0 0 0 0 2.61184 2.61398 0.10566 51.696 -96.5377 -190 0
434 1
1 13 0 0 0 0 0 0 1.37977 1.38381 0.10566 -156.255 -176.615 -190 0
435 1
1 13 0 0 0 0 0 0 2.68698 2.68905 0.10566 162.306 -89.1194 -190 0
436 1
1 13 0 0 0 0 0 0 1.87803 1.881 0.10566 -106.971 -72.2419 -190 0
437 1
1 13 0 0 0 0 0 0 1.62696 1.63039 0.10566 -0.625069 -94.8977 -190 0
438 1
1 13 0 0 0 0 0 0 2.58082 2.58298 0.10566 -122.366 -190.686 -190 0
439 1
1 13 0 0 0 0 0 0 1.49922 1.50294 0.10566 -120.496 -80.1973 -190 0
440 1
1 13 0 0 0 0 0 0 2.50556 2.50779 0.10566 9.26985 -15.8388 -190 0
441 1
1 13 0 0 0 0 0 0 2.40265 2.40497 0.10566 -108.342 -12.2291 -190 0
442 1
1 13 0 0 0 0 0 0 1.90511 1.90804 0.10566 -189.704 -187.536 -190 0
443 1
1 13 0 0 0 0 0 0 2.69777 2.69984 0.10566 -25.4465 -108.752 -190 0
444 1
1 13 0 0 0 0 0 0 1.45048 1.45432 0.10566 62.9051 -51.2134 -190 0
445 1
1 13 0 0 0 0 0 0 2.84917 2.85113 0.10566 146.926 -158.537 -190 0
446 1
1 13 0 0 0 0 0 0 2.90597 2.90789 0.10566 -88.464 -120.387 -190 0
447 1
1 13 0 0 0 0 0 0 2.98298 2.98485 0.10566 -35.7115 -116.041 -190 0
448 1
1 13 0 0 0 0 0 0 1.46462 1.46842 0.10566 -41.4749 -65.2317 -190 0
449 1
1 13 0 0 0 0 0 0 2.99261 2.99447 0.10566 190.513 -165.084 -190 0
450 1
1 13 0 0 0 0 0 0 2.30865 2.31107 0.10566 94.4718 -69.669 -190 0
451 1
1 13 0 0 0 0 0 0 2.8955 2.89742 0.10566 24.631 -59.3008 -190 0
452 1
1 13 0 0 0 0 0 0 2.56338 2.56556 0.10566 77.1953 -44.2126 -190 0
453 1
1 13 0 0 0 0 0 0 1.02291 1.02835 0.10566 -146.717 -56.4545 -190 0
454 1
1 13 0 0 0 0 0 0 2.35332 2.35569 0.10566 -66.9981 -196.741 -190 0
455 1
1 13 0 0 0 0 0 0 1.13625 1.14115 0.10566 100.112 -113.186 -190 0
456 1
1 13 0 0 0 0 0 0 1.81584 1.81891 0.10566 -177.016 -15.3065 -190 0
457 1
1 13 0 0 0 0 0 0 1.71132 1.71458 0.10566 -58.356 -53.0609 -190 0
458 1
1 13 0 0 0 0 0 0 1.19545 1.20011 0.10566 -52.9779 -17.2657 -190 0
459 1
1 13 0 0 0 0 0 0 2.77215 2.77416 0.10566 -84.545 -12.9199 -190 0
460 1
1 13 0 0 0 0 0 0 1.01597 1.02145 0.10566 111.672 -18.8177 -190 0
461 1
1 13 0 0 0 0 0 0 1.66459 1.66794 0.10566 -188.85 -55.719 -190 0
462 1
1 13 0 0 0 0 0 0 2.90616 2.90808 0.10566 -199.639 -179.282 -190 0
463 1
1 13 0 0 0 0 0 0 2.49829 2.50052 0.10566 -41.4349 -132.926 -190 0
464 1
1 13 0 0 0 0 0 0 2.04628 2.04901 0.10566 153.632 -115.387 -190 0
465 1
1 13 0 0 0 0 0 0 2.20511 2.20764 0.10566 27.7408 -7.29858 -190 0
466 1
1 13 0 0 0 0 0 0 1.89857 1.90151 0.10566 -5.33199 -124.75 -190 0
467 1
1 13 0 0 0 0 0 0 1.90949 1.91241 0.10566 -157.339 -140.94 -190 0
468 1
1 13 0 0 0 0 0 0 2.20451 2.20704 0.10566 186.725 -186.739 -190 0
469 1
1 13 0 0 0 0 0 0 2.53939 2.54158 0.10566 188.259 -45.0873 -190 0
470 1
1 13 0 0 0 0 0 0 1.24972 1.25418 0.10566 -108.741 -88.6865 -190 0
471 1
1 13 0 0 0 0 0 0 1.18915 1.19384 0.10566 -190.836 -145.353 -190 0
472 1
1 13 0 0 0 0 0 0 2.71319 2.71525 0.10566 -158.127 -31.6058 -190 0
473 1
1 13 0 0 0 0 0 0 1.30914 1.3134 0.10566 -188.696 -128.634 -190 0
474 1
1 13 0 0 0 0 0 0 1.73472 1.73793 0.10566 -112.524 -55.7032 -190 0
475 1
1 13 0 0 0 0 0 0 1.19974 1.20439 0.10566 161.983 -91.941 -190 0
476 1
1 13 0 0 0 0 0 0 2.83668 2.83865 0.10566 -94.5187 -78.4954 -190 0
477 1
1 13 0 0 0 0 0 0 1.68517 1.68848 0.10566 -182.806 -193.149 -190 0
478 1
1 13 0 0 0 0 0 0 1.01274 1.01824 0.10566 -3.50418 -133.097 -190 0
479 1
1 13 0 0 0 0 0 0 1.3963 1.40029 0.10566 -190.935 -66.2108 -190 0
480 1
1 13 0 0 0 0 0 0 1.58247 1.58599 0.10566 -110.837 -131.101 -190 0
481 1
1 13 0 0 0 0 0 0 1.27327 1.27765 0.10566 -155.82 -17.6219 -190 0
482 1
1 13 0 0 0 0 0 0 1.0657 1.07093 0.10566 145.827 -162.865 -190 0
483 1
1 13 0 0 0 0 0 0 2.88573 2.88767 0.10566 114.913 -18.5835 -190 0
484 1
1 13 0 0 0 0 0 0 1.28128 1.28563 0.10566 -12.1122 -196.354 -190 0
485 1
1 13 0 0 0 0 0 0 1.06654 1.07176 0.10566 -83.7087 -39.237 -190 0
486 1
1 13 0 0 0 0 0 0 2.42272 2.42502 0.10566 -83.5952 -137.24 -190 0
487 1
1 13 0 0 0 0 0 0 1.42819 1.43209 0.10566 -171.405 -77.7704 -190 0
488 1
1 13 0 0 0 0 0 0 2.30838 2.31079 0.10566 50.3927 -99.3771 -190 0
489 1
1 13 0 0 0 0 0 0 2.78053 2.78254 0.10566 -130.478 -172.835 -190 0
490 1
1 13 0 0 0 0 0 0 2.86958 2.87153 0.10566 67.4854 -173.433 -190 0
491 1
1 13 0 0 0 0 0 0 2.26139 2.26386 0.10566 31.0029 -23.7934 -190 0
492 1
1 13 0 0 0 0 0 0 2.22947 2.23197 0.10566 8.71936 -50.5503 -190 0
493 1
1 13 0 0 0 0 0 0 1.62141 1.62485 0.10566 -99.5952 -94.6996 -190 0
494 1
1 13 0 0 0 0 0 0 1.27039 1.27477 0.10566 63.2023 -121.066 -190 0
495 1
1 13 0 0 0 0 0 0 1.63357 1.63698 0.10566 -24.7165 -22.4927 -190 0
496 1
1 13 0 0 0 0 0 0 2.26162 2.26408 0.10566 -105.711 -1.83517 -190 0
497 1
1 13 0 0 0 0 0 0 1.81172 1.8148 0.10566 127.626 -49.1184 -190 0
498 1
1 13 0 0 0 0 0 0 2.3394 2.34178 0.10566 105.573 -54.2559 -190 0
499 1
1 13 0 0 0 0 0 0 2.92817 2.93008 0.10566 138.178 -81.1206 -190 0
500 1
1 13 0 0 0 0 0 0 1.62163 1.62507 0.10566 113.76 -52.1579 -190 0
501 1
1 13 0 0 0 0 0 0 1.79633 1.79943 0.10566 -161.697 -26.8734 -190 0
502 1
1 13 0 0 0 0 0 0 1.57887 1.5824 0.10566 -46.1104 -45.4749 -190 0
503 1
1 13 0 0 0 0 0 0 1.76392 1.76709 0.10566 177.269 -19.0892 -190 0
504 1
1 13 0 0 0 0 0 0 1.30799 1.31225 0.10566 62.8442 -191.11 -190 0
505 1
1 13 0 0 0 0 0 0 1.91357 1.91648 0.10566 -197.854 -116.361 -190 0
506 1
1 13 0 0 0 0 0 0 1.79078 1.79389 0.10566 -114.932 -90.5681 -190 0
507 1
1 13 0 0 0 0 0 0 1.68759 1.69089 0.10566 33.6458 -141.391 -190 0
508 1
1 13 0 0 0 0 0 0 2.10907 2.11171 0.10566 -50.7914 -144.507 -190 0
509 1
1 13 0 0 0 0 0 0 2.61085 2.61298 0.10566 -8.63115 -163.524 -190 0
510 1
1 13 0 0 0 0 0 0 2.06227 2.06497 0.10566 -158.04 -45.8342 -190 0
511 1
1 13 0 0 0 0 0 0 2.01059 2.01336 0.10566 44.066 -139.489 -190 0
512 1
1 13 0 0 0 0 0 0 2.46809 2.47035 0.10566 -40.611 -37.7935 -190 0
513 1
1 13 0 0 0 0 0 0 2.88974 2.89167 0.10566 135.524 -161.442 -190 0
514 1
1 13 0 0 0 0 0 0 2.56722 2.56939 0.10566 -2.51399 -111.923 -190 0
515 1
1 13 0 0 0 0 0 0 2.82124 2.82322 0.10566 -44.7487 -16.4111 -190 0
516 1
1 13 0 0 0 0 0 0 1.13455 1.13946 0.10566 -141.191 -38.5364 -190 0
517 1
1 13 0 0 0 0 0 0 1.25608 1.26052 0.10566 -17.5413 -142.119 -190 0
518 1
1 13 0 0 0 0 0 0 1.60246 1.60594 0.10566 -25.2483 -190.13 -190 0
519 1
1 13 0 0 0 0 0 0 2.98729 2.98916 0.10566 28.0227 -107.37 -190 0
520 1
1 13 0 0 0 0 0 0 1.86457 1.86756 0.10566 -59.09 -143.37 -190 0
521 1
1 13 0 0 0 0 0 0 1.99778 2.00057 0.10566 -3.05602 -12.6873 -190 0
522 1
1 13 0 0 0 0 0 0 2.40456 2.40688 0.10566 165.073 -183.606 -190 0
523 1
1 13 0 0 0 0 0 0 1.21629 1.22087 0.10566 -45.3524 -121.308 -190 0
524 1
1 13 0 0 0 0 0 0 2.73841 2.74045 0.10566 -112.034 -90.1437 -190 0
525 1
1 13 0 0 0 0 0 0 2.26164 2.26411 0.10566 -36.51 -173.973 -190 0
526 1
1 13 0 0 0 0 0 0 2.62417 2.62629 0.10566 108.591 -171.762 -190 0
527 1
1 13 0 0 0 0 0 0 1.55616 1.55975 0.10566 -185.629 -180.067 -190 0
528 1
1 13 0 0 0 0 0 0 1.48345 1.48721 0.10566 -69.2409 -22.9565 -190 0
529 1
1 13 0 0 0 0 0 0 2.92978 2.93169 0.10566 148.52 -109.771 -190 0
530 1
1 13 0 0 0 0 0 0 1.23746 1.24197 0.10566 93.5037 -39.3051 -190 0
531 1
1 13 0 0 0 0 0 0 2.14906 2.15165 0.10566 -99.2132 -153.082 -190 0
532 1
1 13 0 0 0 0 0 0 2.40535 2.40767 0.10566 -36.2462 -22.1464 -190 0
533 1
1 13 0 0 0 0 0 0 2.07764 2.08032 0.10566 185.845 -26.9003 -190 0
534 1
1 13 0 0 0 0 0 0 2.56199 2.56416 0.10566 131.093 -172.492 -190 0
535 1
1 13 0 0 0 0 0 0 2.36738 2.36973 0.10566 15.7641 -157.606 -190 0
536 1
1 13 0 0 0 0 0 0 1.761 1.76417 0.10566 -22.6856 -132.259 -190 0
537 1
1 13 0 0 0 0 0 0 1.42851 1.43242 0.10566 -59.8332 -193.308 -190 0
538 1
1 13 0 0 0 0 0 0 1.8057 1.80879 0.10566 -161.483 -94.4184 -190 0
539 1
1 13 0 0 0 0 0 0 1.29126 1.29558 0.10566 65.4204 -161.538 -190 0
540 1
1 13 0 0 0 0 0 0 2.24319 2.24567 0.10566 65.2861 -92.736 -190 0
541 1
1 13 0 0 0 0 0 0 1.76682 1.76998 0.10566 126.782 -135.005 -190 0
542 1
1 13 0 0 0 0 0 0 2.87931 2.88124 0.10566 -103.965 -55.569 -190 0
543 1
1 13 0 0 0 0 0 0 2.82382 2.82579 0.10566 -37.1036 -185.359 -190 0
544 1
1 13 0 0 0 0 0 0 1.49534 1.49907 0.10566 -147.204 -24.1201 -190 0
545 1
1 13 0 0 0 0 0 0 1.91792 1.92083 0.10566 60.5143 -54.0313 -190 0
546 1
1 13 0 0 0 0 0 0 1.90322 1.90615 0.10566 -39.711 -102.043 -190 0
547 1
1 13 0 0 0 0 0 0 2.0681 2.0708 0.10566 38.2092 -117.823 -190 0
548 1
1 13 0 0 0 0 0 0 2.92848 2.93039 0.10566 39.8274 -35.0349 -190 0
549 1
1 13 0 0 0 0 0 0 2.00752 2.0103 0.10566 32.659 -148.847 -190 0
550 1
1 13 0 0 0 0 0 0 2.35164 2.35402 0.10566 122.148 -125.063 -190 0
551 1
1 13 0 0 0 0 0 0 2.05156 2.05428 0.10566 -104.03 -12.0434 -190 0
552 1
1 13 0 0 0 0 0 0 1.52252 1.52618 0.10566 151.511 -51.2034 -190 0
553 1
1 13 0 0 0 0 0 0 2.16161 2.16419 0.10566 -33.0812 -97.9325 -190 0
554 1
1 13 0 0 0 0 0 0 2.38999 2.39233 0.10566 -178.163 -68.3054 -190 0
555 1
1 13 0 0 0 0 0 0 2.68566 2.68773 0.10566 19.3624 -19.9325 -190 0
556 1
1 13 0 0 0 0 0 0 1.40374 1.40771 0.10566 -144.438 -118.969 -190 0
557 1
1 13 0 0 0 0 0 0 1.0269 1.03232 0.10566 -90.6271 -29.1545 -190 0
558 1
1 13 0 0 0 0 0 0 1.99099 1.99379 0.10566 -155.573 -137.243 -190 0
559 1
1 13 0 0 0 0 0 0 1.4996 1.50332 0.10566 -96.0678 -123.903 -190 0
560 1
1 13 0 0 0 0 0 0 1.97652 1.97934 0.10566 2.04392 -166.958 -190 0
561 1
1 13 0 0 0 0 0 0 2.42499 2.42729 0.10566 -43.8982 -70.9973 -190 0
562 1
1 13 0 0 0 0 0 0 2.40489 2.40721 0.10566 -20.0693 -8.5893 -190 0
563 1
1 13 0 0 0 0 0 0 2.87731 2.87924 0.10566 -120.29 -167.208 -190 0
564 1
1 13 0 0 0 0 0 0 2.56564 2.56781 0.10566 37.1743 -187.788 -190 0
565 1
1 13 0 0 0 0 0 0 2.2099 2.21243 0.10566 155.148 -77.652 -190 0
566 1
1 13 0 0 0 0 0 0 1.21159 1.21618 0.10566 -60.5332 -192.767 -190 0
567 1
1 13 0 0 0 0 0 0 2.02757 2.03032 0.10566 181.394 -83.7523 -190 0
568 1
1 13 0 0 0 0 0 0 1.71175 1.71501 0.10566 88.3764 -143.11 -190 0
569 1
1 13 0 0 0 0 0 0 1.3214 1.32561 0.10566 -164.575 -167.52 -190 0
570 1
1 13 0 0 0 0 0 0 2.41739 2.4197 0.10566 -112.147 -123.035 -190 0
571 1
1 13 0 0 0 0 0 0 2.85269 2.85465 0.10566 -72.6926 -103.377 -190 0
572 1
1 13 0 0 0 0 0 0 2.99834 3.0002 0.10566 -28.8994 -1.67996 -190 0
573 1
1 13 0 0 0 0 0 0 1.0509 1.0562 0.10566 31.12 -43.9114 -190 0
574 1
1 13 0 0 0 0 0 0 1.8078 1.81089 0.10566 58.5041 -41.4623 -190 0
575 1
1 13 0 0 0 0 0 0 1.07769 1.08286 0.10566 83.3934 -144.803 -190 0
576 1
1 13 0 0 0 0 0 0 1.08415 1.08928 0.10566 164.371 -51.0872 -190 0
577 1
1 13 0 0 0 0 0 0 2.4107 2.41302 0.10566 -62.0122 -147.621 -190 0
578 1
1 13 0 0 0 0 0 0 2.97216 2.97403 0.10566 47.8983 -138.185 -190 0
579 1
1 13 0 0 0 0 0 0 1.82338 1.82644 0.10566 143.259 -196.965 -190 0
580 1
1 13 0 0 0 0 0 0 1.79847 1.80157 0.10566 -164.083 -101.966 -190 0
581 1
1 13 0 0 0 0 0 0 1.6611 1.66446 0.10566 130.561 -18.3516 -190 0
582 1
1 13 0 0 0 0 0 0 1.65196 1.65534 0.10566 -171.384 -159.263 -190 0
583 1
1 13 0 0 0 0 0 0 1.32332 1.32753 0.10566 -72.7143 -152.713 -190 0
584 1
1 13 0 0 0 0 0 0 2.27289 2.27534 0.10566 -198.17 -11.748 -190 0
585 1
1 13 0 0 0 0 0 0 1.15958 1.16438 0.10566 -53.9987 -151.907 -190 0
586 1
1 13 0 0 0 0 0 0 2.9683 2.97018 0.10566 171.728 -50.8804 -190 0
587 1
1 13 0 0 0 0 0 0 2.77728 2.77929 0.10566 -154.748 -154.831 -190 0
588 1
1 13 0 0 0 0 0 0 1.37225 1.37631 0.10566 -130.596 -142.997 -190 0
589 1
1 13 0 0 0 0 0 0 2.87365 2.87559 0.10566 -97.1528 -109.804 -190 0
590 1
1 13 0 0 0 0 0 0 2.36324 2.3656 0.10566 112.334 -199.048 -190 0
591 1
1 13 0 0 0 0 0 0 2.31323 2.31564 0.10566 13.7408 -72.0617 -190 0
592 1
1 13 0 0 0 0 0 0 1.71819 1.72144 0.10566 -2.9346 -115.039 -190 0
593 1
1 13 0 0 0 0 0 0 2.50646 2.50869 0.10566 -49.3085 -183.325 -190 0
594 1
1 13 0 0 0 0 0 0 2.25007 2.25255 0.10566 37.2737 -154.178 -190 0
595 1
1 13 0 0 0 0 0 0 2.22676 2.22926 0.10566 1.68145 -33.9635 -190 0
596 1
1 13 0 0 0 0 0 0 1.63625 1.63966 0.10566 71.6571 -75.8543 -190 0
597 1
1 13 0 0 0 0 0 0 2.7728 2.77482 0.10566 -184.596 -153.37 -190 0
598 1
1 13 0 0 0 0 0 0 2.44704 2.44932 0.10566 -66.3905 -140.209 -190 0
599 1
1 13 0 0 0 0 0 0 1.08864 1.09376 0.10566 -68.6773 -67.6774 -190 0
600 1
1 13 0 0 0 0 0 0 1.34748 1.35162 0.10566 -68.5867 -36.1219 -190 0
601 1
1 13 0 0 0 0 0 0 1.94174 1.94461 0.10566 -193.098 -96.2449 -190 0
602 1
1 13 0 0 0 0 0 0 1.18437 1.18907 0.10566 -191.303 -36.1656 -190 0
603 1
1 13 0 0 0 0 0 0 1.57829 1.58182 0.10566 55.2904 -145.319 -190 0
604 1
1 13 0 0 0 0 0 0 1.16537 1.17015 0.10566 178.938 -137.727 -190 0
605 1
1 13 0 0 0 0 0 0 1.0685 1.07371 0.10566 -52.0332 -71.7952 -190 0
606 1
1 13 0 0 0 0 0 0 2.31941 2.32181 0.10566 191.46 -191.088 -190 0
607 1
1 13 0 0 0 0 0 0 2.32201 2.32441 0.10566 -14.0696 -110.43 -190 0
608 1
1 13 0 0 0 0 0 0 1.64052 1.64392 0.10566 120.433 -17.6225 -190 0
609 1
1 13 0 0 0 0 0 0 1.88468 1.88764 0.10566 -104.704 -43.6014 -190 0
610 1
1 13 0 0 0 0 0 0 1.24254 1.24702 0.10566 179.391 -31.1613 -190 0
611 1
1 13 0 0 0 0 0 0 1.87141 1.87439 0.10566 18.3069 -150.715 -190 0
612 1
1 13 0 0 0 0 0 0 1.59754 1.60103 0.10566 -26.5921 -111.844 -190 0
613 1
1 13 0 0 0 0 0 0 2.28166 2.28411 0.10566 -27.5739 -7.81338 -190 0
614 1
1 13 0 0 0 0 0 0 2.62725 2.62937 0.10566 -198.333 -113.449 -190 0
615 1
1 13 0 0 0 0 0 0 1.94654 1.9494 0.10566 152.985 -159.326 -190 0
616 1
1 13 0 0 0 0 0 0 2.47003 2.47229 0.10566 -21.7663 -162.04 -190 0
617 1
1 13 0 0 0 0 0 0 1.62208 1.62552 0.10566 -48.7863 -80.9176 -190 0
618 1
1 13 0 0 0 0 0 0 1.56479 1.56835 0.10566 198.728 -33.5908 -190 0
619 1
1 13 0 0 0 0 0 0 2.86089 2.86284 0.10566 -7.3414 -107.573 -190 0
620 1
1 13 0 0 0 0 0 0 2.55666 2.55884 0.10566 21.1979 -190.404 -190 0
621 1
1 13 0 0 0 0 0 0 1.62076 1.6242 0.10566 10.5527 -63.5546 -190 0
622 1
1 13 0 0 0 0 0 0 1.74396 1.74716 0.10566 135.003 -153.777 -190 0
623 1
1 13 0 0 0 0 0 0 2.12217 2.1248 0.10566 -137.955 -113.587 -190 0
624 1
1 13 0 0 0 0 0 0 1.4086 1.41255 0.10566 -123.789 -156.543 -190 0
625 1
1 13 0 0 0 0 0 0 1.19899 1.20364 0.10566 105.003 -196.44 -190 0
626 1
1 13 0 0 0 0 0 0 1.75352 1.7567 0.10566 -12.2675 -8.12127 -190 0
627 1
1 13 0 0 0 0 0 0 2.64391 2.64602 0.10566 -30.4281 -171.102 -190 0
628 1
1 13 0 0 0 0 0 0 1.76561 1.76877 0.10566 -95.7656 -58.6615 -190 0
629 1
1 13 0 0 0 0 0 0 1.27401 1.27838 0.10566 -68.196 -87.1071 -190 0
630 1
1 13 0 0 0 0 0 0 1.33098 1.33517 0.10566 132.017 -189.888 -190 0
631 1
1 13 0 0 0 0 0 0 2.42749 2.42979 0.10566 57.8994 -100.698 -190 0
632 1
1 13 0 0 0 0 0 0 2.47908 2.48133 0.10566 -49.3042 -137.788 -190 0
633 1
1 13 0 0 0 0 0 0 1.82241 1.82547 0.10566 -51.5119 -155.057 -190 0
634 1
1 13 0 0 0 0 0 0 1.214 1.21859 0.10566 23.8745 -111.892 -190 0
635 1
1 13 0 0 0 0 0 0 2.43169 2.43399 0.10566 -153.823 -69.1379 -190 0
636 1
1 13 0 0 0 0 0 0 1.75756 1.76073 0.10566 -176.336 -144.891 -190 0
637 1
1 13 0 0 0 0 0 0 2.96698 2.96886 0.10566 161.154 -101.913 -190 0
638 1
1 13 0 0 0 0 0 0 1.19271 1.19738 0.10566 -151.82 -66.9307 -190 0
639 1
1 13 0 0 0 0 0 0 1.42802 1.43192 0.10566 -2.91118 -68.3667 -190 0
640 1
1 13 0 0 0 0 0 0 2.1573 2.15989 0.10566 -113.128 -29.3192 -190 0
641 1
1 13 0 0 0 0 0 0 1.05759 1.06286 0.10566 -153.796 -86.8234 -190 0
642 1
1 13 0 0 0 0 0 0 2.67139 2.67348 0.10566 168.632 -42.3391 -190 0
643 1
1 13 0 0 0 0 0 0 2.52472 2.52693 0.10566 65.1268 -21.8868 -190 0
644 1
1 13 0 0 0 0 0 0 1.20673 1.21134 0.10566 -180.805 -158.913 -190 0
645 1
1 13 0 0 0 0 0 0 2.03413 2.03688 0.10566 69.8507 -61.6015 -190 0
646 1
1 13 0 0 0 0 0 0 1.49028 1.49402 0.10566 -42.8944 -195.929 -190 0
647 1
1 13 0 0 0 0 0 0 2.25415 2.25663 0.10566 -176.17 -38.3635 -190 0
648 1
1 13 0 0 0 0 0 0 1.75459 1.75777 0.10566 23.2726 -114.897 -190 0
649 1
1 13 0 0 0 0 0 0 2.7694 2.77142 0.10566 147.124 -45.6794 -190 0
650 1
1 13 0 0 0 0 0 0 2.0632 2.0659 0.10566 -114.874 -83.2585 -190 0
651 1
1 13 0 0 0 0 0 0 1.10705 1.11208 0.10566 -164.635 -2.73829 -190 0
652 1
1 13 0 0 0 0 0 0 2.6114 2.61353 0.10566 -181.841 -20.351 -190 0
653 1
1 13 0 0 0 0 0 0 2.43097 2.43326 0.10566 5.80121 -156.29 -190 0
654 1
1 13 0 0 0 0 0 0 1.52705 1.5307 0.10566 65.7136 -175.335 -190 0
655 1
1 13 0 0 0 0 0 0 2.50911 2.51133 0.10566 -148.521 -139.631 -190 0
656 1
1 13 0 0 0 0 0 0 2.11297 2.11561 0.10566 -143.949 -177.256 -190 0
657 1
1 13 0 0 0 0 0 0 2.32342 2.32582 0.10566 -103.066 -169.761 -190 0
658 1
1 13 0 0 0 0 0 0 2.76033 2.76235 0.10566 150.045 -60.8322 -190 0
659 1
1 13 0 0 0 0 0 0 2.82986 2.83183 0.10566 126.248 -15.5904 -190 0
660 1
1 13 0 0 0 0 0 0 2.34018 2.34256 0.10566 -48.0947 -5.05657 -190 0
661 1
1 13 0 0 0 0 0 0 1.75962 1.76279 0.10566 -10.7278 -169.75 -190 0
662 1
1 13 0 0 0 0 0 0 1.84591 1.84893 0.10566 152.858 -184.908 -190 0
663 1
1 13 0 0 0 0 0 0 2.24191 2.2444 0.10566 -185.67 -2.22279 -190 0
664 1
1 13 0 0 0 0 0 0 1.82861 1.83166 0.10566 -8.16203 -181.938 -190 0
665 1
1 13 0 0 0 0 0 0 2.75768 2.7597 0.10566 18.9479 -39.6905 -190 0
666 1
1 13 0 0 0 0 0 0 2.7042 2.70626 0.10566 185.835 -7.67702 -190 0
667 1
1 13 0 0 0 0 0 0 1.9751 1.97792 0.10566 176.042 -135.125 -190 0
668 1
1 13 0 0 0 0 0 0 1.09842 1.10349 0.10566 -119.52 -77.5972 -190 0
669 1
1 13 0 0 0 0 0 0 1.77116 1.77431 0.10566 159.482 -123.478 -190 0
670 1
1 13 0 0 0 0 0 0 1.1791 1.18383 0.10566 36.3551 -113.644 -190 0
671 1
1 13 0 0 0 0 0 0 2.41708 2.41939 0.10566 33.1929 -120.068 -190 0
672 1
1 13 0 0 0 0 0 0 2.71332 2.71537 0.10566 50.6172 -55.9251 -190 0
673 1
1 13 0 0 0 0 0 0 1.26354 1.26795 0.10566 -11.3734 -85.8547 -190 0
674 1
1 13 0 0 0 0 0 0 2.64333 2.64545 0.10566 -182.354 -137.179 -190 0
675 1
1 13 0 0 0 0 0 0 2.00152 2.00431 0.10566 -121.248 -49.7722 -190 0
676 1
1 13 0 0 0 0 0 0 1.75912 1.76229 0.10566 -6.85128 -145.695 -190 0
677 1
1 13 0 0 0 0 0 0 2.14293 2.14553 0.10566 -127.405 -100.654 -190 0
678 1
1 13 0 0 0 0 0 0 2.43171 2.43401 0.10566 96.237 -180.225 -190 0
679 1
1 13 0 0 0 0 0 0 1.87045 1.87343 0.10566 193.205 -68.3373 -190 0
680 1
1 13 0 0 0 0 0 0 1.50444 1.50814 0.10566 -94.4152 -176.485 -190 0
681 1
1 13 0 0 0 0 0 0 2.45191 2.45418 0.10566 -135.924 -50.1097 -190 0
682 1
1 13 0 0 0 0 0 0 2.24564 2.24812 0.10566 122.231 -28.4585 -190 0
683 1
1 13 0 0 0 0 0 0 1.263 1.26741 0.10566 124.28 -68.7115 -190 0
684 1
1 13 0 0 0 0 0 0 1.98249 1.9853 0.10566 58.3199 -165.756 -190 0
685 1
1 13 0 0 0 0 0 0 2.5396 2.5418 0.10566 54.0105 -54.9745 -190 0
686 1
1 13 0 0 0 0 0 0 1.2375 1.24201 0.10566 124.912 -155.214 -190 0
687 1
1 13 0 0 0 0 0 0 2.97568 2.97756 0.10566 -106.824 -6.73885 -190 0
688 1
1 13 0 0 0 0 0 0 2.20374 2.20628 0.10566 23.9136 -130.562 -190 0
689 1
1 13 0 0 0 0 0 0 1.9389 1.94178 0.10566 92.548 -124.899 -190 0
690 1
1 13 0 0 0 0 0 0 2.06703 2.06973 0.10566 47.4998 -143.172 -190 0
691 1
1 13 0 0 0 0 0 0 2.66374 2.66583 0.10566 83.426 -19.6778 -190 0
692 1
1 13 0 0 0 0 0 0 1.36929 1.37336 0.10566 75.3517 -141.601 -190 0
693 1
1 13 0 0 0 0 0 0 2.80059 2.80258 0.10566 -67.5453 -169.874 -190 0
694 1
1 13 0 0 0 0 0 0 2.16947 2.17205 0.10566 -95.5533 -51.6329 -190 0
695 1
1 13 0 0 0 0 0 0 2.48965 2.49189 0.10566 17.8232 -189.607 -190 0
696 1
1 13 0 0 0 0 0 0 2.63065 2.63277 0.10566 -189.217 -14.0184 -190 0
697 1
1 13 0 0 0 0 0 0 1.3701 1.37417 0.10566 120.474 -9.96273 -190 0
698 1
1 13 0 0 0 0 0 0 1.9954 1.9982 0.10566 95.0562 -42.4041 -190 0
699 1
1 13 0 0 0 0 0 0 1.19469 1.19936 0.10566 -138.194 -25.0989 -190 0
700 1
1 13 0 0 0 0 0 0 2.28634 2.28878 0.10566 -106.579 -62.6593 -190 0
701 1
1 13 0 0 0 0 0 0 2.93057 2.93248 0.10566 -72.8777 -132.225 -190 0
702 1
1 13 0 0 0 0 0 0 1.18631 1.191 0.10566 -0.902979 -156.774 -190 0
703 1
1 13 0 0 0 0 0 0 2.6101 2.61223 0.10566 47.3913 -170.623 -190 0
704 1
1 13 0 0 0 0 0 0 2.55969 2.56187 0.10566 106.879 -141.975 -190 0
705 1
1 13 0 0 0 0 0 0 2.804 2.80599 0.10566 -8.32918 -58.688 -190 0
706 1
1 13 0 0 0 0 0 0 1.16687 1.17164 0.10566 38.2942 -51.0924 -190 0
707 1
1 13 0 0 0 0 0 0 1.84519 1.84822 0.10566 -15.7953 -128.645 -190 0
708 1
1 13 0 0 0 0 0 0 2.02753 2.03028 0.10566 -96.6933 -194.06 -190 0
709 1
1 13 0 0 0 0 0 0 1.66323 1.66658 0.10566 88.3457 -55.4227 -190 0
710 1
1 13 0 0 0 0 0 0 1.22281 1.22736 0.10566 -74.3602 -28.4737 -190 0
711 1
1 13 0 0 0 0 0 0 2.46328 2.46555 0.10566 182.779 -152.064 -190 0
712 1
1 13 0 0 0 0 0 0 2.48521 2.48746 0.10566 -129.597 -48.4874 -190 0
713 1
1 13 0 0 0 0 0 0 1.10646 1.11149 0.10566 178.004 -94.324 -190 0
714 1
1 13 0 0 0 0 0 0 2.08029 2.08297 0.10566 -131.73 -116.875 -190 0
715 1
1 13 0 0 0 0 0 0 2.64943 2.65154 0.10566 -24.6453 -17.8422 -190 0
716 1
1 13 0 0 0 0 0 0 1.22716 1.2317 0.10566 -138.081 -136.547 -190 0
717 1
1 13 0 0 0 0 0 0 2.63009 2.63221 0.10566 -127.55 -10.9989 -190 0
718 1
1 13 0 0 0 0 0 0 1.39849 1.40248 0.10566 -62.1729 -103.705 -190 0
719 1
1 13 0 0 0 0 0 0 2.32446 2.32686 0.10566 -149.153 -34.7897 -190 0
720 1
1 13 0 0 0 0 0 0 1.38824 1.39225 0.10566 -153.487 -138.66 -190 0
721 1
1 13 0 0 0 0 0 0 2.14303 2.14564 0.10566 67.7677 -193.512 -190 0
722 1
1 13 0 0 0 0 0 0 2.8692 2.87114 0.10566 -181.831 -153.033 -190 0
723 1
1 13 0 0 0 0 0 0 1.48498 1.48874 0.10566 26.5712 -37.7256 -190 0
724 1
1 13 0 0 0 0 0 0 2.87618 2.87812 0.10566 -104.712 -37.8871 -190 0
725 1
1 13 0 0 0 0 0 0 1.6023 1.60578 0.10566 -162.411 -175.894 -190 0
726 1
1 13 0 0 0 0 0 0 2.48774 2.48998 0.10566 -128.365 -6.19672 -190 0
727 1
1 13 0 0 0 0 0 0 2.73686 2.7389 0.10566 -54.4982 -43.881 -190 0
728 1
1 13 0 0 0 0 0 0 2.25892 2.26139 0.10566 96.9905 -71.6979 -190 0
729 1
1 13 0 0 0 0 0 0 2.48461 2.48686 0.10566 -40.9175 -115.36 -190 0
730 1
1 13 0 0 0 0 0 0 2.28432 2.28676 0.10566 -150.011 -76.9337 -190 0
731 1
1 13 0 0 0 0 0 0 1.87665 1.87962 0.10566 -45.249 -141.765 -190 0
732 1
1 13 0 0 0 0 0 0 2.3157 2.31811 0.10566 95.9052 -95.315 -190 0
733 1
1 13 0 0 0 0 0 0 1.14075 1.14563 0.10566 -157.968 -115.69 -190 0
734 1
1 13 0 0 0 0 0 0 2.93001 2.93191 0.10566 34.2772 -57.8441 -190 0
735 1
1 13 0 0 0 0 0 0 1.1138 1.1188 0.10566 115.997 -88.5713 -190 0
736 1
1 13 0 0 0 0 0 0 1.75216 1.75534 0.10566 69.7299 -21.8961 -190 0
737 1
1 13 0 0 0 0 0 0 2.99399 2.99586 0.10566 98.6605 -58.9736 -190 0
738 1
1 13 0 0 0 0 0 0 1.7751 1.77824 0.10566 -172.976 -173.856 -190 0
739 1
1 13 0 0 0 0 0 0 1.58238 1.5859 0.10566 -21.1966 -66.4967 -190 0
740 1
1 13 0 0 0 0 0 0 1.41723 1.42116 0.10566 117.69 -33.3286 -190 0
741 1
1 13 0 0 0 0 0 0 1.83823 1.84126 0.10566 -21.4595 -132.14 -190 0
742 1
1 13 0 0 0 0 0 0 2.45307 2.45534 0.10566 140.068 -5.747 -190 0
743 1
1 13 0 0 0 0 0 0 1.3149 1.31914 0.10566 41.2539 -17.4294 -190 0
744 1
1 13 0 0 0 0 0 0 2.21954 2.22205 0.10566 -9.05782 -145.887 -190 0
745 1
1 13 0 0 0 0 0 0 1.33216 1.33635 0.10566 122.523 -97.8709 -190 0
746 1
1 13 0 0 0 0 0 0 2.54833 2.55052 0.10566 61.3676 -183.704 -190 0
747 1
1 13 0 0 0 0 0 0 2.82874 2.83071 0.10566 -127.037 -152.87 -190 0
748 1
1 13 0 0 0 0 0 0 1.13388 1.13879 0.10566 -53.9 -198.424 -190 0
749 1
1 13 0 0 0 0 0 0 1.85791 1.86092 0.10566 185.529 -28.7169 -190 0
750 1
1 13 0 0 0 0 0 0 2.8182 2.82018 0.10566 14.0763 -2.73847 -190 0
751 1
1 13 0 0 0 0 0 0 2.22722 2.22973 0.10566 -60.7586 -159.43 -190 0
752 1
1 13 0 0 0 0 0 0 1.48994 1.49368 0.10566 23.4091 -154.402 -190 0
753 1
1 13 0 0 0 0 0 0 1.58806 1.59158 0.10566 28.3358 -14.8349 -190 0
754 1
1 13 0 0 0 0 0 0 1.39424 1.39824 0.10566 82.9693 -160.139 -190 0
755 1
1 13 0 0 0 0 0 0 2.66314 2.66524 0.10566 100.386 -60.9435 -190 0
756 1
1 13 0 0 0 0 0 0 1.14259 1.14747 0.10566 54.0288 -182.442 -190 0
757 1
1 13 0 0 0 0 0 0 1.83213 1.83517 0.10566 106.523 -113.813 -190 0
758 1
1 13 0 0 0 0 0 0 2.92794 2.92984 0.10566 -10.2803 -143.091 -190 0
759 1
1 13 0 0 0 0 0 0 1.31182 1.31607 0.10566 9.30102 -159.736 -190 0
760 1
1 13 0 0 0 0 0 0 2.55792 2.56011 0.10566 -18.2287 -119.309 -190 0
761 1
1 13 0 0 0 0 0 0 2.11868 2.12131 0.10566 112.686 -3.74023 -190 0
762 1
1 13 0 0 0 0 0 0 2.35912 2.36148 0.10566 48.9498 -16.1372 -190 0
763 1
1 13 0 0 0 0 0 0 1.93897 1.94185 0.10566 -177.522 -167.909 -190 0
764 1
1 13 0 0 0 0 0 0 1.87129 1.87427 0.10566 55.062 -96.2937 -190 0
765 1
1 13 0 0 0 0 0 0 2.28481 2.28725 0.10566 -146.114 -43.184 -190 0
766 1
1 13 0 0 0 0 0 0 1.74174 1.74494 0.10566 26.2584 -70.3416 -190 0
767 1
1 13 0 0 0 0 0 0 2.7642 2.76622 0.10566 -103.642 -65.4535 -190 0
768 1
1 13 0 0 0 0 0 0 2.56205 2.56423 0.10566 -28.9205 -161.189 -190 0
769 1
1 13 0 0 0 0 0 0 2.12007 2.1227 0.10566 -85.2801 -128.905 -190 0
770 1
1 13 0 0 0 0 0 0 2.54754 2.54973 0.10566 -179.276 -27.1849 -190 0
771 1
1 13 0 0 0 0 0 0 1.91722 1.92013 0.10566 -78.0613 -167.696 -190 0
772 1
1 13 0 0 0 0 0 0 1.98698 1.98979 0.10566 -125.681 -62.4389 -190 0
773 1
1 13 0 0 0 0 0 0 1.14373 1.1486 0.10566 128.264 -14.206 -190 0
774 1
1 13 0 0 0 0 0 0 2.36515 2.36751 0.10566 4.70281 -149.903 -190 0
775 1
1 13 0 0 0 0 0 0 2.62943 2.63155 0.10566 -75.3928 -12.6083 -190 0
776 1
1 13 0 0 0 0 0 0 2.01756 2.02033 0.10566 17.7526 -32.3145 -190 0
777 1
1 13 0 0 0 0 0 0 2.56843 2.5706 0.10566 -97.835 -7.20347 -190 0
778 1
1 13 0 0 0 0 0 0 1.66916 1.6725 0.10566 129.817 -179.219 -190 0
779 1
1 13 0 0 0 0 0 0 2.9994 3.00126 0.10566 -182.95 -90.9644 -190 0
780 1
1 13 0 0 0 0 0 0 1.15603 1.16085 0.10566 -161.485 -119.128 -190 0
781 1
1 13 0 0 0 0 0 0 2.52839 2.5306 0.10566 67.9919 -36.3275 -190 0
782 1
1 13 0 0 0 0 0 0 2.19729 2.19983 0.10566 -105.251 -36.8196 -190 0
783 1
1 13 0 0 0 0 0 0 2.93925 2.94114 0.10566 -109.751 -105.624 -190 0
784 1
1 13 0 0 0 0 0 0 1.73918 1.74238 0.10566 111.836 -193.761 -190 0
785 1
1 13 0 0 0 0 0 0 2.44626 2.44854 0.10566 -18.0079 -71.9979 -190 0
786 1
1 13 0 0 0 0 0 0 2.22777 2.23028 0.10566 96.869 -149.917 -190 0
787 1
1 13 0 0 0 0 0 0 2.4421 2.44439 0.10566 40.8247 -23.214 -190 0
788 1
1 13 0 0 0 0 0 0 2.41156 2.41388 0.10566 94.5304 -3.94786 -190 0
789 1
1 13 0 0 0 0 0 0 1.97139 1.97421 0.10566 152.222 -16.2796 -190 0
790 1
1 13 0 0 0 0 0 0 2.6789 2.68098 0.10566 -159.196 -73.2179 -190 0
791 1
1 13 0 0 0 0 0 0 2.49798 2.50022 0.10566 -61.3868 -53.4652 -190 0
792 1
1 13 0 0 0 0 0 0 1.9181 1.92101 0.10566 -73.563 -126.004 -190 0
793 1
1 13 0 0 0 0 0 0 2.01729 2.02006 0.10566 99.766 -135.994 -190 0
794 1
1 13 0 0 0 0 0 0 1.70037 1.70365 0.10566 104.726 -140.981 -190 0
795 1
1 13 0 0 0 0 0 0 1.3726 1.37666 0.10566 58.8873 -148.244 -190 0
796 1
1 13 0 0 0 0 0 0 2.82782 2.82979 0.10566 -62.073 -23.141 -190 0
797 1
1 13 0 0 0 0 0 0 2.82431 2.82628 0.10566 -180.791 -23.3154 -190 0
798 1
1 13 0 0 0 0 0 0 1.81703 1.8201 0.10566 127.636 -26.8175 -190 0
799 1
1 13 0 0 0 0 0 0 1.61878 1.62223 0.10566 -137.209 -69.845 -190 0
800 1
1 13 0 0 0 0 0 0 2.98146 2.98334 0.10566 70.6115 -5.92605 -190 0
801 1
1 13 0 0 0 0 0 0 1.45395 1.45779 0.10566 97.5773 -186.432 -190 0
802 1
1 13 0 0 0 0 0 0 2.13781 2.14042 0.10566 100.863 -164.118 -190 0
803 1
1 13 0 0 0 0 0 0 2.2586 2.26107 0.10566 165.545 -199.57 -190 0
804 1
1 13 0 0 0 0 0 0 1.29198 1.29629 0.10566 42.2686 -153.512 -190 0
805 1
1 13 0 0 0 0 0 0 2.5083 2.51053 0.10566 60.0652 -103.728 -190 0
806 1
1 13 0 0 0 0 0 0 1.85231 1.85533 0.10566 183.123 -56.5968 -190 0
807 1
1 13 0 0 0 0 0 0 1.13201 1.13693 0.10566 159.669 -183.931 -190 0
808 1
1 13 0 0 0 0 0 0 2.34253 2.34492 0.10566 70.584 -135.418 -190 0
809 1
1 13 0 0 0 0 0 0 2.51497 2.51719 0.10566 39.8431 -13.3814 -190 0
810 1
1 13 0 0 0 0 0 0 1.82266 1.82572 0.10566 -53.3535 -85.4702 -190 0
811 1
1 13 0 0 0 0 0 0 1.49055 1.49429 0.10566 -51.6919 -94.2609 -190 0
812 1
1 13 0 0 0 0 0 0 2.14284 2.14545 0.10566 -128.734 -105.398 -190 0
813 1
1 13 0 0 0 0 0 0 2.73367 2.73571 0.10566 34.7286 -189.775 -190 0
814 1
1 13 0 0 0 0 0 0 2.16931 2.17188 0.10566 -7.8271 -88.6421 -190 0
815 1
1 13 0 0 0 0 0 0 2.60381 2.60596 0.10566 141.527 -100.321 -190 0
816 1
1 13 0 0 0 0 0 0 1.04582 1.05114 0.10566 -185.769 -104.288 -190 0
817 1
1 13 0 0 0 0 0 0 1.95866 1.9615 0.10566 81.1036 -189.839 -190 0
818 1
1 13 0 0 0 0 0 0 1.5678 1.57135 0.10566 184.279 -131.677 -190 0
819 1
1 13 0 0 0 0 0 0 2.71111 2.71317 0.10566 -159.602 -100.672 -190 0
820 1
1 13 0 0 0 0 0 0 2.21246 2.21498 0.10566 138.24 -197.001 -190 0
821 1
1 13 0 0 0 0 0 0 2.52374 2.52595 0.10566 -98.9499 -23.3202 -190 0
822 1
1 13 0 0 0 0 0 0 2.51871 2.52092 0.10566 -22.3562 -155.912 -190 0
823 1
1 13 0 0 0 0 0 0 2.15937 2.16195 0.10566 -4.95078 -136.158 -190 0
824 1
1 13 0 0 0 0 0 0 1.51896 1.52263 0.10566 -36.9763 -23.7554 -190 0
825 1
1 13 0 0 0 0 0 0 1.86406 1.86705 0.10566 -180.699 -12.2829 -190 0
826 1
1 13 0 0 0 0 0 0 1.42618 1.43009 0.10566 185.44 -165.796 -190 0
827 1
1 13 0 0 0 0 0 0 2.93791 2.93981 0.10566 141.308 -6.34526 -190 0
828 1
1 13 0 0 0 0 0 0 1.84983 1.85284 0.10566 -70.9576 -199.087 -190 0
829 1
1 13 0 0 0 0 0 0 2.38907 2.39141 0.10566 191.612 -160.049 -190 0
830 1
1 13 0 0 0 0 0 0 2.23814 2.24063 0.10566 -97.5013 -164.978 -190 0
831 1
1 13 0 0 0 0 0 0 2.33584 2.33823 0.10566 -167.424 -161.36 -190 0
832 1
1 13 0 0 0 0 0 0 1.90161 1.90455 0.10566 -156.185 -103.397 -190 0
833 1
1 13 0 0 0 0 0 0 1.19375 1.19842 0.10566 156.103 -24.8065 -190 0
834 1
1 13 0 0 0 0 0 0 2.24849 2.25098 0.10566 163.057 -83.9179 -190 0
835 1
1 13 0 0 0 0 0 0 1.11294 1.11795 0.10566 136.18 -85.9583 -190 0
836 1
1 13 0 0 0 0 0 0 1.90422 1.90715 0.10566 -115.476 -61.1226 -190 0
837 1
1 13 0 0 0 0 0 0 2.15897 2.16156 0.10566 50.2266 -78.3167 -190 0
838 1
1 13 0 0 0 0 0 0 2.76339 2.76541 0.10566 -113.997 -39.8564 -190 0
839 1
1 13 0 0 0 0 0 0 1.49839 1.50211 0.10566 126.732 -158.586 -190 0
840 1
1 13 0 0 0 0 0 0 2.71905 2.72111 0.10566 -179.64 -5.22712 -190 0
841 1
1 13 0 0 0 0 0 0 1.84054 1.84357 0.10566 49.0147 -18.2528 -190 0
842 1
1 13 0 0 0 0 0 0 1.50641 1.51011 0.10566 86.8112 -139.116 -190 0
843 1
1 13 0 0 0 0 0 0 1.19017 1.19485 0.10566 -142.46 -143.614 -190 0
844 1
1 13 0 0 0 0 0 0 2.36435 2.36671 0.10566 -99.4963 -13.5269 -190 0
845 1
1 13 0 0 0 0 0 0 2.60644 2.60858 0.10566 93.2358 -134.969 -190 0
846 1
1 13 0 0 0 0 0 0 1.32842 1.33262 0.10566 -22.3216 -68.4692 -190 0
847 1
1 13 0 0 0 0 0 0 2.39409 2.39642 0.10566 -40.5974 -93.3252 -190 0
848 1
1 13 0 0 0 0 0 0 2.0693 2.072 0.10566 -72.7635 -76.3579 -190 0
849 1
1 13 0 0 0 0 0 0 2.54086 2.54305 0.10566 -173.783 -11.7126 -190 0
850 1
1 13 0 0 0 0 0 0 1.3318 1.33598 0.10566 -117.197 -67.48 -190 0
851 1
1 13 0 0 0 0 0 0 1.71271 1.71597 0.10566 132.951 -151.177 -190 0
852 1
1 13 0 0 0 0 0 0 2.71776 2.71981 0.10566 72.8841 -179.923 -190 0
853 1
1 13 0 0 0 0 0 0 2.05087 2.05359 0.10566 78.4497 -48.3174 -190 0
854 1
1 13 0 0 0 0 0 0 2.48254 2.48478 0.10566 39.1139 -185.566 -190 0
855 1
1 13 0 0 0 0 0 0 2.71195 2.71401 0.10566 10.2055 -139.586 -190 0
856 1
1 13 0 0 0 0 0 0 2.02179 2.02455 0.10566 104.632 -128.255 -190 0
857 1
1 13 0 0 0 0 0 0 1.21526 1.21984 0.10566 41.3406 -154.072 -190 0
858 1
1 13 0 0 0 0 0 0 1.53547 1.5391 0.10566 133.393 -197.566 -190 0
859 1
1 13 0 0 0 0 0 0 1.19179 1.19646 0.10566 -93.3792 -51.3782 -190 0
860 1
1 13 0 0 0 0 0 0 1.13814 1.14304 0.10566 161.428 -72.1716 -190 0
861 1
1 13 0 0 0 0 0 0 1.93007 1.93296 0.10566 -172.264 -53.6236 -190 0
862 1
1 13 0 0 0 0 0 0 1.37933 1.38337 0.10566 -125.404 -70.7666 -190 0
863 1
1 13 0 0 0 0 0 0 2.55622 2.5584 0.10566 -154.471 -79.5159 -190 0
864 1
1 13 0 0 0 0 0 0 1.04191 1.04725 0.10566 49.603 -38.9577 -190 0
865 1
1 13 0 0 0 0 0 0 2.83247 2.83444 0.10566 47.61 -28.0802 -190 0
866 1
1 13 0 0 0 0 0 0 2.11801 2.12065 0.10566 146.949 -108.722 -190 0
867 1
1 13 0 0 0 0 0 0 1.10232 1.10737 0.10566 90.1667 -175.271 -190 0
868 1
1 13 0 0 0 0 0 0 2.40901 2.41132 0.10566 -41.1214 -42.5422 -190 0
869 1
1 13 0 0 0 0 0 0 2.52114 2.52335 0.10566 -62.8941 -22.9022 -190 0
870 1
1 13 0 0 0 0 0 0 1.93124 1.93413 0.10566 -39.0794 -32.3182 -190 0
871 1
1 13 0 0 0 0 0 0 2.90438 2.9063 0.10566 -84.0405 -126.741 -190 0
872 1
1 13 0 0 0 0 0 0 1.69225 1.69555 0.10566 150.485 -142.424 -190 0
873 1
1 13 0 0 0 0 0 0 1.07178 1.07698 0.10566 176.098 -54.0678 -190 0
874 1
1 13 0 0 0 0 0 0 2.55467 2.55686 0.10566 -173.486 -105.47 -190 0
875 1
1 13 0 0 0 0 0 0 2.33026 2.33266 0.10566 38.8136 -133.089 -190 0
876 1
1 13 0 0 0 0 0 0 2.64784 2.64994 0.10566 -13.2336 -12.2111 -190 0
877 1
1 13 0 0 0 0 0 0 1.85096 1.85398 0.10566 71.229 -42.6046 -190 0
878 1
1 13 0 0 0 0 0 0 2.45398 2.45625 0.10566 127.109 -63.1662 -190 0
879 1
1 13 0 0 0 0 0 0 2.91466 2.91657 0.10566 -100.832 -128.972 -190 0
880 1
1 13 0 0 0 0 0 0 1.01506 1.02054 0.10566 -170.368 -179.952 -190 0
881 1
1 13 0 0 0 0 0 0 1.66474 1.66809 0.10566 41.9953 -147.683 -190 0
882 1
1 13 0 0 0 0 0 0 2.00998 2.01276 0.10566 -158.878 -177.385 -190 0
883 1
1 13 0 0 0 0 0 0 1.71099 1.71425 0.10566 71.7681 -110.835 -190 0
884 1
1 13 0 0 0 0 0 0 2.77628 2.77829 0.10566 100.394 -3.42832 -190 0
885 1
1 13 0 0 0 0 0 0 2.74838 2.75041 0.10566 34.8449 -192.239 -190 0
886 1
1 13 0 0 0 0 0 0 1.22997 1.2345 0.10566 -58.4783 -107.128 -190 0
887 1
1 13 0 0 0 0 0 0 1.58997 1.59347 0.10566 188.195 -12.3411 -190 0
888 1
1 13 0 0 0 0 0 0 1.2547 1.25914 0.10566 -110.651 -83.3195 -190 0
889 1
1 13 0 0 0 0 0 0 2.46769 2.46995 0.10566 -112.235 -89.7999 -190 0
890 1
1 13 0 0 0 0 0 0 2.90556 2.90748 0.10566 39.2729 -158.531 -190 0
891 1
1 13 0 0 0 0 0 0 1.36922 1.37329 0.10566 -52.9036 -20.406 -190 0
892 1
1 13 0 0 0 0 0 0 1.43555 1.43943 0.10566 -62.2613 -106.996 -190 0
893 1
1 13 0 0 0 0 0 0 1.37975 1.38379 0.10566 170.461 -106.099 -190 0
894 1
1 13 0 0 0 0 0 0 2.17967 2.18223 0.10566 29.9645 -11.6559 -190 0
895 1
1 13 0 0 0 0 0 0 1.90997 1.91289 0.10566 -159.389 -86.631 -190 0
896 1
1 13 0 0 0 0 0 0 2.0257 2.02845 0.10566 -134.261 -83.8019 -190 0
897 1
1 13 0 0 0 0 0 0 2.93701 2.93891 0.10566 -4.3731 -51.9947 -190 0
898 1
1 13 0 0 0 0 0 0 2.32701 2.32941 0.10566 -96.5617 -110.424 -190 0
899 1
1 13 0 0 0 0 0 0 1.62051 1.62395 0.10566 108.787 -72.0518 -190 0
900 1
1 13 0 0 0 0 0 0 2.28035 2.2828 0.10566 15.5693 -132.075 -190 0
901 1
1 13 0 0 0 0 0 0 1.81414 1.81721 0.10566 -73.1443 -73.6534 -190 0
902 1
1 13 0 0 0 0 0 0 2.37827 2.38062 0.10566 155.436 -45.0703 -190 0
903 1
1 13 0 0 0 0 0 0 2.16642 2.169 0.10566 61.3128 -113.762 -190 0
904 1
1 13 0 0 0 0 0 0 2.17916 2.18172 0.10566 101.021 -7.95025 -190 0
905 1
1 13 0 0 0 0 0 0 2.45465 2.45693 0.10566 -122.792 -49.9021 -190 0
906 1
1 13 0 0 0 0 0 0 2.25174 2.25422 0.10566 182.137 -75.5824 -190 0
907 1
1 13 0 0 0 0 0 0 1.85436 1.85737 0.10566 -179.933 -110.94 -190 0
908 1
1 13 0 0 0 0 0 0 1.71744 1.72069 0.10566 -124.658 -106.926 -190 0
909 1
1 13 0 0 0 0 0 0 2.07207 2.07476 0.10566 -98.2906 -193.381 -190 0
910 1
1 13 0 0 0 0 0 0 2.40296 2.40528 0.10566 74.1853 -20.2066 -190 0
911 1
1 13 0 0 0 0 0 0 1.27508 1.27945 0.10566 -185.33 -155.181 -190 0
912 1
1 13 0 0 0 0 0 0 2.7633 2.76531 0.10566 196.129 -113.126 -190 0
913 1
1 13 0 0 0 0 0 0 1.38399 1.38801 0.10566 -36.7133 -87.3821 -190 0
914 1
1 13 0 0 0 0 0 0 1.29756 1.30185 0.10566 112.436 -138.178 -190 0
915 1
1 13 0 0 0 0 0 0 2.97907 2.98095 0.10566 196.125 -56.9776 -190 0
916 1
1 13 0 0 0 0 0 0 2.19877 2.20131 0.10566 -153.724 -175.476 -190 0
917 1
1 13 0 0 0 0 0 0 2.0307 2.03345 0.10566 -188.851 -183.539 -190 0
918 1
1 13 0 0 0 0 0 0 1.03412 1.0395 0.10566 71.4667 -37.8391 -190 0
919 1
1 13 0 0 0 0 0 0 2.68327 2.68535 0.10566 -196.635 -127.133 -190 0
920 1
1 13 0 0 0 0 0 0 2.9762 2.97807 0.10566 5.97695 -107.08 -190 0
921 1
1 13 0 0 0 0 0 0 2.53253 2.53473 0.10566 -142.698 -68.5604 -190 0
922 1
1 13 0 0 0 0 0 0 1.18286 1.18757 0.10566 -189.824 -70.2243 -190 0
923 1
1 13 0 0 0 0 0 0 2.72223 2.72428 0.10566 180.32 -13.0219 -190 0
924 1
1 13 0 0 0 0 0 0 1.82749 1.83055 0.10566 150.046 -13.5906 -190 0
925 1
1 13 0 0 0 0 0 0 2.61365 2.61578 0.10566 -112.136 -172.329 -190 0
926 1
1 13 0 0 0 0 0 0 1.63756 1.64097 0.10566 -18.8142 -138.219 -190 0
927 1
1 13 0 0 0 0 0 0 2.60349 2.60564 0.10566 60.6203 -29.2661 -190 0
928 1
1 13 0 0 0 0 0 0 1.33367 1.33785 0.10566 52.9889 -124.008 -190 0
929 1
1 13 0 0 0 0 0 0 2.8577 2.85965 0.10566 164.974 -34.8282 -190 0
930 1
1 13 0 0 0 0 0 0 2.6126 2.61474 0.10566 -87.8811 -125.43 -190 0
931 1
1 13 0 0 0 0 0 0 2.99239 2.99426 0.10566 43.9874 -145.877 -190 0
932 1
1 13 0 0 0 0 0 0 2.36195 2.36431 0.10566 -38.1625 -12.1091 -190 0
933 1
1 13 0 0 0 0 0 0 2.09361 2.09627 0.10566 -189.332 -104.421 -190 0
934 1
1 13 0 0 0 0 0 0 2.53198 2.53418 0.10566 79.0569 -166.577 -190 0
935 1
1 13 0 0 0 0 0 0 1.7115 1.71476 0.10566 -57.3955 -29.0558 -190 0
936 1
1 13 0 0 0 0 0 0 2.19157 2.19412 0.10566 141.676 -103.037 -190 0
937 1
1 13 0 0 0 0 0 0 2.42791 2.43021 0.10566 82.6209 -80.0417 -190 0
938 1
1 13 0 0 0 0 0 0 2.82458 2.82656 0.10566 -187.003 -63.6134 -190 0
939 1
1 13 0 0 0 0 0 0 2.63762 2.63974 0.10566 191.361 -63.9494 -190 0
940 1
1 13 0 0 0 0 0 0 1.62185 1.62529 0.10566 -160.878 -24.5535 -190 0
941 1
1 13 0 0 0 0 0 0 1.48304 1.4868 0.10566 123.759 -5.01438 -190 0
942 1
1 13 0 0 0 0 0 0 1.06387 1.0691 0.10566 -38.2166 -50.3909 -190 0
943 1
1 13 0 0 0 0 0 0 2.42682 2.42912 0.10566 -7.94669 -38.9748 -190 0
944 1
1 13 0 0 0 0 0 0 1.38147 1.3855 0.10566 -100.08 -109.953 -190 0
945 1
1 13 0 0 0 0 0 0 2.08631 2.08898 0.10566 -172.919 -78.2946 -190 0
946 1
1 13 0 0 0 0 0 0 2.60003 2.60217 0.10566 -10.355 -86.5648 -190 0
947 1
1 13 0 0 0 0 0 0 2.798 2.79999 0.10566 163.681 -103.322 -190 0
948 1
1 13 0 0 0 0 0 0 2.79369 2.79569 0.10566 6.41509 -67.4312 -190 0
949 1
1 13 0 0 0 0 0 0 2.95691 2.9588 0.10566 158.05 -24.0921 -190 0
950 1
1 13 0 0 0 0 0 0 2.71442 2.71648 0.10566 19.7754 -52.2126 -190 0
951 1
1 13 0 0 0 0 0 0 2.16336 2.16594 0.10566 144.069 -52.9129 -190 0
952 1
1 13 0 0 0 0 0 0 2.37687 2.37922 0.10566 74.424 -84.8521 -190 0
953 1
1 13 0 0 0 0 0 0 1.48279 1.48655 0.10566 71.2975 -65.2527 -190 0
954 1
1 13 0 0 0 0 0 0 1.87038 1.87337 0.10566 177.603 -143.244 -190 0
955 1
1 13 0 0 0 0 0 0 2.57727 2.57943 0.10566 148.695 -103.459 -190 0
956 1
1 13 0 0 0 0 0 0 1.25576 1.2602 0.10566 81.9248 -160.363 -190 0
957 1
1 13 0 0 0 0 0 0 1.51575 1.51943 0.10566 -194.176 -187.066 -190 0
958 1
1 13 0 0 0 0 0 0 1.56462 1.56818 0.10566 -172.721 -193.384 -190 0
959 1
1 13 0 0 0 0 0 0 1.74052 1.74373 0.10566 -16.4989 -181.196 -190 0
960 1
1 13 0 0 0 0 0 0 2.94163 2.94353 0.10566 47.1228 -10.0097 -190 0
961 1
1 13 0 0 0 0 0 0 1.34489 1.34903 0.10566 150.814 -145.156 -190 0
962 1
1 13 0 0 0 0 0 0 1.08473 1.08987 0.10566 117.236 -37.8496 -190 0
963 1
1 13 0 0 0 0 0 0 2.18914 2.19169 0.10566 180.796 -85.8204 -190 0
964 1
1 13 0 0 0 0 0 0 1.99013 1.99293 0.10566 -19.952 -100.182 -190 0
965 1
1 13 0 0 0 0 0 0 2.117 2.11963 0.10566 -3.05437 -81.7382 -190 0
966 1
1 13 0 0 0 0 0 0 2.8597 2.86165 0.10566 154.243 -116.765 -190 0
967 1
1 13 0 0 0 0 0 0 1.13141 1.13634 0.10566 -62.9065 -70.4354 -190 0
968 1
1 13 0 0 0 0 0 0 1.46252 1.46633 0.10566 129.302 -91.3064 -190 0
969 1
1 13 0 0 0 0 0 0 2.66005 2.66215 0.10566 -191.72 -31.2225 -190 0
970 1
1 13 0 0 0 0 0 0 2.02581 2.02856 0.10566 -67.6286 -92.0956 -190 0
971 1
1 13 0 0 0 0 0 0 2.91312 2.91504 0.10566 58.7748 -199.166 -190 0
972 1
1 13 0 0 0 0 0 0 2.56417 2.56635 0.10566 -14.0153 -36.6994 -190 0
973 1
1 13 0 0 0 0 0 0 1.22256 1.22711 0.10566 83.9428 -188.722 -190 0
974 1
1 13 0 0 0 0 0 0 1.89545 1.89839 0.10566 -47.6757 -58.1898 -190 0
975 1
1 13 0 0 0 0 0 0 1.37796 1.382 0.10566 -104.085 -41.2351 -190 0
976 1
1 13 0 0 0 0 0 0 2.35836 2.36072 0.10566 153.253 -30.9523 -190 0
977 1
1 13 0 0 0 0 0 0 2.91482 2.91673 0.10566 115.649 -67.8417 -190 0
978 1
1 13 0 0 0 0 0 0 1.78841 1.79153 0.10566 11.2158 -148.877 -190 0
979 1
1 13 0 0 0 0 0 0 2.79289 2.79489 0.10566 176.281 -57.762 -190 0
980 1
1 13 0 0 0 0 0 0 1.62101 1.62445 0.10566 126.041 -0.97864 -190 0
981 1
1 13 0 0 0 0 0 0 1.9367 1.93958 0.10566 170.04 -8.01983 -190 0
982 1
1 13 0 0 0 0 0 0 2.31885 2.32126 0.10566 -88.0826 -127.96 -190 0
983 1
1 13 0 0 0 0 0 0 1.85387 1.85688 0.10566 -161.537 -80.8687 -190 0
984 1
1 13 0 0 0 0 0 0 2.56949 2.57166 0.10566 161.796 -151.881 -190 0
985 1
1 13 0 0 0 0 0 0 2.96054 2.96242 0.10566 113.086 -72.5613 -190 0
986 1
1 13 0 0 0 0 0 0 2.61214 2.61428 0.10566 -190.52 -30.4692 -190 0
987 1
1 13 0 0 0 0 0 0 2.05404 2.05675 0.10566 120.459 -190.461 -190 0
988 1
1 13 0 0 0 0 0 0 1.94848 1.95134 0.10566 46.9545 -44.4261 -190 0
989 1
1 13 0 0 0 0 0 0 1.0601 1.06535 0.10566 160.227 -102.803 -190 0
990 1
1 13 0 0 0 0 0 0 2.34034 2.34273 0.10566 -25.1481 -137.369 -190 0
991 1
1 13 0 0 0 0 0 0 1.86977 1.87275 0.10566 1.12541 -31.3078 -190 0
992 1
1 13 0 0 0 0 0 0 1.40242 1.40639 0.10566 -131.153 -45.6559 -190 0
993 1
1 13 0 0 0 0 0 0 2.05032 2.05304 0.10566 -80.8663 -9.91411 -190 0
994 1
1 13 0 0 0 0 0 0 1.83987 1.8429 0.10566 -165.853 -53.0217 -190 0
995 1
1 13 0 0 0 0 0 0 2.55242 2.5546 0.10566 149.387 -65.3013 -190 0
996 1
1 13 0 0 0 0 0 0 1.53754 1.54116 0.10566 151.59 -68.5509 -190 0
997 1
1 13 0 0 0 0 0 0 2.69406 2.69613 0.10566 -166.839 -27.9115 -190 0
998 1
1 13 0 0 0 0 0 0 1.24332 1.2478 0.10566 93.5498 -140.839 -190 0
999 1
1 13 0 0 0 0 0 0 1.50217 1.50588 0.10566 -35.7177 -96.0559 -190 0
