0.005 1.8752430231440018e-11
0.01 1.136256433613684e-10
0.015 2.4383414803029085e-10
0.02 3.897080065494687e-10
0.025 5.363457723872361e-10
0.03 6.746767044060389e-10
0.035 8.285022448181456e-10
0.04 9.721002739083107e-10
0.045 1.1252101660528606e-09
0.05 1.2747833486753067e-09
0.055 1.4112394297851114e-09
0.06 1.533217274097438e-09
0.065 1.6438083230672125e-09
0.07 1.785585278859388e-09
0.075 1.8638813549176243e-09
0.08 1.954368890349761e-09
0.085 2.0635060491366956e-09
0.09 2.1856757680672745e-09
0.095 2.2427946247190358e-09
0.1 2.363662014136885e-09
0.105 2.3864089967546958e-09
0.11 2.498236967583966e-09
0.115 2.5590938283033616e-09
0.12 2.588166190027525e-09
0.125 2.6614232314023394e-09
0.13 2.7716943829953224e-09
0.135 2.834311632042586e-09
0.14 2.9070785380490535e-09
0.145 3.016314551951209e-09
0.15 3.0078154906894352e-09
0.155 3.062606569696376e-09
0.16 3.1405404262183747e-09
0.165 3.2841267034739175e-09
0.17 3.340086140391307e-09
0.17500000000000002 3.446517767275027e-09
0.18 3.4211450771477984e-09
0.185 3.5842752265390705e-09
0.19 3.547002127615775e-09
0.195 3.5949815277935535e-09
0.2 3.772010269620866e-09
0.20500000000000002 3.781302217631821e-09
0.21 3.866664075052338e-09
0.215 3.894304941270205e-09
0.22 4.012507202751154e-09
0.225 4.0098821601958e-09
0.23 4.068715272409815e-09
0.23500000000000001 4.148746062995141e-09
0.24 4.120914420785596e-09
0.245 4.226895013079111e-09
0.25 4.1861130412233555e-09
0.255 4.3535244021342346e-09
0.26 4.42731962155652e-09
0.265 4.476668321980047e-09
0.27 4.451887630185048e-09
0.275 4.567771646293738e-09
0.28 4.540287128543045e-09
0.28500000000000003 4.633532767525357e-09
0.29 4.663681907030922e-09
0.295 4.581353887935063e-09
0.3 4.635354910592316e-09
0.305 4.722249295258368e-09
0.31 4.7344789859153096e-09
0.315 4.795450865442807e-09
0.32 4.829781877963675e-09
0.325 4.836083441248554e-09
0.33 4.916459785809776e-09
0.335 4.87192533534344e-09
0.34 4.851657216035496e-09
0.34500000000000003 4.916818694632228e-09
0.35000000000000003 4.957818073334113e-09
0.355 4.878431087581093e-09
0.36 4.9319395864033904e-09
0.365 4.97719442632953e-09
0.37 4.967183365661439e-09
0.375 4.936968127855228e-09
0.38 4.955981634298218e-09
0.385 4.959363811121646e-09
0.39 4.913567235151428e-09
0.395 4.979071099452026e-09
0.4 5.015362999039548e-09
0.405 4.874142917443081e-09
0.41000000000000003 4.961973191042345e-09
0.41500000000000004 4.942756447234717e-09
0.42 4.929286720088697e-09
0.425 4.985743801536955e-09
0.43 4.9665570384207885e-09
0.435 4.914193937758276e-09
0.44 4.934446233937391e-09
0.445 4.894491259099365e-09
0.45 4.868440407974317e-09
0.455 4.820711456090647e-09
0.46 4.751406105400856e-09
0.465 4.726040630314912e-09
0.47000000000000003 4.7307598664500605e-09
0.47500000000000003 4.734732406421607e-09
0.48 4.65386894317554e-09
0.485 4.689932142544495e-09
0.49 4.64690090650585e-09
0.495 4.591341995462563e-09
0.5 4.618721480585668e-09
0.505 4.599602024372453e-09
0.51 4.506192527597685e-09
0.515 4.442795507170406e-09
0.52 4.402039670173259e-09
0.525 4.35880184269065e-09
0.53 4.431841378219546e-09
0.535 4.313614096062907e-09
0.54 4.285173298208498e-09
0.545 4.1293744216210085e-09
0.55 4.21019590405325e-09
0.555 4.098250496302055e-09
0.56 4.032777926616524e-09
0.5650000000000001 4.082665136205656e-09
0.5700000000000001 3.992083250451814e-09
0.5750000000000001 3.959208153953354e-09
0.58 3.9844205270350355e-09
0.585 3.841159099532317e-09
0.59 3.982889887327999e-09
0.595 3.796868890056968e-09
0.6 3.6549939913145486e-09
0.605 3.775993563867179e-09
0.61 3.683243094836797e-09
0.615 3.69260628448662e-09
0.62 3.5659045696656753e-09
0.625 3.572330871133007e-09
0.63 3.5114215429660787e-09
0.635 3.463327255531188e-09
0.64 3.403128348531643e-09
0.645 3.4567864595187736e-09
0.65 3.2404447342125833e-09
0.655 3.2403086507429405e-09
0.66 3.246086077420797e-09
0.665 3.1705198180655322e-09
0.67 3.1049415021283426e-09
0.675 3.0464573012742906e-09
0.68 3.1189421386688414e-09
0.685 3.0836615065394986e-09
0.6900000000000001 2.980529197764735e-09
0.6950000000000001 2.9692031101712364e-09
0.7000000000000001 2.8836470908273387e-09
0.705 2.8865591211229918e-09
0.71 2.855785174749699e-09
0.715 2.8060205876726568e-09
0.72 2.805362185026068e-09
0.725 2.7767407924644495e-09
0.73 2.7158954504694998e-09
0.735 2.6165205286588607e-09
0.74 2.6440305909660013e-09
0.745 2.552116785618444e-09
0.75 2.5445973298114884e-09
0.755 2.5981541983075255e-09
0.76 2.5113123408942933e-09
0.765 2.4961275816259266e-09
0.77 2.43148101725747e-09
0.775 2.45504147602463e-09
0.78 2.4069248569296147e-09
0.785 2.3190708979517343e-09
0.79 2.291359358450842e-09
0.795 2.363555169778847e-09
0.8 2.2911651424791735e-09
0.805 2.2996910632621825e-09
0.81 2.2341858634979676e-09
0.8150000000000001 2.2359146541007498e-09
0.8200000000000001 2.1375811009643875e-09
0.8250000000000001 2.1997060776675583e-09
0.8300000000000001 2.167658282029308e-09
0.835 2.0988440263619564e-09
0.84 2.07127787234714e-09
0.845 2.1098523004118867e-09
0.85 2.0846727247759813e-09
0.855 2.017583243183992e-09
0.86 1.9787192124569733e-09
0.865 1.9737031477578592e-09
0.87 1.9583234838414906e-09
0.875 1.9765121888758573e-09
0.88 1.9701312644474846e-09
0.885 1.906151072741235e-09
0.89 1.9059792873133774e-09
0.895 1.9052052814024276e-09
0.9 1.8564139917182713e-09
0.905 1.8270140561762093e-09
0.91 1.8298148150145108e-09
0.915 1.7325031129108812e-09
0.92 1.7577160666704786e-09
0.925 1.7676059547014014e-09
0.93 1.8112118984784982e-09
0.935 1.8284414330932753e-09
0.9400000000000001 1.7877267845774737e-09
0.9450000000000001 1.7808866163649164e-09
0.9500000000000001 1.7404510866247892e-09
0.9550000000000001 1.7054213052560352e-09
0.96 1.7520605079767314e-09
0.965 1.6761813054135202e-09
0.97 1.6575578028248757e-09
0.975 1.6687809674449686e-09
0.98 1.6687512420012357e-09
0.985 1.7236697441859975e-09
0.99 1.6633022365118942e-09
0.995 1.6865488507849057e-09
1.0 1.6769629756803344e-09
1.0050000000000001 1.6409801538494875e-09
1.01 1.6627830590011905e-09
1.0150000000000001 1.5785002187092606e-09
1.02 1.5565179517125175e-09
1.025 1.588309416629253e-09
1.03 1.5689728723845206e-09
1.035 1.6249722566665088e-09
1.04 1.5779585214878e-09
1.045 1.526668201682091e-09
1.05 1.5270029078179947e-09
1.055 1.4979585500887883e-09
1.06 1.5623151136017884e-09
1.065 1.4872039012430035e-09
1.07 1.5073550359983213e-09
1.075 1.5059153564775177e-09
1.08 1.5727529725868936e-09
1.085 1.4793790025610657e-09
1.09 1.485637481387505e-09
1.095 1.5153014747478462e-09
1.1 1.5388633707678733e-09
1.105 1.5135800550614291e-09
1.11 1.5609174671542515e-09
1.115 1.4825375746233722e-09
1.12 1.4555291436317267e-09
1.125 1.4723892528687547e-09
1.1300000000000001 1.4555193792970343e-09
1.135 1.4994535736558445e-09
1.1400000000000001 1.4342688557952448e-09
1.145 1.483934909446716e-09
1.1500000000000001 1.4509036444771832e-09
1.155 1.4456012723569861e-09
1.16 1.4257442541606355e-09
1.165 1.447193957138702e-09
1.17 1.481852877975858e-09
1.175 1.4346804672053824e-09
1.18 1.4356916032428558e-09
1.185 1.462461488277542e-09
1.19 1.426920013863613e-09
1.195 1.4633647394077486e-09
1.2 1.4558408364451014e-09
1.205 1.4322008173549248e-09
1.21 1.4083735271125226e-09
1.215 1.433717522280798e-09
1.22 1.3984230039934408e-09
1.225 1.4045073744726572e-09
1.23 1.4240466701798439e-09
1.235 1.395705080430869e-09
1.24 1.4527662880571758e-09
1.245 1.3935435814152456e-09
1.25 1.3957944571625499e-09
1.2550000000000001 1.389762375519767e-09
1.26 1.3987851810509873e-09
1.2650000000000001 1.3966053630220678e-09
1.27 1.42339657812913e-09
1.2750000000000001 1.3906904768777184e-09
1.28 1.4032534849092058e-09
1.285 1.4037463171104757e-09
1.29 1.3934887575856138e-09
1.295 1.389655093538634e-09
1.3 1.4081645309235574e-09
1.305 1.3735574035383684e-09
1.31 1.3973066747004016e-09
1.315 1.4288540656080488e-09
1.32 1.4188565717235127e-09
1.325 1.4058360792161362e-09
1.33 1.3834709496521349e-09
1.335 1.381744961858239e-09
1.34 1.3806572497955084e-09
1.345 1.3893956884090593e-09
1.35 1.3724594926097048e-09
1.355 1.3998092632708125e-09
1.36 1.3831233613813318e-09
1.365 1.388936634160184e-09
1.37 1.4065769438244443e-09
1.375 1.3799162204323855e-09
1.3800000000000001 1.3829805570217655e-09
1.385 1.3700062944786262e-09
1.3900000000000001 1.4210442519542764e-09
1.395 1.4034233336642007e-09
1.4000000000000001 1.3904949319812027e-09
1.405 1.3382010519778806e-09
1.41 1.4169661241654092e-09
1.415 1.3938317199946837e-09
1.42 1.402260725026749e-09
1.425 1.3620327012706308e-09
1.43 1.3809242812815653e-09
1.435 1.3584843277009475e-09
1.44 1.345541794910589e-09
1.445 1.3433147516988551e-09
1.45 1.335982205866979e-09
1.455 1.3710359441343907e-09
1.46 1.373982802447235e-09
1.465 1.4620114690902925e-09
1.47 1.3528494293633355e-09
1.475 1.3470156136147458e-09
1.48 1.3802419682165995e-09
1.485 1.3400274523147485e-09
1.49 1.3542843011421283e-09
1.495 1.3405206552522716e-09
1.5 1.3586298754280296e-09
1.5050000000000001 1.3303762643999846e-09
1.51 1.3570447558001375e-09
1.5150000000000001 1.3744166752811552e-09
1.52 1.361310846862789e-09
1.5250000000000001 1.3600176414571716e-09
1.53 1.3503521153492762e-09
1.5350000000000001 1.3447847403247203e-09
1.54 1.3861597564432173e-09
1.545 1.3494311719031077e-09
1.55 1.3380717410081169e-09
1.555 1.3474881979887162e-09
1.56 1.3404221557434974e-09
1.565 1.3645332598076138e-09
1.57 1.3214260762074478e-09
1.575 1.364051311257919e-09
1.58 1.3341339145733495e-09
1.585 1.3738195644580345e-09
1.59 1.3356585336049114e-09
1.595 1.327145732800997e-09
1.6 1.3312239106522891e-09
1.605 1.3385537246933865e-09
1.61 1.3684091646602192e-09
1.615 1.3345772600272828e-09
1.62 1.3647953047061606e-09
1.625 1.3268642307112925e-09
1.6300000000000001 1.3401831473309475e-09
1.635 1.3473684330626355e-09
1.6400000000000001 1.317712620186641e-09
1.645 1.3524192067533024e-09
1.6500000000000001 1.3387647009279092e-09
1.655 1.3161671127875459e-09
1.6600000000000001 1.3353839326914668e-09
1.665 1.325509084656345e-09
1.67 1.3099272646881287e-09
1.675 1.3176088957834744e-09
1.68 1.308367505331122e-09
1.685 1.3537460750414012e-09
1.69 1.3275594311250228e-09
1.695 1.3183402801344605e-09
1.7 1.329562491931581e-09
1.705 1.2872013372127234e-09
1.71 1.3268382424814512e-09
1.715 1.3275353518190726e-09
1.72 1.3036513528033074e-09
1.725 1.3386366779240529e-09
1.73 1.3068533178982929e-09
1.735 1.2962067473654403e-09
1.74 1.31600653251026e-09
1.745 1.3273758799733795e-09
1.75 1.3112192175172091e-09
1.7550000000000001 1.2984523687749143e-09
1.76 1.320822660018178e-09
1.7650000000000001 1.2837503977314487e-09
1.77 1.2907030601071787e-09
1.7750000000000001 1.2768308610479821e-09
1.78 1.3104658907074522e-09
1.7850000000000001 1.3302162951549364e-09
1.79 1.313217002401528e-09
1.795 1.295173030404676e-09
1.8 1.2879577016109322e-09
1.805 1.2857778973371117e-09
1.81 1.291103301345768e-09
1.815 1.2549233988421762e-09
1.82 1.2994202770171617e-09
1.825 1.2756852330584652e-09
1.83 1.2772640698989658e-09
1.835 1.2826231821896573e-09
1.84 1.2919408760000329e-09
1.845 1.2931331918282058e-09
1.85 1.2903838445560117e-09
1.855 1.2871944401547902e-09
1.86 1.2793413814317934e-09
1.865 1.281740926069964e-09
1.87 1.265170999470138e-09
1.875 1.2762771897194588e-09
1.8800000000000001 1.281896829590621e-09
1.885 1.276139385375403e-09
1.8900000000000001 1.2652755384665176e-09
1.895 1.260881122639889e-09
1.9000000000000001 1.2844647634144875e-09
1.905 1.256820346352258e-09
1.9100000000000001 1.2776875533005077e-09
1.915 1.2545922950519884e-09
1.92 1.250631080258758e-09
1.925 1.2663082241473873e-09
1.93 1.2555512162627808e-09
1.935 1.2396723520204083e-09
1.94 1.2492608893983127e-09
1.945 1.2340205484963395e-09
1.95 1.2231280755878164e-09
1.955 1.2355125791583197e-09
1.96 1.2421801438886606e-09
1.965 1.2545652274428954e-09
1.97 1.2163562340868894e-09
1.975 1.2518979101810067e-09
1.98 1.2389925284856161e-09
1.985 1.2310117919075637e-09
1.99 1.2313542421390003e-09
1.995 1.1926029708286106e-09
2.0 1.2350945207250476e-09
2.005 1.2105783451370966e-09
2.0100000000000002 1.2121653451055354e-09
2.015 1.2323144480445136e-09
2.02 1.2192580154824795e-09
2.025 1.22630024401588e-09
2.0300000000000002 1.2003490618085029e-09
2.035 1.1981253193962962e-09
2.04 1.1863078126995535e-09
2.045 1.2204653088995514e-09
2.05 1.1980669810708175e-09
2.055 1.213100476220404e-09
2.06 1.196244892268312e-09
2.065 1.1812772540827758e-09
2.07 1.1831197852279068e-09
2.075 1.1892268130399428e-09
2.08 1.195413877958773e-09
2.085 1.179329312074436e-09
2.09 1.1993289567323071e-09
2.095 1.1676501682853215e-09
2.1 1.1655452931719056e-09
2.105 1.190681407401284e-09
2.11 1.154265927589356e-09
2.115 1.1537748447930467e-09
2.12 1.16262822213081e-09
2.125 1.1603079201090347e-09
2.13 1.1673033789787155e-09
2.1350000000000002 1.1634116744654502e-09
2.14 1.1824603567468283e-09
2.145 1.1699007358972469e-09
2.15 1.1282672345699499e-09
2.1550000000000002 1.1633469436864112e-09
2.16 1.1858749819539495e-09
2.165 1.1243471289908e-09
2.17 1.1411900613227978e-09
2.1750000000000003 1.1167732891880455e-09
2.18 1.130958578570229e-09
2.185 1.1369768966342095e-09
2.19 1.1487931877281384e-09
2.195 1.1384862968091464e-09
2.2 1.1279520152353873e-09
2.205 1.120773153526325e-09
2.21 1.1324763853952001e-09
2.215 1.1177989784074635e-09
2.22 1.1429049535509941e-09
2.225 1.1138951233744416e-09
2.23 1.104318886504365e-09
2.235 1.1016713876766897e-09
2.24 1.1269485249965005e-09
2.245 1.093850669131496e-09
2.25 1.096899428164212e-09
2.255 1.1010816796055706e-09
2.2600000000000002 1.091006692516092e-09
2.265 1.0964800490987813e-09
2.27 1.1115398606792547e-09
2.275 1.0992589897740108e-09
2.2800000000000002 1.109819742575967e-09
2.285 1.0929840315961613e-09
2.29 1.0945061959300944e-09
2.295 1.095620902591384e-09
2.3000000000000003 1.08373389370324e-09
2.305 1.0555283077520787e-09
2.31 1.062189402507793e-09
2.315 1.0693301932701354e-09
2.32 1.0415355893035126e-09
2.325 1.053445774882647e-09
2.33 1.0715790259826629e-09
2.335 1.0655497549518713e-09
2.34 1.05583683500334e-09
2.345 1.0471099986763544e-09
2.35 1.0484700566735642e-09
2.355 1.0602044391488554e-09
2.36 1.0465641422619035e-09
2.365 1.0361791443850558e-09
2.37 1.0235610109174505e-09
2.375 1.0328076599402842e-09
2.38 1.0182826759486328e-09
2.3850000000000002 1.0121856782018469e-09
2.39 1.0142307608965496e-09
2.395 1.0220699836261525e-09
2.4 1.0059594517901975e-09
2.4050000000000002 1.0438238307540005e-09
2.41 1.0045259821966525e-09
2.415 1.0137055217985195e-09
2.42 1.0036672399205195e-09
2.4250000000000003 9.858043998451398e-10
2.43 1.0115145903722298e-09
2.435 9.833789062549638e-10
2.44 1.0004459513760376e-09
2.445 9.799313682671588e-10
2.45 9.727472520841357e-10
2.455 1.0059627059976434e-09
2.46 9.773736664329682e-10
2.465 9.591291463156754e-10
2.47 9.902898958033369e-10
2.475 9.630796556839813e-10
2.48 9.731787301682716e-10
2.485 9.705463670483936e-10
2.49 9.701877041735003e-10
2.495 9.741030217281195e-10
2.5 9.617821069111672e-10
2.505 9.638544691257673e-10
2.5100000000000002 9.371857439226307e-10
2.515 9.389510434244678e-10
2.52 9.295825043310931e-10
2.525 9.391961648823658e-10
2.5300000000000002 9.275288621474872e-10
2.535 9.072841849628454e-10
2.54 9.317611517502578e-10
2.545 9.213277896744605e-10
2.5500000000000003 9.114505979397404e-10
2.555 9.070469826832865e-10
2.56 9.299254696739376e-10
2.565 9.093626528088106e-10
2.57 9.266858984508163e-10
2.575 8.934415489350503e-10
2.58 9.16742969659115e-10
2.585 8.887889448332731e-10
2.59 9.156498659761651e-10
2.595 9.118532279847247e-10
2.6 8.662237682379623e-10
2.605 8.860320307690396e-10
2.61 8.933089026229016e-10
2.615 8.680773402144712e-10
2.62 8.723065454696736e-10
2.625 8.599227361232894e-10
2.63 8.723398211859775e-10
2.6350000000000002 8.642951463279915e-10
2.64 8.707436876415343e-10
2.645 8.518643854828282e-10
2.65 8.684466736635761e-10
2.6550000000000002 8.713878630410851e-10
2.66 8.61332383719238e-10
2.665 8.284887773744269e-10
2.67 8.469852933799211e-10
2.6750000000000003 8.274288175333318e-10
2.68 8.657650713977309e-10
2.685 8.438690238890475e-10
2.69 8.263511908900743e-10
2.695 8.217511426756521e-10
2.7 8.205480284331024e-10
2.705 8.211491672569543e-10
2.71 8.203902307325644e-10
2.715 8.107452367569299e-10
2.72 8.063424776247214e-10
2.725 7.921754312238544e-10
2.73 7.877935864618426e-10
2.735 7.942407996548732e-10
2.74 7.916975202754692e-10
2.745 7.95235643616352e-10
2.75 7.955417327229558e-10
2.755 7.729350397581456e-10
2.7600000000000002 7.959369069828579e-10
2.765 7.708826228085289e-10
2.77 7.685788900693327e-10
2.775 7.702402371685745e-10
2.7800000000000002 7.632524387280652e-10
2.785 7.604312021208496e-10
2.79 7.722833968659545e-10
2.795 7.576812698254097e-10
2.8000000000000003 7.405687807345753e-10
2.805 7.363598328425131e-10
2.81 7.568142163546653e-10
2.815 7.450220571134152e-10
2.82 7.402635475151626e-10
2.825 7.513137719041558e-10
2.83 7.365497635184792e-10
2.835 7.390038148903099e-10
2.84 7.119645978619941e-10
2.845 7.181834421790577e-10
2.85 7.27251035062001e-10
2.855 7.126068492692832e-10
2.86 7.181922248010461e-10
2.865 7.104241060051873e-10
2.87 7.071687428852093e-10
2.875 6.940755332524488e-10
2.88 7.318169202673965e-10
2.8850000000000002 7.002299371248994e-10
2.89 7.213322513043271e-10
2.895 6.885439792568398e-10
2.9 6.909212579708405e-10
2.9050000000000002 6.915548690523536e-10
2.91 6.744917440412094e-10
2.915 6.873502956478197e-10
2.92 6.756984919863396e-10
2.9250000000000003 6.622888893469002e-10
2.93 6.734793130090097e-10
2.935 6.683588964925778e-10
2.94 6.747836362606245e-10
2.945 6.412672843305729e-10
2.95 6.625212183143198e-10
2.955 6.403115320341813e-10
2.96 6.342362976936288e-10
2.965 6.5368082550423e-10
2.97 6.500992169143424e-10
2.975 6.552168361304797e-10
2.98 6.310200036499188e-10
2.985 6.309283878747322e-10
2.99 6.244242363814139e-10
2.995 6.483278234127724e-10
3.0 6.406163002426036e-10
3.005 6.112099539673676e-10
3.0100000000000002 6.042194374693787e-10
3.015 6.424887905957377e-10
3.02 6.101925905573282e-10
3.025 6.157609425899485e-10
3.0300000000000002 6.088299111876122e-10
3.035 6.00301702268566e-10
3.04 5.927383782692131e-10
3.045 6.092437786424692e-10
3.0500000000000003 5.971681668943469e-10
3.055 5.90534801205512e-10
3.06 5.961194488558953e-10
3.065 5.838075335944571e-10
3.0700000000000003 5.802622358185857e-10
3.075 5.706360755401573e-10
3.08 5.863251251588673e-10
3.085 5.734078515286181e-10
3.09 5.468621207558413e-10
3.095 5.734403970361066e-10
3.1 5.403838685567092e-10
3.105 5.538102317963058e-10
3.11 5.331188428713825e-10
3.115 5.422248438338783e-10
3.12 5.566332563876426e-10
3.125 5.66173971962895e-10
3.13 5.521817241355555e-10
3.1350000000000002 5.587175075680763e-10
3.14 5.348588526796878e-10
3.145 5.229320840802594e-10
3.15 5.279404460318351e-10
3.1550000000000002 5.368101769895818e-10
3.16 5.204501612512548e-10
3.165 5.414844563040799e-10
3.17 5.067476160320608e-10
3.1750000000000003 5.296129312188025e-10
3.18 5.109411123467694e-10
3.185 5.084129635865768e-10
3.19 5.32059069768172e-10
3.1950000000000003 4.997070063154021e-10
3.2 5.049672358646022e-10
3.205 4.926032953240966e-10
3.21 4.876478463904339e-10
3.215 4.996521430172266e-10
3.22 4.813965134849067e-10
3.225 4.967842961791103e-10
3.23 4.957307086888648e-10
3.235 4.882369178166665e-10
3.24 4.848131793086408e-10
3.245 4.738484086721283e-10
3.25 4.582269309545865e-10
3.255 4.702750380487445e-10
3.2600000000000002 4.674134661452615e-10
3.265 4.5305490653019085e-10
3.27 4.657291990062616e-10
3.275 4.826187995872246e-10
3.2800000000000002 4.662147266982971e-10
3.285 4.4795049384735196e-10
3.29 4.5706740259032943e-10
3.295 4.504785287055451e-10
3.3000000000000003 4.6008251407097853e-10
3.305 4.2841612048799726e-10
3.31 4.314176219175995e-10
3.315 4.4393032707929485e-10
3.3200000000000003 4.264495768852883e-10
3.325 4.36897527445039e-10
3.33 4.2956450314921675e-10
3.335 4.347905306561664e-10
3.34 4.2683585793253217e-10
3.345 4.054351002420131e-10
3.35 4.086649736730136e-10
3.355 4.076315308208829e-10
3.36 3.9935608716638203e-10
3.365 4.0280844133048947e-10
3.37 4.0611933058787964e-10
3.375 4.067826371019255e-10
3.38 3.8786878890339814e-10
3.3850000000000002 4.097822890217246e-10
3.39 4.060495455144082e-10
3.395 3.8314265967800944e-10
3.4 3.9031063934062717e-10
3.4050000000000002 3.751489142711725e-10
3.41 3.7949118541409805e-10
3.415 3.806833464923702e-10
3.42 3.7686065753506554e-10
3.4250000000000003 3.8136768590874364e-10
3.43 3.835648192693322e-10
3.435 3.852464342325496e-10
3.44 3.663536787925117e-10
3.4450000000000003 3.597592727046085e-10
3.45 3.6920883925721493e-10
3.455 3.638783518987167e-10
3.46 3.5858766492900954e-10
3.465 3.7343464267608206e-10
3.47 3.4939179568141966e-10
3.475 3.4807222958194367e-10
3.48 3.519806975997534e-10
3.485 3.5554660864588303e-10
3.49 3.333728273350765e-10
3.495 3.4802877810633427e-10
3.5 3.3874426010085856e-10
3.505 3.459693427020229e-10
3.5100000000000002 3.246779621191302e-10
3.515 3.4153363640656807e-10
3.52 3.2576555715398514e-10
3.525 3.391102425200463e-10
3.5300000000000002 3.263705036351089e-10
3.535 3.231868666655919e-10
3.54 3.246068494058255e-10
3.545 3.1837722585893534e-10
3.5500000000000003 3.240358394187175e-10
3.555 3.2515072801072017e-10
3.56 3.2628345214452385e-10
3.565 3.24688637079823e-10
3.5700000000000003 3.041473893015519e-10
3.575 3.0910985105648644e-10
3.58 3.030362028087484e-10
3.585 3.1176450405642306e-10
3.59 3.0117985848697115e-10
3.595 2.9653815954940046e-10
3.6 3.007820862963788e-10
3.605 3.0068670575291957e-10
3.61 3.0062105962209334e-10
3.615 2.999998756846801e-10
3.62 2.996594697619166e-10
3.625 2.9281651999310026e-10
3.63 2.930833317402946e-10
3.6350000000000002 3.027791731851826e-10
3.64 2.867616372082119e-10
3.645 2.847786122679776e-10
3.65 2.9824922474017046e-10
3.6550000000000002 2.8486020711630786e-10
3.66 2.7560843081328184e-10
3.665 2.7698659238079114e-10
3.67 2.80131657032137e-10
3.6750000000000003 2.6901947976706075e-10
3.68 2.7385437025944563e-10
3.685 2.6748285145076304e-10
3.69 2.6312060034230104e-10
3.6950000000000003 2.7051427402701536e-10
3.7 2.6062622853401946e-10
3.705 2.653995714963115e-10
3.71 2.614304552398306e-10
3.715 2.602147341037515e-10
3.72 2.5024382704927104e-10
3.725 2.6237611546650075e-10
3.73 2.4874721900819806e-10
3.735 2.3318660894336486e-10
3.74 2.5973466265064327e-10
3.745 2.4787604343202997e-10
3.75 2.544448258929438e-10
3.755 2.3793260369076205e-10
3.7600000000000002 2.4030491910784144e-10
3.765 2.4985051758087976e-10
3.77 2.419701393936274e-10
3.775 2.3011984545814296e-10
3.7800000000000002 2.398818705810764e-10
3.785 2.3210242025990832e-10
3.79 2.3672523491256695e-10
3.795 2.400015080225631e-10
3.8000000000000003 2.4525245865717687e-10
3.805 2.1759986175704546e-10
3.81 2.4105059228914485e-10
3.815 2.38077658353406e-10
3.8200000000000003 2.3159755295817897e-10
3.825 2.2409347309110353e-10
3.83 2.3095964650938944e-10
3.835 2.2223918673824462e-10
3.84 2.3078939150760538e-10
3.845 2.1733703491458928e-10
3.85 2.2036701023148236e-10
3.855 2.14647054096177e-10
3.86 2.1287830296509996e-10
3.865 2.221546298409944e-10
3.87 2.0230221908885056e-10
3.875 2.2622489852028998e-10
3.88 2.0771318333108192e-10
3.8850000000000002 2.0303972380941896e-10
3.89 2.1591828695453564e-10
3.895 1.9899597112616864e-10
3.9 2.0099840304835612e-10
3.9050000000000002 2.0650941849874228e-10
3.91 1.9888877147780185e-10
3.915 2.0814648581957268e-10
3.92 2.0115391722559147e-10
3.9250000000000003 1.9790104924043293e-10
3.93 2.0061512376569957e-10
3.935 1.9430004623010144e-10
3.94 1.9215875226437394e-10
3.9450000000000003 1.9418368129982526e-10
3.95 2.0088667206537525e-10
3.955 1.8866733882108073e-10
3.96 1.964248913124963e-10
3.9650000000000003 1.9737356647660042e-10
3.97 1.8652469568567903e-10
3.975 1.8632169647627985e-10
3.98 1.79380162884723e-10
3.985 1.8407263325519063e-10
3.99 1.8717363126459364e-10
3.995 1.8098194553654978e-10
4.0 1.8348668406392082e-10
4.005 2.0142056124996744e-10
4.01 1.7971517154601314e-10
4.015 1.8035265044771737e-10
4.0200000000000005 1.6895581482504367e-10
4.025 1.7331301731317502e-10
4.03 1.703928616384761e-10
4.035 1.6391631438359882e-10
4.04 1.709075772120191e-10
4.045 1.8084642947838484e-10
4.05 1.7805996132644293e-10
4.055 1.6896519116768994e-10
4.0600000000000005 1.644818617763061e-10
4.065 1.790517466392066e-10
4.07 1.7396101757118656e-10
4.075 1.6843566186004244e-10
4.08 1.6841226150293023e-10
4.085 1.602716281893796e-10
4.09 1.752278115727017e-10
4.095 1.7036451591499547e-10
4.1 1.5304189942444523e-10
4.105 1.5143734373453237e-10
4.11 1.6231361514047823e-10
4.115 1.6077268034547775e-10
4.12 1.6487102825523433e-10
4.125 1.5844214055421935e-10
4.13 1.680820364045295e-10
4.135 1.6048390790319594e-10
4.14 1.6671976728045455e-10
4.1450000000000005 1.6873424303761665e-10
4.15 1.481191920821002e-10
4.155 1.489218914440313e-10
4.16 1.6076064917041692e-10
4.165 1.5487161906501258e-10
4.17 1.5400139323703732e-10
4.175 1.5198412595281236e-10
4.18 1.5079751148266607e-10
4.1850000000000005 1.5137982064600554e-10
4.19 1.403044153981336e-10
4.195 1.4656443902770948e-10
4.2 1.4273448544392933e-10
4.205 1.581796454386467e-10
4.21 1.5104978714418978e-10
4.215 1.3923826785448333e-10
4.22 1.4708677377757226e-10
4.225 1.4178678058722982e-10
4.23 1.406344419951491e-10
4.235 1.4067070354497928e-10
4.24 1.43596548087934e-10
4.245 1.2953424663961027e-10
4.25 1.387757608551031e-10
4.255 1.3836096980945756e-10
4.26 1.400362009308305e-10
4.265 1.354146781133037e-10
4.2700000000000005 1.3683189994545177e-10
4.275 1.3265005671031856e-10
4.28 1.264802175556658e-10
4.285 1.2945597389014775e-10
4.29 1.2672789836229004e-10
4.295 1.4206102016137727e-10
4.3 1.3932256573197403e-10
4.305 1.333188930410961e-10
4.3100000000000005 1.3550633732128207e-10
4.315 1.2883450743072993e-10
4.32 1.319911922349216e-10
4.325 1.2850472749974563e-10
4.33 1.2964353979062684e-10
4.335 1.3315896303843444e-10
4.34 1.2038565220087968e-10
4.345 1.2738030184132306e-10
4.3500000000000005 1.2663761697028845e-10
4.355 1.3013348226850727e-10
4.36 1.2079223399803657e-10
4.365 1.279796668841411e-10
4.37 1.1613364013729873e-10
4.375 1.238644371492686e-10
4.38 1.2345304960054682e-10
4.385 1.2237519285021468e-10
4.39 1.2031904843866853e-10
4.3950000000000005 1.2697034352113451e-10
4.4 1.152914424017932e-10
4.405 1.0933980671948477e-10
4.41 1.3210144894897024e-10
4.415 1.225969848161118e-10
4.42 1.1569454088918385e-10
4.425 1.1327926228970658e-10
4.43 1.320137168393585e-10
4.4350000000000005 1.1604705588109921e-10
4.44 1.190481340153676e-10
4.445 1.1937789667513795e-10
4.45 1.0607604119105364e-10
4.455 1.1866121302865708e-10
4.46 1.1755080583897837e-10
4.465 1.1460435338532818e-10
4.47 1.1470807357856414e-10
4.4750000000000005 1.106207522675493e-10
4.48 1.1743331077702564e-10
4.485 1.0652033760426296e-10
4.49 1.0968376722926093e-10
4.495 1.0921487568391313e-10
4.5 1.1223450425098213e-10
4.505 1.0926705174878829e-10
4.51 1.0873884237136537e-10
4.515 1.1133604673487814e-10
4.5200000000000005 9.856684268452286e-11
4.525 1.1745131014123213e-10
4.53 1.0706818285878546e-10
4.535 9.987947409948001e-11
4.54 9.471887538748078e-11
4.545 1.0572972069216716e-10
4.55 1.0509065552397268e-10
4.555 1.0495386425109509e-10
4.5600000000000005 1.1075331404570575e-10
4.565 1.0460451896830236e-10
4.57 1.0645410841675171e-10
4.575 1.0098064879061824e-10
4.58 1.012498442698944e-10
4.585 1.0461891222585346e-10
4.59 1.048327785876493e-10
4.595 9.581854314188564e-11
4.6000000000000005 9.933479034217916e-11
4.605 1.0518331014296323e-10
4.61 9.621528923034335e-11
4.615 9.335742752959421e-11
4.62 9.242061611503443e-11
4.625 1.0329525465473569e-10
4.63 9.588093700967997e-11
4.635 1.0053309159416775e-10
4.64 9.523399310320765e-11
4.6450000000000005 9.945957123546357e-11
4.65 9.44521730331901e-11
4.655 9.964870199573879e-11
4.66 9.963254212270118e-11
4.665 1.0975463150222581e-10
4.67 9.5127920288057e-11
4.675 9.513964185362397e-11
4.68 1.0146986817447774e-10
4.6850000000000005 9.728184791604134e-11
4.69 8.856984886737716e-11
4.695 1.0032442940630102e-10
4.7 9.394577157741474e-11
4.705 9.118723886668529e-11
4.71 9.460289162663832e-11
4.715 9.505790273061722e-11
4.72 8.981446247492585e-11
4.7250000000000005 9.574006988944708e-11
4.73 9.019054375556482e-11
4.735 8.770278987217321e-11
4.74 7.99414797806584e-11
4.745 9.657484735826954e-11
4.75 8.844219795307273e-11
4.755 8.704266576857286e-11
4.76 8.832990184037444e-11
4.765 9.297461443969426e-11
4.7700000000000005 8.4381368253111e-11
4.775 8.648189143321218e-11
4.78 8.801148674995177e-11
4.785 8.947199444077463e-11
4.79 8.570224624784458e-11
4.795 8.146140824642752e-11
4.8 7.925142940868514e-11
4.805 8.451354329687573e-11
4.8100000000000005 7.931106649926519e-11
4.815 8.19193857733834e-11
4.82 8.231171589641025e-11
4.825 8.32490947376511e-11
4.83 8.982673449614923e-11
4.835 8.121352414960544e-11
4.84 7.175015377666316e-11
4.845 8.397715547150283e-11
4.8500000000000005 8.955736795249896e-11
4.855 7.723760442228277e-11
4.86 8.009782039555225e-11
4.865 8.135829814866908e-11
4.87 7.185516754059561e-11
4.875 8.076372094117834e-11
4.88 8.413478712923446e-11
4.885 7.149193012613643e-11
4.89 8.11368337297586e-11
4.8950000000000005 7.38962354035154e-11
4.9 6.962884121028418e-11
4.905 8.22997791648226e-11
4.91 7.744661761369297e-11
4.915 7.787248597020329e-11
4.92 7.672580254439924e-11
4.925 7.076701449230691e-11
4.93 7.598151225644803e-11
4.9350000000000005 7.432815623562422e-11
4.94 7.656985827844966e-11
4.945 7.425906959241368e-11
4.95 7.44188743171341e-11
4.955 6.85724907966874e-11
4.96 7.098937089165057e-11
4.965 7.710336765008393e-11
4.97 7.524221900860082e-11
4.9750000000000005 7.931090120584892e-11
4.98 6.90439783075571e-11
4.985 8.145471628305969e-11
4.99 6.67384806218038e-11
4.995 7.726683558436188e-11
5.0 7.927002169384448e-11
5.005 6.648983601555804e-11
5.01 6.931695149171168e-11
5.015 7.832496825817546e-11
5.0200000000000005 6.988875234440534e-11
5.025 7.051942256251578e-11
5.03 7.099296832827177e-11
5.035 7.489146697316552e-11
5.04 6.39922088763828e-11
5.045 6.272156556752975e-11
5.05 6.966549348292055e-11
5.055 6.848067368943931e-11
5.0600000000000005 6.001778156058858e-11
5.065 6.93330271762217e-11
5.07 6.534913930669157e-11
5.075 6.981635131364643e-11
5.08 6.784319133620859e-11
5.085 6.718407859828256e-11
5.09 6.527453149530881e-11
5.095 6.952219994791559e-11
5.1000000000000005 5.385137657475761e-11
5.105 6.64803549966173e-11
5.11 6.772987203505956e-11
5.115 6.42693013893613e-11
5.12 6.735162707721313e-11
5.125 6.280327650706965e-11
5.13 8.162343438358723e-11
5.135 6.28070508654451e-11
5.14 6.776529568120993e-11
5.1450000000000005 6.476468826690758e-11
5.15 5.8162521617985134e-11
5.155 6.778494521853161e-11
5.16 6.138919700387855e-11
5.165 6.105661991838816e-11
5.17 6.240488853803749e-11
5.175 6.249071458016752e-11
5.18 5.883430938675578e-11
5.1850000000000005 6.018187090696462e-11
5.19 6.42531713925125e-11
5.195 5.6660025881489533e-11
5.2 5.304638528745664e-11
5.205 5.969150389918441e-11
5.21 5.7359435373390323e-11
5.215 6.193969820434732e-11
5.22 5.824282724093439e-11
5.2250000000000005 5.745975214095519e-11
5.23 6.592453974028594e-11
5.235 6.203180617642845e-11
5.24 5.438790229677243e-11
5.245 5.894189269444467e-11
5.25 5.692127967793023e-11
5.255 5.5387795482847e-11
5.26 5.576002054823184e-11
5.265 5.153528104874976e-11
5.2700000000000005 5.771496954511235e-11
5.275 6.30166086159265e-11
5.28 5.385322027015291e-11
5.285 4.9551557097906144e-11
5.29 6.234265341503787e-11
5.295 5.5231128558490763e-11
5.3 5.176463172709356e-11
5.305 5.946884884593111e-11
5.3100000000000005 5.2706301878978626e-11
5.315 5.903428890276597e-11
5.32 5.134651436607927e-11
5.325 6.095610102585632e-11
5.33 5.6053234028806735e-11
5.335 4.981860516050686e-11
5.34 5.269612461426162e-11
5.345 5.5404824299915925e-11
5.3500000000000005 5.431464088387994e-11
5.355 5.4603449199988204e-11
5.36 5.1304528445539495e-11
5.365 5.576697787582351e-11
5.37 5.1561053752338695e-11
5.375 5.626102134064972e-11
5.38 5.3317060931297215e-11
5.385 4.9274959458243423e-11
5.39 5.876985408176546e-11
5.3950000000000005 5.433950875792741e-11
5.4 5.0163622525979215e-11
5.405 4.653574215600736e-11
5.41 5.436584140753672e-11
5.415 5.293182539152125e-11
5.42 4.8688871371336133e-11
5.425 4.8659079209937627e-11
5.43 5.463273124175842e-11
5.4350000000000005 4.793643225082101e-11
5.44 5.042961353596063e-11
5.445 5.303278492195284e-11
5.45 5.0179605838574786e-11
5.455 5.632171236709088e-11
5.46 5.4140873904420315e-11
5.465 5.3954382366262516e-11
5.47 5.2041974741305504e-11
5.4750000000000005 5.793359954380776e-11
5.48 4.67777818236927e-11
5.485 4.5266542681133503e-11
5.49 4.705721001873525e-11
5.495 5.030033086610848e-11
5.5 5.069017729763874e-11
5.505 5.377363665136503e-11
5.51 4.3673219981827624e-11
5.515 4.876113133458669e-11
5.5200000000000005 4.448750413825483e-11
5.525 5.248731258724741e-11
5.53 4.518098208879599e-11
5.535 4.795756935854745e-11
5.54 3.919940581650487e-11
5.545 4.455278353389492e-11
5.55 4.4548881221413965e-11
5.555 4.433518928065036e-11
5.5600000000000005 4.712753537047778e-11
5.565 5.2844068731059864e-11
5.57 5.0848337017875845e-11
5.575 4.38062910510562e-11
5.58 4.5249261985146834e-11
5.585 3.8496127780290273e-11
5.59 4.481186074888302e-11
5.595 4.942372466237109e-11
5.6000000000000005 4.3578139787764104e-11
5.605 3.789903588128216e-11
5.61 4.490645931990381e-11
5.615 4.1868932705366135e-11
5.62 4.715485768445711e-11
5.625 3.758608531856918e-11
5.63 3.7691606631373104e-11
5.635 5.3048606798168826e-11
5.64 4.342040578040767e-11
5.6450000000000005 4.183031791245442e-11
5.65 4.599822588767596e-11
5.655 4.5197660891367214e-11
5.66 4.743627384159332e-11
5.665 4.4781994139551496e-11
5.67 4.1587026558369155e-11
5.675 4.227391207631871e-11
5.68 4.0385658000223083e-11
5.6850000000000005 4.246474770053749e-11
5.69 4.159487562156748e-11
5.695 4.3755667556802237e-11
5.7 4.063097084945152e-11
5.705 4.054058714813475e-11
5.71 4.4083481463923785e-11
5.715 4.004039081946898e-11
5.72 4.900147352478797e-11
5.7250000000000005 4.28891068317457e-11
5.73 4.2855523797882517e-11
5.735 4.0179665345308864e-11
5.74 3.8554953239665277e-11
5.745 3.576801319226634e-11
5.75 3.917851173412828e-11
5.755 4.15417637684066e-11
5.76 3.752373490086545e-11
5.765 3.58402897965142e-11
5.7700000000000005 4.279932758170772e-11
5.775 3.828152835216354e-11
5.78 3.0750110210955525e-11
5.785 3.256746686138687e-11
5.79 4.0091314163028364e-11
5.795 3.6939754750028124e-11
5.8 4.2197077096175604e-11
5.805 3.460859931887458e-11
5.8100000000000005 4.1906514527141174e-11
5.815 3.677722639586172e-11
5.82 3.77670611122525e-11
5.825 4.404811342792642e-11
5.83 3.716188296340398e-11
5.835 4.017916023873773e-11
5.84 3.1763219850571554e-11
5.845 3.9543206692226046e-11
5.8500000000000005 3.482711658648837e-11
5.855 3.367571671356264e-11
5.86 3.650923626569484e-11
5.865 4.53238037015118e-11
5.87 3.405813232154334e-11
5.875 3.518020872196191e-11
5.88 3.8054547852672757e-11
5.885 3.7030763361821745e-11
5.89 3.7462408413943544e-11
5.8950000000000005 3.8373269719152e-11
5.9 3.658616758609954e-11
5.905 3.285013126488353e-11
5.91 3.591821662063502e-11
5.915 3.176939113791345e-11
5.92 3.72035643801585e-11
5.925 3.479676323389161e-11
5.93 3.2679748174067636e-11
5.9350000000000005 3.495660215293926e-11
5.94 3.325118729646917e-11
5.945 3.1080083618780335e-11
5.95 3.370666366026508e-11
5.955 2.636217943513555e-11
5.96 3.764210806862045e-11
5.965 3.180747989997835e-11
5.97 3.3914622750925664e-11
5.9750000000000005 2.8933618126667087e-11
5.98 3.268135332940543e-11
5.985 3.4669515269455473e-11
5.99 2.9270906111357115e-11
5.995 2.6369976853858106e-11
6.0 3.69796089296319e-11
6.005 3.0822384344157544e-11
6.01 2.931746436300982e-11
6.015000000000001 3.5075452092393226e-11
6.0200000000000005 3.6746640143107954e-11
6.025 3.42194501427544e-11
6.03 2.7432762619205577e-11
6.035 2.8108824140819774e-11
6.04 3.1646536690954104e-11
6.045 2.7603421655506602e-11
6.05 3.002801537523143e-11
6.055 3.0040370552093216e-11
6.0600000000000005 2.6952864144072115e-11
6.065 3.37580483772891e-11
6.07 3.0857967303880605e-11
6.075 3.0769761490788196e-11
6.08 3.166622699651264e-11
6.085 3.457086992215576e-11
6.09 3.61812958081189e-11
6.095 3.1999298759579446e-11
6.1000000000000005 2.878750848047335e-11
6.105 2.6192740007794068e-11
6.11 2.4866730749285466e-11
6.115 2.859957612077665e-11
6.12 2.817009707886099e-11
6.125 2.363297384441669e-11
6.13 2.3405770473735078e-11
6.135 3.49390623315425e-11
6.140000000000001 3.103690126423134e-11
6.1450000000000005 2.8591485032532803e-11
6.15 3.0478926598782204e-11
6.155 2.951304733560339e-11
6.16 3.031521915401126e-11
6.165 3.0278778683418784e-11
6.17 3.6525484756342377e-11
6.175 3.409450218483371e-11
6.18 2.56072651969861e-11
6.1850000000000005 3.005622172585633e-11
6.19 2.7795958604640496e-11
6.195 2.8689110730968492e-11
6.2 3.127272636217379e-11
6.205 2.7910557125999226e-11
6.21 2.4549356732197642e-11
6.215 2.6764517095938217e-11
6.22 2.932903772567657e-11
6.2250000000000005 2.941765258176688e-11
6.23 2.7500129273517767e-11
6.235 2.4482584675069486e-11
6.24 2.8214650851442648e-11
6.245 2.5192305646426516e-11
6.25 2.6999867778180547e-11
6.255 3.2670152080054507e-11
6.26 2.6181390124178077e-11
6.265000000000001 3.0712109182134585e-11
6.2700000000000005 2.2302995888777018e-11
6.275 2.4940431902957055e-11
6.28 2.5143702580089486e-11
6.285 2.844649982574233e-11
6.29 2.2488599059798447e-11
6.295 2.453552150824828e-11
6.3 3.7309019418843356e-11
6.305 3.2745697025503336e-11
6.3100000000000005 2.5768368092565236e-11
6.315 2.8885068114951535e-11
6.32 2.202576242232327e-11
6.325 2.348771068695352e-11
6.33 2.302527592399864e-11
6.335 2.7969667431197353e-11
6.34 2.48933052891221e-11
6.345 2.6029617294816888e-11
6.3500000000000005 2.3249060949585563e-11
6.355 2.5977154552739442e-11
6.36 2.224974243314053e-11
6.365 2.4581068088080447e-11
6.37 3.0601935020495405e-11
6.375 2.773903913635518e-11
6.38 2.4319168416336405e-11
6.385 2.7480711941792104e-11
6.390000000000001 2.6043065837505804e-11
6.3950000000000005 2.4459624178284643e-11
6.4 2.75957540378041e-11
6.405 2.4421113670723995e-11
6.41 2.2382701991224215e-11
6.415 2.311092629977848e-11
6.42 2.129980653735423e-11
6.425 2.2688428442710523e-11
6.43 2.3371387625479556e-11
6.4350000000000005 2.3420191700015602e-11
6.44 1.9415926223696692e-11
6.445 2.3598779729177124e-11
6.45 2.1996499187317583e-11
6.455 1.8637865382159012e-11
6.46 2.5595224475828607e-11
6.465 2.258739230445531e-11
6.47 1.9547927767227123e-11
6.4750000000000005 2.2602743149167197e-11
6.48 2.2142526103201895e-11
6.485 2.4594397013944883e-11
6.49 2.499139714219976e-11
6.495 1.8186488311472148e-11
6.5 1.7461129293406058e-11
6.505 2.1490663511811118e-11
6.51 2.108431389304295e-11
6.515000000000001 2.725952165182722e-11
6.5200000000000005 2.518929713688522e-11
6.525 2.580838913337385e-11
6.53 1.8968514871211277e-11
6.535 2.3647115969520653e-11
6.54 2.0778893808059556e-11
6.545 2.5357930869794823e-11
6.55 2.473363439372213e-11
6.555 2.029805855902445e-11
6.5600000000000005 2.1290987801526093e-11
6.565 2.2777288268580794e-11
6.57 2.106662516993815e-11
6.575 2.2683427962311752e-11
6.58 1.8536895252352945e-11
6.585 1.870226452816424e-11
6.59 2.142712304265151e-11
6.595 2.1263369816049446e-11
6.6000000000000005 2.506617547942952e-11
6.605 2.5546069247902896e-11
6.61 2.0331572557245857e-11
6.615 1.901837721664568e-11
6.62 1.809061854534905e-11
6.625 1.79874172997241e-11
6.63 2.2852603707786194e-11
6.635 2.378323761442691e-11
6.640000000000001 2.1980613230849445e-11
6.6450000000000005 2.666811412262895e-11
6.65 1.413494449326421e-11
6.655 1.3929444150058978e-11
6.66 2.0938698527642743e-11
6.665 1.988462474132427e-11
6.67 2.0792592653539414e-11
6.675 1.942980589418158e-11
6.68 2.0962728502905807e-11
6.6850000000000005 1.985479014378284e-11
6.69 1.975700210950634e-11
6.695 2.250840863273123e-11
6.7 1.8327704770083122e-11
6.705 1.8357612356818015e-11
6.71 1.7520019701037026e-11
6.715 1.9173458610423083e-11
6.72 2.162194456373144e-11
6.7250000000000005 2.2673675858924027e-11
6.73 1.9820594657162083e-11
6.735 1.8239928828984022e-11
6.74 1.9732638622212618e-11
6.745 2.1342203855020506e-11
6.75 2.1166613038733116e-11
6.755 1.6991060245994786e-11
6.76 1.9320397182976452e-11
6.765000000000001 1.494869582520893e-11
6.7700000000000005 1.8543260052571373e-11
6.775 1.496170217004158e-11
6.78 2.1059085919767473e-11
6.785 2.286906711783694e-11
6.79 1.1822928182497887e-11
6.795 1.578959907212862e-11
6.8 1.2193827841697263e-11
6.805 1.9813829699647516e-11
6.8100000000000005 1.5507724002533038e-11
6.815 1.9332211805842186e-11
6.82 1.8636602734001136e-11
6.825 1.713250883487426e-11
6.83 1.877500474850878e-11
6.835 1.961471388631159e-11
6.84 1.7693680471225447e-11
6.845 2.1519572973399532e-11
6.8500000000000005 1.7810216941715542e-11
6.855 1.9061083435810883e-11
6.86 1.5958049650007767e-11
6.865 1.593669669101324e-11
6.87 1.9014957233465178e-11
6.875 1.3147706876109987e-11
6.88 1.6251288934598383e-11
6.885 2.142712793397319e-11
6.890000000000001 1.51473795839264e-11
6.8950000000000005 1.508697801008528e-11
6.9 1.793245923003997e-11
6.905 1.7188799943220813e-11
6.91 1.444294499619184e-11
6.915 1.723442909678194e-11
6.92 2.2632232108610866e-11
6.925 1.7442069280374932e-11
6.93 1.8714849151684807e-11
6.9350000000000005 1.2550988984037581e-11
6.94 2.5747112786354398e-11
6.945 1.4410001422253336e-11
6.95 1.4467712842211163e-11
6.955 1.4971721190581262e-11
6.96 1.4177018528760964e-11
6.965 1.963193815579654e-11
6.97 1.3957390904549221e-11
6.9750000000000005 1.3931917841974149e-11
6.98 1.4484244288663737e-11
6.985 1.849281666172027e-11
6.99 1.527776599996984e-11
6.995 1.3167945958655749e-11
7.0 1.1178181125132085e-11
7.005 1.5873972890945156e-11
7.01 1.6525287602550835e-11
7.015000000000001 1.4620512504302918e-11
7.0200000000000005 1.6941772230206788e-11
7.025 1.778524688704356e-11
7.03 1.4435817559120279e-11
7.035 1.3278250820179071e-11
7.04 1.4953008132992304e-11
7.045 1.54131881056638e-11
7.05 1.361997271533052e-11
7.055 1.798960859603896e-11
7.0600000000000005 1.6155513577896907e-11
7.065 1.4488618192677702e-11
7.07 1.551390429918547e-11
7.075 1.5718816644463168e-11
7.08 1.7863935710902015e-11
7.085 1.2605422597908535e-11
7.09 1.3856583062859687e-11
7.095 1.516010911549179e-11
7.1000000000000005 1.2686030101733528e-11
7.105 1.7398978153732283e-11
7.11 1.5199855137049145e-11
7.115 1.4298105279965337e-11
7.12 1.741901528463074e-11
7.125 1.5620202077001025e-11
7.13 1.5046075910285214e-11
7.135 1.1270124848043391e-11
7.140000000000001 1.623625158066094e-11
7.1450000000000005 1.3602372380936537e-11
7.15 1.2246887314864076e-11
7.155 1.176344750420411e-11
7.16 1.3084379900536294e-11
7.165 1.469302847882365e-11
7.17 1.1463501109312088e-11
7.175 1.3661509522957256e-11
7.18 1.443072375745024e-11
7.1850000000000005 1.1041246813694258e-11
7.19 1.600124135362711e-11
7.195 1.3202791542372523e-11
7.2 1.1423359117073413e-11
7.205 1.2661405279950535e-11
7.21 1.18901442510083e-11
7.215 1.1525073357705485e-11
7.22 1.4091316319695142e-11
7.2250000000000005 1.3474080215117286e-11
7.23 1.502436180141643e-11
7.235 1.207628248601453e-11
7.24 1.7358116772430833e-11
7.245 1.0162243444497014e-11
7.25 1.3706617925206405e-11
7.255 1.360604172096445e-11
7.26 1.0452567300196724e-11
7.265000000000001 1.4156463198621684e-11
7.2700000000000005 1.649834627779553e-11
7.275 1.2849168094289031e-11
7.28 1.4965834616557174e-11
7.285 1.4015460046191701e-11
7.29 1.4254493309311317e-11
7.295 1.3054772341468346e-11
7.3 1.3284303721126073e-11
7.305 1.6534894912468864e-11
7.3100000000000005 1.4078092371140544e-11
7.315 1.2527833925767829e-11
7.32 1.1918304461810517e-11
7.325 1.1222621019362681e-11
7.33 1.4245755788847106e-11
7.335 8.816661271334941e-12
7.34 9.590830512034394e-12
7.345 1.2750161631502845e-11
7.3500000000000005 1.5571952154090016e-11
7.355 1.1640331076326742e-11
7.36 1.578787238065968e-11
7.365 1.4411473399644628e-11
7.37 1.1520398486748284e-11
7.375 1.1038041999873296e-11
7.38 1.5974801830460115e-11
7.385 1.40701564730097e-11
7.390000000000001 1.0924115217594618e-11
7.3950000000000005 1.2160597293093149e-11
7.4 1.0844135904570609e-11
7.405 1.263987037911778e-11
7.41 9.983279119731172e-12
7.415 1.1574863754727016e-11
7.42 1.2216348114008489e-11
7.425 1.341472363117755e-11
7.43 1.544585377134098e-11
7.4350000000000005 1.1011129525695792e-11
7.44 1.490313337930893e-11
7.445 9.33005693658047e-12
7.45 1.1579934226767579e-11
7.455 1.0688950153628645e-11
7.46 1.2197496524132009e-11
7.465 1.2823030036618669e-11
7.47 1.0171576961191133e-11
7.4750000000000005 1.258667105028412e-11
7.48 1.4411724017815477e-11
7.485 1.1925328778096863e-11
7.49 1.0535524536540564e-11
7.495 1.070113000978575e-11
7.5 1.1989032984322048e-11
7.505 1.1007333461539161e-11
7.51 1.3160699721606471e-11
7.515000000000001 9.951999694229374e-12
7.5200000000000005 1.0515756359303766e-11
7.525 8.893192987335344e-12
7.53 9.515599286862633e-12
7.535 1.11820801347822e-11
7.54 1.0780310753957553e-11
7.545 1.0714520591102777e-11
7.55 1.0601470868746036e-11
7.555 1.0994137343380122e-11
7.5600000000000005 1.1697278323059307e-11
7.565 1.2228979368311464e-11
7.57 7.187466181979107e-12
7.575 1.0103817122605687e-11
7.58 1.2175208684756255e-11
7.585 1.3583934268936778e-11
7.59 1.2394514502658916e-11
7.595 1.0355132112797164e-11
7.6000000000000005 9.889093960815965e-12
7.605 7.976892287970174e-12
7.61 1.2226785071476e-11
7.615 8.749110908479638e-12
7.62 1.2831373198495015e-11
7.625 1.0706489996308536e-11
7.63 1.2767179487940156e-11
7.635 1.0797581412518192e-11
7.640000000000001 1.0461732497706902e-11
7.6450000000000005 1.1320314247189844e-11
7.65 1.3277621155300635e-11
7.655 1.0373912126200654e-11
7.66 1.0930116531111204e-11
7.665 9.739978254809036e-12
7.67 1.137625622486519e-11
7.675 1.2382932333300543e-11
7.68 7.609291196927652e-12
7.6850000000000005 9.826915505171145e-12
7.69 6.826162019951336e-12
7.695 8.725648461651479e-12
7.7 8.260338077257618e-12
7.705 7.727330801607308e-12
7.71 7.806807180417824e-12
7.715 1.17796270822168e-11
7.72 9.113152934779116e-12
7.7250000000000005 1.0344593978400302e-11
7.73 9.291994626733788e-12
7.735 9.715556486492677e-12
7.74 8.586570393885321e-12
7.745 1.0530688714623434e-11
7.75 9.438407247661682e-12
7.755 1.219550783430255e-11
7.76 1.2663018660765962e-11
7.765000000000001 8.412349057193184e-12
7.7700000000000005 8.814597970995445e-12
7.775 1.0382533548450617e-11
7.78 7.227015099080875e-12
7.785 1.024684304765011e-11
7.79 9.933382380156279e-12
7.795 1.0958258894000383e-11
7.8 1.242503605738642e-11
7.805000000000001 7.9194718160072e-12
7.8100000000000005 9.936752300534457e-12
7.815 7.35329033887386e-12
7.82 7.89295520651784e-12
7.825 9.265897703617419e-12
7.83 8.005103953358117e-12
7.835 9.591316478902631e-12
7.84 8.197913018128184e-12
7.845 1.0096767624027811e-11
7.8500000000000005 1.2179441719035535e-11
7.855 1.400627765369852e-11
7.86 1.1088678407262061e-11
7.865 1.2526158141538726e-11
7.87 7.870185363974124e-12
7.875 6.8965808532906995e-12
7.88 6.121992050298271e-12
7.885 1.0545663476941715e-11
7.890000000000001 9.321026456013433e-12
7.8950000000000005 8.883692865875483e-12
7.9 9.70243027494236e-12
7.905 1.1088955404683717e-11
7.91 8.054502728313322e-12
7.915 6.072112875481293e-12
7.92 7.573892940375885e-12
7.925 7.213162795132117e-12
7.930000000000001 9.692923875075629e-12
7.9350000000000005 8.866807206608833e-12
7.94 1.0542393226875496e-11
7.945 8.134153434796577e-12
7.95 9.554819336309859e-12
7.955 7.189156287992448e-12
7.96 8.395733974844855e-12
7.965 1.184897395633671e-11
7.97 1.0187628198757334e-11
7.9750000000000005 7.240812746672359e-12
7.98 7.491486198198888e-12
7.985 9.667336921988868e-12
7.99 1.1186127368303812e-11
7.995 1.0500111649347703e-11
8.0 5.296001855708797e-12
8.25 3.8186817588935206e-10
8.5 3.3288257022430327e-10
8.75 2.8830444808963966e-10
9.0 2.3884032944789406e-10
9.25 2.1585197801354343e-10
9.5 1.9720312887354752e-10
9.75 1.4392063680439343e-10
10.0 1.3281338723358598e-10
10.25 1.0682953607725493e-10
10.5 1.1744549693533497e-10
10.75 8.536739240967527e-11
11.0 7.245514338474389e-11
11.25 6.188505752279409e-11
11.5 5.4196661446105964e-11
11.75 5.286278157410296e-11
12.0 5.2939165490507896e-11
12.25 4.037032137239956e-11
12.5 3.027725164651166e-11
12.75 2.8224114578087996e-11
13.0 2.8862386923380434e-11
13.25 1.8135784678802454e-11
13.5 1.4415952369523288e-11
13.75 1.2504462496007134e-11
14.0 1.964472715949941e-11
14.25 1.0129349448147955e-11
14.5 1.1919871855266234e-11
14.75 1.5113603162507172e-11
15.0 1.3463600316326442e-11
15.25 8.315038501605191e-12
15.5 3.922787800086041e-12
15.75 4.661494784635839e-12
16.0 6.4578799096562305e-12
16.25 6.491947372312302e-12
16.5 2.671069625950302e-12
16.75 2.687802080756347e-12
17.0 2.1050198287924742e-12
17.25 3.4368726962369236e-12
17.5 6.208313467886609e-12
17.75 6.500388452365654e-13
18.0 1.7936106152624371e-12
18.25 1.9534298175702193e-12
18.5 9.848685593896945e-13
18.75 6.49528664531806e-13
19.0 1.6711436587211067e-12
19.25 9.286959565588202e-13
19.5 1.5284601649053766e-12
19.75 6.9628713893864e-13
