0.005 2.1538272077950307e-11
0.01 1.230785116320276e-10
0.015 2.614910586004617e-10
0.02 3.9620579697365046e-10
0.025 5.225435001638925e-10
0.03 6.390342679200412e-10
0.035 7.524597777303183e-10
0.04 8.50579723756379e-10
0.045 9.3200064131705e-10
0.05 9.991180871811311e-10
0.055 1.0521390194889252e-09
0.06 1.081329636803839e-09
0.065 1.1043790262019019e-09
0.07 1.1081274808047472e-09
0.075 1.1155381302245981e-09
0.08 1.1093280068941152e-09
0.085 1.0783134248205442e-09
0.09 1.04973772929265e-09
0.095 1.016727731938019e-09
0.1 9.875848481466558e-10
0.105 9.59317355601737e-10
0.11 9.266478854282564e-10
0.115 8.929744725510243e-10
0.12 8.685278365801398e-10
0.125 8.48320151743668e-10
0.13 8.340058716284155e-10
0.135 8.350012635628128e-10
0.14 8.18248017539614e-10
0.145 8.115502813924899e-10
0.15 7.925125875425976e-10
0.155 7.987247047177331e-10
0.16 8.099900039768818e-10
0.165 8.070974614999827e-10
0.17 8.055934527709638e-10
0.17500000000000002 8.03033245850126e-10
0.18 8.097395280990096e-10
0.185 8.088765255146187e-10
0.19 8.20718608166739e-10
0.195 8.204580677493329e-10
0.2 8.52408311102971e-10
0.20500000000000002 8.353221280678282e-10
0.21 8.607144142662527e-10
0.215 8.637745505418086e-10
0.22 8.514941872827749e-10
0.225 8.859525976381074e-10
0.23 8.531392305277956e-10
0.23500000000000001 8.720132388297349e-10
0.24 8.794896451748938e-10
0.245 8.750071151939463e-10
0.25 8.796775644864915e-10
0.255 8.70549156594889e-10
0.26 8.990996953542315e-10
0.265 8.809609961491121e-10
0.27 8.847345177557077e-10
0.275 9.001553387890607e-10
0.28 9.023681234114827e-10
0.28500000000000003 8.879754398935896e-10
0.29 8.968240464557845e-10
0.295 8.876979915459521e-10
0.3 9.049610529605018e-10
0.305 8.882046518752781e-10
0.31 8.986297059661952e-10
0.315 9.039549364719592e-10
0.32 8.864463325396421e-10
0.325 8.93819323670282e-10
0.33 8.877907682764244e-10
0.335 8.900130772256556e-10
0.34 8.992510437448763e-10
0.34500000000000003 8.756090473388805e-10
0.35000000000000003 8.679338333331763e-10
0.355 8.541147732252236e-10
0.36 8.726220560364924e-10
0.365 8.813061051076744e-10
0.37 8.733180401099153e-10
0.375 8.919056150402325e-10
0.38 8.719888929958608e-10
0.385 9.027547247817523e-10
0.39 8.517374227988264e-10
0.395 8.487164431385486e-10
0.4 8.645375631438512e-10
0.405 8.723299432255872e-10
0.41000000000000003 8.612501107723807e-10
0.41500000000000004 8.479190358930797e-10
0.42 8.622261747009305e-10
0.425 8.535387043653077e-10
0.43 8.567374115045182e-10
0.435 8.078288757188995e-10
0.44 8.513605416472962e-10
0.445 8.516345696112824e-10
0.45 8.29408004317064e-10
0.455 8.345842753279303e-10
0.46 8.45602595331191e-10
0.465 8.208230907040958e-10
0.47000000000000003 8.301453648409537e-10
0.47500000000000003 8.012709690783802e-10
0.48 8.377828763896403e-10
0.485 8.351510493389331e-10
0.49 8.257269291063666e-10
0.495 8.104328649905196e-10
0.5 7.930692275042551e-10
0.505 8.031860850555066e-10
0.51 8.212183477996751e-10
0.515 7.96233140497626e-10
0.52 7.979022433429207e-10
0.525 7.856515548981294e-10
0.53 7.846598991921933e-10
0.535 7.827892080046597e-10
0.54 7.578855561652186e-10
0.545 7.81792794382859e-10
0.55 7.872680006703535e-10
0.555 7.839274202040004e-10
0.56 7.753032110114261e-10
0.5650000000000001 7.713350133024977e-10
0.5700000000000001 7.773656711559263e-10
0.5750000000000001 7.607168115445838e-10
0.58 7.71837008915068e-10
0.585 7.53699512815065e-10
0.59 7.688064469205985e-10
0.595 7.582897358358536e-10
0.6 7.671514639986929e-10
0.605 7.476679199552449e-10
0.61 7.717695253194432e-10
0.615 7.63691666938007e-10
0.62 7.365497411148428e-10
0.625 7.457103825832242e-10
0.63 7.458533169478948e-10
0.635 7.37290416089965e-10
0.64 7.511454023982695e-10
0.645 7.372841008088303e-10
0.65 7.565442234209892e-10
0.655 7.284216018570993e-10
0.66 7.348261081987469e-10
0.665 7.593062315761829e-10
0.67 7.450435221660467e-10
0.675 7.282976253431084e-10
0.68 7.53824323397413e-10
0.685 7.434098044829794e-10
0.6900000000000001 6.95576969426801e-10
0.6950000000000001 7.228524940372087e-10
0.7000000000000001 7.312687019790724e-10
0.705 7.244095103873646e-10
0.71 7.261759424036272e-10
0.715 7.21944848908592e-10
0.72 7.118505211249721e-10
0.725 7.165687711599598e-10
0.73 7.207046562300421e-10
0.735 7.014385475543033e-10
0.74 7.228985567228588e-10
0.745 7.238884675956272e-10
0.75 7.097356611150237e-10
0.755 7.108178851228221e-10
0.76 7.04299553234409e-10
0.765 7.067278561155978e-10
0.77 7.021924197016407e-10
0.775 7.43692557931823e-10
0.78 7.063801934723597e-10
0.785 6.940702488626377e-10
0.79 7.271209127435327e-10
0.795 7.040727527858555e-10
0.8 6.966950580263477e-10
0.805 6.809454134046337e-10
0.81 7.205592280541106e-10
0.8150000000000001 7.211356909088214e-10
0.8200000000000001 6.942763529231542e-10
0.8250000000000001 7.128355665045917e-10
0.8300000000000001 7.096807122682925e-10
0.835 6.957340211749416e-10
0.84 6.927421231962724e-10
0.845 6.827416734931026e-10
0.85 6.776079632747372e-10
0.855 6.800373893645945e-10
0.86 7.049143324996314e-10
0.865 6.86883116971687e-10
0.87 6.76502637327428e-10
0.875 7.084318429667466e-10
0.88 6.846859552412761e-10
0.885 6.938589204648363e-10
0.89 6.862432215661114e-10
0.895 6.998950718269318e-10
0.9 6.801748496490549e-10
0.905 6.904917694563846e-10
0.91 6.844271947560271e-10
0.915 6.853721793204376e-10
0.92 6.929496640564809e-10
0.925 6.6267451614361e-10
0.93 6.847701243700399e-10
0.935 6.738986810733239e-10
0.9400000000000001 6.789336834867403e-10
0.9450000000000001 6.568394806604749e-10
0.9500000000000001 6.7879218735328e-10
0.9550000000000001 6.790146682246633e-10
0.96 6.793928620694569e-10
0.965 6.685281404531584e-10
0.97 6.95460858755517e-10
0.975 6.993430079259694e-10
0.98 6.734787041625887e-10
0.985 6.770974198352183e-10
0.99 6.68222210335484e-10
0.995 6.992827064879944e-10
1.0 6.664224812547189e-10
1.0050000000000001 6.895942895684514e-10
1.01 6.70205166588346e-10
1.0150000000000001 6.645627748476614e-10
1.02 6.789362472103877e-10
1.025 6.73769455356142e-10
1.03 6.733398358728237e-10
1.035 6.879362148272682e-10
1.04 6.56265376030009e-10
1.045 6.697348631141226e-10
1.05 6.687507710370387e-10
1.055 6.719719370122757e-10
1.06 6.754484752449793e-10
1.065 6.650124648754088e-10
1.07 6.512220404465648e-10
1.075 6.635555562476204e-10
1.08 6.563723202072295e-10
1.085 6.629360977281645e-10
1.09 6.626256529770781e-10
1.095 6.432451358797491e-10
1.1 6.644644614893833e-10
1.105 6.796688306251298e-10
1.11 6.43422731339178e-10
1.115 6.698683305858174e-10
1.12 6.611422123264946e-10
1.125 6.792672106246081e-10
1.1300000000000001 6.747757589118641e-10
1.135 6.759569131240977e-10
1.1400000000000001 6.629806572994763e-10
1.145 6.717306054809422e-10
1.1500000000000001 6.503544805449498e-10
1.155 6.633456704292749e-10
1.16 6.677962954683136e-10
1.165 6.58803278072662e-10
1.17 6.722736028037919e-10
1.175 6.592256829179545e-10
1.18 6.42301802051869e-10
1.185 6.554510411812166e-10
1.19 6.55617268815968e-10
1.195 6.576105036364864e-10
1.2 6.698040717961298e-10
1.205 6.628400064929154e-10
1.21 6.48309161668574e-10
1.215 6.503264563850704e-10
1.22 6.513185761688732e-10
1.225 6.54426534748317e-10
1.23 6.382289830184904e-10
1.235 6.416669281179163e-10
1.24 6.835394548399637e-10
1.245 6.269792738505689e-10
1.25 6.435103245688278e-10
1.2550000000000001 6.667532010197539e-10
1.26 6.573247059707697e-10
1.2650000000000001 6.364181078894356e-10
1.27 6.423246555632189e-10
1.2750000000000001 6.5661730561797e-10
1.28 6.471851471214174e-10
1.285 6.311958146829949e-10
1.29 6.348113088818004e-10
1.295 6.371712197327041e-10
1.3 6.415580483589642e-10
1.305 6.284084537729499e-10
1.31 6.273598798425671e-10
1.315 6.315726418581638e-10
1.32 6.187712891371635e-10
1.325 6.340724275399869e-10
1.33 6.370834369280028e-10
1.335 6.347176276223183e-10
1.34 6.401549380389922e-10
1.345 6.348463889412932e-10
1.35 6.327270699706098e-10
1.355 6.357740707940787e-10
1.36 6.44035739645624e-10
1.365 6.320288835099164e-10
1.37 6.232447714294218e-10
1.375 6.398790970345271e-10
1.3800000000000001 6.194880839347773e-10
1.385 6.314907732227151e-10
1.3900000000000001 6.165936999365399e-10
1.395 6.249399240939601e-10
1.4000000000000001 6.196266084599153e-10
1.405 6.396400996203208e-10
1.41 6.235732866689606e-10
1.415 6.029014143773898e-10
1.42 6.167684802094391e-10
1.425 6.343978881118267e-10
1.43 6.251878719065763e-10
1.435 6.203465119601811e-10
1.44 6.097140351141695e-10
1.445 6.180971827132731e-10
1.45 6.468568554334372e-10
1.455 6.066400993987882e-10
1.46 6.177512826796751e-10
1.465 6.197556936412187e-10
1.47 6.336629146599853e-10
1.475 6.086716845288629e-10
1.48 6.242433500737127e-10
1.485 5.998592080213673e-10
1.49 6.312283896858699e-10
1.495 6.090624582642218e-10
1.5 6.219949388838135e-10
1.5050000000000001 6.240545498784152e-10
1.51 5.996427729166434e-10
1.5150000000000001 6.209661118478178e-10
1.52 6.024925486835387e-10
1.5250000000000001 6.028705951086903e-10
1.53 6.042592885040206e-10
1.5350000000000001 5.995591711016401e-10
1.54 6.011144008739336e-10
1.545 6.209415448586281e-10
1.55 6.138096650000789e-10
1.555 6.057795783319707e-10
1.56 5.984071291484294e-10
1.565 5.914459467139795e-10
1.57 5.959610519155835e-10
1.575 5.9540932230518e-10
1.58 6.002829347758393e-10
1.585 5.961394344348593e-10
1.59 5.869239791515225e-10
1.595 5.956204779274254e-10
1.6 5.817181229265046e-10
1.605 5.914534344265366e-10
1.61 5.980773066215737e-10
1.615 5.833121085794733e-10
1.62 5.94085553736632e-10
1.625 5.809689579022938e-10
1.6300000000000001 5.924517935569045e-10
1.635 6.026774600841831e-10
1.6400000000000001 5.875690974872753e-10
1.645 5.953831311307034e-10
1.6500000000000001 5.754599369339586e-10
1.655 5.819302567325192e-10
1.6600000000000001 5.729895913382308e-10
1.665 5.815790445212787e-10
1.67 5.980734144220511e-10
1.675 5.85628322531891e-10
1.68 5.92106360693918e-10
1.685 5.71781757073104e-10
1.69 5.937163773051226e-10
1.695 5.66221984847224e-10
1.7 5.772590156701596e-10
1.705 5.574378151611551e-10
1.71 5.896769690167018e-10
1.715 5.767926434855611e-10
1.72 5.629938613707674e-10
1.725 5.795762397667398e-10
1.73 5.816386890404614e-10
1.735 5.695219825186805e-10
1.74 5.649789055331815e-10
1.745 5.583819255436644e-10
1.75 5.54691171569742e-10
1.7550000000000001 5.749333487416571e-10
1.76 5.847748207261728e-10
1.7650000000000001 5.557675040782921e-10
1.77 5.846996357725743e-10
1.7750000000000001 5.590192827968009e-10
1.78 5.491791323947604e-10
1.7850000000000001 5.565578165709135e-10
1.79 5.576890782682617e-10
1.795 5.408805119735845e-10
1.8 5.719171909177224e-10
1.805 5.429111773510929e-10
1.81 5.814194527162858e-10
1.815 5.615130964860617e-10
1.82 5.493682063374577e-10
1.825 5.527193199033064e-10
1.83 5.361101031872915e-10
1.835 5.43468054575721e-10
1.84 5.513602327920731e-10
1.845 5.533166438887219e-10
1.85 5.364945790873239e-10
1.855 5.342421673620152e-10
1.86 5.390254813609493e-10
1.865 5.458889158214469e-10
1.87 5.390004493049927e-10
1.875 5.447370707214613e-10
1.8800000000000001 5.547686985822325e-10
1.885 5.249051182300434e-10
1.8900000000000001 5.320830736679335e-10
1.895 5.426160184925597e-10
1.9000000000000001 5.281291791461573e-10
1.905 5.364745219061598e-10
1.9100000000000001 5.251711284006044e-10
1.915 5.379456180663516e-10
1.92 5.219930957735971e-10
1.925 5.349982720211231e-10
1.93 5.165899713936593e-10
1.935 5.264454274671128e-10
1.94 5.296610538204364e-10
1.945 5.33528663438552e-10
1.95 5.301065793532694e-10
1.955 5.205460226615401e-10
1.96 5.244891307791907e-10
1.965 5.311586664505743e-10
1.97 5.20770067257639e-10
1.975 5.232650783142926e-10
1.98 5.308144921286697e-10
1.985 5.125637734369497e-10
1.99 5.02609523722802e-10
1.995 4.986352133844688e-10
2.0 5.261935541770775e-10
2.005 5.040225587319305e-10
2.0100000000000002 5.049055669826256e-10
2.015 5.059874762503797e-10
2.02 5.217244107560549e-10
2.025 5.133869251469721e-10
2.0300000000000002 4.825891352342166e-10
2.035 5.08473293534197e-10
2.04 5.076745036873848e-10
2.045 5.0498872213597e-10
2.05 5.000190962045181e-10
2.055 5.005635699963343e-10
2.06 4.956263198099258e-10
2.065 5.03643939873589e-10
2.07 4.979474440958516e-10
2.075 4.840672780480597e-10
2.08 4.912240946987586e-10
2.085 5.070381494364241e-10
2.09 4.874386101522301e-10
2.095 4.803977376149317e-10
2.1 4.866532225522319e-10
2.105 4.893121377252452e-10
2.11 4.995191271547862e-10
2.115 4.678193416926846e-10
2.12 4.987070390009312e-10
2.125 4.879463697084495e-10
2.13 4.712072955051048e-10
2.1350000000000002 4.801193523067849e-10
2.14 4.796940380141805e-10
2.145 4.76381393219753e-10
2.15 4.709867796453131e-10
2.1550000000000002 4.704749385340814e-10
2.16 4.6403353680095694e-10
2.165 4.668381203808405e-10
2.17 4.656388356613223e-10
2.1750000000000003 4.694316249753743e-10
2.18 4.75864055025483e-10
2.185 4.596780854614278e-10
2.19 4.5376270507958015e-10
2.195 4.493122086280989e-10
2.2 4.612630823302502e-10
2.205 4.686866774684238e-10
2.21 4.675773333872299e-10
2.215 4.589772219006368e-10
2.22 4.580629315190561e-10
2.225 4.53121872833145e-10
2.23 4.5825068621182027e-10
2.235 4.77779618230427e-10
2.24 4.659789903661602e-10
2.245 4.4731063544764664e-10
2.25 4.5375417490663354e-10
2.255 4.506709347962178e-10
2.2600000000000002 4.4346757962015736e-10
2.265 4.481339423166625e-10
2.27 4.4807043737175275e-10
2.275 4.4659087069575046e-10
2.2800000000000002 4.4249596657783144e-10
2.285 4.4737779317426873e-10
2.29 4.482544290033461e-10
2.295 4.506382081808782e-10
2.3000000000000003 4.3362981265600427e-10
2.305 4.235085969988688e-10
2.31 4.395896779328296e-10
2.315 4.2773324377395787e-10
2.32 4.267310033382177e-10
2.325 4.405599998139957e-10
2.33 4.288097776986536e-10
2.335 4.3359927984661867e-10
2.34 4.2740543838729345e-10
2.345 4.1790400699533715e-10
2.35 4.178925150397549e-10
2.355 4.1612479329833037e-10
2.36 4.218441491369602e-10
2.365 4.1045476263520803e-10
2.37 4.2415170445665967e-10
2.375 4.3204721531668933e-10
2.38 4.1976403799387516e-10
2.3850000000000002 4.2135395016713543e-10
2.39 4.240711541791993e-10
2.395 4.1809693977918114e-10
2.4 4.1197518320923097e-10
2.4050000000000002 4.1268384464326976e-10
2.41 4.1247429110084087e-10
2.415 4.1486532189306515e-10
2.42 4.1934075906793485e-10
2.4250000000000003 4.0951935894564446e-10
2.43 4.081526685978919e-10
2.435 3.9934847179300567e-10
2.44 4.067151793540223e-10
2.445 3.992175124661714e-10
2.45 4.102173914614329e-10
2.455 3.957499726552797e-10
2.46 4.0842046407107067e-10
2.465 4.0414923114335477e-10
2.47 3.86687569826183e-10
2.475 3.862191115300826e-10
2.48 3.9990237950331577e-10
2.485 3.7938310387381067e-10
2.49 3.951414899040338e-10
2.495 3.940821370765902e-10
2.5 3.8010719833405595e-10
2.505 4.02856448594902e-10
2.5100000000000002 3.933995088431991e-10
2.515 3.8689667092128066e-10
2.52 3.8853353186411733e-10
2.525 3.682206477341717e-10
2.5300000000000002 3.733875500430017e-10
2.535 3.8035782278788133e-10
2.54 3.7623813413628e-10
2.545 3.7882202752712405e-10
2.5500000000000003 3.746478026103697e-10
2.555 3.7779499390379085e-10
2.56 3.8109274908090817e-10
2.565 3.707630320332012e-10
2.57 3.6545865256579084e-10
2.575 3.781964554492317e-10
2.58 3.669610645430619e-10
2.585 3.633032380436028e-10
2.59 3.6666737736971227e-10
2.595 3.5619491158041375e-10
2.6 3.5922182539844684e-10
2.605 3.846361896377738e-10
2.61 3.67510615618661e-10
2.615 3.690008963088123e-10
2.62 3.4145108223645375e-10
2.625 3.6627200970935523e-10
2.63 3.422109382533757e-10
2.6350000000000002 3.6026224736143343e-10
2.64 3.805446789871882e-10
2.645 3.5911116406808833e-10
2.65 3.5005379260668095e-10
2.6550000000000002 3.5544642528672065e-10
2.66 3.4560820844797477e-10
2.665 3.453952333596524e-10
2.67 3.4916841544924015e-10
2.6750000000000003 3.6460541016959846e-10
2.68 3.572711440237749e-10
2.685 3.419464507667269e-10
2.69 3.4311837338392803e-10
2.695 3.3714864767071296e-10
2.7 3.3200322573603093e-10
2.705 3.4612661806621883e-10
2.71 3.4801267127619904e-10
2.715 3.458097694705187e-10
2.72 3.449082967023554e-10
2.725 3.349742417755765e-10
2.73 3.2177782585032066e-10
2.735 3.3029695292319176e-10
2.74 3.2773578899039914e-10
2.745 3.433239089280636e-10
2.75 3.2236783271204326e-10
2.755 3.3371662993949147e-10
2.7600000000000002 3.1440078451418483e-10
2.765 3.3425767678175513e-10
2.77 3.3894706587179957e-10
2.775 3.216449677987689e-10
2.7800000000000002 3.198637524255586e-10
2.785 3.241689458216928e-10
2.79 3.286226031451078e-10
2.795 3.2508260730766134e-10
2.8000000000000003 3.270754290375027e-10
2.805 3.2367670666564983e-10
2.81 3.164182878438819e-10
2.815 3.315619622725075e-10
2.82 3.083539457601925e-10
2.825 3.2163360039386977e-10
2.83 3.030020899897169e-10
2.835 3.2041118209363137e-10
2.84 3.1283718830102957e-10
2.845 2.995970817854966e-10
2.85 3.0998561818785315e-10
2.855 3.0207389330240086e-10
2.86 3.123169691940558e-10
2.865 3.1264070243934527e-10
2.87 3.088699888614889e-10
2.875 3.0807227321232285e-10
2.88 3.0563220438066295e-10
2.8850000000000002 2.926424768760831e-10
2.89 3.0290294657835284e-10
2.895 3.016984863242517e-10
2.9 3.079823923082393e-10
2.9050000000000002 3.1093459032991003e-10
2.91 3.1206688173750874e-10
2.915 2.9898460934211074e-10
2.92 2.903382935485616e-10
2.9250000000000003 3.024612857185379e-10
2.93 2.9206876372949994e-10
2.935 2.968768908225307e-10
2.94 2.8164203397632097e-10
2.945 2.8740571839284293e-10
2.95 2.813506673461181e-10
2.955 2.853131289900531e-10
2.96 2.904702605577218e-10
2.965 2.8803015831231397e-10
2.97 2.857162570249117e-10
2.975 2.871482504276139e-10
2.98 2.790210865463047e-10
2.985 2.735756595041806e-10
2.99 2.84444031208493e-10
2.995 2.8719185620693257e-10
3.0 2.797560591648299e-10
3.005 2.765684185008145e-10
3.0100000000000002 2.7407648508260945e-10
3.015 2.750394010102437e-10
3.02 2.6854915710040496e-10
3.025 2.781083192122319e-10
3.0300000000000002 2.7083763781384793e-10
3.035 2.706177261822058e-10
3.04 2.619588941116348e-10
3.045 2.749910124818117e-10
3.0500000000000003 2.722542004643653e-10
3.055 2.6748653682097323e-10
3.06 2.662679505040439e-10
3.065 2.838957603437641e-10
3.0700000000000003 2.573307435624686e-10
3.075 2.614049360725388e-10
3.08 2.660509807118506e-10
3.085 2.6144487751128e-10
3.09 2.5274103360651733e-10
3.095 2.499601144137774e-10
3.1 2.536525250769772e-10
3.105 2.6087697085590366e-10
3.11 2.58512732401784e-10
3.115 2.5995021323114275e-10
3.12 2.486019732569919e-10
3.125 2.67427577861103e-10
3.13 2.5929428991290706e-10
3.1350000000000002 2.519305324714015e-10
3.14 2.4110996273716524e-10
3.145 2.4608186302836706e-10
3.15 2.511844134228055e-10
3.1550000000000002 2.5370102661445594e-10
3.16 2.466338626782765e-10
3.165 2.3565340105194157e-10
3.17 2.479168060777205e-10
3.1750000000000003 2.4130818810983747e-10
3.18 2.3345811278025237e-10
3.185 2.458026231623759e-10
3.19 2.37027051903041e-10
3.1950000000000003 2.3392820767051704e-10
3.2 2.392741767003836e-10
3.205 2.628518760371994e-10
3.21 2.530744728975461e-10
3.215 2.4084046507616547e-10
3.22 2.1776171661905702e-10
3.225 2.383554000230525e-10
3.23 2.4160131155989267e-10
3.235 2.421522356659944e-10
3.24 2.4174724649261107e-10
3.245 2.2897322165720224e-10
3.25 2.36351352705064e-10
3.255 2.2010263645432416e-10
3.2600000000000002 2.2653241675438752e-10
3.265 2.3300936619606824e-10
3.27 2.3861105900515374e-10
3.275 2.2319559043801893e-10
3.2800000000000002 2.2951907070458365e-10
3.285 2.2577256609564615e-10
3.29 2.2850552946804797e-10
3.295 2.164264191996466e-10
3.3000000000000003 2.3064333042069893e-10
3.305 2.1961736029765413e-10
3.31 2.1970300617852276e-10
3.315 2.205448904938638e-10
3.3200000000000003 2.279119875248363e-10
3.325 2.1652117821232337e-10
3.33 2.2019223625119988e-10
3.335 2.1405851596760335e-10
3.34 2.1883081157258199e-10
3.345 2.1778153480432956e-10
3.35 2.1061190410030154e-10
3.355 2.149326912681848e-10
3.36 2.1448596711550774e-10
3.365 2.0978506137836962e-10
3.37 2.149146290356086e-10
3.375 2.1480895963541226e-10
3.38 2.1271399474559775e-10
3.3850000000000002 2.0593554502010876e-10
3.39 2.053307611043008e-10
3.395 2.0106662626916492e-10
3.4 2.0756790805843813e-10
3.4050000000000002 2.0951428382082415e-10
3.41 2.0207643770683655e-10
3.415 2.035748478582053e-10
3.42 2.0634595272301643e-10
3.4250000000000003 2.06276108816222e-10
3.43 2.057067152845593e-10
3.435 2.1050065679610627e-10
3.44 1.977102731749783e-10
3.4450000000000003 2.1340751938234052e-10
3.45 2.04696833014899e-10
3.455 1.987094565981636e-10
3.46 1.956859891621103e-10
3.465 1.856386146328554e-10
3.47 1.976850912818357e-10
3.475 1.994270295317175e-10
3.48 1.9819802284748154e-10
3.485 2.0572254211799242e-10
3.49 1.918099460405557e-10
3.495 2.0247400884728168e-10
3.5 1.9387988984204793e-10
3.505 1.8111850880528104e-10
3.5100000000000002 2.0639380502095273e-10
3.515 1.9172901611271726e-10
3.52 1.871123159479556e-10
3.525 1.8545917725629393e-10
3.5300000000000002 1.9050704564505492e-10
3.535 1.941250229310054e-10
3.54 1.926802826560152e-10
3.545 1.8703000267717716e-10
3.5500000000000003 1.7920959194568726e-10
3.555 1.833266357830739e-10
3.56 1.9250866856866899e-10
3.565 1.8787043073234957e-10
3.5700000000000003 1.7804383901878412e-10
3.575 1.942894660761133e-10
3.58 1.8823925308534828e-10
3.585 1.81526626413408e-10
3.59 1.7314949292741017e-10
3.595 1.8184335241367459e-10
3.6 1.8546613680033527e-10
3.605 1.819465133571407e-10
3.61 1.891232728483734e-10
3.615 1.665938791378426e-10
3.62 1.788759578931871e-10
3.625 1.6404281590349127e-10
3.63 1.7442663847905588e-10
3.6350000000000002 1.7431989797936208e-10
3.64 1.7931710384667635e-10
3.645 1.7556364376554263e-10
3.65 1.6774672540789205e-10
3.6550000000000002 1.705572284422804e-10
3.66 1.743396557535478e-10
3.665 1.6271725392664752e-10
3.67 1.7764828990708441e-10
3.6750000000000003 1.6727838686612231e-10
3.68 1.6879285940327208e-10
3.685 1.6126901848395555e-10
3.69 1.5687846235218542e-10
3.6950000000000003 1.737738677388026e-10
3.7 1.6063366119783364e-10
3.705 1.6093899038993006e-10
3.71 1.7766710915044094e-10
3.715 1.6862211227865103e-10
3.72 1.5978804256251212e-10
3.725 1.6375479436842918e-10
3.73 1.577157860625884e-10
3.735 1.6364156157446185e-10
3.74 1.6679813870661362e-10
3.745 1.5707247506596568e-10
3.75 1.5343375297504626e-10
3.755 1.5153479810065468e-10
3.7600000000000002 1.6159344751712878e-10
3.765 1.5189834377952438e-10
3.77 1.6232931051599317e-10
3.775 1.5127814922452203e-10
3.7800000000000002 1.514165401097131e-10
3.785 1.6448867878073043e-10
3.79 1.555926147144295e-10
3.795 1.61300839313101e-10
3.8000000000000003 1.5681727154850317e-10
3.805 1.6269568697231115e-10
3.81 1.658284094214815e-10
3.815 1.7130949606412647e-10
3.8200000000000003 1.5849507995535445e-10
3.825 1.5807754790744437e-10
3.83 1.6184278828139605e-10
3.835 1.383179573442056e-10
3.84 1.523908165536798e-10
3.845 1.4304235937024297e-10
3.85 1.4992598378495382e-10
3.855 1.5470040875329815e-10
3.86 1.5137758464937377e-10
3.865 1.360853426571469e-10
3.87 1.5292833969974782e-10
3.875 1.4517661452411395e-10
3.88 1.5348046760501144e-10
3.8850000000000002 1.4691771749756e-10
3.89 1.541438790142316e-10
3.895 1.4566894104660824e-10
3.9 1.3603069873625438e-10
3.9050000000000002 1.388978937781695e-10
3.91 1.370980478782291e-10
3.915 1.4056586627589156e-10
3.92 1.4634472370285188e-10
3.9250000000000003 1.4475529788740962e-10
3.93 1.4465673876586196e-10
3.935 1.4650778982534384e-10
3.94 1.4812989931451915e-10
3.9450000000000003 1.454599443720739e-10
3.95 1.3690138422383353e-10
3.955 1.297258033119538e-10
3.96 1.4842084389332993e-10
3.9650000000000003 1.4398678814351092e-10
3.97 1.4982183792052376e-10
3.975 1.3737613960321427e-10
3.98 1.2869907845227235e-10
3.985 1.3870931182440506e-10
3.99 1.4030777699977217e-10
3.995 1.319214997488625e-10
4.0 1.3225023064543773e-10
4.005 1.4223219963558875e-10
4.01 1.3908027585052642e-10
4.015 1.3331423623578196e-10
4.0200000000000005 1.4347387786666293e-10
4.025 1.334076696185807e-10
4.03 1.3659842464309932e-10
4.035 1.272624507735493e-10
4.04 1.3768768813909378e-10
4.045 1.371080889150681e-10
4.05 1.233963355179499e-10
4.055 1.3553762958463624e-10
4.0600000000000005 1.3596495681647196e-10
4.065 1.2070109973050618e-10
4.07 1.290457454849684e-10
4.075 1.2354453434550439e-10
4.08 1.301929471580387e-10
4.085 1.316079103450127e-10
4.09 1.2536024576755126e-10
4.095 1.3333179257386934e-10
4.1 1.1611757195418566e-10
4.105 1.1622247160738138e-10
4.11 1.2440914839019005e-10
4.115 1.2404929895685539e-10
4.12 1.208311907268614e-10
4.125 1.2173720643218604e-10
4.13 1.23674484188041e-10
4.135 1.3380088104961507e-10
4.14 1.1485625547977695e-10
4.1450000000000005 1.2078322665282636e-10
4.15 1.2148580474119945e-10
4.155 1.1539200700399319e-10
4.16 1.2223740213956785e-10
4.165 1.323021892057893e-10
4.17 1.1843244882891923e-10
4.175 1.171692156109785e-10
4.18 1.1600520833279475e-10
4.1850000000000005 1.1224886533272037e-10
4.19 1.1809574411963576e-10
4.195 1.235455572188518e-10
4.2 1.1546489486867298e-10
4.205 1.0966465303497354e-10
4.21 1.1576164052645667e-10
4.215 1.2035159626607181e-10
4.22 1.1189865546262494e-10
4.225 1.13960168403355e-10
4.23 1.1278688469357867e-10
4.235 1.1137831493881328e-10
4.24 1.138563912769438e-10
4.245 1.1247638880147756e-10
4.25 1.1716517532713725e-10
4.255 1.1345699304343142e-10
4.26 1.099798148087469e-10
4.265 1.192243214198209e-10
4.2700000000000005 1.129740635703599e-10
4.275 1.1585920441182445e-10
4.28 1.1554729031218087e-10
4.285 1.0641196383241364e-10
4.29 1.0838833421687981e-10
4.295 1.1203777525837764e-10
4.3 1.1935018903989808e-10
4.305 1.1064342086627697e-10
4.3100000000000005 1.1435154862008809e-10
4.315 1.1866669462446036e-10
4.32 1.0618600594287341e-10
4.325 1.090855488076375e-10
4.33 9.831155789755562e-11
4.335 9.898536359053182e-11
4.34 1.1023669305896478e-10
4.345 1.1504979899127434e-10
4.3500000000000005 1.1227956476017068e-10
4.355 9.94410721227046e-11
4.36 1.0601482087757725e-10
4.365 9.979215392372189e-11
4.37 1.111149362005262e-10
4.375 1.0154381622891603e-10
4.38 9.722548502922765e-11
4.385 1.0424994581461972e-10
4.39 1.0059648426214578e-10
4.3950000000000005 1.0462501640010995e-10
4.4 9.732140870705393e-11
4.405 1.0510653693881814e-10
4.41 1.0488100903351192e-10
4.415 9.266399184419536e-11
4.42 1.0608632280236925e-10
4.425 1.0295543009370458e-10
4.43 1.0700853027248136e-10
4.4350000000000005 9.334320738444312e-11
4.44 1.0026909666628293e-10
4.445 9.92180426605747e-11
4.45 1.0125791419486875e-10
4.455 9.73308538027675e-11
4.46 9.888704439134151e-11
4.465 9.792999415599524e-11
4.47 9.720204403106619e-11
4.4750000000000005 9.873003668110892e-11
4.48 1.0509516171467294e-10
4.485 9.043128930550841e-11
4.49 9.417025615600549e-11
4.495 9.308050652295691e-11
4.5 8.661790497987501e-11
4.505 9.204750626686151e-11
4.51 9.518111921652114e-11
4.515 9.69098293812406e-11
4.5200000000000005 9.562164729441195e-11
4.525 9.034309595910714e-11
4.53 8.681727671598397e-11
4.535 9.335668454083153e-11
4.54 9.507765344835937e-11
4.545 9.994981033804537e-11
4.55 9.565995654557789e-11
4.555 9.463916600813624e-11
4.5600000000000005 9.146147789724214e-11
4.565 8.52181676965854e-11
4.57 9.182903164215087e-11
4.575 8.481668698527108e-11
4.58 8.72280409917423e-11
4.585 9.000636013320247e-11
4.59 8.860782121582575e-11
4.595 8.449852179388296e-11
4.6000000000000005 9.049170278249428e-11
4.605 8.638873741400812e-11
4.61 9.597721019301057e-11
4.615 8.567150636402097e-11
4.62 8.110527375859603e-11
4.625 1.0421622211410867e-10
4.63 9.205200027969887e-11
4.635 8.247616873704488e-11
4.64 9.303209228676914e-11
4.6450000000000005 8.938426114414068e-11
4.65 8.673521358352288e-11
4.655 8.267747725618115e-11
4.66 8.134796125236491e-11
4.665 8.328399184122794e-11
4.67 7.761235785512842e-11
4.675 8.099091912274066e-11
4.68 8.811849878474874e-11
4.6850000000000005 8.698661236907311e-11
4.69 8.54509388978391e-11
4.695 8.856904633303585e-11
4.7 7.779584627304469e-11
4.705 7.807759387952905e-11
4.71 7.59720959208865e-11
4.715 8.154457347547233e-11
4.72 8.080116269355075e-11
4.7250000000000005 7.938875551025897e-11
4.73 7.463887809043964e-11
4.735 7.736237524755459e-11
4.74 7.930358997177249e-11
4.745 8.038007320884432e-11
4.75 8.903624351047827e-11
4.755 8.217447527073101e-11
4.76 7.857515215719322e-11
4.765 7.511372518419703e-11
4.7700000000000005 7.088984953865505e-11
4.775 8.392384978458347e-11
4.78 7.630188297163415e-11
4.785 7.5612206772288e-11
4.79 7.502635749282945e-11
4.795 7.78276218037607e-11
4.8 6.965750070943267e-11
4.805 7.4565662521849e-11
4.8100000000000005 7.350257636892706e-11
4.815 8.135376811596653e-11
4.82 9.324261571831932e-11
4.825 7.895959113045426e-11
4.83 7.719758667476348e-11
4.835 7.306751534075804e-11
4.84 8.26434952318383e-11
4.845 7.97564918455691e-11
4.8500000000000005 7.075316294102573e-11
4.855 7.603671824802129e-11
4.86 6.271682197347916e-11
4.865 7.186776935279983e-11
4.87 7.188249306988035e-11
4.875 7.622367523482674e-11
4.88 6.911217564556198e-11
4.885 6.903623191291173e-11
4.89 6.26538446965499e-11
4.8950000000000005 6.963256242403287e-11
4.9 7.262755704892881e-11
4.905 7.149934896257472e-11
4.91 7.132718362301026e-11
4.915 6.942253124474123e-11
4.92 7.341210691228432e-11
4.925 6.639679260794048e-11
4.93 6.688718287605036e-11
4.9350000000000005 7.104251023398273e-11
4.94 7.077522066320005e-11
4.945 7.314526857827456e-11
4.95 6.539990320435391e-11
4.955 7.25769733809357e-11
4.96 7.504433240164446e-11
4.965 6.811329682817149e-11
4.97 6.452210452476598e-11
4.9750000000000005 6.693166761742499e-11
4.98 6.304767980622937e-11
4.985 6.669177900555081e-11
4.99 7.196823386973445e-11
4.995 7.026370218143765e-11
5.0 6.087745405962868e-11
5.005 6.386529884176822e-11
5.01 6.364803076153206e-11
5.015 6.613545312061759e-11
5.0200000000000005 5.983114169638969e-11
5.025 6.037187732468081e-11
5.03 6.410786462758671e-11
5.035 6.474567623064106e-11
5.04 8.194286948648971e-11
5.045 6.844671683225318e-11
5.05 6.696428918789597e-11
5.055 6.44280377992345e-11
5.0600000000000005 6.053882168752268e-11
5.065 6.235192148071431e-11
5.07 7.007110282889772e-11
5.075 5.833964827496187e-11
5.08 6.368521867817807e-11
5.085 6.712568215029918e-11
5.09 6.423135459955165e-11
5.095 6.32362893148589e-11
5.1000000000000005 6.548182261112155e-11
5.105 6.502580779299357e-11
5.11 6.041830521108992e-11
5.115 6.07572967180191e-11
5.12 5.835152591917556e-11
5.125 5.975052645099675e-11
5.13 5.507717705807379e-11
5.135 6.387045209268092e-11
5.14 5.6689723774932055e-11
5.1450000000000005 5.444404864687239e-11
5.15 6.625981793597714e-11
5.155 5.910678727466004e-11
5.16 5.7145517876862684e-11
5.165 5.4079190307700047e-11
5.17 5.5985775441735394e-11
5.175 5.923633616200459e-11
5.18 5.7451756985479845e-11
5.1850000000000005 5.6600184851053833e-11
5.19 5.75634868928034e-11
5.195 5.4862602452144744e-11
5.2 5.861148716418319e-11
5.205 6.247242036387693e-11
5.21 5.718884963111495e-11
5.215 5.6290316825079595e-11
5.22 5.747401629491329e-11
5.2250000000000005 5.363470939646493e-11
5.23 5.499857172217481e-11
5.235 5.209106155654332e-11
5.24 5.8001850857151636e-11
5.245 5.7422476670030715e-11
5.25 5.913970753050325e-11
5.255 5.889916007876771e-11
5.26 5.1011690397321815e-11
5.265 5.25022201735131e-11
5.2700000000000005 5.41625293815914e-11
5.275 5.244579329939869e-11
5.28 5.1091852939393205e-11
5.285 6.354071499634209e-11
5.29 5.244111397180662e-11
5.295 5.792484979665606e-11
5.3 5.7310805910548514e-11
5.305 5.518330305302605e-11
5.3100000000000005 4.907284367538748e-11
5.315 5.3881462957080005e-11
5.32 5.301554939235451e-11
5.325 5.328982292116234e-11
5.33 5.14680454097626e-11
5.335 5.911539596315142e-11
5.34 5.955033847760565e-11
5.345 5.3117653634338286e-11
5.3500000000000005 5.2319045094272945e-11
5.355 5.2017267408290144e-11
5.36 5.243873146321065e-11
5.365 5.7591901628446564e-11
5.37 5.2214277440471576e-11
5.375 5.3036237455605147e-11
5.38 4.7699629949867576e-11
5.385 5.458365713236847e-11
5.39 4.338729605927304e-11
5.3950000000000005 4.985319748367214e-11
5.4 4.759485891045787e-11
5.405 5.471388156384181e-11
5.41 5.485796603463951e-11
5.415 5.156750146146952e-11
5.42 5.3240216863725734e-11
5.425 4.974997528354386e-11
5.43 4.7285589080235413e-11
5.4350000000000005 5.067017391908394e-11
5.44 4.949043887806249e-11
5.445 4.844604276339953e-11
5.45 5.228926153374214e-11
5.455 4.6686606699138205e-11
5.46 5.994103675657373e-11
5.465 4.291933104363278e-11
5.47 5.44443565048561e-11
5.4750000000000005 4.833213683831065e-11
5.48 4.615676949352846e-11
5.485 4.6193428741436834e-11
5.49 4.6765704921267e-11
5.495 4.436274690052928e-11
5.5 4.6420614585343897e-11
5.505 5.176386541832589e-11
5.51 5.341717822434325e-11
5.515 5.224799247757948e-11
5.5200000000000005 5.142089914134956e-11
5.525 4.8325298914497956e-11
5.53 4.26347886520151e-11
5.535 4.802143667905554e-11
5.54 4.4006866466424515e-11
5.545 4.341845123567497e-11
5.55 3.991558038456325e-11
5.555 4.101556234034653e-11
5.5600000000000005 4.280831323513678e-11
5.565 4.669119745567026e-11
5.57 4.4000879701007355e-11
5.575 4.474999175099321e-11
5.58 4.345323399977905e-11
5.585 4.550422251410052e-11
5.59 4.731308767106852e-11
5.595 4.373079988635868e-11
5.6000000000000005 4.399602849097541e-11
5.605 4.3636484653695554e-11
5.61 4.076585328645244e-11
5.615 5.268852917622609e-11
5.62 4.277386201335632e-11
5.625 4.294532835208738e-11
5.63 5.1362899116243566e-11
5.635 4.2129668761556804e-11
5.64 4.4333755063799484e-11
5.6450000000000005 4.8182570051187545e-11
5.65 4.149762501982547e-11
5.655 3.8266377032103025e-11
5.66 3.86664413743312e-11
5.665 4.1844716584164574e-11
5.67 3.8177720830389963e-11
5.675 3.993024313954707e-11
5.68 4.178810772038127e-11
5.6850000000000005 4.306627710421951e-11
5.69 4.659341466744985e-11
5.695 4.303314204891037e-11
5.7 5.049064552110121e-11
5.705 4.456555042963534e-11
5.71 4.340556168690416e-11
5.715 4.134269085672371e-11
5.72 4.230306588564485e-11
5.7250000000000005 4.269162479097275e-11
5.73 4.6248923060704576e-11
5.735 3.426892445422464e-11
5.74 3.743037203677788e-11
5.745 4.0965772693147695e-11
5.75 4.386872997932988e-11
5.755 3.928848290177568e-11
5.76 3.597105220621212e-11
5.765 4.405171594095673e-11
5.7700000000000005 3.8761946456571085e-11
5.775 3.7189065117042004e-11
5.78 3.60840930544556e-11
5.785 3.9470477289170546e-11
5.79 4.512296436669331e-11
5.795 3.7581648995791353e-11
5.8 3.3879279416657687e-11
5.805 4.290010879609926e-11
5.8100000000000005 3.704629149513759e-11
5.815 3.3603357475885845e-11
5.82 3.9358988669270416e-11
5.825 5.2504398403367716e-11
5.83 4.205161183173303e-11
5.835 3.747213322130314e-11
5.84 3.748431480602507e-11
5.845 3.827710784492839e-11
5.8500000000000005 3.88459073535361e-11
5.855 4.221295967679474e-11
5.86 4.2102961817478855e-11
5.865 3.708326765153842e-11
5.87 3.80812695882704e-11
5.875 3.734677574778598e-11
5.88 4.1267386352365674e-11
5.885 3.608582081370657e-11
5.89 3.840270824577444e-11
5.8950000000000005 4.5238761991185305e-11
5.9 3.293572488348994e-11
5.905 3.4035095459744547e-11
5.91 3.442348569850918e-11
5.915 3.967194575831811e-11
5.92 3.601333500165822e-11
5.925 3.770267728406484e-11
5.93 3.5813194199029774e-11
5.9350000000000005 3.232537511487648e-11
5.94 3.344418973743023e-11
5.945 3.775233911435516e-11
5.95 3.819491385770664e-11
5.955 3.09345508756267e-11
5.96 3.353101932602635e-11
5.965 2.8695685364189392e-11
5.97 3.6529507535861794e-11
5.9750000000000005 3.0967035982499895e-11
5.98 3.247701956262052e-11
5.985 3.2705518901893776e-11
5.99 2.8421770376059485e-11
5.995 4.015388290944208e-11
6.0 3.2674929827522126e-11
6.005 3.857462848821074e-11
6.01 3.817290911696088e-11
6.015000000000001 3.3105154928915954e-11
6.0200000000000005 3.2455772365510994e-11
6.025 3.4299496680399417e-11
6.03 3.387665180016316e-11
6.035 3.206962961614997e-11
6.04 3.31985688722109e-11
6.045 3.541779018307753e-11
6.05 3.3966384501153895e-11
6.055 3.325376172068684e-11
6.0600000000000005 3.4189889476866315e-11
6.065 3.1841917063055324e-11
6.07 3.0635632844805895e-11
6.075 3.276017278488396e-11
6.08 3.198776716943769e-11
6.085 3.365059056029828e-11
6.09 3.0516104409236436e-11
6.095 3.068633478141584e-11
6.1000000000000005 2.8465088555442015e-11
6.105 3.010896261552009e-11
6.11 3.2178937581403945e-11
6.115 2.764620167367621e-11
6.12 2.9693515218343883e-11
6.125 3.6979735607157097e-11
6.13 3.058207962156078e-11
6.135 3.033932573633494e-11
6.140000000000001 3.153616331148331e-11
6.1450000000000005 3.4055418715769247e-11
6.15 3.081642572752288e-11
6.155 3.6901106419473695e-11
6.16 2.7680581701257885e-11
6.165 2.691115522961401e-11
6.17 3.1427210347082594e-11
6.175 3.132314418985692e-11
6.18 2.9424419123356015e-11
6.1850000000000005 3.31529010015058e-11
6.19 3.135236773017678e-11
6.195 2.6988006035712975e-11
6.2 2.955640142250016e-11
6.205 2.943956036925471e-11
6.21 2.797584351998195e-11
6.215 2.2769020137264046e-11
6.22 2.7335956747248794e-11
6.2250000000000005 2.9012634431978823e-11
6.23 3.176321141533323e-11
6.235 3.372302833627332e-11
6.24 2.4475184920634397e-11
6.245 2.565393874800463e-11
6.25 2.7174294615471223e-11
6.255 2.7141340723932462e-11
6.26 2.6194020253502342e-11
6.265000000000001 2.967125574301492e-11
6.2700000000000005 2.9046964184685253e-11
6.275 2.6722474233281198e-11
6.28 2.7342726447539872e-11
6.285 2.7300456573963428e-11
6.29 3.3585139270069826e-11
6.295 2.8244612524471374e-11
6.3 2.7130157187313878e-11
6.305 2.7133351328977788e-11
6.3100000000000005 2.9020866261589813e-11
6.315 2.9141416939043205e-11
6.32 2.729317284502301e-11
6.325 2.381521947007611e-11
6.33 2.523450695747949e-11
6.335 2.6911521180728152e-11
6.34 2.925451444172362e-11
6.345 2.993437634117975e-11
6.3500000000000005 3.197912303359742e-11
6.355 3.2055007215764935e-11
6.36 2.6981712509886518e-11
6.365 2.426710472420315e-11
6.37 2.3930071471488836e-11
6.375 2.421566176439467e-11
6.38 2.5579167852625025e-11
6.385 3.330703317512747e-11
6.390000000000001 2.2301909818502606e-11
6.3950000000000005 2.2317551090627144e-11
6.4 2.925509869466632e-11
6.405 2.5478197260844765e-11
6.41 2.5313527246801926e-11
6.415 2.6522599800300652e-11
6.42 2.610074095825862e-11
6.425 2.866200782093666e-11
6.43 2.441682302966368e-11
6.4350000000000005 2.067259885188561e-11
6.44 2.70619429960963e-11
6.445 2.178702795631597e-11
6.45 2.251443945019898e-11
6.455 2.299754967042105e-11
6.46 2.5918092084478146e-11
6.465 2.4640677785975555e-11
6.47 2.30763065104619e-11
6.4750000000000005 2.4698849259151205e-11
6.48 2.7008805016678928e-11
6.485 2.2485861494973524e-11
6.49 2.384992961204173e-11
6.495 2.5192938187692692e-11
6.5 2.5522975773061253e-11
6.505 1.861589702033452e-11
6.51 2.661992012407157e-11
6.515000000000001 2.4436148783566062e-11
6.5200000000000005 2.5450598679514113e-11
6.525 2.2816155773375837e-11
6.53 2.5760521088061235e-11
6.535 2.024193771716709e-11
6.54 2.564032022010734e-11
6.545 2.3275016745209422e-11
6.55 2.511411018740975e-11
6.555 2.4293847439968455e-11
6.5600000000000005 2.5661801960777698e-11
6.565 2.0099812540288147e-11
6.57 2.1090124468667406e-11
6.575 2.6173891299485335e-11
6.58 2.011540923595067e-11
6.585 2.0779656419962298e-11
6.59 2.5536568481139875e-11
6.595 2.547639356556646e-11
6.6000000000000005 2.91438762388692e-11
6.605 2.502036856493403e-11
6.61 2.474951511632535e-11
6.615 2.0238476907394632e-11
6.62 2.3572423343799632e-11
6.625 2.6147874602446137e-11
6.63 2.2573398828569086e-11
6.635 2.2977336611165767e-11
6.640000000000001 2.4343481568957185e-11
6.6450000000000005 2.1360153670004126e-11
6.65 2.1061977999606663e-11
6.655 2.0959518210723173e-11
6.66 2.2303186828178047e-11
6.665 2.2059056974420588e-11
6.67 2.1152870973875503e-11
6.675 2.0496495318322477e-11
6.68 2.3967187551720625e-11
6.6850000000000005 2.206648178351249e-11
6.69 2.2941184189896666e-11
6.695 2.1313722953415652e-11
6.7 2.474139186216363e-11
6.705 2.0761465647135867e-11
6.71 2.3722786986977905e-11
6.715 2.307668387587002e-11
6.72 2.42795402364197e-11
6.7250000000000005 2.306744661549132e-11
6.73 1.8613943421485237e-11
6.735 2.719434865509348e-11
6.74 2.089975615957687e-11
6.745 2.4962549545361507e-11
6.75 2.1920129884587187e-11
6.755 2.120428904101311e-11
6.76 1.926795655686173e-11
6.765000000000001 2.439323377361694e-11
6.7700000000000005 2.2595321605722347e-11
6.775 2.1696496907794656e-11
6.78 2.391393927497282e-11
6.785 2.08711620182763e-11
6.79 2.281901149824125e-11
6.795 1.9433745988307542e-11
6.8 1.9023040947345686e-11
6.805 1.8783359612937702e-11
6.8100000000000005 1.7552628332017423e-11
6.815 1.5943837020856752e-11
6.82 2.3521453411993336e-11
6.825 2.220086205260044e-11
6.83 2.27596244266776e-11
6.835 2.017397837188024e-11
6.84 1.8702920338793388e-11
6.845 2.454630771373027e-11
6.8500000000000005 1.743899576171509e-11
6.855 2.5087094321013416e-11
6.86 1.9406538327752956e-11
6.865 1.8311453086388327e-11
6.87 2.0231582369201148e-11
6.875 1.8378444302064758e-11
6.88 1.5693476691233743e-11
6.885 1.9120542888922343e-11
6.890000000000001 2.1660514316738147e-11
6.8950000000000005 1.7693483873627657e-11
6.9 1.9551579395095045e-11
6.905 2.2467918602537213e-11
6.91 2.02993128135763e-11
6.915 2.0185126615903075e-11
6.92 2.0918309905120527e-11
6.925 1.91957756026747e-11
6.93 1.6426641048091797e-11
6.9350000000000005 2.0927654567960812e-11
6.94 2.1348441118889113e-11
6.945 2.2071352861172368e-11
6.95 2.198333618535767e-11
6.955 1.8939294600086303e-11
6.96 2.1766623484557726e-11
6.965 1.496808689077768e-11
6.97 1.5750138028817298e-11
6.9750000000000005 2.3915567023725976e-11
6.98 1.8725895837816667e-11
6.985 1.7481735779515422e-11
6.99 2.1134751840475077e-11
6.995 2.0571633163751752e-11
7.0 1.8981000471752462e-11
7.005 2.091794750686676e-11
7.01 2.1682408012991528e-11
7.015000000000001 1.8392001787426873e-11
7.0200000000000005 1.6011048977465538e-11
7.025 1.393914256240655e-11
7.03 1.636343581108653e-11
7.035 1.9333469312351915e-11
7.04 2.182611352837353e-11
7.045 2.0225876957649515e-11
7.05 1.7786193790047787e-11
7.055 2.3174170006244835e-11
7.0600000000000005 1.4572214534522063e-11
7.065 1.310021692288838e-11
7.07 2.0277024507768817e-11
7.075 1.7968851631353573e-11
7.08 1.642592165148666e-11
7.085 2.0385931459140988e-11
7.09 1.649617471566395e-11
7.095 1.9175544784914887e-11
7.1000000000000005 1.6702584134932603e-11
7.105 1.5919617120846797e-11
7.11 1.711058774712957e-11
7.115 1.705102361538963e-11
7.12 2.1851436392910748e-11
7.125 1.495162235273526e-11
7.13 1.8394849639042723e-11
7.135 1.7053309924372224e-11
7.140000000000001 2.1609377699773498e-11
7.1450000000000005 1.6031060085680663e-11
7.15 1.858066984248888e-11
7.155 1.611237531009318e-11
7.16 2.0059562322314896e-11
7.165 1.716211302825497e-11
7.17 1.932936615368705e-11
7.175 1.6560666224514162e-11
7.18 1.3162578356789447e-11
7.1850000000000005 1.5597429571164987e-11
7.19 1.647560746753868e-11
7.195 1.7326071308991906e-11
7.2 1.65878748923176e-11
7.205 1.542888887017547e-11
7.21 1.8081292242289977e-11
7.215 1.6723595341447613e-11
7.22 1.4360559647042695e-11
7.2250000000000005 1.6743917711721358e-11
7.23 1.5125617226942132e-11
7.235 1.7806558994576754e-11
7.24 1.3085858896105203e-11
7.245 1.3339503633654121e-11
7.25 1.7745501496206147e-11
7.255 1.675349194835295e-11
7.26 1.5895881557902112e-11
7.265000000000001 1.730364588163127e-11
7.2700000000000005 1.4972345630571246e-11
7.275 1.3114307172645435e-11
7.28 1.907231651403286e-11
7.285 1.2887519968362647e-11
7.29 1.5569962311631702e-11
7.295 1.6163105628860895e-11
7.3 1.3971673904018159e-11
7.305 1.4701169166197165e-11
7.3100000000000005 1.8466074320432212e-11
7.315 1.4937345688613544e-11
7.32 1.6721918094388213e-11
7.325 1.3605379191819942e-11
7.33 1.2459257236830857e-11
7.335 1.5278374987528087e-11
7.34 1.430776468843704e-11
7.345 1.3087992382091856e-11
7.3500000000000005 1.6533562329018486e-11
7.355 1.496425617422159e-11
7.36 1.3273965428119617e-11
7.365 1.511515805474495e-11
7.37 1.2287414823762145e-11
7.375 1.756192243123739e-11
7.38 1.52835598956258e-11
7.385 2.1380945987784166e-11
7.390000000000001 1.5226058948037488e-11
7.3950000000000005 1.2811789960146087e-11
7.4 1.5916021372655948e-11
7.405 1.2825111987250794e-11
7.41 1.4142220504704644e-11
7.415 1.5641832729820457e-11
7.42 1.382818513518626e-11
7.425 1.5422319216219016e-11
7.43 1.2820739343485928e-11
7.4350000000000005 1.0930238783162005e-11
7.44 1.644586717064057e-11
7.445 1.7940983027484724e-11
7.45 1.0831928242552248e-11
7.455 1.403804618526867e-11
7.46 1.1690015269444016e-11
7.465 1.3000901823343469e-11
7.47 1.811417031759015e-11
7.4750000000000005 1.3064251247289095e-11
7.48 1.2133318037627852e-11
7.485 1.5532345462687628e-11
7.49 1.6460588585422293e-11
7.495 1.4099300750845768e-11
7.5 1.3653535295046172e-11
7.505 1.359704978401781e-11
7.51 1.0960935759799605e-11
7.515000000000001 1.0650269936844747e-11
7.5200000000000005 1.4460483285536056e-11
7.525 1.1482915222678966e-11
7.53 1.2505094075360584e-11
7.535 1.2689854350908081e-11
7.54 1.4868641914022147e-11
7.545 1.4722888908595756e-11
7.55 1.5096728357365447e-11
7.555 1.500524834204228e-11
7.5600000000000005 1.3024094333526771e-11
7.565 1.2665353287407748e-11
7.57 1.592695845755364e-11
7.575 1.6900188542877834e-11
7.58 1.2123132904485555e-11
7.585 1.5785938842986143e-11
7.59 1.5697003189433857e-11
7.595 1.461465701815799e-11
7.6000000000000005 1.4376570276281244e-11
7.605 1.980171837438283e-11
7.61 1.4696839878101362e-11
7.615 1.3541342620407551e-11
7.62 1.2419925068084832e-11
7.625 1.4759031854248313e-11
7.63 9.691046697777464e-12
7.635 1.4202825747969591e-11
7.640000000000001 1.1312782140373646e-11
7.6450000000000005 1.6513111271493497e-11
7.65 1.2859482033654378e-11
7.655 1.8195642385491246e-11
7.66 1.3346916038340572e-11
7.665 1.4455672314371402e-11
7.67 1.2952171693945538e-11
7.675 1.1728374774947853e-11
7.68 1.2104398131619295e-11
7.6850000000000005 1.3862695784798721e-11
7.69 1.1571958732157522e-11
7.695 1.0512971592326122e-11
7.7 1.0519363082887554e-11
7.705 1.0641641528235861e-11
7.71 8.563956810330116e-12
7.715 1.6148966407809675e-11
7.72 1.1576542142680227e-11
7.7250000000000005 1.1699172431798884e-11
7.73 1.59941317192937e-11
7.735 8.208040284507422e-12
7.74 9.18037685715056e-12
7.745 1.2103804539111679e-11
7.75 1.173982406688492e-11
7.755 8.888186790874655e-12
7.76 1.012835783397216e-11
7.765000000000001 1.3180005202580152e-11
7.7700000000000005 1.1343807330663513e-11
7.775 9.917156555806586e-12
7.78 1.1180049006813281e-11
7.785 1.1882966404429173e-11
7.79 1.1982320838376667e-11
7.795 9.222520534009805e-12
7.8 1.3846940964398356e-11
7.805000000000001 1.2784182221750737e-11
7.8100000000000005 1.2721914306492761e-11
7.815 1.31439506770192e-11
7.82 1.4257490461448432e-11
7.825 1.0783237325132248e-11
7.83 1.198773184584559e-11
7.835 1.0686941756098263e-11
7.84 1.10603712419432e-11
7.845 9.54219487914982e-12
7.8500000000000005 1.1993396951229706e-11
7.855 1.526564750917155e-11
7.86 1.3265831420326093e-11
7.865 1.4412074833012792e-11
7.87 7.27440739056468e-12
7.875 6.530925133404017e-12
7.88 1.0161978879851424e-11
7.885 1.3543088487429332e-11
7.890000000000001 8.514292968846156e-12
7.8950000000000005 8.760074880383414e-12
7.9 9.263022865257179e-12
7.905 9.63815044890641e-12
7.91 1.4381748920085139e-11
7.915 7.661465231538678e-12
7.92 1.0772323589558941e-11
7.925 8.425193664699283e-12
7.930000000000001 1.226061925499576e-11
7.9350000000000005 1.390302219523801e-11
7.94 9.393135133748959e-12
7.945 9.60409392563352e-12
7.95 8.998573803415196e-12
7.955 8.928928530538722e-12
7.96 1.0739138245062418e-11
7.965 8.844358127472247e-12
7.97 1.018731464806661e-11
7.9750000000000005 9.331316442722574e-12
7.98 7.580539824759265e-12
7.985 1.2568067851393398e-11
7.99 1.0179314070239661e-11
7.995 8.489425418915183e-12
8.0 1.0173551904201154e-11
8.25 4.727877526598312e-10
8.5 4.316115910891753e-10
8.75 3.5425527974224963e-10
9.0 3.338251336676615e-10
9.25 3.043055480908331e-10
9.5 2.4339510374306366e-10
9.75 2.1063881253323614e-10
10.0 1.93318644572149e-10
10.25 1.9258128204930188e-10
10.5 1.430513274854012e-10
10.75 1.2656662552734304e-10
11.0 1.2911345216774541e-10
11.25 1.0251817145987947e-10
11.5 9.127865424296552e-11
11.75 8.957995923055747e-11
12.0 8.661592913599935e-11
12.25 6.813794739707351e-11
12.5 5.888800529758883e-11
12.75 5.5576278712245366e-11
13.0 4.2246342876691564e-11
13.25 4.555624016575915e-11
13.5 2.994815187651816e-11
13.75 2.990307096377539e-11
14.0 2.605997907927468e-11
14.25 3.193204297590881e-11
14.5 2.5894060076824537e-11
14.75 2.2896722451575142e-11
15.0 1.6680283058776103e-11
15.25 1.539620201235312e-11
15.5 1.6440449852313388e-11
15.75 1.590480756621448e-11
16.0 1.2579966769614501e-11
16.25 7.993172209646314e-12
16.5 1.2843774424069161e-11
16.75 7.368390862530461e-12
17.0 7.749805489942972e-12
17.25 6.520256202598266e-12
17.5 4.188612979675081e-12
17.75 5.50332831086846e-12
18.0 7.105161376309201e-12
18.25 7.113437112165594e-12
18.5 2.685418411003906e-12
18.75 3.043080052996737e-12
19.0 6.60274588301697e-12
19.25 1.310452508369469e-12
19.5 4.2003867281372474e-12
19.75 2.0853351482951296e-12
