0.005 4.152552031648309e-11
0.01 3.7181749997340992e-09
0.015 1.891035554256749e-08
0.02 3.1664422242072216e-08
0.025 4.242655174723079e-08
0.03 5.2752426096746745e-08
0.035 6.20356749345935e-08
0.04 7.055683444619755e-08
0.045 7.840028160682769e-08
0.05 8.561313977794262e-08
0.055 9.23190278615286e-08
0.06 9.892514998942601e-08
0.065 1.056057204257835e-07
0.07 1.1285672678466229e-07
0.075 1.1430297128096387e-07
0.08 1.1396355109291586e-07
0.085 1.1396695648043503e-07
0.09 1.1456172353696394e-07
0.095 1.1566694320510374e-07
0.1 1.177042529712296e-07
0.105 1.2030652343544848e-07
0.11 1.235345718274945e-07
0.115 1.2757213557317662e-07
0.12 1.3191440335890806e-07
0.125 1.3658533146258704e-07
0.13 1.4138361314274828e-07
0.135 1.461501163752512e-07
0.14 1.5103062669142579e-07
0.145 1.5563011857761948e-07
0.15 1.6025683084288063e-07
0.155 1.643816333799477e-07
0.16 1.6868701148768033e-07
0.165 1.7355860615846586e-07
0.17 1.779940146374913e-07
0.17500000000000002 1.8272571170047568e-07
0.18 1.8762309080198034e-07
0.185 1.928894476929251e-07
0.19 1.9781578096386034e-07
0.195 2.0288339640111598e-07
0.2 2.0843647008482504e-07
0.20500000000000002 2.1368034048367252e-07
0.21 2.1901357734146797e-07
0.215 2.2441246490914751e-07
0.22 2.301846399497424e-07
0.225 2.3626080751659916e-07
0.23 2.4201268322134863e-07
0.23500000000000001 2.485313654404462e-07
0.24 2.554825154587525e-07
0.245 2.622327243041126e-07
0.25 2.700755107753523e-07
0.255 2.7845517034996105e-07
0.26 2.867209291746698e-07
0.265 2.9523677404781076e-07
0.27 3.0457818828277013e-07
0.275 3.1464063098772425e-07
0.28 3.24514806790052e-07
0.28500000000000003 3.357012961559433e-07
0.29 3.469784435361578e-07
0.295 3.5916081817902645e-07
0.3 3.7228213974980894e-07
0.305 3.858147388231857e-07
0.31 3.9999338502587645e-07
0.315 4.1520678592422444e-07
0.32 4.3043070114024835e-07
0.325 4.4672634436984815e-07
0.33 4.6263071797686305e-07
0.335 4.782497322181408e-07
0.34 4.925923647950587e-07
0.34500000000000003 5.066597547234173e-07
0.35000000000000003 5.212277726628727e-07
0.355 5.332354346550967e-07
0.36 5.462269133713895e-07
0.365 5.58040593223593e-07
0.37 5.691213619749193e-07
0.375 5.79757210213371e-07
0.38 5.903416481211399e-07
0.385 6.001238663517815e-07
0.39 6.091676477689658e-07
0.395 6.166474237559435e-07
0.4 6.246854496292425e-07
0.405 6.307188563638425e-07
0.41000000000000003 6.360909232980044e-07
0.41500000000000004 6.400410689959587e-07
0.42 6.448307603012989e-07
0.425 6.480621430796206e-07
0.43 6.488797082896347e-07
0.435 6.518538773910461e-07
0.44 6.528966565494613e-07
0.445 6.517661892955203e-07
0.45 6.519611178173411e-07
0.455 6.48738667596948e-07
0.46 6.461030154558897e-07
0.465 6.420148080092451e-07
0.47000000000000003 6.373271726075819e-07
0.47500000000000003 6.329850757094505e-07
0.48 6.275853276262207e-07
0.485 6.202607736403972e-07
0.49 6.124360876304699e-07
0.495 6.046462670482759e-07
0.5 5.967472426706282e-07
0.505 5.846474947731201e-07
0.51 5.734106846411173e-07
0.515 5.610291461208001e-07
0.52 5.482967555158936e-07
0.525 5.353117166554081e-07
0.53 5.212776487879985e-07
0.535 5.064080441512367e-07
0.54 4.913044591970069e-07
0.545 4.7564087099575766e-07
0.55 4.610346450642509e-07
0.555 4.4528103807649325e-07
0.56 4.2972004658330333e-07
0.5650000000000001 4.140195762709947e-07
0.5700000000000001 3.9891186384885507e-07
0.5750000000000001 3.8393785426666554e-07
0.58 3.690175039753923e-07
0.585 3.5647045466561556e-07
0.59 3.431875367011443e-07
0.595 3.303152823974317e-07
0.6 3.1817462125245873e-07
0.605 3.06530161286903e-07
0.61 2.966702877199589e-07
0.615 2.863718842988022e-07
0.62 2.748901445509895e-07
0.625 2.65374474624044e-07
0.63 2.564566799849972e-07
0.635 2.4759711782009713e-07
0.64 2.3952423311748105e-07
0.645 2.303077552680746e-07
0.65 2.2309789289214577e-07
0.655 2.163890463603517e-07
0.66 2.084840784519055e-07
0.665 2.016543777053457e-07
0.67 1.9518817062027902e-07
0.675 1.8950733559270707e-07
0.68 1.8356717566732394e-07
0.685 1.7778461117656046e-07
0.6900000000000001 1.7266394479734636e-07
0.6950000000000001 1.6709534892440977e-07
0.7000000000000001 1.6195634339235993e-07
0.705 1.5735260261186807e-07
0.71 1.5238370122863298e-07
0.715 1.4789536337000488e-07
0.72 1.4368842255772318e-07
0.725 1.3893636720187538e-07
0.73 1.34781112529946e-07
0.735 1.31317513046615e-07
0.74 1.2680190721895763e-07
0.745 1.2395299213623635e-07
0.75 1.19815136010736e-07
0.755 1.1625032560679613e-07
0.76 1.1323492512924487e-07
0.765 1.105440941798554e-07
0.77 1.075367512274328e-07
0.775 1.0412354260962575e-07
0.78 1.0123622761155416e-07
0.785 9.81617109028983e-08
0.79 9.528139227186975e-08
0.795 9.308561938668268e-08
0.8 8.999756250334285e-08
0.805 8.831322354687219e-08
0.81 8.530891932462986e-08
0.8150000000000001 8.36112342300738e-08
0.8200000000000001 8.142535707313592e-08
0.8250000000000001 7.905600923202172e-08
0.8300000000000001 7.723334919532755e-08
0.835 7.479760334148947e-08
0.84 7.312454051632392e-08
0.845 7.10993620335505e-08
0.85 6.924742212073749e-08
0.855 6.787932146984156e-08
0.86 6.584997726839182e-08
0.865 6.438998612586933e-08
0.87 6.287912791359581e-08
0.875 6.11416476052123e-08
0.88 5.992594575553098e-08
0.885 5.817175389583253e-08
0.89 5.702010348807226e-08
0.895 5.5605588609166365e-08
0.9 5.423857932058259e-08
0.905 5.347751514136118e-08
0.91 5.2458090459806225e-08
0.915 5.0567003774558747e-08
0.92 4.896376208582376e-08
0.925 4.880039980398922e-08
0.93 4.777409100319104e-08
0.935 4.625883693891399e-08
0.9400000000000001 4.567690690421746e-08
0.9450000000000001 4.446983652170918e-08
0.9500000000000001 4.355771954706283e-08
0.9550000000000001 4.235137000388401e-08
0.96 4.171132313355622e-08
0.965 4.037795438796509e-08
0.97 3.992310434673529e-08
0.975 3.9107682707997604e-08
0.98 3.8390313261623945e-08
0.985 3.7299408016435456e-08
0.99 3.705468839905166e-08
0.995 3.6008281532068604e-08
1.0 3.571497034360581e-08
1.0050000000000001 3.471257595447277e-08
1.01 3.404392905849321e-08
1.0150000000000001 3.337042812977888e-08
1.02 3.291036065737517e-08
1.025 3.209034561525565e-08
1.03 3.204374109884851e-08
1.035 3.1457663831762907e-08
1.04 3.071140464560898e-08
1.045 3.0390890955681766e-08
1.05 2.957043518114744e-08
1.055 2.930114763442267e-08
1.06 2.862493721465323e-08
1.065 2.8389651634501455e-08
1.07 2.8295515626524726e-08
1.075 2.7223022280883284e-08
1.08 2.7057718402905528e-08
1.085 2.6950540396200988e-08
1.09 2.6344253000069065e-08
1.095 2.6102156729773032e-08
1.1 2.5526225749751367e-08
1.105 2.5540759834382407e-08
1.11 2.5178347629953157e-08
1.115 2.4383004011287543e-08
1.12 2.4752213359759047e-08
1.125 2.38022765082393e-08
1.1300000000000001 2.3671249840408538e-08
1.135 2.3601978926166545e-08
1.1400000000000001 2.3167690110192928e-08
1.145 2.2636495789920014e-08
1.1500000000000001 2.2531333973709996e-08
1.155 2.2200229144062037e-08
1.16 2.209756963381226e-08
1.165 2.19532494505353e-08
1.17 2.1561334564859142e-08
1.175 2.1323958741647443e-08
1.18 2.0671014861924635e-08
1.185 2.0494658051373342e-08
1.19 2.0496082222568263e-08
1.195 2.0510524179874647e-08
1.2 1.9968130747222448e-08
1.205 1.993326402346213e-08
1.21 1.9681475766131588e-08
1.215 1.951964952243544e-08
1.22 1.945236053147708e-08
1.225 1.8861776767387192e-08
1.23 1.8220706631492123e-08
1.235 1.844248238099117e-08
1.24 1.825670140197496e-08
1.245 1.838027238270224e-08
1.25 1.7799928068375746e-08
1.2550000000000001 1.794023847243369e-08
1.26 1.7331619082253252e-08
1.2650000000000001 1.803352610531569e-08
1.27 1.7588433886695696e-08
1.2750000000000001 1.7120982957943914e-08
1.28 1.7222675973528646e-08
1.285 1.660079330043868e-08
1.29 1.6867182483147825e-08
1.295 1.6058100445517092e-08
1.3 1.6041759536921978e-08
1.305 1.613468435475379e-08
1.31 1.5933670225864154e-08
1.315 1.5735184517847625e-08
1.32 1.5771388720789176e-08
1.325 1.5519165043784564e-08
1.33 1.5379775193403143e-08
1.335 1.5483606807183516e-08
1.34 1.5302558022656202e-08
1.345 1.5016650659186185e-08
1.35 1.4718939299653234e-08
1.355 1.4698517821424949e-08
1.36 1.4541190917578942e-08
1.365 1.4371837541590349e-08
1.37 1.4259669433165612e-08
1.375 1.4244617423842267e-08
1.3800000000000001 1.4146941452253511e-08
1.385 1.4122091106059685e-08
1.3900000000000001 1.3985114516176467e-08
1.395 1.3540790273653013e-08
1.4000000000000001 1.3679292927633732e-08
1.405 1.3912642928108863e-08
1.41 1.3361291473433257e-08
1.415 1.3186558530599936e-08
1.42 1.3453008377520593e-08
1.425 1.304847594600292e-08
1.43 1.3085536938629136e-08
1.435 1.2696994815843132e-08
1.44 1.2743425174550995e-08
1.445 1.2816823577004604e-08
1.45 1.265532523631854e-08
1.455 1.2434227000105034e-08
1.46 1.2300153906545069e-08
1.465 1.2174607043789556e-08
1.47 1.1878188561689624e-08
1.475 1.181786536058144e-08
1.48 1.2049827694594987e-08
1.485 1.1970256136852755e-08
1.49 1.2113558770146152e-08
1.495 1.1831048795777747e-08
1.5 1.1442137403960572e-08
1.5050000000000001 1.1594324582950658e-08
1.51 1.1620797545708328e-08
1.5150000000000001 1.1629714961959627e-08
1.52 1.146251291528834e-08
1.5250000000000001 1.1107445358664606e-08
1.53 1.126096544635198e-08
1.5350000000000001 1.1290951680195673e-08
1.54 1.1031524432781971e-08
1.545 1.0753125828602499e-08
1.55 1.1173434366959001e-08
1.555 1.080297720348795e-08
1.56 1.0826376690695166e-08
1.565 1.0695488595500597e-08
1.57 1.0676912124362865e-08
1.575 1.0727173182245494e-08
1.58 1.0427905484283963e-08
1.585 1.0630088738804136e-08
1.59 1.0101291258867613e-08
1.595 1.0257178910496392e-08
1.6 1.0330254176151695e-08
1.605 1.02197289371989e-08
1.61 1.0166317595909844e-08
1.615 1.015310844885093e-08
1.62 1.0457508751126534e-08
1.625 1.0240597273159999e-08
1.6300000000000001 9.89370211776102e-09
1.635 1.0000441404814628e-08
1.6400000000000001 9.652149768414432e-09
1.645 9.732602905023682e-09
1.6500000000000001 9.759566727804022e-09
1.655 9.561800780033679e-09
1.6600000000000001 9.731883288972327e-09
1.665 9.430842496896572e-09
1.67 9.721856832025712e-09
1.675 9.54403236114641e-09
1.68 9.495856066526411e-09
1.685 9.492010620911065e-09
1.69 9.099406195721952e-09
1.695 9.208598369288426e-09
1.7 9.030416683764196e-09
1.705 9.008181382276597e-09
1.71 9.004787731804034e-09
1.715 9.222564606720417e-09
1.72 9.364764407533219e-09
1.725 9.059906700840172e-09
1.73 9.258433741132099e-09
1.735 8.937800942402572e-09
1.74 8.997357400932528e-09
1.745 8.741221703623733e-09
1.75 8.9068808333847e-09
1.7550000000000001 8.893559144970938e-09
1.76 8.813701121408947e-09
1.7650000000000001 8.879753974118394e-09
1.77 8.841268981945424e-09
1.7750000000000001 8.685771601619343e-09
1.78 8.513988795780227e-09
1.7850000000000001 8.593062378414715e-09
1.79 8.321599127948593e-09
1.795 8.608769267066602e-09
1.8 8.527391959229487e-09
1.805 8.231831791103727e-09
1.81 8.483837475309687e-09
1.815 8.195066877396042e-09
1.82 8.425402922472612e-09
1.825 8.352642808915014e-09
1.83 8.271534560188184e-09
1.835 8.311719099665826e-09
1.84 8.231363672845078e-09
1.845 7.999469618974221e-09
1.85 8.176600219385175e-09
1.855 8.037152316137654e-09
1.86 7.957003074371803e-09
1.865 8.153933472309032e-09
1.87 8.169865155342029e-09
1.875 8.131617089215426e-09
1.8800000000000001 7.971821276323445e-09
1.885 8.314684228990125e-09
1.8900000000000001 7.957648659176989e-09
1.895 7.865511238114954e-09
1.9000000000000001 8.08701917302421e-09
1.905 8.003491172014812e-09
1.9100000000000001 7.95274252861745e-09
1.915 8.037131982307131e-09
1.92 7.952284907039531e-09
1.925 7.678121544282504e-09
1.93 7.736048138896229e-09
1.935 7.707989757564626e-09
1.94 7.773963418912114e-09
1.945 7.890328973584257e-09
1.95 7.840388454183888e-09
1.955 7.724662105789882e-09
1.96 7.897918688766344e-09
1.965 7.801528642003348e-09
1.97 7.74159564621033e-09
1.975 7.61911096994687e-09
1.98 7.728206722265447e-09
1.985 7.600823317500891e-09
1.99 7.539395806384277e-09
1.995 7.70594518396377e-09
2.0 7.592760246340364e-09
2.005 7.659329155405083e-09
2.0100000000000002 7.597105466178908e-09
2.015 7.437849428119857e-09
2.02 7.46115925331347e-09
2.025 7.372503055129653e-09
2.0300000000000002 7.427302479359437e-09
2.035 7.353715337812053e-09
2.04 7.572227354669685e-09
2.045 7.371743515607049e-09
2.05 7.675295199182983e-09
2.055 7.441844976592198e-09
2.06 7.33841462020705e-09
2.065 7.59398941688607e-09
2.07 7.3944380004339e-09
2.075 7.490402313914429e-09
2.08 7.313197066022588e-09
2.085 7.360876317689917e-09
2.09 7.292379028384969e-09
2.095 7.251336767082122e-09
2.1 7.438040226356925e-09
2.105 7.2294136391921815e-09
2.11 7.3467143420956485e-09
2.115 7.31857405446322e-09
2.12 7.098270688494681e-09
2.125 7.219936057734632e-09
2.13 7.324165448959558e-09
2.1350000000000002 7.130924572325049e-09
2.14 7.300507791011395e-09
2.145 7.087312225330359e-09
2.15 7.361693012561311e-09
2.1550000000000002 7.277554048746694e-09
2.16 7.3209100748931156e-09
2.165 7.284340836955257e-09
2.17 7.201640310677076e-09
2.1750000000000003 7.168327056133098e-09
2.18 7.242341455501829e-09
2.185 7.102842803606918e-09
2.19 7.27875291823184e-09
2.195 7.2015795329029805e-09
2.2 7.3083835401232185e-09
2.205 7.14983527895762e-09
2.21 7.096034468479326e-09
2.215 7.292717502039698e-09
2.22 7.276058621038727e-09
2.225 7.240257429274875e-09
2.23 7.040422389236799e-09
2.235 7.355077713269806e-09
2.24 7.245971528814105e-09
2.245 7.1712177547662925e-09
2.25 7.176800869222405e-09
2.255 7.0553743005768356e-09
2.2600000000000002 7.0750458505788695e-09
2.265 7.170071802505758e-09
2.27 7.148674365710992e-09
2.275 7.113172300993703e-09
2.2800000000000002 7.17130825061256e-09
2.285 7.0817583993238e-09
2.29 7.087547168394484e-09
2.295 7.178233360805938e-09
2.3000000000000003 7.1049477465725114e-09
2.305 7.1701803798031994e-09
2.31 7.329118589012035e-09
2.315 7.124038413113004e-09
2.32 7.15437504655711e-09
2.325 7.056250313865424e-09
2.33 7.172689138362458e-09
2.335 6.979751866018311e-09
2.34 7.076764439453618e-09
2.345 7.025377691988433e-09
2.35 7.039097090975568e-09
2.355 7.062391388796361e-09
2.36 7.032792491588104e-09
2.365 7.047509914898472e-09
2.37 7.086836480696978e-09
2.375 6.911971459453126e-09
2.38 7.113098302965997e-09
2.3850000000000002 7.180011861215357e-09
2.39 7.003710633697363e-09
2.395 7.019240515052187e-09
2.4 7.1941197380396176e-09
2.4050000000000002 7.135844237582026e-09
2.41 7.026548774256513e-09
2.415 7.032961275699768e-09
2.42 7.065554750821595e-09
2.4250000000000003 7.144594393960789e-09
2.43 7.089050492540836e-09
2.435 7.041037863266059e-09
2.44 7.138891633587001e-09
2.445 7.131282089182121e-09
2.45 7.069224186625443e-09
2.455 7.114421043999899e-09
2.46 7.121080917823592e-09
2.465 7.2350968396949916e-09
2.47 7.2040853088234846e-09
2.475 7.218367098015743e-09
2.48 7.2327547517777465e-09
2.485 7.2229275239767065e-09
2.49 7.097964903451411e-09
2.495 7.114949323491889e-09
2.5 7.307894646623516e-09
2.505 7.229033857668643e-09
2.5100000000000002 7.262701458181359e-09
2.515 7.157359010616192e-09
2.52 7.291362434752878e-09
2.525 7.160590697619206e-09
2.5300000000000002 7.236510950018724e-09
2.535 7.284350112563097e-09
2.54 7.2105561176396886e-09
2.545 7.357516630435344e-09
2.5500000000000003 7.190145829561926e-09
2.555 7.1832021837141724e-09
2.56 7.112636191906433e-09
2.565 7.269033424142558e-09
2.57 7.196356507061734e-09
2.575 7.395058267727535e-09
2.58 7.094794084470723e-09
2.585 7.379509382753297e-09
2.59 7.425090375516083e-09
2.595 7.437865329722122e-09
2.6 7.342340815720558e-09
2.605 7.174389321977492e-09
2.61 7.38659608566566e-09
2.615 7.396457906259389e-09
2.62 7.282935406703096e-09
2.625 7.488480394599642e-09
2.63 7.276387179184556e-09
2.6350000000000002 7.383314209347297e-09
2.64 7.2452702785394465e-09
2.645 7.3390703753501465e-09
2.65 7.3309761612054165e-09
2.6550000000000002 7.489382716087457e-09
2.66 7.30479761088946e-09
2.665 7.285135637398241e-09
2.67 7.523029490411033e-09
2.6750000000000003 7.268670638617065e-09
2.68 7.394064065193144e-09
2.685 7.2505078554332616e-09
2.69 7.598680697691215e-09
2.695 7.436389780592938e-09
2.7 7.48215238109919e-09
2.705 7.529918730271661e-09
2.71 7.504174256847675e-09
2.715 7.394331470033211e-09
2.72 7.32179521175667e-09
2.725 7.517468816852486e-09
2.73 7.487450005095228e-09
2.735 7.66931224314784e-09
2.74 7.474761987241486e-09
2.745 7.640044454975807e-09
2.75 7.544126279254578e-09
2.755 7.729702689394036e-09
2.7600000000000002 7.650544252966597e-09
2.765 7.697830174735084e-09
2.77 7.651877003170817e-09
2.775 7.667463557718306e-09
2.7800000000000002 7.677529153649983e-09
2.785 7.654814909541198e-09
2.79 7.604464419598995e-09
2.795 7.690746652234334e-09
2.8000000000000003 7.735026954581087e-09
2.805 7.69947489875804e-09
2.81 7.644148411656399e-09
2.815 7.708974544045644e-09
2.82 7.717154813752713e-09
2.825 7.832568217048572e-09
2.83 7.605256244723381e-09
2.835 7.732845070496794e-09
2.84 7.724826178066418e-09
2.845 7.848885288529132e-09
2.85 7.801675488978518e-09
2.855 7.930182176333483e-09
2.86 7.826978566259525e-09
2.865 7.755005554234758e-09
2.87 7.774670051292847e-09
2.875 7.904690921931747e-09
2.88 7.952452483486938e-09
2.8850000000000002 7.954769467717361e-09
2.89 7.9831753777559e-09
2.895 7.990065048844737e-09
2.9 7.81250952759024e-09
2.9050000000000002 7.896114499490629e-09
2.91 7.90840946054771e-09
2.915 7.880583730783316e-09
2.92 8.064790435207982e-09
2.9250000000000003 8.059653470387777e-09
2.93 7.893431687495162e-09
2.935 8.017966343678598e-09
2.94 8.04343328022616e-09
2.945 8.204429097771115e-09
2.95 8.10824217581325e-09
2.955 8.160375872202148e-09
2.96 8.145389610379604e-09
2.965 8.200167060300882e-09
2.97 8.246446027560912e-09
2.975 8.205948146549631e-09
2.98 8.297619817062061e-09
2.985 8.307749671111758e-09
2.99 8.18951798507027e-09
2.995 8.271016004825292e-09
3.0 8.293647126659751e-09
3.005 8.259728087941055e-09
3.0100000000000002 8.498534894666549e-09
3.015 8.433539553473233e-09
3.02 8.400627330967995e-09
3.025 8.335862852955003e-09
3.0300000000000002 8.48946015690796e-09
3.035 8.458165897822902e-09
3.04 8.409952965330944e-09
3.045 8.504074586396345e-09
3.0500000000000003 8.478781274959465e-09
3.055 8.529910117237845e-09
3.06 8.500423464803481e-09
3.065 8.538331804274366e-09
3.0700000000000003 8.587121674961794e-09
3.075 8.575750292914414e-09
3.08 8.637756481660198e-09
3.085 8.700026859913255e-09
3.09 8.691869293248442e-09
3.095 8.695265472288566e-09
3.1 8.761141708823e-09
3.105 8.652240639884554e-09
3.11 8.710434610403053e-09
3.115 8.79932335528853e-09
3.12 8.811771741525712e-09
3.125 8.853643844452365e-09
3.13 8.856449327153836e-09
3.1350000000000002 9.063336875875654e-09
3.14 9.02256457784498e-09
3.145 8.888590115014012e-09
3.15 8.92256628791548e-09
3.1550000000000002 8.98696589391918e-09
3.16 8.98670201053433e-09
3.165 9.037135988589097e-09
3.17 8.986118126208574e-09
3.1750000000000003 9.100082982165364e-09
3.18 9.033164961362081e-09
3.185 9.099048768442368e-09
3.19 9.260626125117923e-09
3.1950000000000003 9.125863800837523e-09
3.2 9.111055429058055e-09
3.205 9.198729475047786e-09
3.21 9.353735913862504e-09
3.215 9.170873994590098e-09
3.22 9.39009732901185e-09
3.225 9.278068190665037e-09
3.23 9.380883366053718e-09
3.235 9.34931041977339e-09
3.24 9.51832041262122e-09
3.245 9.460726689914157e-09
3.25 9.484160764528218e-09
3.255 9.42163202782985e-09
3.2600000000000002 9.578223143221452e-09
3.265 9.603726820630723e-09
3.27 9.631758065455906e-09
3.275 9.558907735481287e-09
3.2800000000000002 9.601535895968973e-09
3.285 9.674141756068668e-09
3.29 9.536913324481057e-09
3.295 9.77075677960745e-09
3.3000000000000003 9.744499358172668e-09
3.305 9.750970750011702e-09
3.31 9.770877934606748e-09
3.315 9.90200725726732e-09
3.3200000000000003 9.942252854793437e-09
3.325 9.899120746856207e-09
3.33 9.885379446853964e-09
3.335 9.866297860214455e-09
3.34 9.932861411120564e-09
3.345 9.994924047946573e-09
3.35 1.009988771467619e-08
3.355 1.000523665543128e-08
3.36 1.0144404126827244e-08
3.365 1.0152494832214257e-08
3.37 1.0108214019865992e-08
3.375 1.0151875820516687e-08
3.38 1.0210651211165043e-08
3.3850000000000002 1.010265231065577e-08
3.39 1.028301782419085e-08
3.395 1.0204457372469772e-08
3.4 1.0251798656129963e-08
3.4050000000000002 1.025325854308816e-08
3.41 1.0341713098959751e-08
3.415 1.033991829304682e-08
3.42 1.0392641437405613e-08
3.4250000000000003 1.0442102157867413e-08
3.43 1.0409688295955598e-08
3.435 1.0405301815484847e-08
3.44 1.0351271951930394e-08
3.4450000000000003 1.063497046447252e-08
3.45 1.0551108374432085e-08
3.455 1.0599488582048534e-08
3.46 1.0686883627457517e-08
3.465 1.0673114999052919e-08
3.47 1.0669552104072142e-08
3.475 1.0645075474406079e-08
3.48 1.0672594038583585e-08
3.485 1.072944697298282e-08
3.49 1.0775404127796687e-08
3.495 1.0806817209075465e-08
3.5 1.0644232516407575e-08
3.505 1.0805165178644714e-08
3.5100000000000002 1.0992013391416814e-08
3.515 1.082289334147288e-08
3.52 1.094528347324173e-08
3.525 1.09211197047426e-08
3.5300000000000002 1.091360616719683e-08
3.535 1.0935575323792576e-08
3.54 1.0850045792604407e-08
3.545 1.109571807010956e-08
3.5500000000000003 1.1050156124776734e-08
3.555 1.1014513738417077e-08
3.56 1.0945414079898414e-08
3.565 1.1041243066830584e-08
3.5700000000000003 1.10607664864609e-08
3.575 1.1156494062251726e-08
3.58 1.1170199741756814e-08
3.585 1.1162464212388054e-08
3.59 1.1124687378733853e-08
3.595 1.1127482324863432e-08
3.6 1.1157688460074102e-08
3.605 1.1143695726646212e-08
3.61 1.1258453037626836e-08
3.615 1.1199510319497609e-08
3.62 1.1357192970366533e-08
3.625 1.1239172992059999e-08
3.63 1.128236858719244e-08
3.6350000000000002 1.1331345528561023e-08
3.64 1.1401989189051611e-08
3.645 1.130608192668684e-08
3.65 1.1331177860700472e-08
3.6550000000000002 1.1376191253527435e-08
3.66 1.137574061675648e-08
3.665 1.1398814034179265e-08
3.67 1.1341565540888951e-08
3.6750000000000003 1.1476922339717796e-08
3.68 1.134306914063593e-08
3.685 1.1427620837007559e-08
3.69 1.1522910453647736e-08
3.6950000000000003 1.1429824654224694e-08
3.7 1.1402111647633532e-08
3.705 1.1432890570131809e-08
3.71 1.1439566582522538e-08
3.715 1.1524265787396821e-08
3.72 1.1466945262004741e-08
3.725 1.1394903688662374e-08
3.73 1.1418031160281307e-08
3.735 1.146151228212324e-08
3.74 1.1572180369661648e-08
3.745 1.1563129414634849e-08
3.75 1.1447553138855884e-08
3.755 1.1468344132216864e-08
3.7600000000000002 1.1407707368853046e-08
3.765 1.1539129732323823e-08
3.77 1.1495542714860514e-08
3.775 1.1562069928596779e-08
3.7800000000000002 1.1497588618538285e-08
3.785 1.1440850093320976e-08
3.79 1.148941954883853e-08
3.795 1.148766596125422e-08
3.8000000000000003 1.1542651307495938e-08
3.805 1.1489898545569317e-08
3.81 1.1510640677764339e-08
3.815 1.1413328550854712e-08
3.8200000000000003 1.1455654039146957e-08
3.825 1.1562359759469705e-08
3.83 1.1470259487554349e-08
3.835 1.1380360922065581e-08
3.84 1.1417213362958772e-08
3.845 1.1340929191012259e-08
3.85 1.1330789020283949e-08
3.855 1.1336291805471355e-08
3.86 1.13428696196744e-08
3.865 1.1273214424714312e-08
3.87 1.1383377738351537e-08
3.875 1.1318737904219125e-08
3.88 1.1290300073482117e-08
3.8850000000000002 1.1262523954777179e-08
3.89 1.1193777532249131e-08
3.895 1.1244447944877898e-08
3.9 1.1182692545827255e-08
3.9050000000000002 1.1156247551814996e-08
3.91 1.1234888118350335e-08
3.915 1.1119293263619426e-08
3.92 1.1040861792406861e-08
3.9250000000000003 1.1119040777102415e-08
3.93 1.1073457491941346e-08
3.935 1.1038423704664305e-08
3.94 1.1028065180860059e-08
3.9450000000000003 1.1078115079090691e-08
3.95 1.0902736251044315e-08
3.955 1.0974716828394088e-08
3.96 1.0857746598319964e-08
3.9650000000000003 1.0814428962892737e-08
3.97 1.091123767626525e-08
3.975 1.0772658859198465e-08
3.98 1.073675435055288e-08
3.985 1.0699809239029245e-08
3.99 1.0606665547831277e-08
3.995 1.0619690794601843e-08
4.0 1.0573832269518956e-08
4.005 1.0620163323756396e-08
4.01 1.057483743769786e-08
4.015 1.0514280240424527e-08
4.0200000000000005 1.0423752802415717e-08
4.025 1.035222250176552e-08
4.03 1.0423247997263622e-08
4.035 1.0301544103325708e-08
4.04 1.019631014916176e-08
4.045 1.0212535900052436e-08
4.05 1.0250423593973486e-08
4.055 1.0133767153813098e-08
4.0600000000000005 1.003997266668036e-08
4.065 1.0012748882495921e-08
4.07 9.968680857800639e-09
4.075 9.962638674084114e-09
4.08 9.85571570304762e-09
4.085 9.782175474391758e-09
4.09 9.803736732491526e-09
4.095 9.717226854362104e-09
4.1 9.656950624021867e-09
4.105 9.607593453219153e-09
4.11 9.506683365235523e-09
4.115 9.427648250458622e-09
4.12 9.38563314002367e-09
4.125 9.393525508482925e-09
4.13 9.268042165740589e-09
4.135 9.28299130275846e-09
4.14 9.203361753043355e-09
4.1450000000000005 9.120722531145653e-09
4.15 9.065989112505095e-09
4.155 8.99184566154769e-09
4.16 8.89419037553007e-09
4.165 8.84789540187956e-09
4.17 8.73328871670942e-09
4.175 8.680488442948519e-09
4.18 8.750350363621452e-09
4.1850000000000005 8.557736102043505e-09
4.19 8.517331857144023e-09
4.195 8.45463207884074e-09
4.2 8.377898967219396e-09
4.205 8.287443789641711e-09
4.21 8.223385474740017e-09
4.215 8.149449249901795e-09
4.22 8.099371292162682e-09
4.225 8.18458817774225e-09
4.23 7.957743087049933e-09
4.235 7.935305646995877e-09
4.24 7.867275259911187e-09
4.245 7.792346134578943e-09
4.25 7.760267370489305e-09
4.255 7.639176385185589e-09
4.26 7.636534328634731e-09
4.265 7.468580186577698e-09
4.2700000000000005 7.429549281507207e-09
4.275 7.26028253152473e-09
4.28 7.319719156083516e-09
4.285 7.243157110065626e-09
4.29 7.136223153344055e-09
4.295 7.056626342665755e-09
4.3 7.045849838079849e-09
4.305 6.8926391483851665e-09
4.3100000000000005 6.910392475106663e-09
4.315 6.868723465667934e-09
4.32 6.781482911208996e-09
4.325 6.770181255509629e-09
4.33 6.569003098601905e-09
4.335 6.567710231936377e-09
4.34 6.465995932139756e-09
4.345 6.435098627047125e-09
4.3500000000000005 6.361156942711397e-09
4.355 6.3212201170771916e-09
4.36 6.171119662636894e-09
4.365 6.1782278751040314e-09
4.37 6.05161032860167e-09
4.375 5.991367334254451e-09
4.38 6.0378753222630095e-09
4.385 5.964978181127134e-09
4.39 5.899064716249529e-09
4.3950000000000005 5.808814482861847e-09
4.4 5.722337353302245e-09
4.405 5.69129082517055e-09
4.41 5.604078179294497e-09
4.415 5.550479443411518e-09
4.42 5.545483560083379e-09
4.425 5.527170395601247e-09
4.43 5.405392636969227e-09
4.4350000000000005 5.290876705558221e-09
4.44 5.284016054687331e-09
4.445 5.248170857041029e-09
4.45 5.175623274072675e-09
4.455 5.20002469259525e-09
4.46 5.05860438203411e-09
4.465 5.068496842319815e-09
4.47 4.974421412422986e-09
4.4750000000000005 4.9586055916145665e-09
4.48 4.8406786502836976e-09
4.485 4.866115265452316e-09
4.49 4.7957376208518306e-09
4.495 4.794692875826968e-09
4.5 4.733764754122108e-09
4.505 4.652001780582969e-09
4.51 4.577235157812232e-09
4.515 4.51655157586987e-09
4.5200000000000005 4.540973257870322e-09
4.525 4.467913515810164e-09
4.53 4.481969589008483e-09
4.535 4.398575254711979e-09
4.54 4.349643260946658e-09
4.545 4.321348984879267e-09
4.55 4.293742340574395e-09
4.555 4.260929275064875e-09
4.5600000000000005 4.226384748613742e-09
4.565 4.180935226821404e-09
4.57 4.084130106600245e-09
4.575 4.132131280274674e-09
4.58 4.042992784406646e-09
4.585 3.979193805682447e-09
4.59 3.980295447255122e-09
4.595 3.926745994021263e-09
4.6000000000000005 3.864608831992633e-09
4.605 3.877232334391197e-09
4.61 3.820326755430491e-09
4.615 3.723635523941517e-09
4.62 3.781788850303061e-09
4.625 3.7213002229106427e-09
4.63 3.721758798120603e-09
4.635 3.6459125276031252e-09
4.64 3.6336298056295695e-09
4.6450000000000005 3.601598992638322e-09
4.65 3.579566379614242e-09
4.655 3.5544621391386942e-09
4.66 3.508356581542647e-09
4.665 3.411817828255022e-09
4.67 3.458153474617747e-09
4.675 3.4396191394319867e-09
4.68 3.3856748199511516e-09
4.6850000000000005 3.3664640005065083e-09
4.69 3.3407732437817484e-09
4.695 3.2843414179061635e-09
4.7 3.3098806582404485e-09
4.705 3.296321635589299e-09
4.71 3.2594213313456796e-09
4.715 3.1705832371095757e-09
4.72 3.1963750805490648e-09
4.7250000000000005 3.146166179145662e-09
4.73 3.1142374143958128e-09
4.735 3.140396972775405e-09
4.74 3.047517606873702e-09
4.745 3.0257150812027067e-09
4.75 3.0213883458287684e-09
4.755 3.0460984245746178e-09
4.76 2.9928664274665106e-09
4.765 2.9503193795325006e-09
4.7700000000000005 2.9207643803118055e-09
4.775 2.8890650717000543e-09
4.78 2.934214893225038e-09
4.785 2.8720966884204275e-09
4.79 2.824385554793512e-09
4.795 2.8483811611704455e-09
4.8 2.828457032756149e-09
4.805 2.7883027682935596e-09
4.8100000000000005 2.7685214460196643e-09
4.815 2.7676153868199616e-09
4.82 2.6979691257349835e-09
4.825 2.6981567268518426e-09
4.83 2.7188800333455084e-09
4.835 2.64195188034525e-09
4.84 2.650769254816243e-09
4.845 2.584875918316082e-09
4.8500000000000005 2.541813980214415e-09
4.855 2.5856298502523875e-09
4.86 2.5574104618470353e-09
4.865 2.5848636912532115e-09
4.87 2.5156325437019936e-09
4.875 2.5053887273705174e-09
4.88 2.451448846818086e-09
4.885 2.4301177536840015e-09
4.89 2.4455938989551857e-09
4.8950000000000005 2.465017084850546e-09
4.9 2.45546248602931e-09
4.905 2.3955523984989985e-09
4.91 2.423505172969028e-09
4.915 2.382490839651465e-09
4.92 2.345102414937334e-09
4.925 2.348619842103807e-09
4.93 2.3158253506933544e-09
4.9350000000000005 2.25576177360405e-09
4.94 2.283971330862093e-09
4.945 2.2694812893779698e-09
4.95 2.2438503509333616e-09
4.955 2.2298076756126855e-09
4.96 2.2124505925295072e-09
4.965 2.186827524098696e-09
4.97 2.2054575997085057e-09
4.9750000000000005 2.202222269063357e-09
4.98 2.177175645959261e-09
4.985 2.1695128920836106e-09
4.99 2.160505083767849e-09
4.995 2.1076930013730238e-09
5.0 2.1181760025020913e-09
5.005 2.0758234080336884e-09
5.01 2.1342361928786097e-09
5.015 2.0501787466986796e-09
5.0200000000000005 2.10362396425923e-09
5.025 2.0443818399237437e-09
5.03 2.0190224672425615e-09
5.035 2.006910769518362e-09
5.04 1.986105506726668e-09
5.045 1.996043592319852e-09
5.05 1.965864632668972e-09
5.055 1.96626614578345e-09
5.0600000000000005 2.0082272254953444e-09
5.065 1.963974295453331e-09
5.07 1.9269988076702983e-09
5.075 1.914272165379446e-09
5.08 1.9198271699764493e-09
5.085 1.965613249081593e-09
5.09 1.903780312354321e-09
5.095 1.9075720812618525e-09
5.1000000000000005 1.9073733818153644e-09
5.105 1.8753724098786266e-09
5.11 1.8402564796798388e-09
5.115 1.839045378783879e-09
5.12 1.7668891436722454e-09
5.125 1.8243428174139851e-09
5.13 1.7663752097459261e-09
5.135 1.7977563537118887e-09
5.14 1.7235078214276364e-09
5.1450000000000005 1.7700422075973066e-09
5.15 1.7005232239927947e-09
5.155 1.7864565337287169e-09
5.16 1.7034999433926965e-09
5.165 1.6988155497237783e-09
5.17 1.7187344356493526e-09
5.175 1.713817467295546e-09
5.18 1.6574158490395833e-09
5.1850000000000005 1.671144834312842e-09
5.19 1.678685089253361e-09
5.195 1.6419776172505715e-09
5.2 1.6410061501872078e-09
5.205 1.6193688745754791e-09
5.21 1.6429238003653354e-09
5.215 1.6259069961997684e-09
5.22 1.6258252836638071e-09
5.2250000000000005 1.6013022288840207e-09
5.23 1.6180990419022663e-09
5.235 1.5784804437441456e-09
5.24 1.5553261669830843e-09
5.245 1.5590299620345452e-09
5.25 1.5616263532477443e-09
5.255 1.5495157616838138e-09
5.26 1.5383209093128458e-09
5.265 1.546602409858184e-09
5.2700000000000005 1.5330749007854234e-09
5.275 1.5249476730686467e-09
5.28 1.5226400130787926e-09
5.285 1.467837915597774e-09
5.29 1.455423620048014e-09
5.295 1.4455770651143202e-09
5.3 1.4625180526885347e-09
5.305 1.443473899488292e-09
5.3100000000000005 1.4836218840018419e-09
5.315 1.456766420180755e-09
5.32 1.4433964987497725e-09
5.325 1.417435614323408e-09
5.33 1.388613655294458e-09
5.335 1.4384853477546768e-09
5.34 1.405495518850935e-09
5.345 1.3940337185954548e-09
5.3500000000000005 1.3920956802153796e-09
5.355 1.386765216187884e-09
5.36 1.3911011629602378e-09
5.365 1.3996852890567821e-09
5.37 1.3869980148027898e-09
5.375 1.3331612328070844e-09
5.38 1.3497076846937474e-09
5.385 1.3345033515461889e-09
5.39 1.345326867727921e-09
5.3950000000000005 1.34701180739843e-09
5.4 1.3052281515945493e-09
5.405 1.3457802879275421e-09
5.41 1.3365478578296523e-09
5.415 1.2661700291029502e-09
5.42 1.3154129556350885e-09
5.425 1.284028167184881e-09
5.43 1.2719952338645576e-09
5.4350000000000005 1.2771239129595282e-09
5.44 1.2464869116054351e-09
5.445 1.2728302423111382e-09
5.45 1.2511410282048914e-09
5.455 1.2100432768620666e-09
5.46 1.2184167052433132e-09
5.465 1.233267149648126e-09
5.47 1.2118869773480662e-09
5.4750000000000005 1.2668615752919658e-09
5.48 1.2064061539224905e-09
5.485 1.229562186209115e-09
5.49 1.1970719109196835e-09
5.495 1.18534302303952e-09
5.5 1.2099485004408878e-09
5.505 1.1541717270582345e-09
5.51 1.1708539601369429e-09
5.515 1.2175142860953708e-09
5.5200000000000005 1.1557193396674219e-09
5.525 1.1430163678030073e-09
5.53 1.1613447114886818e-09
5.535 1.2044406384072362e-09
5.54 1.1455216954438506e-09
5.545 1.1472606154862016e-09
5.55 1.1644896705787152e-09
5.555 1.1234381709576569e-09
5.5600000000000005 1.1338188685469374e-09
5.565 1.1383810421598005e-09
5.57 1.1287508882287537e-09
5.575 1.1289854242707611e-09
5.58 1.1332796102959327e-09
5.585 1.0813780847190656e-09
5.59 1.1327129705730818e-09
5.595 1.0773032304665968e-09
5.6000000000000005 1.0501293622583904e-09
5.605 1.0633270009895526e-09
5.61 1.048718898596295e-09
5.615 1.0774896509226719e-09
5.62 1.0660678069398432e-09
5.625 1.04351841309815e-09
5.63 1.0435242394353965e-09
5.635 1.0702017936029855e-09
5.64 1.039754744878951e-09
5.6450000000000005 1.0352253852765306e-09
5.65 1.0087019673004493e-09
5.655 1.0240038240703095e-09
5.66 1.026753573948958e-09
5.665 1.044878786584567e-09
5.67 9.808007137274996e-10
5.675 9.82501006154408e-10
5.68 9.826406771439424e-10
5.6850000000000005 9.937237070261893e-10
5.69 1.0021988062811502e-09
5.695 9.787925589527384e-10
5.7 9.56091414461202e-10
5.705 1.0023705928918611e-09
5.71 9.765057127607141e-10
5.715 9.670923383816245e-10
5.72 9.565916483706972e-10
5.7250000000000005 9.835020269151063e-10
5.73 9.22586004359281e-10
5.735 9.33565204387542e-10
5.74 9.534030607285941e-10
5.745 9.140709897443829e-10
5.75 9.310476478751444e-10
5.755 9.272935642065684e-10
5.76 9.296256977256112e-10
5.765 9.55380609748478e-10
5.7700000000000005 9.346850627886071e-10
5.775 9.351319741885675e-10
5.78 9.273640008339433e-10
5.785 9.144537276632305e-10
5.79 8.994673002008502e-10
5.795 9.154607869221904e-10
5.8 9.060194443761194e-10
5.805 8.907056888951822e-10
5.8100000000000005 8.818637948449922e-10
5.815 8.924092564613498e-10
5.82 8.741257996457317e-10
5.825 9.063260392781756e-10
5.83 8.713808868092407e-10
5.835 8.921500543378534e-10
5.84 9.019371676282517e-10
5.845 8.567814390901428e-10
5.8500000000000005 8.57314635750412e-10
5.855 8.58474399942845e-10
5.86 9.019657283038448e-10
5.865 8.342777121552597e-10
5.87 8.621396470646288e-10
5.875 8.672429872642175e-10
5.88 8.62237320056148e-10
5.885 8.067475254107608e-10
5.89 8.782132014272236e-10
5.8950000000000005 8.501214173025714e-10
5.9 8.323789153008583e-10
5.905 8.458081271319674e-10
5.91 7.977741833403384e-10
5.915 8.109298498716239e-10
5.92 8.407746440961665e-10
5.925 8.132198762134128e-10
5.93 8.134313779720079e-10
5.9350000000000005 8.434211929455524e-10
5.94 8.256705924909178e-10
5.945 8.177454836667134e-10
5.95 7.858694074434155e-10
5.955 8.298119566016891e-10
5.96 7.898750381002852e-10
5.965 8.147202150931488e-10
5.97 8.253320904216556e-10
5.9750000000000005 7.685955711648851e-10
5.98 7.787277298382205e-10
5.985 7.702473788509709e-10
5.99 7.419380979614154e-10
5.995 7.48222697562963e-10
6.0 7.763851833412695e-10
6.005 7.488169214143234e-10
6.01 7.585426945001638e-10
6.015000000000001 7.44703407080981e-10
6.0200000000000005 7.297787075855913e-10
6.025 7.453711580932905e-10
6.03 7.343636515228495e-10
6.035 7.476093775478997e-10
6.04 7.599406022341323e-10
6.045 7.286316160305217e-10
6.05 7.360611724245632e-10
6.055 7.402092491777526e-10
6.0600000000000005 7.523344875165552e-10
6.065 7.360891268626743e-10
6.07 7.436525146622533e-10
6.075 7.336916543535315e-10
6.08 6.910195521570863e-10
6.085 6.820979813972526e-10
6.09 6.943718834536567e-10
6.095 6.827813787992405e-10
6.1000000000000005 7.167840118935085e-10
6.105 6.987091554426895e-10
6.11 7.116073489142689e-10
6.115 6.994569739581535e-10
6.12 6.904281453457403e-10
6.125 6.782755851556613e-10
6.13 7.008844894883391e-10
6.135 6.663220199014833e-10
6.140000000000001 6.843602576701227e-10
6.1450000000000005 6.962434872443189e-10
6.15 7.283882260791909e-10
6.155 6.946226958062028e-10
6.16 6.690142301252476e-10
6.165 6.633788260392684e-10
6.17 6.571637215109371e-10
6.175 6.284372083460237e-10
6.18 6.559928816142187e-10
6.1850000000000005 6.645064791220826e-10
6.19 6.355874028359613e-10
6.195 6.526046309863904e-10
6.2 6.532779668822335e-10
6.205 6.403363639951984e-10
6.21 6.587808327397272e-10
6.215 6.290815174278746e-10
6.22 6.553768756834285e-10
6.2250000000000005 6.310548499599706e-10
6.23 6.022618268028586e-10
6.235 6.499100874047654e-10
6.24 6.328351673759627e-10
6.245 6.031877709696998e-10
6.25 6.199828220570187e-10
6.255 5.947084981481399e-10
6.26 6.043186078666652e-10
6.265000000000001 5.935592309070951e-10
6.2700000000000005 6.327971974734034e-10
6.275 6.143143934194431e-10
6.28 6.169340966995191e-10
6.285 6.322300619471657e-10
6.29 6.111646840221752e-10
6.295 5.874249690976772e-10
6.3 5.970442454379444e-10
6.305 6.01583973270824e-10
6.3100000000000005 5.843758431703152e-10
6.315 6.083292976127773e-10
6.32 5.96663385559131e-10
6.325 5.795044003649277e-10
6.33 5.813906639682631e-10
6.335 5.792565939819682e-10
6.34 6.093672769626569e-10
6.345 5.946488462053639e-10
6.3500000000000005 5.586249474360592e-10
6.355 5.52853177641151e-10
6.36 5.754253755080539e-10
6.365 5.671879334672895e-10
6.37 5.580491341776041e-10
6.375 5.410917106886223e-10
6.38 5.567252800545823e-10
6.385 5.311894100494126e-10
6.390000000000001 5.557033179958823e-10
6.3950000000000005 5.442194287577214e-10
6.4 5.559274134137976e-10
6.405 5.397788735660676e-10
6.41 5.356559882093905e-10
6.415 5.541008089331292e-10
6.42 5.494255531785436e-10
6.425 5.337236268053053e-10
6.43 5.400960507147367e-10
6.4350000000000005 5.30207279425934e-10
6.44 5.346179984785042e-10
6.445 5.356565208665759e-10
6.45 5.446192288300775e-10
6.455 5.476397043985213e-10
6.46 5.083100106647238e-10
6.465 4.946072944146763e-10
6.47 5.13453090016116e-10
6.4750000000000005 5.312370004759387e-10
6.48 5.098147329957984e-10
6.485 5.120320936068521e-10
6.49 5.114331389071442e-10
6.495 4.69164624630479e-10
6.5 4.945013068996195e-10
6.505 4.897227323720233e-10
6.51 5.1559172074998e-10
6.515000000000001 5.086618788031989e-10
6.5200000000000005 4.788553897359811e-10
6.525 5.087083929821962e-10
6.53 4.746338433693953e-10
6.535 4.87822811305059e-10
6.54 4.773040991686752e-10
6.545 5.035834253759839e-10
6.55 4.926331971586607e-10
6.555 4.823913347007157e-10
6.5600000000000005 4.6302946352354454e-10
6.565 4.69718290325116e-10
6.57 5.016007686305997e-10
6.575 4.818578951260941e-10
6.58 4.883352831404635e-10
6.585 4.833657054771317e-10
6.59 4.599756522971943e-10
6.595 4.579285239210235e-10
6.6000000000000005 4.5717779572691595e-10
6.605 4.663732404907571e-10
6.61 4.508827138103914e-10
6.615 4.6135058988781576e-10
6.62 4.803173148094448e-10
6.625 4.77617476710443e-10
6.63 4.544662723320187e-10
6.635 4.4183896665677885e-10
6.640000000000001 4.393787195517566e-10
6.6450000000000005 4.5592697583023173e-10
6.65 4.509094751689825e-10
6.655 4.474473926333253e-10
6.66 4.817800555554253e-10
6.665 4.172764721392296e-10
6.67 4.5606986192585705e-10
6.675 4.2947420861033647e-10
6.68 4.730768053000677e-10
6.6850000000000005 4.3486576066684923e-10
6.69 4.13022339048837e-10
6.695 4.3299388925303557e-10
6.7 4.47117843072742e-10
6.705 4.4299476898396055e-10
6.71 4.0797044286864255e-10
6.715 4.0955936292893583e-10
6.72 4.244073973610929e-10
6.7250000000000005 4.113602420571854e-10
6.73 4.1765207335851114e-10
6.735 4.341286503611208e-10
6.74 4.141148481006933e-10
6.745 4.236508672011536e-10
6.75 4.001300808471461e-10
6.755 4.0507043782973483e-10
6.76 4.0729606546490453e-10
6.765000000000001 4.0821659260854583e-10
6.7700000000000005 4.146810341932629e-10
6.775 3.9888241323132353e-10
6.78 3.947050784347335e-10
6.785 4.1212483563369273e-10
6.79 4.2828925320962714e-10
6.795 3.863469163661295e-10
6.8 4.1207743572103844e-10
6.805 4.069090592665756e-10
6.8100000000000005 3.7939141386269026e-10
6.815 3.8529804373688154e-10
6.82 3.913300683705409e-10
6.825 3.7736601965054635e-10
6.83 4.117063530765678e-10
6.835 3.862127488475324e-10
6.84 4.173040966674745e-10
6.845 3.993759223397758e-10
6.8500000000000005 4.00084701945058e-10
6.855 3.789723562337635e-10
6.86 3.833462803452558e-10
6.865 3.884639736229633e-10
6.87 3.7504723141843787e-10
6.875 4.080527159507933e-10
6.88 3.9402449802917724e-10
6.885 3.711005405816157e-10
6.890000000000001 3.771035497469006e-10
6.8950000000000005 3.664870978583255e-10
6.9 3.8376787679931657e-10
6.905 3.637942180616088e-10
6.91 3.580356319556385e-10
6.915 3.603298307572989e-10
6.92 3.5993204495957344e-10
6.925 3.481443476250486e-10
6.93 3.700190105361932e-10
6.9350000000000005 3.545757184162791e-10
6.94 3.517271554329593e-10
6.945 3.719911814603139e-10
6.95 3.5276284182121903e-10
6.955 3.5878052870168394e-10
6.96 3.181734801219097e-10
6.965 3.567182351242197e-10
6.97 3.5945633846756856e-10
6.9750000000000005 3.4920292798714864e-10
6.98 3.5952580797269943e-10
6.985 3.336322885840578e-10
6.99 3.564271972042761e-10
6.995 3.3332236892202004e-10
7.0 3.6086809301183863e-10
7.005 3.377823490820035e-10
7.01 3.456446098473251e-10
7.015000000000001 3.338122192252513e-10
7.0200000000000005 3.3832204457178544e-10
7.025 3.5781871316311437e-10
7.03 3.4035125355897814e-10
7.035 3.244576829695392e-10
7.04 3.412607937817983e-10
7.045 3.2060720237958927e-10
7.05 3.3453997973324834e-10
7.055 3.2668439103409867e-10
7.0600000000000005 3.4258971029785533e-10
7.065 3.1759870221307145e-10
7.07 3.2318447172838254e-10
7.075 3.273447452232441e-10
7.08 3.241037825646789e-10
7.085 3.0884006045382127e-10
7.09 3.2354778262219834e-10
7.095 3.197457221645841e-10
7.1000000000000005 3.2009795391078573e-10
7.105 3.190348199331043e-10
7.11 3.0930063231032287e-10
7.115 3.1190006374088233e-10
7.12 2.9593107162525045e-10
7.125 3.0222327346564994e-10
7.13 3.15311853263514e-10
7.135 3.27012025776915e-10
7.140000000000001 3.185451876534807e-10
7.1450000000000005 3.0129482233990863e-10
7.15 3.079741224545357e-10
7.155 2.9409933582128854e-10
7.16 3.0448475800875786e-10
7.165 3.168670402725158e-10
7.17 3.114700566248928e-10
7.175 2.835544905975692e-10
7.18 3.1779162801228635e-10
7.1850000000000005 2.869489061289828e-10
7.19 3.151585698149459e-10
7.195 2.953650765123132e-10
7.2 3.021315693978813e-10
7.205 2.8728689121425264e-10
7.21 3.143585205591099e-10
7.215 3.003577621995472e-10
7.22 2.733461661447138e-10
7.2250000000000005 2.939762826465487e-10
7.23 2.8568594763013993e-10
7.235 3.042908256691788e-10
7.24 2.724868351865312e-10
7.245 2.990599286423865e-10
7.25 2.898919223162033e-10
7.255 2.9030712959949754e-10
7.26 2.9215195596837465e-10
7.265000000000001 2.888854558776328e-10
7.2700000000000005 2.86416437529117e-10
7.275 2.7093159732024026e-10
7.28 2.9066473027942113e-10
7.285 2.9199720540559037e-10
7.29 2.7285113602763784e-10
7.295 3.022937061955429e-10
7.3 2.7702834479610623e-10
7.305 2.8617832153625746e-10
7.3100000000000005 2.715553162242789e-10
7.315 2.722549579985482e-10
7.32 2.746385548339476e-10
7.325 2.6053979051670603e-10
7.33 2.7525856734853467e-10
7.335 2.7528130174774025e-10
7.34 2.606874472750705e-10
7.345 2.727021202888705e-10
7.3500000000000005 2.5525515400448315e-10
7.355 2.688099161344098e-10
7.36 2.688357102409667e-10
7.365 2.72826929372289e-10
7.37 2.6553305424112364e-10
7.375 2.560744792117201e-10
7.38 2.7175398616328e-10
7.385 2.814142886938997e-10
7.390000000000001 2.565549825731837e-10
7.3950000000000005 2.5333477689178746e-10
7.4 2.6786874946643045e-10
7.405 2.6927917370386177e-10
7.41 2.426957994005645e-10
7.415 2.4151717360958295e-10
7.42 2.770468458561831e-10
7.425 2.510657160272444e-10
7.43 2.4564195918864117e-10
7.4350000000000005 2.7750754145630343e-10
7.44 2.62710331404631e-10
7.445 2.5455854500912357e-10
7.45 2.406309580630828e-10
7.455 2.415064024909715e-10
7.46 2.4488172970039853e-10
7.465 2.5110936095091884e-10
7.47 2.3470708208489713e-10
7.4750000000000005 2.350551931080184e-10
7.48 2.34254302321522e-10
7.485 2.495116678127411e-10
7.49 2.3741225220822544e-10
7.495 2.453842391050801e-10
7.5 2.4086576004190637e-10
7.505 2.406544380987811e-10
7.51 2.411187342638378e-10
7.515000000000001 2.2268904300765512e-10
7.5200000000000005 2.430412698566127e-10
7.525 2.4655726298451704e-10
7.53 2.429179045252312e-10
7.535 2.535295675433638e-10
7.54 2.296394073903605e-10
7.545 2.3083311743621305e-10
7.55 2.427524655825532e-10
7.555 2.4034689496558094e-10
7.5600000000000005 2.485532356087844e-10
7.565 2.413301646884014e-10
7.57 2.493534926902021e-10
7.575 2.2778639680857022e-10
7.58 2.3518501476092714e-10
7.585 2.209988189623092e-10
7.59 2.33000909588386e-10
7.595 2.1668014119668772e-10
7.6000000000000005 2.3093984191177067e-10
7.605 2.2884452658780405e-10
7.61 2.256392867205866e-10
7.615 2.219280792337316e-10
7.62 2.3577611862159385e-10
7.625 2.483836246122606e-10
7.63 2.1618079420144048e-10
7.635 2.369521614518531e-10
7.640000000000001 2.283229676954093e-10
7.6450000000000005 2.3768874215885486e-10
7.65 2.287202459461481e-10
7.655 2.1978783496607784e-10
7.66 2.2328124581761535e-10
7.665 2.1066898523087232e-10
7.67 2.2137186350362158e-10
7.675 2.178478487235495e-10
7.68 2.116552263577296e-10
7.6850000000000005 2.267741066525914e-10
7.69 2.145656488520704e-10
7.695 2.2609952550927668e-10
7.7 2.031365701097245e-10
7.705 2.1662373040183425e-10
7.71 2.1826360659409668e-10
7.715 2.087645824153794e-10
7.72 2.1417593834373826e-10
7.7250000000000005 2.046443530879023e-10
7.73 2.0644637234267089e-10
7.735 2.0342396968545543e-10
7.74 2.019928867279479e-10
7.745 2.11417423077741e-10
7.75 2.1289702471621847e-10
7.755 1.9772500872340973e-10
7.76 1.9768718292963627e-10
7.765000000000001 2.0259073616145245e-10
7.7700000000000005 1.9622002324659517e-10
7.775 1.9670651219616962e-10
7.78 1.9620669382370644e-10
7.785 2.062078663646649e-10
7.79 1.854560286291252e-10
7.795 1.8484933668011037e-10
7.8 2.0332306072015697e-10
7.805000000000001 2.0309273857504938e-10
7.8100000000000005 2.1372824943608425e-10
7.815 1.813247907061975e-10
7.82 1.930106297491001e-10
7.825 1.9623866017102478e-10
7.83 1.9450652086539761e-10
7.835 2.1239604369735873e-10
7.84 1.9984058667049593e-10
7.845 2.0448642635918385e-10
7.8500000000000005 1.974470785743699e-10
7.855 1.948016062733568e-10
7.86 1.945833170992074e-10
7.865 1.869410214623633e-10
7.87 1.8969058003406104e-10
7.875 1.9189073291516658e-10
7.88 2.0038397043248687e-10
7.885 1.8092975846702004e-10
7.890000000000001 2.0306121426836028e-10
7.8950000000000005 1.963884920223257e-10
7.9 1.8291559940075316e-10
7.905 1.9318640391941955e-10
7.91 2.0191509080905614e-10
7.915 1.9719096958091158e-10
7.92 1.9078599133308044e-10
7.925 1.86462385454065e-10
7.930000000000001 1.9843645838738683e-10
7.9350000000000005 1.8800127134926795e-10
7.94 2.0081232357605549e-10
7.945 1.8092132381218406e-10
7.95 1.8150476773143964e-10
7.955 1.8607141497184322e-10
7.96 1.9085203525995876e-10
7.965 1.815416170777342e-10
7.97 1.8825841641885673e-10
7.9750000000000005 1.857451944476945e-10
7.98 1.7911833709172827e-10
7.985 1.8067354964291e-10
7.99 1.8710536313827718e-10
7.995 1.7279607537055898e-10
8.0 1.843652727835216e-10
8.25 8.311567543988676e-09
8.5 7.135066168988794e-09
8.75 6.101975566281061e-09
9.0 5.3745740977245635e-09
9.25 4.672834730010559e-09
9.5 4.100616539027604e-09
9.75 3.5588366885202513e-09
10.0 3.150880143537182e-09
10.25 2.7066070625619146e-09
10.5 2.372206975286224e-09
10.75 2.1132436048788936e-09
11.0 1.8312576614298078e-09
11.25 1.6523961811816167e-09
11.5 1.4540552325974984e-09
11.75 1.226164337460143e-09
12.0 1.1361072190413117e-09
12.25 9.975965704801647e-10
12.5 8.890176807810988e-10
12.75 7.792953464279158e-10
13.0 6.924166576824794e-10
13.25 6.126422783468924e-10
13.5 5.67750564806776e-10
13.75 4.856648835167404e-10
14.0 4.3475857364515603e-10
14.25 4.0551765529464826e-10
14.5 3.8494254253919065e-10
14.75 2.9477865440321896e-10
15.0 3.0063065871572597e-10
15.25 2.627729842935778e-10
15.5 2.2517008569155264e-10
15.75 1.8261041976270048e-10
16.0 1.8755321825475606e-10
16.25 1.6462337238358493e-10
16.5 1.4877817153738617e-10
16.75 1.2730801857548186e-10
17.0 1.2088063411934008e-10
17.25 1.1096353923538164e-10
17.5 1.1363968482415322e-10
17.75 8.878288803299239e-11
18.0 7.864119767690326e-11
18.25 7.547968124316056e-11
18.5 7.200318310586346e-11
18.75 5.50413689997516e-11
19.0 5.222128675555793e-11
19.25 5.420645452430686e-11
19.5 3.9103825323742534e-11
19.75 3.878026634244278e-11
