0.125 1.2696515779852283e-07 7.199238474540191e-06 0.0 4.158158497699764e-08 3.6316333436208942e-06 0.0
0.375 2.395156170551417e-07 2.6311094783355937e-05 0.0 4.324880333009968e-08 2.400842265388814e-06 0.0
0.625 1.7651805969387922e-07 1.4925433426105624e-05 0.0 3.76029686869566e-08 1.5576881921775437e-06 0.0
0.875 9.999490694155106e-08 3.2897144618091183e-06 0.0 3.458134806125955e-08 9.189168468834978e-07 0.0
1.125 7.443281150794725e-08 1.2342076628564393e-06 0.0 3.3122491784456434e-08 5.835764884593168e-07 0.0
1.375 6.921413828284558e-08 7.183629521747516e-07 0.0 3.146852896650564e-08 4.195318359655596e-07 0.0
1.625 6.680521289065996e-08 5.034947705603593e-07 0.0 2.945581373500639e-08 3.2406233940610547e-07 0.0
1.875 6.3445467846086e-08 4.05529029288338e-07 0.0 2.701345521520994e-08 2.590317324562315e-07 0.0
2.125 5.817340628425085e-08 3.6569172694338803e-07 0.0 2.4055862264064413e-08 1.9997371957341825e-07 0.0
2.375 5.1563829967323854e-08 3.557099913568294e-07 0.0 2.0965324861631928e-08 1.5887894696030922e-07 0.0
2.625 4.351040052956566e-08 3.6763608530951406e-07 0.0 1.7967113500807556e-08 1.3188494763166962e-07 0.0
2.875 3.523148476476156e-08 3.953552396022176e-07 0.0 1.5264886942301854e-08 1.153604969602272e-07 0.0
3.125 2.7332657841354194e-08 4.433789167892074e-07 0.0 1.2706619995246523e-08 1.0172692974046895e-07 0.0
3.375 2.0171861854596825e-08 5.078060618452587e-07 0.0 1.0588673773250514e-08 9.078068073402957e-08 0.0
3.625 1.4621609259639477e-08 5.619592670325579e-07 0.0 8.79690656664224e-09 8.03736203369783e-08 0.0
3.875 1.063827676246034e-08 5.604893068441226e-07 0.0 7.417223010010311e-09 7.164165405892492e-08 0.0
4.125 7.992943216570215e-09 4.6312795570633737e-07 0.0 6.187009050574934e-09 6.329244240908529e-08 0.0
4.375 6.186822631739751e-09 3.036184217948751e-07 0.0 5.221216460272918e-09 5.5730725574928145e-08 0.0
4.625 4.957629616943e-09 1.8786271859757e-07 0.0 4.356139234222566e-09 4.973282545535369e-08 0.0
4.875 3.968001540434853e-09 1.2599605992980084e-07 0.0 3.631280209763704e-09 4.445176770315511e-08 0.0
5.125 3.2182361732790105e-09 9.056964962187979e-08 0.0 3.039550905392488e-09 3.949221722339668e-08 0.0
5.375 2.6651964996216848e-09 6.792568942301785e-08 0.0 2.596295026321504e-09 3.4772980760337646e-08 0.0
5.625 2.199747991380767e-09 5.2802160860449363e-08 0.0 2.207700552030359e-09 3.0573993737465875e-08 0.0
5.875 1.786212443567719e-09 4.2662176479732454e-08 0.0 1.8641700542984385e-09 2.723810337783957e-08 0.0
6.125 1.4810084011251122e-09 3.4458920995592863e-08 0.0 1.5611009781696364e-09 2.3548880140774705e-08 0.0
6.375 1.2359100707949146e-09 2.8006688321323762e-08 0.0 1.320229425024719e-09 2.0246001958049865e-08 0.0
6.625 1.0538585493739038e-09 2.288105331141273e-08 0.0 1.158886762876923e-09 1.824789123551435e-08 0.0
6.875 8.474014985553361e-10 1.8926453858166744e-08 0.0 1.010035470669952e-09 1.6069859262151806e-08 0.0
7.125 7.165583102677548e-10 1.566547455648896e-08 0.0 8.701247657117816e-10 1.4400807889855142e-08 0.0
7.375 6.328961406277336e-10 1.3208228137306592e-08 0.0 7.422400807947738e-10 1.256272264352768e-08 0.0
7.625 5.184338861702153e-10 1.1320183412216541e-08 0.0 6.620587337950644e-10 1.137382655075149e-08 0.0
7.875 4.664572312346248e-10 9.640374728810343e-09 0.0 5.395853487274721e-10 1.040164160017506e-08 0.0
8.125 3.8186817588935206e-10 8.311567543988676e-09 0.0 4.727877526598312e-10 9.570221870150088e-09 0.0
8.375 3.3288257022430327e-10 7.135066168988794e-09 0.0 4.316115910891753e-10 8.543333918862034e-09 0.0
8.625 2.8830444808963966e-10 6.101975566281061e-09 0.0 3.5425527974224963e-10 7.925565024519353e-09 0.0
8.875 2.3884032944789406e-10 5.3745740977245635e-09 0.0 3.338251336676615e-10 7.332906891065281e-09 0.0
9.125 2.1585197801354343e-10 4.672834730010559e-09 0.0 3.043055480908331e-10 6.599411115525461e-09 0.0
9.375 1.9720312887354752e-10 4.100616539027604e-09 0.0 2.4339510374306366e-10 6.073305271115444e-09 0.0
9.625 1.4392063680439343e-10 3.5588366885202513e-09 0.0 2.1063881253323614e-10 5.517919491445696e-09 0.0
9.875 1.3281338723358598e-10 3.150880143537182e-09 0.0 1.93318644572149e-10 5.020508714099393e-09 0.0
10.125 1.0682953607725493e-10 2.7066070625619146e-09 0.0 1.9258128204930188e-10 4.49311677532827e-09 0.0
10.375 1.1744549693533497e-10 2.372206975286224e-09 0.0 1.430513274854012e-10 4.143256844623652e-09 0.0
10.625 8.536739240967527e-11 2.1132436048788936e-09 0.0 1.2656662552734304e-10 3.6949038306062386e-09 0.0
10.875 7.245514338474389e-11 1.8312576614298078e-09 0.0 1.2911345216774541e-10 3.450398505354393e-09 0.0
11.125 6.188505752279409e-11 1.6523961811816167e-09 0.0 1.0251817145987947e-10 3.1638417959839962e-09 0.0
11.375 5.4196661446105964e-11 1.4540552325974984e-09 0.0 9.127865424296552e-11 2.9202018666037045e-09 0.0
11.625 5.286278157410296e-11 1.226164337460143e-09 0.0 8.957995923055747e-11 2.6241420094612623e-09 0.0
11.875 5.2939165490507896e-11 1.1361072190413117e-09 0.0 8.661592913599935e-11 2.394652354365938e-09 0.0
12.125 4.037032137239956e-11 9.975965704801647e-10 0.0 6.813794739707351e-11 2.2402442039608404e-09 0.0
12.375 3.027725164651166e-11 8.890176807810988e-10 0.0 5.888800529758883e-11 2.05070585055215e-09 0.0
12.625 2.8224114578087996e-11 7.792953464279158e-10 0.0 5.5576278712245366e-11 1.8635105497082754e-09 0.0
12.875 2.8862386923380434e-11 6.924166576824794e-10 0.0 4.2246342876691564e-11 1.741306279965762e-09 0.0
13.125 1.8135784678802454e-11 6.126422783468924e-10 0.0 4.555624016575915e-11 1.6149098888796354e-09 0.0
13.375 1.4415952369523288e-11 5.67750564806776e-10 0.0 2.994815187651816e-11 1.5164205931787577e-09 0.0
13.625 1.2504462496007134e-11 4.856648835167404e-10 0.0 2.990307096377539e-11 1.3959109855248491e-09 0.0
13.875 1.964472715949941e-11 4.3475857364515603e-10 0.0 2.605997907927468e-11 1.2846737370988358e-09 0.0
14.125 1.0129349448147955e-11 4.0551765529464826e-10 0.0 3.193204297590881e-11 1.2325335223655395e-09 0.0
14.375 1.1919871855266234e-11 3.8494254253919065e-10 0.0 2.5894060076824537e-11 1.1598389851526437e-09 0.0
14.625 1.5113603162507172e-11 2.9477865440321896e-10 0.0 2.2896722451575142e-11 1.0621888657925e-09 0.0
14.875 1.3463600316326442e-11 3.0063065871572597e-10 0.0 1.6680283058776103e-11 9.751217350171332e-10 0.0
15.125 8.315038501605191e-12 2.627729842935778e-10 0.0 1.539620201235312e-11 8.998228581810598e-10 0.0
15.375 3.922787800086041e-12 2.2517008569155264e-10 0.0 1.6440449852313388e-11 8.344617140643287e-10 0.0
15.625 4.661494784635839e-12 1.8261041976270048e-10 0.0 1.590480756621448e-11 7.578201370970996e-10 0.0
15.875 6.4578799096562305e-12 1.8755321825475606e-10 0.0 1.2579966769614501e-11 7.792007328731372e-10 0.0
16.125 6.491947372312302e-12 1.6462337238358493e-10 0.0 7.993172209646314e-12 6.514709668614867e-10 0.0
16.375 2.671069625950302e-12 1.4877817153738617e-10 0.0 1.2843774424069161e-11 6.359280525668834e-10 0.0
16.625 2.687802080756347e-12 1.2730801857548186e-10 0.0 7.368390862530461e-12 6.283182010164301e-10 0.0
16.875 2.1050198287924742e-12 1.2088063411934008e-10 0.0 7.749805489942972e-12 5.224790228887336e-10 0.0
17.125 3.4368726962369236e-12 1.1096353923538164e-10 0.0 6.520256202598266e-12 5.464819039646531e-10 0.0
17.375 6.208313467886609e-12 1.1363968482415322e-10 0.0 4.188612979675081e-12 5.073283343579359e-10 0.0
17.625 6.500388452365654e-13 8.878288803299239e-11 0.0 5.50332831086846e-12 4.2644206817162e-10 0.0
17.875 1.7936106152624371e-12 7.864119767690326e-11 0.0 7.105161376309201e-12 3.8309994997624046e-10 0.0
18.125 1.9534298175702193e-12 7.547968124316056e-11 0.0 7.113437112165594e-12 3.5889840810684747e-10 0.0
18.375 9.848685593896945e-13 7.200318310586346e-11 0.0 2.685418411003906e-12 3.586928622387236e-10 0.0
18.625 6.49528664531806e-13 5.50413689997516e-11 0.0 3.043080052996737e-12 3.2510210685516983e-10 0.0
18.875 1.6711436587211067e-12 5.222128675555793e-11 0.0 6.60274588301697e-12 2.9767401877269355e-10 0.0
19.125 9.286959565588202e-13 5.420645452430686e-11 0.0 1.310452508369469e-12 2.8281176574281427e-10 0.0
19.375 1.5284601649053766e-12 3.9103825323742534e-11 0.0 4.2003867281372474e-12 2.6424207956107136e-10 0.0
19.625 6.9628713893864e-13 3.878026634244278e-11 0.0 2.0853351482951296e-12 2.4919380814392143e-10 0.0
19.875 7.135143800568073e-13 3.134480466444944e-11 0.0 1.7645054904256857e-12 2.474938151374384e-10 0.0
20.125 0.0 4.034536873271449e-11 0.0 2.3026637921335887e-12 2.0179065457464331e-10 0.0
20.375 0.0 3.381668518454964e-11 0.0 1.5935134060165251e-12 2.1496889521094506e-10 0.0
20.625 8.335872293155205e-13 3.0684128225368365e-11 0.0 7.463008318496723e-13 2.011585062647246e-10 0.0
20.875 0.0 2.8678004505670478e-11 0.0 1.2148353369443065e-12 1.8518330739627845e-10 0.0
21.125 0.0 3.086350784752819e-11 0.0 1.0001422049413925e-12 2.0565436350144027e-10 0.0
21.375 0.0 2.050416626026983e-11 0.0 0.0 1.5633193485762911e-10 0.0
21.625 8.417148275578238e-13 2.109826199210521e-11 0.0 0.0 1.5276991470908688e-10 0.0
21.875 6.935848878161657e-13 1.939608253880072e-11 0.0 7.854965665272343e-13 1.3304479184891736e-10 0.0
22.125 0.0 1.713970574480978e-11 0.0 1.0087838032440112e-12 1.2386676468850112e-10 0.0
22.375 0.0 1.6200348879162643e-11 0.0 7.939357475403177e-13 1.2400821285498124e-10 0.0
22.625 1.9637238614979376e-12 1.1812228252923931e-11 0.0 0.0 1.0420838025079969e-10 0.0
22.875 0.0 1.5950681659202664e-11 0.0 0.0 9.198782020265459e-11 0.0
23.125 0.0 1.3867408495083784e-11 0.0 0.0 8.108876828583914e-11 0.0
23.375 8.607364843485757e-13 1.0028448095997388e-11 0.0 0.0 7.772606157088059e-11 0.0
23.625 0.0 7.552366758195114e-12 0.0 0.0 7.707446575904782e-11 0.0
23.875 0.0 8.210099388273263e-12 0.0 0.0 6.880367947391125e-11 0.0
24.125 0.0 6.200131463990434e-12 0.0 0.0 5.8130052794777054e-11 0.0
24.375 0.0 6.268147284427574e-12 0.0 2.097484894237209e-12 6.072838037437574e-11 0.0
24.625 0.0 1.6626857829692657e-12 0.0 0.0 4.799722500968142e-11 0.0
24.875 0.0 3.0197922473018217e-12 0.0 0.0 4.58658600762424e-11 0.0
25.125 0.0 4.865372087863103e-12 0.0 1.019386444050709e-12 4.393617314384694e-11 0.0
25.375 0.0 9.63883641312396e-12 0.0 0.0 3.5788462292034665e-11 0.0
25.625 0.0 5.073004497752799e-12 0.0 0.0 4.943733816988842e-11 0.0
25.875 1.3990229387243086e-12 3.3325562447302786e-12 0.0 0.0 4.364306715279497e-11 0.0
26.125 0.0 4.209914460838314e-12 0.0 0.0 3.4846487367366616e-11 0.0
26.375 0.0 5.876125343247039e-12 0.0 0.0 3.399628655520981e-11 0.0
26.625 0.0 3.238664751167642e-12 0.0 0.0 3.42853837785884e-11 0.0
26.875 0.0 2.5993394999292735e-12 0.0 0.0 2.5263516219184925e-11 0.0
27.125 0.0 2.501644776733221e-12 0.0 0.0 2.816993264870442e-11 0.0
27.375 0.0 8.333631203402742e-13 0.0 0.0 2.51860680461575e-11 0.0
27.625 0.0 3.5862133012068446e-12 0.0 0.0 3.2165876606360096e-11 0.0
27.875 0.0 1.8120917978067143e-12 0.0 1.2771113188028222e-12 1.945894829545264e-11 0.0
28.125 0.0 1.895419435410212e-12 0.0 0.0 1.8021189128007267e-11 0.0
28.375 0.0 0.0 0.0 0.0 1.1761510362541755e-11 0.0
28.625 0.0 1.940700461338122e-12 0.0 0.0 1.468353924285682e-11 0.0
28.875 0.0 2.072174640487409e-12 0.0 0.0 2.1099612363119383e-11 0.0
29.125 0.0 3.0446696191024567e-12 0.0 0.0 1.1301116270289306e-11 0.0
29.375 0.0 2.1106319054804784e-12 0.0 0.0 1.551822806891788e-11 0.0
29.625 0.0 0.0 0.0 0.0 7.296898090001318e-12 0.0
29.875 0.0 0.0 0.0 0.0 7.31074238459911e-12 0.0
30.125 0.0 2.157954033130057e-12 0.0 0.0 1.0725749445856593e-11 0.0
30.375 0.0 2.075259031547367e-12 0.0 0.0 8.810226014982134e-12 0.0
30.625 0.0 1.0918946580090601e-12 0.0 0.0 7.843559515959035e-12 0.0
30.875 0.0 0.0 0.0 0.0 6.7887384749326425e-12 0.0
31.125 0.0 0.0 0.0 0.0 8.102501559850683e-12 0.0
31.375 0.0 0.0 0.0 0.0 1.1163394706272985e-12 0.0
31.625 0.0 0.0 0.0 0.0 7.048043842715648e-12 0.0
31.875 0.0 1.2167892770635582e-12 0.0 0.0 2.4183901654361457e-12 0.0
32.125 0.0 0.0 0.0 0.0 6.181230277444512e-12 0.0
32.375 0.0 0.0 0.0 0.0 5.028256686358799e-12 0.0
32.625 0.0 2.6989577819408745e-12 0.0 0.0 6.225869384940882e-12 0.0
32.875 0.0 0.0 0.0 0.0 3.898768420243182e-12 0.0
33.125 0.0 0.0 0.0 0.0 2.563847721875796e-12 0.0
33.375 0.0 0.0 0.0 0.0 1.2928107105558618e-12 0.0
33.625 0.0 0.0 0.0 0.0 2.8838838504940015e-12 0.0
33.875 0.0 0.0 0.0 0.0 1.4576417466069651e-12 0.0
34.125 0.0 0.0 0.0 0.0 1.4154067246638044e-12 0.0
34.375 0.0 0.0 0.0 0.0 4.252008984827352e-12 0.0
34.625 0.0 0.0 0.0 0.0 0.0 0.0
34.875 0.0 0.0 0.0 0.0 0.0 0.0
35.125 0.0 0.0 0.0 0.0 1.406526326629199e-12 0.0
35.375 0.0 0.0 0.0 0.0 1.488780030109517e-12 0.0
35.625 0.0 0.0 0.0 0.0 0.0 0.0
35.875 0.0 0.0 0.0 0.0 0.0 0.0
36.125 0.0 0.0 0.0 0.0 1.6628665479459785e-12 0.0
36.375 0.0 0.0 0.0 0.0 0.0 0.0
36.625 0.0 0.0 0.0 0.0 1.6893013221903155e-12 0.0
36.875 0.0 0.0 0.0 0.0 0.0 0.0
37.125 0.0 0.0 0.0 0.0 0.0 0.0
37.375 0.0 0.0 0.0 0.0 6.5896720880198104e-12 0.0
37.625 0.0 1.6822315962143266e-12 0.0 0.0 1.8063749149324342e-12 0.0
37.875 0.0 0.0 0.0 0.0 3.4932942403797473e-12 0.0
38.125 0.0 0.0 0.0 0.0 1.6357762713077073e-12 0.0
38.375 0.0 1.769632274435981e-12 0.0 0.0 0.0 0.0
38.625 0.0 0.0 0.0 0.0 0.0 0.0
38.875 0.0 0.0 0.0 0.0 0.0 0.0
39.125 0.0 0.0 0.0 0.0 0.0 0.0
39.375 0.0 0.0 0.0 0.0 0.0 0.0
39.625 0.0 0.0 0.0 0.0 0.0 0.0
39.875 0.0 0.0 0.0 0.0 0.0 0.0
40.125 0.0 0.0 0.0 0.0 0.0 0.0
40.375 0.0 0.0 0.0 0.0 1.8784206571600604e-12 0.0
40.625 0.0 0.0 0.0 0.0 0.0 0.0
40.875 0.0 0.0 0.0 0.0 1.9484236879318743e-12 0.0
41.125 0.0 0.0 0.0 0.0 0.0 0.0
41.375 0.0 0.0 0.0 0.0 2.0707014772226958e-12 0.0
41.625 0.0 0.0 0.0 0.0 0.0 0.0
41.875 0.0 0.0 0.0 0.0 2.02663682900675e-12 0.0
42.125 0.0 0.0 0.0 0.0 0.0 0.0
42.375 0.0 0.0 0.0 0.0 0.0 0.0
42.625 0.0 0.0 0.0 0.0 0.0 0.0
42.875 0.0 0.0 0.0 0.0 0.0 0.0
43.125 0.0 0.0 0.0 0.0 0.0 0.0
43.375 0.0 0.0 0.0 0.0 0.0 0.0
43.625 0.0 0.0 0.0 0.0 0.0 0.0
43.875 0.0 0.0 0.0 0.0 0.0 0.0
44.125 0.0 0.0 0.0 0.0 0.0 0.0
44.375 0.0 0.0 0.0 0.0 0.0 0.0
44.625 0.0 0.0 0.0 0.0 0.0 0.0
44.875 0.0 0.0 0.0 0.0 0.0 0.0
45.125 0.0 0.0 0.0 0.0 0.0 0.0
45.375 0.0 0.0 0.0 0.0 0.0 0.0
45.625 0.0 0.0 0.0 0.0 0.0 0.0
45.875 0.0 0.0 0.0 0.0 0.0 0.0
46.125 0.0 0.0 0.0 0.0 0.0 0.0
46.375 0.0 0.0 0.0 0.0 0.0 0.0
46.625 0.0 0.0 0.0 0.0 0.0 0.0
46.875 0.0 0.0 0.0 0.0 0.0 0.0
47.125 0.0 0.0 0.0 0.0 0.0 0.0
47.375 0.0 0.0 0.0 0.0 0.0 0.0
47.625 0.0 0.0 0.0 0.0 0.0 0.0
47.875 0.0 0.0 0.0 0.0 0.0 0.0
48.125 0.0 0.0 0.0 0.0 0.0 0.0
48.375 0.0 0.0 0.0 0.0 0.0 0.0
48.625 0.0 0.0 0.0 0.0 0.0 0.0
48.875 0.0 0.0 0.0 0.0 0.0 0.0
49.125 0.0 0.0 0.0 0.0 0.0 0.0
49.375 0.0 0.0 0.0 0.0 0.0 0.0
49.625 0.0 0.0 0.0 0.0 0.0 0.0
49.875 0.0 0.0 0.0 0.0 0.0 0.0
50.125 0.0 0.0 0.0 0.0 0.0 0.0
50.375 0.0 0.0 0.0 0.0 0.0 0.0
50.625 0.0 0.0 0.0 0.0 0.0 0.0
50.875 0.0 0.0 0.0 0.0 0.0 0.0
51.125 0.0 0.0 0.0 0.0 0.0 0.0
51.375 0.0 0.0 0.0 0.0 0.0 0.0
51.625 0.0 0.0 0.0 0.0 0.0 0.0
51.875 0.0 0.0 0.0 0.0 0.0 0.0
52.125 0.0 0.0 0.0 0.0 0.0 0.0
52.375 0.0 0.0 0.0 0.0 0.0 0.0
52.625 0.0 0.0 0.0 0.0 0.0 0.0
52.875 0.0 0.0 0.0 0.0 0.0 0.0
53.125 0.0 0.0 0.0 0.0 0.0 0.0
53.375 0.0 0.0 0.0 0.0 0.0 0.0
53.625 0.0 0.0 0.0 0.0 0.0 0.0
53.875 0.0 0.0 0.0 0.0 0.0 0.0
54.125 0.0 0.0 0.0 0.0 0.0 0.0
54.375 0.0 0.0 0.0 0.0 0.0 0.0
54.625 0.0 0.0 0.0 0.0 0.0 0.0
54.875 0.0 0.0 0.0 0.0 0.0 0.0
55.125 0.0 0.0 0.0 0.0 0.0 0.0
55.375 0.0 0.0 0.0 0.0 0.0 0.0
55.625 0.0 0.0 0.0 0.0 0.0 0.0
55.875 0.0 0.0 0.0 0.0 0.0 0.0
56.125 0.0 0.0 0.0 0.0 0.0 0.0
56.375 0.0 0.0 0.0 0.0 0.0 0.0
56.625 0.0 0.0 0.0 0.0 0.0 0.0
56.875 0.0 0.0 0.0 0.0 0.0 0.0
57.125 0.0 0.0 0.0 0.0 0.0 0.0
57.375 0.0 0.0 0.0 0.0 0.0 0.0
57.625 0.0 0.0 0.0 0.0 0.0 0.0
57.875 0.0 0.0 0.0 0.0 0.0 0.0
58.125 0.0 0.0 0.0 0.0 0.0 0.0
58.375 0.0 0.0 0.0 0.0 0.0 0.0
58.625 0.0 0.0 0.0 0.0 0.0 0.0
58.875 0.0 0.0 0.0 0.0 0.0 0.0
59.125 0.0 0.0 0.0 0.0 0.0 0.0
59.375 0.0 0.0 0.0 0.0 0.0 0.0
59.625 0.0 0.0 0.0 0.0 0.0 0.0
59.875 0.0 0.0 0.0 0.0 0.0 0.0
60.125 0.0 0.0 0.0 0.0 0.0 0.0
60.375 0.0 0.0 0.0 0.0 0.0 0.0
60.625 0.0 0.0 0.0 0.0 0.0 0.0
60.875 0.0 0.0 0.0 0.0 0.0 0.0
61.125 0.0 0.0 0.0 0.0 0.0 0.0
61.375 0.0 0.0 0.0 0.0 0.0 0.0
61.625 0.0 0.0 0.0 0.0 0.0 0.0
61.875 0.0 0.0 0.0 0.0 0.0 0.0
62.125 0.0 0.0 0.0 0.0 0.0 0.0
62.375 0.0 0.0 0.0 0.0 0.0 0.0
62.625 0.0 0.0 0.0 0.0 0.0 0.0
62.875 0.0 0.0 0.0 0.0 0.0 0.0
63.125 0.0 0.0 0.0 0.0 0.0 0.0
63.375 0.0 0.0 0.0 0.0 0.0 0.0
63.625 0.0 0.0 0.0 0.0 0.0 0.0
63.875 0.0 0.0 0.0 0.0 0.0 0.0
64.125 0.0 0.0 0.0 0.0 0.0 0.0
64.375 0.0 0.0 0.0 0.0 0.0 0.0
64.625 0.0 0.0 0.0 0.0 0.0 0.0
