0.005 4.4459377311493494e-11
0.01 4.553649798806777e-09
0.015 2.2262546275256872e-08
0.02 3.7545026579328434e-08
0.025 5.17457585746281e-08
0.03 6.609466009330839e-08
0.035 8.060715401623351e-08
0.04 9.518629120410876e-08
0.045 1.0941062520770096e-07
0.05 1.2180979639407396e-07
0.055 1.3039992777638537e-07
0.06 1.3541802059002374e-07
0.065 1.3653980727717824e-07
0.07 1.321969484134862e-07
0.075 1.2282113587708393e-07
0.08 1.1312489239444313e-07
0.085 1.0490151618409135e-07
0.09 9.810005125275957e-08
0.095 9.244635853065445e-08
0.1 8.78082312266745e-08
0.105 8.373002098979491e-08
0.11 8.033941776903572e-08
0.115 7.746522143230556e-08
0.12 7.47368334441801e-08
0.125 7.257543455398064e-08
0.13 7.04546770295905e-08
0.135 6.874995365294804e-08
0.14 6.721488393445376e-08
0.145 6.598608374967785e-08
0.15 6.486325643622592e-08
0.155 6.388052635386124e-08
0.16 6.301151503875928e-08
0.165 6.211433051772797e-08
0.17 6.128658724869709e-08
0.17500000000000002 6.077408158653301e-08
0.18 6.01503810655122e-08
0.185 5.953042771243886e-08
0.19 5.8949987346137666e-08
0.195 5.8525674196980866e-08
0.2 5.7940845584906336e-08
0.20500000000000002 5.7639490341981864e-08
0.21 5.6935065712570905e-08
0.215 5.653435641946112e-08
0.22 5.6126168279418993e-08
0.225 5.556490155755774e-08
0.23 5.5439218290058334e-08
0.23500000000000001 5.504759240236563e-08
0.24 5.476709908985449e-08
0.245 5.427949456912244e-08
0.25 5.400296027121575e-08
0.255 5.37139798284121e-08
0.26 5.354991276370092e-08
0.265 5.339745060462737e-08
0.27 5.298003463078355e-08
0.275 5.2692666997401935e-08
0.28 5.2530176596003104e-08
0.28500000000000003 5.24429439129377e-08
0.29 5.205101148585428e-08
0.295 5.193669035158141e-08
0.3 5.14484299244124e-08
0.305 5.1063036192619696e-08
0.31 5.095490891845505e-08
0.315 5.0885895788752593e-08
0.32 5.0583209671054726e-08
0.325 5.044923112442701e-08
0.33 5.032241468911649e-08
0.335 5.027048858176492e-08
0.34 4.960731130264286e-08
0.34500000000000003 4.958652207564806e-08
0.35000000000000003 4.930923469162706e-08
0.355 4.910608089121852e-08
0.36 4.882916949766695e-08
0.365 4.84708954994538e-08
0.37 4.832846105922396e-08
0.375 4.822152201789227e-08
0.38 4.818324553688489e-08
0.385 4.781356633491273e-08
0.39 4.7343958914513425e-08
0.395 4.7515375840225545e-08
0.4 4.707780580355356e-08
0.405 4.681481811141912e-08
0.41000000000000003 4.6867371489907314e-08
0.41500000000000004 4.648948655633982e-08
0.42 4.631256640401628e-08
0.425 4.60181167937503e-08
0.43 4.6410392787382296e-08
0.435 4.575719706417967e-08
0.44 4.568237306754137e-08
0.445 4.5109155097617454e-08
0.45 4.494979496835969e-08
0.455 4.4321155542789813e-08
0.46 4.440158443020732e-08
0.465 4.377965113095337e-08
0.47000000000000003 4.3648178317640206e-08
0.47500000000000003 4.3203554275726666e-08
0.48 4.276150042894834e-08
0.485 4.250752230199869e-08
0.49 4.2112131480734686e-08
0.495 4.171606702069656e-08
0.5 4.1314016591235926e-08
0.505 4.078176785030385e-08
0.51 4.038062836303214e-08
0.515 4.009068848090584e-08
0.52 3.942809047860487e-08
0.525 3.919284224386092e-08
0.53 3.8337339129212944e-08
0.535 3.834862910332456e-08
0.54 3.773719463768116e-08
0.545 3.690916920095042e-08
0.55 3.6925797136426105e-08
0.555 3.637281248577735e-08
0.56 3.585590376153859e-08
0.5650000000000001 3.5092903580807846e-08
0.5700000000000001 3.5078087626099044e-08
0.5750000000000001 3.453775939057388e-08
0.58 3.3965484362459476e-08
0.585 3.360492678617246e-08
0.59 3.30526981365874e-08
0.595 3.2783251292058244e-08
0.6 3.231852170847371e-08
0.605 3.1876660756697385e-08
0.61 3.1722532522471464e-08
0.615 3.1502321391339346e-08
0.62 3.090570080409053e-08
0.625 3.066652789591699e-08
0.63 3.0486233950141134e-08
0.635 2.9690965666441853e-08
0.64 2.9656992904529073e-08
0.645 2.8947637789951052e-08
0.65 2.9226750457190484e-08
0.655 2.8800928941234712e-08
0.66 2.8087622449581052e-08
0.665 2.803065569328038e-08
0.67 2.757613653181692e-08
0.675 2.748624450856867e-08
0.68 2.7628818363761297e-08
0.685 2.7194452034433137e-08
0.6900000000000001 2.6795197181811677e-08
0.6950000000000001 2.6593316272709365e-08
0.7000000000000001 2.6337367016712758e-08
0.705 2.6142405456515613e-08
0.71 2.5723993019263167e-08
0.715 2.5378698113039265e-08
0.72 2.5235171344305293e-08
0.725 2.4863786180927844e-08
0.73 2.461651498851352e-08
0.735 2.423677946683003e-08
0.74 2.411611839974171e-08
0.745 2.3710499721635432e-08
0.75 2.365666659924173e-08
0.755 2.3466184479554938e-08
0.76 2.2843459285307916e-08
0.765 2.284102809826532e-08
0.77 2.2552210804002472e-08
0.775 2.2326165302592072e-08
0.78 2.216449366859233e-08
0.785 2.1981037168578448e-08
0.79 2.167795669250354e-08
0.795 2.1499127261000967e-08
0.8 2.1350439532211596e-08
0.805 2.098718384854284e-08
0.81 2.0775492456884583e-08
0.8150000000000001 2.0501344233596344e-08
0.8200000000000001 2.044345692055278e-08
0.8250000000000001 2.0160134504446213e-08
0.8300000000000001 1.9596492791792e-08
0.835 1.9702477583776143e-08
0.84 1.9493276546596905e-08
0.845 1.9189385144160396e-08
0.85 1.9095754409952858e-08
0.855 1.8728738396703614e-08
0.86 1.900610178390786e-08
0.865 1.8413615145852977e-08
0.87 1.841924706047959e-08
0.875 1.808673008106949e-08
0.88 1.794500827167746e-08
0.885 1.7784780575227727e-08
0.89 1.7867765167450353e-08
0.895 1.7274465242721694e-08
0.9 1.7507196775410844e-08
0.905 1.7348450996995404e-08
0.91 1.6728849103459382e-08
0.915 1.7057016165123872e-08
0.92 1.6686686810946543e-08
0.925 1.6579052878569217e-08
0.93 1.6566509262553884e-08
0.935 1.609588295764804e-08
0.9400000000000001 1.6075090602091975e-08
0.9450000000000001 1.580278140479917e-08
0.9500000000000001 1.587828432315039e-08
0.9550000000000001 1.5609825755534982e-08
0.96 1.5384402750391702e-08
0.965 1.5330339879117134e-08
0.97 1.5149166913697632e-08
0.975 1.5086035983165913e-08
0.98 1.5097878424260517e-08
0.985 1.4825484849241876e-08
0.99 1.4752323641281439e-08
0.995 1.4734920548409033e-08
1.0 1.4447114399647516e-08
1.0050000000000001 1.448696726849784e-08
1.01 1.4075177655622517e-08
1.0150000000000001 1.4138358636139513e-08
1.02 1.389271654929716e-08
1.025 1.3683293664643862e-08
1.03 1.3673754695022618e-08
1.035 1.3641763709459114e-08
1.04 1.3182922590040575e-08
1.045 1.3274968088707547e-08
1.05 1.3073638758297566e-08
1.055 1.3055622606285635e-08
1.06 1.2882387010690917e-08
1.065 1.2666259661717564e-08
1.07 1.2765223606519185e-08
1.075 1.257309565060083e-08
1.08 1.2472765995202814e-08
1.085 1.2198860248278726e-08
1.09 1.2246695762901095e-08
1.095 1.1961362322985862e-08
1.1 1.1758703565892762e-08
1.105 1.174716819007205e-08
1.11 1.188417173956837e-08
1.115 1.1747583571123257e-08
1.12 1.1424823824067521e-08
1.125 1.1914017297241462e-08
1.1300000000000001 1.1520833349262873e-08
1.135 1.1106468259639097e-08
1.1400000000000001 1.1574761235576536e-08
1.145 1.151940831583281e-08
1.1500000000000001 1.1074962313039034e-08
1.155 1.0889170698834902e-08
1.16 1.0863358162945675e-08
1.165 1.0822076236822041e-08
1.17 1.0836512988838442e-08
1.175 1.0758320878685939e-08
1.18 1.065171318596942e-08
1.185 1.0541942612095362e-08
1.19 1.0295174366306978e-08
1.195 1.0232894694083979e-08
1.2 1.0342026684797409e-08
1.205 1.0267785812889263e-08
1.21 1.0409450442188359e-08
1.215 1.0157364819384582e-08
1.22 9.941211628450244e-09
1.225 1.0004249595128488e-08
1.23 9.964719058311507e-09
1.235 1.0141622618826559e-08
1.24 9.80619574792701e-09
1.245 9.880698976595013e-09
1.25 9.551263108009011e-09
1.2550000000000001 9.481608661177449e-09
1.26 9.593392018641156e-09
1.2650000000000001 9.456853485697e-09
1.27 9.497249614881197e-09
1.2750000000000001 9.455931924990788e-09
1.28 9.363087561276541e-09
1.285 9.466924595380676e-09
1.29 9.264131546821326e-09
1.295 9.146678908106775e-09
1.3 8.972735544579591e-09
1.305 9.176264463932636e-09
1.31 9.091839885634783e-09
1.315 9.132632728963058e-09
1.32 8.932789985448347e-09
1.325 8.953954300368061e-09
1.33 8.989412901157644e-09
1.335 8.82734054161315e-09
1.34 8.587859521912481e-09
1.345 8.572036595000256e-09
1.35 8.665564657106895e-09
1.355 8.879958084314373e-09
1.36 8.521785623096398e-09
1.365 8.695912824637805e-09
1.37 8.71096766422407e-09
1.375 8.289392954376043e-09
1.3800000000000001 8.149205632046282e-09
1.385 8.290137748572561e-09
1.3900000000000001 8.268766255250422e-09
1.395 8.008619454528759e-09
1.4000000000000001 8.336104962903439e-09
1.405 8.037656537011735e-09
1.41 8.03291196558129e-09
1.415 8.222849425060522e-09
1.42 8.024636485461755e-09
1.425 7.998400859539137e-09
1.43 7.902212610096231e-09
1.435 7.669403016395234e-09
1.44 7.59704859010733e-09
1.445 7.505717467120375e-09
1.45 7.563130511614496e-09
1.455 7.54770261587991e-09
1.46 7.63447894618348e-09
1.465 7.609352475396903e-09
1.47 7.6483554544886e-09
1.475 7.38372968270318e-09
1.48 7.331581932868096e-09
1.485 7.412542907913184e-09
1.49 7.355450661939228e-09
1.495 7.307248347867568e-09
1.5 6.968284825691278e-09
1.5050000000000001 7.2721514636372e-09
1.51 7.343008046477346e-09
1.5150000000000001 7.0962937426240715e-09
1.52 7.394438988391641e-09
1.5250000000000001 7.3233267442329245e-09
1.53 7.032044179900873e-09
1.5350000000000001 6.947197008005803e-09
1.54 6.931463044380468e-09
1.545 6.765942225867934e-09
1.55 7.122608003785923e-09
1.555 6.7273465428010604e-09
1.56 6.764617482593562e-09
1.565 6.796209545304378e-09
1.57 6.891185821510867e-09
1.575 6.868674069731282e-09
1.58 6.827694588439593e-09
1.585 6.707874337215755e-09
1.59 6.786395557295277e-09
1.595 6.5303227092830475e-09
1.6 6.675480548035215e-09
1.605 6.703930417650651e-09
1.61 6.464265739848547e-09
1.615 6.417072436079076e-09
1.62 6.476273477266648e-09
1.625 6.651444822986496e-09
1.6300000000000001 6.5221368325119404e-09
1.635 6.442830067444871e-09
1.6400000000000001 6.324317453969345e-09
1.645 6.411198521784619e-09
1.6500000000000001 6.346187466875478e-09
1.655 6.244994620158616e-09
1.6600000000000001 6.2701148039488e-09
1.665 6.305606414096637e-09
1.67 6.2061289729376655e-09
1.675 6.116205985137915e-09
1.68 6.334157290621955e-09
1.685 6.19390667141107e-09
1.69 6.178542155640182e-09
1.695 6.187456981059181e-09
1.7 5.982562753715511e-09
1.705 5.9995312414450585e-09
1.71 5.909242837457813e-09
1.715 5.968932131428854e-09
1.72 5.9638283407678615e-09
1.725 5.647057714166285e-09
1.73 5.80541759451697e-09
1.735 5.828673139945984e-09
1.74 5.956452262371626e-09
1.745 5.652318669740019e-09
1.75 5.747276939605665e-09
1.7550000000000001 5.830362914886404e-09
1.76 5.784370332149995e-09
1.7650000000000001 5.98634245388468e-09
1.77 5.758499984654071e-09
1.7750000000000001 5.610034994420599e-09
1.78 5.772247293189366e-09
1.7850000000000001 5.619880157256344e-09
1.79 5.6770692597867865e-09
1.795 5.487775548827939e-09
1.8 5.714694829951296e-09
1.805 5.414050362622192e-09
1.81 5.568172105557424e-09
1.815 5.423412892795693e-09
1.82 5.562015387210863e-09
1.825 5.5286870424885074e-09
1.83 5.34406305497573e-09
1.835 5.397270283697378e-09
1.84 5.327351398439139e-09
1.845 5.243289906020556e-09
1.85 5.420341245094346e-09
1.855 5.393554841917562e-09
1.86 5.434491258653803e-09
1.865 5.214410375543573e-09
1.87 5.217489102719127e-09
1.875 5.125503212027055e-09
1.8800000000000001 5.066330606160302e-09
1.885 4.9484888324506025e-09
1.8900000000000001 5.172849218834808e-09
1.895 5.060188932204511e-09
1.9000000000000001 5.193608600220455e-09
1.905 5.079702783362959e-09
1.9100000000000001 5.010473270568018e-09
1.915 5.031129928004908e-09
1.92 4.8462866893088035e-09
1.925 4.845347546246268e-09
1.93 4.924132014065386e-09
1.935 4.871395705283783e-09
1.94 5.004562293074135e-09
1.945 4.980674484907015e-09
1.95 4.820499286801332e-09
1.955 4.761460151600729e-09
1.96 4.627478420047836e-09
1.965 4.7921633993192585e-09
1.97 4.703311444668851e-09
1.975 4.731136931097964e-09
1.98 4.512579647739909e-09
1.985 4.40106579567962e-09
1.99 4.664834854051731e-09
1.995 4.394766769817185e-09
2.0 4.731884611944683e-09
2.005 4.81475971727099e-09
2.0100000000000002 4.479211564088112e-09
2.015 4.314145540058946e-09
2.02 4.3340474736278786e-09
2.025 4.384356311965099e-09
2.0300000000000002 4.5085370060309256e-09
2.035 4.438422349292041e-09
2.04 4.3215518853228455e-09
2.045 4.363289213198831e-09
2.05 4.1900247213498255e-09
2.055 4.158670649748737e-09
2.06 4.420709538267272e-09
2.065 4.359903682422411e-09
2.07 4.13605828613781e-09
2.075 4.326115426333167e-09
2.08 3.9974193866484586e-09
2.085 4.040396138388596e-09
2.09 4.220555407020804e-09
2.095 4.264025589742183e-09
2.1 3.953190620922666e-09
2.105 4.070202796038901e-09
2.11 3.911157244566301e-09
2.115 4.005810359177942e-09
2.12 3.902565520775167e-09
2.125 4.016277731475052e-09
2.13 4.079448521966414e-09
2.1350000000000002 3.90624303492581e-09
2.14 3.888118664027357e-09
2.145 3.921245105824203e-09
2.15 3.952766704181261e-09
2.1550000000000002 3.869231679502392e-09
2.16 3.759452417043784e-09
2.165 3.752010043975048e-09
2.17 3.720136121283322e-09
2.1750000000000003 3.818260742977996e-09
2.18 3.747088325144198e-09
2.185 3.749321782302519e-09
2.19 3.77092369751846e-09
2.195 3.763349477659864e-09
2.2 3.747029522123293e-09
2.205 3.720391298271713e-09
2.21 3.7654511028589074e-09
2.215 3.62035172135012e-09
2.22 3.4832933852925204e-09
2.225 3.7074163640023274e-09
2.23 3.713310501782131e-09
2.235 3.7007038370381284e-09
2.24 3.6450394602095217e-09
2.245 3.723840004359747e-09
2.25 3.5178918979262565e-09
2.255 3.537412972459416e-09
2.2600000000000002 3.6154284052895914e-09
2.265 3.3762423220112933e-09
2.27 3.345703835865639e-09
2.275 3.5212999708195105e-09
2.2800000000000002 3.4401707036825042e-09
2.285 3.5137704054171377e-09
2.29 3.4474787882300853e-09
2.295 3.4093006439443973e-09
2.3000000000000003 3.360026789252723e-09
2.305 3.347843959690346e-09
2.31 3.372261461965222e-09
2.315 3.2976694554013336e-09
2.32 3.359879653174994e-09
2.325 3.6177542558623716e-09
2.33 3.3194429593750868e-09
2.335 3.3615941882070666e-09
2.34 3.3588721322376805e-09
2.345 3.2617745572737802e-09
2.35 3.16742046151427e-09
2.355 3.1068159477281433e-09
2.36 3.1065415350664783e-09
2.365 3.1353193712697294e-09
2.37 3.160756371209984e-09
2.375 3.196289102205608e-09
2.38 3.0927110948845423e-09
2.3850000000000002 3.0368974214497306e-09
2.39 3.1431709029405455e-09
2.395 3.139703312787051e-09
2.4 3.0029463853260334e-09
2.4050000000000002 3.116283290530058e-09
2.41 3.009128190161986e-09
2.415 3.043295148135622e-09
2.42 2.977678180824195e-09
2.4250000000000003 2.996018467671869e-09
2.43 3.015788706557956e-09
2.435 3.0030127651811374e-09
2.44 2.93879960493938e-09
2.445 3.067802759296975e-09
2.45 2.9827176901989163e-09
2.455 2.9286200134456953e-09
2.46 3.113905998759834e-09
2.465 2.9076742355550817e-09
2.47 2.963727212167487e-09
2.475 2.920374038197285e-09
2.48 2.951601709891847e-09
2.485 2.898510643078727e-09
2.49 2.880313275083088e-09
2.495 3.0101943181290446e-09
2.5 3.001001345960808e-09
2.505 2.8295451447764356e-09
2.5100000000000002 2.9308055316097413e-09
2.515 2.746161541522828e-09
2.52 2.6943435116904066e-09
2.525 2.858578018978822e-09
2.5300000000000002 2.695288327683205e-09
2.535 2.8251892323814806e-09
2.54 2.8916323452280924e-09
2.545 2.670645096090288e-09
2.5500000000000003 2.8365381471363574e-09
2.555 2.8021012504044786e-09
2.56 2.6685857025935128e-09
2.565 2.6851421737926298e-09
2.57 2.780721418938629e-09
2.575 2.687758006545282e-09
2.58 2.6960670366786372e-09
2.585 2.6178335686687556e-09
2.59 2.6308051929564364e-09
2.595 2.6492336294248177e-09
2.6 2.6421434946913013e-09
2.605 2.725514322460039e-09
2.61 2.5943550358512826e-09
2.615 2.5967582994063696e-09
2.62 2.635458490025858e-09
2.625 2.605944865168747e-09
2.63 2.7516295021806605e-09
2.6350000000000002 2.5675528793928084e-09
2.64 2.7115714697204615e-09
2.645 2.5406542542865207e-09
2.65 2.5997526177254456e-09
2.6550000000000002 2.592135999934484e-09
2.66 2.7116706673651256e-09
2.665 2.6189776407585526e-09
2.67 2.5589150615799563e-09
2.6750000000000003 2.5923847637991618e-09
2.68 2.609142999628032e-09
2.685 2.591610563436925e-09
2.69 2.5468855904157084e-09
2.695 2.4180751538331203e-09
2.7 2.6295756017208725e-09
2.705 2.547338682570991e-09
2.71 2.379032029540021e-09
2.715 2.6002198225166846e-09
2.72 2.3585572028832304e-09
2.725 2.4951398296850808e-09
2.73 2.5605704206279118e-09
2.735 2.4991893335400965e-09
2.74 2.53519364404334e-09
2.745 2.421879220826661e-09
2.75 2.4501432949533874e-09
2.755 2.3753358884525625e-09
2.7600000000000002 2.494672465647617e-09
2.765 2.4455900699571394e-09
2.77 2.4827001844542325e-09
2.775 2.4887843599013167e-09
2.7800000000000002 2.6232826999274576e-09
2.785 2.422348729143281e-09
2.79 2.3247503218669082e-09
2.795 2.4378957967387436e-09
2.8000000000000003 2.297549861559635e-09
2.805 2.2863030046290433e-09
2.81 2.4026381293297525e-09
2.815 2.379880421492222e-09
2.82 2.300259171135257e-09
2.825 2.42730478846456e-09
2.83 2.3856509259186e-09
2.835 2.340514494386354e-09
2.84 2.3538346807142594e-09
2.845 2.4080164947226975e-09
2.85 2.3313003977858783e-09
2.855 2.320394715414758e-09
2.86 2.3455155870085716e-09
2.865 2.183925210018373e-09
2.87 2.3610246841608123e-09
2.875 2.1749655231572134e-09
2.88 2.3031589148069803e-09
2.8850000000000002 2.3444200628695176e-09
2.89 2.2985433068020183e-09
2.895 2.2930336692599367e-09
2.9 2.2888202397824637e-09
2.9050000000000002 2.1939753706661403e-09
2.91 2.2942293722187843e-09
2.915 2.3168676890667628e-09
2.92 2.2525254833071115e-09
2.9250000000000003 2.2024076946007677e-09
2.93 2.1626481047319e-09
2.935 2.181885330122323e-09
2.94 2.1469218557795834e-09
2.945 2.3292170131414625e-09
2.95 2.2991947869192744e-09
2.955 2.2151623719649883e-09
2.96 2.2671580293951283e-09
2.965 2.2207664344643248e-09
2.97 2.2936846816165107e-09
2.975 2.0982085057823836e-09
2.98 2.07383634594362e-09
2.985 2.264708359904522e-09
2.99 2.1891759913361666e-09
2.995 2.2486823380002543e-09
3.0 2.18682640175699e-09
3.005 2.159276650538718e-09
3.0100000000000002 2.1758072504797227e-09
3.015 2.2361479384832236e-09
3.02 2.0653805447420747e-09
3.025 2.2804104706328137e-09
3.0300000000000002 2.0819468777961307e-09
3.035 2.1054481960439734e-09
3.04 2.092724651193997e-09
3.045 2.1559057399894844e-09
3.0500000000000003 2.1034910037343996e-09
3.055 2.1105346659243158e-09
3.06 2.1167024587686793e-09
3.065 2.165688031505783e-09
3.0700000000000003 2.104727958862743e-09
3.075 2.1374852012104646e-09
3.08 2.142915426830058e-09
3.085 2.043491281986796e-09
3.09 2.0164259174657856e-09
3.095 2.0123760010497207e-09
3.1 1.997093679752219e-09
3.105 2.106651926494609e-09
3.11 1.987321807836281e-09
3.115 2.051339527371485e-09
3.12 1.9195325890356712e-09
3.125 1.964225436997243e-09
3.13 1.9919532344103033e-09
3.1350000000000002 2.0720767500620645e-09
3.14 2.0093265947164846e-09
3.145 1.9578745905613777e-09
3.15 2.074483287724802e-09
3.1550000000000002 1.9292759630779548e-09
3.16 1.9569185713460453e-09
3.165 1.9672742681958642e-09
3.17 1.946894236670734e-09
3.1750000000000003 1.938704654162245e-09
3.18 1.93035242223343e-09
3.185 1.9141944776596857e-09
3.19 1.9849844650042714e-09
3.1950000000000003 1.967402723026069e-09
3.2 1.9724885742281032e-09
3.205 2.0158054747427424e-09
3.21 2.0925765689017395e-09
3.215 1.931278691427782e-09
3.22 1.9768907753614457e-09
3.225 1.9782755665268165e-09
3.23 1.99585707955948e-09
3.235 1.9085197824612025e-09
3.24 1.9338507931633842e-09
3.245 1.9008892172657064e-09
3.25 2.0457297432528698e-09
3.255 1.939990000834722e-09
3.2600000000000002 1.914904735777401e-09
3.265 2.044634627330297e-09
3.27 1.8479861534631018e-09
3.275 1.934237655574525e-09
3.2800000000000002 1.869421029843449e-09
3.285 1.920498668050765e-09
3.29 1.9175670399021214e-09
3.295 1.906791657252594e-09
3.3000000000000003 2.0214802218302625e-09
3.305 1.884689740120791e-09
3.31 1.7951195733642985e-09
3.315 1.856092135648291e-09
3.3200000000000003 1.7343342835867376e-09
3.325 1.8523900262466593e-09
3.33 1.8708947190497187e-09
3.335 1.8871372023520857e-09
3.34 1.8250388421807107e-09
3.345 1.773636148474934e-09
3.35 1.853910472562671e-09
3.355 1.7994968732303477e-09
3.36 1.8797184756492414e-09
3.365 1.9218467068581955e-09
3.37 1.7832606278287578e-09
3.375 1.7397616100982498e-09
3.38 1.7282269790981931e-09
3.3850000000000002 1.7793345436178736e-09
3.39 1.8134489947342322e-09
3.395 1.7120117483734365e-09
3.4 1.7374083514644734e-09
3.4050000000000002 1.8160654603823255e-09
3.41 1.7956805810483125e-09
3.415 1.7339762381188623e-09
3.42 1.7671051218546056e-09
3.4250000000000003 1.807665981361111e-09
3.43 1.7770140323730344e-09
3.435 1.7780688126550716e-09
3.44 1.7093773995939421e-09
3.4450000000000003 1.8291407537069355e-09
3.45 1.7411664825252297e-09
3.455 1.7671156251232882e-09
3.46 1.8670537172077734e-09
3.465 1.8481429652888704e-09
3.47 1.7498558441177842e-09
3.475 1.6879072875274493e-09
3.48 1.688202056206523e-09
3.485 1.8150364358322638e-09
3.49 1.6575292938930388e-09
3.495 1.7582134391249888e-09
3.5 1.6410933616890212e-09
3.505 1.712906272728429e-09
3.5100000000000002 1.6657486065011002e-09
3.515 1.6542566516427478e-09
3.52 1.7168630283372202e-09
3.525 1.8106182773109335e-09
3.5300000000000002 1.6004198656730372e-09
3.535 1.7184101034465954e-09
3.54 1.6240465674747576e-09
3.545 1.6959694159603503e-09
3.5500000000000003 1.6263851317104968e-09
3.555 1.6277219083825268e-09
3.56 1.5395238725810965e-09
3.565 1.59652742510539e-09
3.5700000000000003 1.6405423964321e-09
3.575 1.7862120467860545e-09
3.58 1.6252439110815206e-09
3.585 1.6909068300961157e-09
3.59 1.5873002442207339e-09
3.595 1.6751681778394343e-09
3.6 1.6466228871260634e-09
3.605 1.6520511409175553e-09
3.61 1.6037274092843858e-09
3.615 1.65059807721082e-09
3.62 1.6140174176486478e-09
3.625 1.6840263607670706e-09
3.63 1.582121198104027e-09
3.6350000000000002 1.6086074150214786e-09
3.64 1.5267116341421942e-09
3.645 1.5464665154933361e-09
3.65 1.5340555238406015e-09
3.6550000000000002 1.6731911351207672e-09
3.66 1.5599717291181574e-09
3.665 1.6163284205059586e-09
3.67 1.564060901199939e-09
3.6750000000000003 1.521058483806401e-09
3.68 1.556946728265644e-09
3.685 1.5649810123167444e-09
3.69 1.5840866582846806e-09
3.6950000000000003 1.59398330326923e-09
3.7 1.4536791124822415e-09
3.705 1.476062026661443e-09
3.71 1.5614725465046267e-09
3.715 1.554873886889244e-09
3.72 1.590136522489588e-09
3.725 1.4907743758345894e-09
3.73 1.4810759641050995e-09
3.735 1.5657672158167502e-09
3.74 1.606694267807427e-09
3.745 1.6162140037861138e-09
3.75 1.4984857298468393e-09
3.755 1.539133744917561e-09
3.7600000000000002 1.4805753721026854e-09
3.765 1.5367368784898972e-09
3.77 1.582174059362359e-09
3.775 1.5124410958370266e-09
3.7800000000000002 1.5671490611739195e-09
3.785 1.479207083283188e-09
3.79 1.3788498562920653e-09
3.795 1.4695899322394478e-09
3.8000000000000003 1.5324115328329204e-09
3.805 1.4197547151855178e-09
3.81 1.6092581808713633e-09
3.815 1.5419066728089343e-09
3.8200000000000003 1.4775093917276645e-09
3.825 1.4560893888906717e-09
3.83 1.4893457165186716e-09
3.835 1.4382348771640397e-09
3.84 1.4209063427696278e-09
3.845 1.3824934806112727e-09
3.85 1.5464427040281042e-09
3.855 1.49152037105449e-09
3.86 1.4528901301462673e-09
3.865 1.468388538879425e-09
3.87 1.4370708996198362e-09
3.875 1.4133766537551288e-09
3.88 1.3784431258038734e-09
3.8850000000000002 1.474094591502766e-09
3.89 1.418701139142934e-09
3.895 1.4557417631476875e-09
3.9 1.3861876129037396e-09
3.9050000000000002 1.3973479789529544e-09
3.91 1.363912093289264e-09
3.915 1.3977231725228327e-09
3.92 1.3735677602866632e-09
3.9250000000000003 1.3605280445233632e-09
3.93 1.3200581005435924e-09
3.935 1.4139926582635176e-09
3.94 1.4777576742107102e-09
3.9450000000000003 1.3161603461814078e-09
3.95 1.4546203423702508e-09
3.955 1.3848252264750448e-09
3.96 1.3494851538712859e-09
3.9650000000000003 1.3572169789588718e-09
3.97 1.384229500179984e-09
3.975 1.2759672875296758e-09
3.98 1.4108109230681582e-09
3.985 1.396654552986711e-09
3.99 1.3285669791327841e-09
3.995 1.315914350994987e-09
4.0 1.3256900215197734e-09
4.005 1.4367894754507187e-09
4.01 1.3648714502803893e-09
4.015 1.3535401214324626e-09
4.0200000000000005 1.3563797709249807e-09
4.025 1.319329965676217e-09
4.03 1.328955810404524e-09
4.035 1.382571040949759e-09
4.04 1.3312920097696802e-09
4.045 1.2584072727407108e-09
4.05 1.3564638328425714e-09
4.055 1.3123388072555904e-09
4.0600000000000005 1.24048147090887e-09
4.065 1.325340005212497e-09
4.07 1.1970638711228134e-09
4.075 1.3496087855650544e-09
4.08 1.2059125188217568e-09
4.085 1.2998032170503849e-09
4.09 1.3286077542071423e-09
4.095 1.2980136345350107e-09
4.1 1.2565257296068233e-09
4.105 1.3067998175071228e-09
4.11 1.335838646666841e-09
4.115 1.2576149158904997e-09
4.12 1.2838588097060968e-09
4.125 1.2259399092576338e-09
4.13 1.3216070617190427e-09
4.135 1.2526445657707411e-09
4.14 1.1865303226931923e-09
4.1450000000000005 1.2734493123279437e-09
4.15 1.313308841160154e-09
4.155 1.1456036406536935e-09
4.16 1.240112658345169e-09
4.165 1.3218160343991638e-09
4.17 1.2496875430250448e-09
4.175 1.2403116664356734e-09
4.18 1.1969343256154272e-09
4.1850000000000005 1.1470144458440913e-09
4.19 1.2367744711927507e-09
4.195 1.2643490068186133e-09
4.2 1.18335871233103e-09
4.205 1.2455164177008302e-09
4.21 1.263152211927909e-09
4.215 1.142106168152518e-09
4.22 1.2458974668834694e-09
4.225 1.2022051670182185e-09
4.23 1.142649523596898e-09
4.235 1.2442951866502835e-09
4.24 1.2004398800403134e-09
4.245 1.1668104340494564e-09
4.25 1.153518700947495e-09
4.255 1.1190753333005411e-09
4.26 1.1593674965925911e-09
4.265 1.2206488711964978e-09
4.2700000000000005 1.0731938007334725e-09
4.275 1.1878596910468086e-09
4.28 1.1583224759414413e-09
4.285 1.1865140542624544e-09
4.29 1.247560121505323e-09
4.295 1.1159726155987032e-09
4.3 1.1276851513098866e-09
4.305 1.1430387499204635e-09
4.3100000000000005 1.1225538980886565e-09
4.315 1.118980102552543e-09
4.32 1.1200174829517332e-09
4.325 1.1628978272374958e-09
4.33 1.1690212718490734e-09
4.335 1.1763407071841814e-09
4.34 1.155226571289783e-09
4.345 1.1330065227995562e-09
4.3500000000000005 1.1210846853907997e-09
4.355 1.134597589680211e-09
4.36 1.0908387001550287e-09
4.365 1.091880752509481e-09
4.37 1.103513119875844e-09
4.375 1.0977484450677344e-09
4.38 1.1616621971161899e-09
4.385 1.0494957378646994e-09
4.39 1.121779995936498e-09
4.3950000000000005 1.1155923611135696e-09
4.4 1.1900379438901186e-09
4.405 1.010611585585103e-09
4.41 1.144148815952403e-09
4.415 1.0695476955899637e-09
4.42 1.150359077407727e-09
4.425 1.1038893197111707e-09
4.43 1.0544451123582178e-09
4.4350000000000005 1.1443134280840282e-09
4.44 1.1115591146581779e-09
4.445 1.1069103266905495e-09
4.45 1.1090957198880053e-09
4.455 1.0465150583017183e-09
4.46 1.0417943453628893e-09
4.465 1.038335674951092e-09
4.47 1.0504744809576567e-09
4.4750000000000005 1.0263991503250349e-09
4.48 1.0572485985676894e-09
4.485 1.0823750481285136e-09
4.49 1.1233124647347025e-09
4.495 1.1165437403772116e-09
4.5 9.67332543334922e-10
4.505 9.942478518586534e-10
4.51 1.0405923227727264e-09
4.515 1.0313642505113936e-09
4.5200000000000005 1.0594497270725318e-09
4.525 1.0305843994265503e-09
4.53 1.0512171033633235e-09
4.535 1.0223663768432555e-09
4.54 1.0670465040445477e-09
4.545 1.0860084421300994e-09
4.55 1.0336698294329506e-09
4.555 1.0361640090613429e-09
4.5600000000000005 1.0961363457447846e-09
4.565 1.0310319644380551e-09
4.57 1.001607970433269e-09
4.575 1.0411495683083135e-09
4.58 1.0822886011195962e-09
4.585 9.782473360141055e-10
4.59 9.59474053923757e-10
4.595 1.0129371250593874e-09
4.6000000000000005 1.0579563995938986e-09
4.605 1.0136041543596388e-09
4.61 9.928021897931204e-10
4.615 9.740389839944474e-10
4.62 1.0014437489505752e-09
4.625 1.0655016773628026e-09
4.63 9.432385035166474e-10
4.635 1.000641225649497e-09
4.64 9.627353843992027e-10
4.6450000000000005 1.0181769645766412e-09
4.65 9.838961381081507e-10
4.655 9.965502337366365e-10
4.66 9.789152362906426e-10
4.665 1.0033574137813705e-09
4.67 9.93662070364158e-10
4.675 9.512738521618526e-10
4.68 1.0069223454034297e-09
4.6850000000000005 9.887651882759897e-10
4.69 9.061728437897583e-10
4.695 9.156464037804714e-10
4.7 9.465649648496332e-10
4.705 8.725165404401524e-10
4.71 9.640056942986402e-10
4.715 9.525084098021183e-10
4.72 9.591767381967321e-10
4.7250000000000005 8.805245803582052e-10
4.73 9.270616677103131e-10
4.735 9.787518133005244e-10
4.74 9.286795492010193e-10
4.745 9.94294766952836e-10
4.75 9.178559907959528e-10
4.755 9.661263348873764e-10
4.76 9.607988358750517e-10
4.765 9.559185912379267e-10
4.7700000000000005 9.207413318763121e-10
4.775 9.333863019854728e-10
4.78 9.258872539167102e-10
4.785 9.215854276909373e-10
4.79 1.0202159041440913e-09
4.795 8.990303809141097e-10
4.8 9.208230778621646e-10
4.805 9.388247976114758e-10
4.8100000000000005 9.230212770133111e-10
4.815 9.166283948485904e-10
4.82 8.309609377072743e-10
4.825 9.194183692869527e-10
4.83 9.047916185821853e-10
4.835 8.559886788340323e-10
4.84 9.222949250018836e-10
4.845 9.196547077828483e-10
4.8500000000000005 9.377699951549128e-10
4.855 9.632174860362019e-10
4.86 9.381794413813184e-10
4.865 8.505088462359637e-10
4.87 9.000522587849522e-10
4.875 9.386516269719475e-10
4.88 9.36475649010606e-10
4.885 8.327360488733023e-10
4.89 8.874274034716121e-10
4.8950000000000005 8.656250352130225e-10
4.9 8.749233050025814e-10
4.905 8.556263530026063e-10
4.91 8.197998700969021e-10
4.915 9.017859087522779e-10
4.92 8.900124824191807e-10
4.925 9.230762661799922e-10
4.93 8.764730166997815e-10
4.9350000000000005 8.718300285515433e-10
4.94 8.361074861743857e-10
4.945 8.015038118855878e-10
4.95 8.741438427894761e-10
4.955 8.444667692830571e-10
4.96 8.360587590755904e-10
4.965 8.115808172817058e-10
4.97 7.675193376670331e-10
4.9750000000000005 8.754980530842541e-10
4.98 8.492506108500645e-10
4.985 8.788191678324967e-10
4.99 7.657734052755005e-10
4.995 8.60998419595201e-10
5.0 8.297790534633541e-10
5.005 8.207403342808364e-10
5.01 7.823157349384619e-10
5.015 8.323477848170331e-10
5.0200000000000005 7.88452830646295e-10
5.025 7.907459365456231e-10
5.03 8.015292736284508e-10
5.035 8.709718983013199e-10
5.04 8.525610558420256e-10
5.045 7.886093012978178e-10
5.05 8.498645685531903e-10
5.055 8.100191285328236e-10
5.0600000000000005 7.861190966144636e-10
5.065 8.023743549959723e-10
5.07 8.262662480641823e-10
5.075 7.827466798214866e-10
5.08 7.997370054619085e-10
5.085 7.223271788762933e-10
5.09 7.798350115820989e-10
5.095 8.084670466234665e-10
5.1000000000000005 8.186308705174142e-10
5.105 8.313800851442503e-10
5.11 7.58705024311155e-10
5.115 7.832656231668552e-10
5.12 8.126418701039634e-10
5.125 8.002583369358045e-10
5.13 8.002089885326234e-10
5.135 7.79822400897817e-10
5.14 8.151995723456714e-10
5.1450000000000005 7.539165444381605e-10
5.15 7.306152374507373e-10
5.155 7.290731407940496e-10
5.16 7.67770606648526e-10
5.165 7.898477028012344e-10
5.17 8.764350721442113e-10
5.175 7.5684452354247e-10
5.18 7.067430744101152e-10
5.1850000000000005 7.937143727891985e-10
5.19 7.740963871592285e-10
5.195 8.2509805799941e-10
5.2 7.856028502130515e-10
5.205 7.362629671425425e-10
5.21 7.565044285336349e-10
5.215 7.429099470416626e-10
5.22 8.142610116663117e-10
5.2250000000000005 7.782747977165362e-10
5.23 7.734209652295542e-10
5.235 7.436820045705433e-10
5.24 7.555937096547668e-10
5.245 7.64791398721552e-10
5.25 8.40615181349878e-10
5.255 7.396295353270413e-10
5.26 7.503281456985234e-10
5.265 7.52798364468723e-10
5.2700000000000005 7.147933711173172e-10
5.275 7.190555672513197e-10
5.28 7.702562331972473e-10
5.285 7.972033534435988e-10
5.29 7.534763508192339e-10
5.295 7.049817810290824e-10
5.3 7.316999121885307e-10
5.305 7.101875897405244e-10
5.3100000000000005 7.443065107754964e-10
5.315 6.418719313319868e-10
5.32 7.499076616546202e-10
5.325 7.194850427835507e-10
5.33 6.377341571364753e-10
5.335 6.848390296787618e-10
5.34 7.373606612691348e-10
5.345 7.271645327245536e-10
5.3500000000000005 7.376447728007955e-10
5.355 7.01461064874088e-10
5.36 6.829524747739742e-10
5.365 7.36499011370202e-10
5.37 6.789505310613481e-10
5.375 7.36097029761429e-10
5.38 7.154860172206143e-10
5.385 7.184203261328507e-10
5.39 6.947871107980714e-10
5.3950000000000005 7.604863062716233e-10
5.4 6.742484222515793e-10
5.405 6.958859014648279e-10
5.41 7.689253543650155e-10
5.415 6.651493066167754e-10
5.42 6.226032444021269e-10
5.425 6.227818060696355e-10
5.43 6.510533901040674e-10
5.4350000000000005 6.620493259686445e-10
5.44 6.642099446986871e-10
5.445 7.035896598864748e-10
5.45 6.283046164926032e-10
5.455 6.392061439596697e-10
5.46 6.479959046026716e-10
5.465 6.526598951128625e-10
5.47 6.396293522838235e-10
5.4750000000000005 6.573101797390473e-10
5.48 6.633505209681543e-10
5.485 6.675813222000277e-10
5.49 6.151892735042423e-10
5.495 6.574889446116699e-10
5.5 6.23903874334321e-10
5.505 6.965224051367677e-10
5.51 6.396794404508469e-10
5.515 6.03160462448654e-10
5.5200000000000005 6.494718516700145e-10
5.525 6.566879262222239e-10
5.53 6.570708115266851e-10
5.535 5.797613265764368e-10
5.54 6.260015179741149e-10
5.545 6.245094218736938e-10
5.55 6.165458833245152e-10
5.555 6.516388816334169e-10
5.5600000000000005 5.997243229001735e-10
5.565 6.42815074878262e-10
5.57 6.456703753868964e-10
5.575 6.460554280912615e-10
5.58 6.295942466641267e-10
5.585 6.336886748330354e-10
5.59 6.074295955238707e-10
5.595 5.721589512564122e-10
5.6000000000000005 6.175791580577408e-10
5.605 6.24827300539118e-10
5.61 6.365301580374555e-10
5.615 6.051247591679823e-10
5.62 5.934937655668484e-10
5.625 6.214809973111721e-10
5.63 6.219068991957115e-10
5.635 6.01151192568039e-10
5.64 6.31758501751933e-10
5.6450000000000005 6.171138995729266e-10
5.65 5.976269374955881e-10
5.655 5.651056733774951e-10
5.66 6.227723227396038e-10
5.665 6.049929476569973e-10
5.67 6.062561916850669e-10
5.675 5.60163122315395e-10
5.68 6.125816822996173e-10
5.6850000000000005 6.070605984221897e-10
5.69 5.726568297974687e-10
5.695 6.28322405182509e-10
5.7 5.980016136598906e-10
5.705 5.858356593350801e-10
5.71 6.147870795553355e-10
5.715 6.170886174106402e-10
5.72 6.255114457345665e-10
5.7250000000000005 5.727658493608087e-10
5.73 5.678706696768126e-10
5.735 5.496485667030284e-10
5.74 5.81089330603345e-10
5.745 5.713449057815701e-10
5.75 5.633580585325413e-10
5.755 5.641233647825307e-10
5.76 6.143590625988222e-10
5.765 5.577085686755728e-10
5.7700000000000005 5.644770610890282e-10
5.775 5.990272031359975e-10
5.78 5.538774486430263e-10
5.785 5.860564530288913e-10
5.79 5.330592209918738e-10
5.795 6.076756974055133e-10
5.8 5.617381999737709e-10
5.805 6.183659668852369e-10
5.8100000000000005 5.089004821636352e-10
5.815 5.984934934917808e-10
5.82 5.702643538121657e-10
5.825 5.423722370072782e-10
5.83 5.920257103217378e-10
5.835 5.497898732996793e-10
5.84 5.334497541368739e-10
5.845 5.725178287842077e-10
5.8500000000000005 5.755196939364688e-10
5.855 5.618318577709815e-10
5.86 5.900627237270607e-10
5.865 5.761494916276936e-10
5.87 5.321413290453982e-10
5.875 5.191228476771882e-10
5.88 5.704123985522761e-10
5.885 4.940181581796442e-10
5.89 5.53791112176269e-10
5.8950000000000005 5.318409875601225e-10
5.9 5.125607655584995e-10
5.905 5.298902723757593e-10
5.91 5.266609669314297e-10
5.915 5.488366506756277e-10
5.92 5.342935014477972e-10
5.925 5.809859116811501e-10
5.93 5.344279971058449e-10
5.9350000000000005 5.184651822818506e-10
5.94 5.194986115414179e-10
5.945 5.467357500704644e-10
5.95 4.916020493080849e-10
5.955 4.914649090810158e-10
5.96 5.088506040538754e-10
5.965 5.064769675982942e-10
5.97 4.848758835960888e-10
5.9750000000000005 5.593433712300437e-10
5.98 4.927020267442595e-10
5.985 5.337799693486373e-10
5.99 5.043986117047284e-10
5.995 4.738730494608827e-10
6.0 5.052077455630842e-10
6.005 4.951571790136284e-10
6.01 4.737290563040249e-10
6.015000000000001 4.846159745022663e-10
6.0200000000000005 5.307053143357889e-10
6.025 4.966011034587415e-10
6.03 5.209751910894321e-10
6.035 5.214477376807394e-10
6.04 4.765502982187776e-10
6.045 4.89751348232291e-10
6.05 4.958588258364688e-10
6.055 5.164986985629773e-10
6.0600000000000005 4.634941042332812e-10
6.065 5.026833979509672e-10
6.07 4.940790076352938e-10
6.075 4.56906546457326e-10
6.08 5.147808234999162e-10
6.085 4.735333437995246e-10
6.09 4.188907402007725e-10
6.095 4.678223596764558e-10
6.1000000000000005 4.804873141389685e-10
6.105 4.96539496683819e-10
6.11 4.83528154296288e-10
6.115 5.306792267400161e-10
6.12 4.742091382040786e-10
6.125 4.4276295826389997e-10
6.13 4.2655718166068567e-10
6.135 4.6433081664263294e-10
6.140000000000001 5.089453459435593e-10
6.1450000000000005 4.628475631225676e-10
6.15 4.347788219506174e-10
6.155 4.398210652134367e-10
6.16 4.1633588832534423e-10
6.165 4.5900006519139946e-10
6.17 4.605223909778339e-10
6.175 4.39169607337409e-10
6.18 4.776253865401074e-10
6.1850000000000005 4.576637869385192e-10
6.19 4.608610902250347e-10
6.195 4.350757876740858e-10
6.2 4.787542119999699e-10
6.205 4.815774984227101e-10
6.21 4.3739591697329887e-10
6.215 4.82922298284116e-10
6.22 4.692236080318327e-10
6.2250000000000005 4.143838575168506e-10
6.23 4.126346485276302e-10
6.235 4.6216978388111713e-10
6.24 4.6381767048230163e-10
6.245 4.5214818848452694e-10
6.25 4.4803032141137576e-10
6.255 4.774021850367124e-10
6.26 4.19810927844186e-10
6.265000000000001 4.1646207853876843e-10
6.2700000000000005 3.839642479519138e-10
6.275 4.5429890354112844e-10
6.28 4.257435726170042e-10
6.285 4.056253730251111e-10
6.29 3.609806546615593e-10
6.295 4.5394089915740996e-10
6.3 3.8024731417207853e-10
6.305 4.467141823672773e-10
6.3100000000000005 4.2249306141978075e-10
6.315 4.0548070334029133e-10
6.32 4.0502419933229847e-10
6.325 4.1494200538702685e-10
6.33 4.0909062272869937e-10
6.335 4.216435052858242e-10
6.34 3.9365363205220575e-10
6.345 4.2986477790798015e-10
6.3500000000000005 4.392175204837859e-10
6.355 4.413642682801432e-10
6.36 4.136392903274501e-10
6.365 3.882628483002747e-10
6.37 3.881660660853495e-10
6.375 4.263805859730803e-10
6.38 3.7748037720119305e-10
6.385 3.7427399646151555e-10
6.390000000000001 4.042357039542071e-10
6.3950000000000005 3.947749710121498e-10
6.4 4.2848192813665223e-10
6.405 4.144828483987749e-10
6.41 3.712551413181041e-10
6.415 4.167250736794699e-10
6.42 4.3819329537680254e-10
6.425 4.046495228270314e-10
6.43 4.086635916234777e-10
6.4350000000000005 3.925030822170061e-10
6.44 3.7120710382201786e-10
6.445 4.030220119526028e-10
6.45 3.9012499362675297e-10
6.455 3.854777808863566e-10
6.46 3.8967559677271915e-10
6.465 4.0062730797518873e-10
6.47 3.573706214961893e-10
6.4750000000000005 3.5742454177684594e-10
6.48 3.518924577656907e-10
6.485 3.8654048522731087e-10
6.49 4.327131622245325e-10
6.495 3.713752411669077e-10
6.5 3.9841769533302377e-10
6.505 3.4767138860272603e-10
6.51 3.9292524985896477e-10
6.515000000000001 4.0769585700044805e-10
6.5200000000000005 3.927128049522294e-10
6.525 3.6742992925848427e-10
6.53 3.457419352336799e-10
6.535 3.832990703201286e-10
6.54 3.8463849025379904e-10
6.545 3.7620137760729627e-10
6.55 3.713845954637508e-10
6.555 3.952921621639325e-10
6.5600000000000005 3.599087724028721e-10
6.565 3.625233014116771e-10
6.57 3.395856418643955e-10
6.575 3.337410312085333e-10
6.58 3.3227413129736127e-10
6.585 3.770330238725989e-10
6.59 3.231016332414872e-10
6.595 3.8915860236540113e-10
6.6000000000000005 4.109199933223823e-10
6.605 4.114456507435367e-10
6.61 3.601521341924942e-10
6.615 3.559975934901984e-10
6.62 4.019546654443646e-10
6.625 3.981218760940696e-10
6.63 3.60813715523132e-10
6.635 3.1714484265091385e-10
6.640000000000001 3.250108017938882e-10
6.6450000000000005 3.5061398539273797e-10
6.65 3.97086451053128e-10
6.655 3.698044703047449e-10
6.66 4.257926219401635e-10
6.665 3.4343067809582884e-10
6.67 3.504024793973485e-10
6.675 3.4735715199095187e-10
6.68 3.701493446523469e-10
6.6850000000000005 3.6446225755917105e-10
6.69 3.774930729788786e-10
6.695 4.079458199168055e-10
6.7 3.77625865578748e-10
6.705 3.8893545183887286e-10
6.71 3.6962219703216875e-10
6.715 2.864457233472852e-10
6.72 3.2745092748163813e-10
6.7250000000000005 3.5305075834397693e-10
6.73 3.4153249014761946e-10
6.735 3.261172169429738e-10
6.74 3.417847474668047e-10
6.745 3.252324155003597e-10
6.75 3.81674836917048e-10
6.755 4.0695068983084663e-10
6.76 3.44283498854667e-10
6.765000000000001 3.1571166922954483e-10
6.7700000000000005 3.603849505034197e-10
6.775 3.6522935266263363e-10
6.78 3.433706122869302e-10
6.785 3.16881937904547e-10
6.79 3.4669530447476856e-10
6.795 3.668853768582067e-10
6.8 2.8724724402553946e-10
6.805 3.461582390934562e-10
6.8100000000000005 3.525997604496765e-10
6.815 3.183607094570176e-10
6.82 3.4396672654789785e-10
6.825 3.033064269600293e-10
6.83 3.0757861325936474e-10
6.835 3.3879064478608345e-10
6.84 2.981610502475211e-10
6.845 3.058122016290499e-10
6.8500000000000005 3.2325003835862755e-10
6.855 3.1553355630480407e-10
6.86 3.4750414935345585e-10
6.865 3.3934812460221287e-10
6.87 2.829834941282925e-10
6.875 3.105555588275456e-10
6.88 2.969452410679477e-10
6.885 3.1328131015149474e-10
6.890000000000001 3.406049175313886e-10
6.8950000000000005 3.1930945522134853e-10
6.9 3.0205519066306727e-10
6.905 2.8847029025709206e-10
6.91 3.5680280969740576e-10
6.915 3.3712298584551045e-10
6.92 2.7965993313857434e-10
6.925 3.211745346284087e-10
6.93 3.214371089337887e-10
6.9350000000000005 3.403331172642874e-10
6.94 3.4315788721494713e-10
6.945 3.1147057626772846e-10
6.95 3.1688104723786735e-10
6.955 3.138585725947604e-10
6.96 3.0273183467455846e-10
6.965 3.2903602603099017e-10
6.97 2.7418169854704557e-10
6.9750000000000005 3.0689463223697447e-10
6.98 2.7271476196990777e-10
6.985 2.87763809803882e-10
6.99 2.838873780209316e-10
6.995 2.95694618565264e-10
7.0 3.2683959395049137e-10
7.005 2.9464092265227827e-10
7.01 3.1298223584980914e-10
7.015000000000001 3.0843636650323596e-10
7.0200000000000005 2.9357523593811107e-10
7.025 2.949514792176836e-10
7.03 2.8488057018024256e-10
7.035 2.706846469614084e-10
7.04 3.010691718352882e-10
7.045 3.157130861415736e-10
7.05 3.049959333556237e-10
7.055 3.31498760825756e-10
7.0600000000000005 3.072439317552638e-10
7.065 2.9836995620422146e-10
7.07 3.0691770902872964e-10
7.075 2.4893178023619905e-10
7.08 2.599914133458001e-10
7.085 2.7629391530972796e-10
7.09 3.075895264407618e-10
7.095 3.2208587813398013e-10
7.1000000000000005 3.0060223626326713e-10
7.105 3.200560599004847e-10
7.11 2.830956838970638e-10
7.115 2.9856942043873725e-10
7.12 2.922881713704303e-10
7.125 2.82900418391726e-10
7.13 3.213487492627302e-10
7.135 2.89015111075574e-10
7.140000000000001 3.0800462217840054e-10
7.1450000000000005 2.8759703017640596e-10
7.15 2.2844329310508412e-10
7.155 3.023307727141442e-10
7.16 2.724085565127494e-10
7.165 2.8250711901968833e-10
7.17 3.22362656519257e-10
7.175 2.7523453541995704e-10
7.18 2.829548482085716e-10
7.1850000000000005 2.485830854247298e-10
7.19 2.761486693200188e-10
7.195 2.705643584269462e-10
7.2 2.756551074133091e-10
7.205 2.788649286369501e-10
7.21 2.920071035956183e-10
7.215 3.2354045672541693e-10
7.22 2.8972527677599114e-10
7.2250000000000005 2.7673921827337163e-10
7.23 2.5395003973703474e-10
7.235 2.4830634399981115e-10
7.24 2.7734395243467e-10
7.245 2.387226532864941e-10
7.25 2.600848914348161e-10
7.255 2.2281257901434414e-10
7.26 2.3498257202373477e-10
7.265000000000001 2.4874228288835876e-10
7.2700000000000005 2.544877081177859e-10
7.275 2.672416555325635e-10
7.28 2.494023439011889e-10
7.285 2.7492866369245446e-10
7.29 2.590571572405036e-10
7.295 2.544524973032441e-10
7.3 2.7812454621338726e-10
7.305 2.5112833606719355e-10
7.3100000000000005 2.7378308992457537e-10
7.315 2.5369336725836554e-10
7.32 2.621858363675167e-10
7.325 2.5275752863758387e-10
7.33 2.723742529077937e-10
7.335 2.4067032689624497e-10
7.34 2.7099360234131603e-10
7.345 2.581202389589751e-10
7.3500000000000005 2.2923906774191555e-10
7.355 2.7381386845236915e-10
7.36 2.7394773553029827e-10
7.365 2.1722508980494459e-10
7.37 2.4474094142668237e-10
7.375 2.814318707058712e-10
7.38 2.2577292320874784e-10
7.385 2.6942891450609376e-10
7.390000000000001 2.743469484225121e-10
7.3950000000000005 2.5349815199819506e-10
7.4 2.4070880041588074e-10
7.405 2.2203051752725073e-10
7.41 3.1529323575868054e-10
7.415 2.639573335957904e-10
7.42 2.434723840372442e-10
7.425 2.4453960440627303e-10
7.43 2.724247897990055e-10
7.4350000000000005 2.480259134443429e-10
7.44 2.331816184035159e-10
7.445 2.4487717330116853e-10
7.45 2.4711493965987793e-10
7.455 2.392784021586952e-10
7.46 2.0389246693980435e-10
7.465 2.3160947568179364e-10
7.47 2.448892009980486e-10
7.4750000000000005 2.767243827893104e-10
7.48 2.6180643733374714e-10
7.485 2.5327302043049845e-10
7.49 2.4442271848059245e-10
7.495 2.175364705115841e-10
7.5 1.9027966076981323e-10
7.505 2.5210283765884097e-10
7.51 2.221420955772109e-10
7.515000000000001 2.4745973703900734e-10
7.5200000000000005 2.223109505080619e-10
7.525 2.319845390137232e-10
7.53 2.15807298584548e-10
7.535 2.638334434620719e-10
7.54 2.4946567836500334e-10
7.545 2.2525001891514457e-10
7.55 2.476178088050913e-10
7.555 2.5027607933246364e-10
7.5600000000000005 2.065111424519916e-10
7.565 2.3051012000310671e-10
7.57 2.102649067518502e-10
7.575 2.780646319361722e-10
7.58 2.1204065671351722e-10
7.585 2.288130542631987e-10
7.59 2.4168726546447865e-10
7.595 2.40029530673224e-10
7.6000000000000005 2.403330772660199e-10
7.605 2.457599634388656e-10
7.61 2.342904823539135e-10
7.615 2.253597820558563e-10
7.62 2.0570018904299666e-10
7.625 2.36890534556041e-10
7.63 2.2195035694891145e-10
7.635 2.3914286709953686e-10
7.640000000000001 2.31267857881106e-10
7.6450000000000005 2.2678120382213935e-10
7.65 2.0175733597251697e-10
7.655 2.1091679707483057e-10
7.66 2.1537729901894045e-10
7.665 2.1510437213318236e-10
7.67 2.18238481777613e-10
7.675 1.986089826606911e-10
7.68 2.2507936173754342e-10
7.6850000000000005 2.1140641349036498e-10
7.69 2.3627214978001e-10
7.695 2.3909424057962315e-10
7.7 2.022453097794786e-10
7.705 2.3621591463861884e-10
7.71 2.3875160947931877e-10
7.715 2.2760233144120374e-10
7.72 2.1628028123591256e-10
7.7250000000000005 2.2122617852396954e-10
7.73 2.455311506549733e-10
7.735 2.0411677259493767e-10
7.74 2.2426906106468318e-10
7.745 1.9543757065806486e-10
7.75 2.0664682647091723e-10
7.755 2.1847131022962163e-10
7.76 2.1742660035450825e-10
7.765000000000001 2.2503266886419205e-10
7.7700000000000005 2.1969393470266432e-10
7.775 2.0828687207484195e-10
7.78 1.8067198037478314e-10
7.785 2.122714601616295e-10
7.79 2.103866099295452e-10
7.795 2.1900430213575878e-10
7.8 2.1211350369533153e-10
7.805000000000001 1.9927038134319577e-10
7.8100000000000005 2.46612455077483e-10
7.815 2.3451150886197877e-10
7.82 2.0590928794210433e-10
7.825 2.6975748974338055e-10
7.83 2.2911905849113786e-10
7.835 2.294794605273569e-10
7.84 2.054063541683788e-10
7.845 1.8696518639751746e-10
7.8500000000000005 1.89536839766472e-10
7.855 1.9988394037410886e-10
7.86 1.953058830097131e-10
7.865 2.150206189363323e-10
7.87 1.8698871685198205e-10
7.875 2.064981336101847e-10
7.88 1.9193479092293823e-10
7.885 1.8806228901707065e-10
7.890000000000001 2.318846097439477e-10
7.8950000000000005 2.2241023320966762e-10
7.9 1.8170970393786046e-10
7.905 2.253018361699214e-10
7.91 2.3415090691778326e-10
7.915 1.8468656299523285e-10
7.92 1.850212794240462e-10
7.925 2.12190062352435e-10
7.930000000000001 1.8419404189299584e-10
7.9350000000000005 2.2397687314594584e-10
7.94 2.172648753600977e-10
7.945 2.1635170051776996e-10
7.95 1.8672067251968284e-10
7.955 2.1466879276745765e-10
7.96 1.8794416743873123e-10
7.965 2.3251012649226055e-10
7.97 1.9986873042231505e-10
7.9750000000000005 2.1871056057454952e-10
7.98 1.9867693796405485e-10
7.985 1.9384771243230703e-10
7.99 1.9317071924157505e-10
7.995 1.7151644972183712e-10
8.0 1.8124240736837355e-10
8.25 9.570221870150088e-09
8.5 8.543333918862034e-09
8.75 7.925565024519353e-09
9.0 7.332906891065281e-09
9.25 6.599411115525461e-09
9.5 6.073305271115444e-09
9.75 5.517919491445696e-09
10.0 5.020508714099393e-09
10.25 4.49311677532827e-09
10.5 4.143256844623652e-09
10.75 3.6949038306062386e-09
11.0 3.450398505354393e-09
11.25 3.1638417959839962e-09
11.5 2.9202018666037045e-09
11.75 2.6241420094612623e-09
12.0 2.394652354365938e-09
12.25 2.2402442039608404e-09
12.5 2.05070585055215e-09
12.75 1.8635105497082754e-09
13.0 1.741306279965762e-09
13.25 1.6149098888796354e-09
13.5 1.5164205931787577e-09
13.75 1.3959109855248491e-09
14.0 1.2846737370988358e-09
14.25 1.2325335223655395e-09
14.5 1.1598389851526437e-09
14.75 1.0621888657925e-09
15.0 9.751217350171332e-10
15.25 8.998228581810598e-10
15.5 8.344617140643287e-10
15.75 7.578201370970996e-10
16.0 7.792007328731372e-10
16.25 6.514709668614867e-10
16.5 6.359280525668834e-10
16.75 6.283182010164301e-10
17.0 5.224790228887336e-10
17.25 5.464819039646531e-10
17.5 5.073283343579359e-10
17.75 4.2644206817162e-10
18.0 3.8309994997624046e-10
18.25 3.5889840810684747e-10
18.5 3.586928622387236e-10
18.75 3.2510210685516983e-10
19.0 2.9767401877269355e-10
19.25 2.8281176574281427e-10
19.5 2.6424207956107136e-10
19.75 2.4919380814392143e-10
